140 319 881 507 243 837 807 838 757 600 1083 979 594 937 1348 375 954 355 372 287 776 1267 1352 884 428 819 1078 814 772 1286 1251 1076 431 599 736 411 829 1286 1104 1376 1240 678 256 340 1277 914 501 1219 760 937 1074 238 521 292 695 1361 1200 1315 969 788 733 248 1396 1274 1036 305 818 733 1188 898 313 1395 331 620 589 484 1189 1321 503 332 1389 311 633 863 418 483 768 648 1357 961 682 640 914 925 218 1204 515 850 301 975 266 928 779 1107 1212 1074 908 1394 500 436 1011 1263 1320 1073 696 429 506 570 1225 1148 1247 1324 1122 879 515 658 1001 359 295 1020 920 1026 640 961 807 333 871 262 936 254 1053 431 566 658 1170 697 631 1104 844 495 874 1285 1097 416 1012 420 547 1037 463 1229 769 1083 1238 339 925 937 856 675 694 1373 388 433 661 391 947 1272 1228 225 522 1276 798 444 428 672 986 674 881 804 646 585 560 225 1234 204 1009 576 1299 772 266 386 564 1104 695 722 1017 502 660 276 825 820 737 639 772 802 297 242 661 1271 699 1101 511 426 946 1205 972 428 1180 905 803 1160 889 1141 529 1260 1275 1224 1050 269 1186 241 346 810 481 979 1289 463 988 1351 686 334 688 1115 494 868 298 939 245 647 1294 1166 948 722 863 1215 1214 1050 621 1283 596 832 832 1177 678 1342 1319 1282 870 298 751 1075 1329 237 1163 570 250 1171 221 881 1281 1255 569 683 1146 478 365 312 714 400 406 861 1004 643 952 225 497 379
419 360 922 725 486 974 1027 954 874 778 1203 1083 808 1145 1414 482 1153 592 650 559 939 1530 1423 1143 537 1098 1139 1021 995 1564 1495 1137 662 792 785 513 937 1499 1287 1595 1373 956 505 563 1431 1091 778 1445 833 990 1339 442 708 499 969 1555 1241 1420 1058 862 779 522 1441 1344 1135 373 869 957 1403 1155 483 1669 512 707 694 637 1422 1363 770 551 1431 589 680 1067 461 630 894 695 1400 1123 826 882 963 1166 474 1283 657 1129 501 1235 505 970 821 1346 1487 1338 956 1654 729 715 1052 1339 1561 1267 739 673 590 680 1490 1198 1480 1599 1198 988 773 808 1163 625 513 1254 1108 1196 832 1238 1017 608 965 508 977 516 1208 475 732 932 1234 965 819 1311 1122 665 1126 1555 1182 680 1241 657 599 1314 651 1452 1039 1275 1301 407 967 989 1129 923 848 1415 429 509 901 576 1131 1532 1504 496 595 1341 1073 705 530 764 1028 772 938 984 738 829 802 455 1299 479 1147 838 1439 1015 455 546 723 1159 948 825 1274 604 746 554 867 863 869 698 1026 902 394 492 920 1312 835 1371 762 470 991 1412 1118 650 1460 1183 899 1231 1134 1295 721 1375 1359 1309 1330 547 1455 507 542 931 597 1102 1410 531 1104 1502 825 575 968 1252 771 1042 447 1194 434 843 1469 1229 996 823 1129 1488 1442 1324 900 1423 872 895 878 1266 955 1560 1360 1527 1123 389 832 1281 1599 453 1209 653 484 1310 481 984 1432 1534 811 864 1192 565 642 591 932 600 576 1040 1118 921 1140 504 541 552
981 922 360 1181 1039 1185 1427 1091 1048 1127 1194 1116 1232 1492 1032 919 1528 1112 1210 1120 1186 2028 1080 1670 938 1660 784 1433 1451 2118 1974 781 1181 1173 573 901 1046 1824 1594 1991 1474 1519 1062 1095 1615 1343 1334 1876 826 616 1847 1003 1146 1028 1515 1876 681 1284 1019 838 558 1085 904 1007 1129 936 571 1379 1743 1676 992 2203 1010 821 941 1043 1873 801 1322 1082 869 1150 634 1467 830 991 1096 660 851 1385 1115 1389 641 1652 1034 1022 1028 1692 1037 1734 1059 497 463 1816 2026 1870 546 2173 1232 1276 522 1043 1982 1549 598 1184 876 903 1997 724 1878 2155 934 1079 1292 1068 1348 1181 1042 1715 1396 1401 1200 1788 1438 1170 912 1057 415 1076 1355 821 1075 1489 875 1493 1179 1694 1683 1087 1638 2080 984 1219 1643 1183 725 1875 1111 1818 1591 1548 923 908 481 697 1666 1407 1103 886 853 852 1404 1039 1399 2052 2047 1059 836 1055 1616 1237 925 840 556 934 639 1275 842 1315 1315 1017 1017 1041 1311 1362 1480 1514 1008 1018 1099 824 1472 905 1762 922 875 1115 436 443 1036 692 1517 996 946 1052 1454 749 1098 1917 1294 817 500 1724 1244 1159 2018 1745 894 1019 1593 1416 1165 1390 1110 1169 1892 1110 1999 1068 1056 1028 919 1136 1359 846 1187 1663 1041 1102 1529 1391 1333 1293 972 1680 997 1217 1651 953 656 963 1672 2042 1876 1880 1462 1463 1424 768 592 1162 1508 1956 807 1965 1638 947 876 1603 2123 1014 688 861 1035 1446 1044 970 1603 2096 1323 1244 680 885 1205 1154 1343 1071 1044 1373 1101 1483 1421 1067 759 1014
607 725 1181 360 627 1304 662 1304 1223 511 1050 1442 447 789 1465 644 1382 513 628 696 681 1207 1446 1189 887 984 1227 1239 1175 1337 1585 1225 857 477 983 648 1293 1139 1546 1767 1707 878 714 792 1737 787 650 1596 1199 1136 1026 674 976 590 747 1787 1498 1307 1423 1227 991 681 1620 1376 1496 718 1041 592 1042 1210 602 1392 573 758 1050 951 1553 1589 831 789 1654 634 906 1288 812 554 1236 1036 1598 1420 1149 1017 1299 1281 653 1277 982 1010 768 912 727 1268 1081 1462 1221 1347 1135 1668 919 669 1335 1345 1199 929 1064 465 954 669 1176 1347 1115 1509 1213 1343 517 615 890 743 580 1389 781 905 510 1009 1228 697 929 605 1228 703 952 828 521 913 1301 696 512 1517 1032 960 1204 1263 1160 538 875 841 817 1214 922 1087 1027 940 1367 698 1260 1333 871 586 631 1705 761 699 1039 516 812 1553 1248 682 961 1700 834 521 885 781 1333 1133 1068 678 760 496 951 669 1657 663 1476 576 1214 1135 731 854 1029 1506 1035 782 941 961 1111 632 1109 1103 719 859 696 1262 691 705 989 1556 1167 1338 887 773 1196 1057 894 866 1262 1071 867 1594 781 1039 981 1726 1330 1675 1167 665 1420 693 810 802 623 948 1245 897 1455 1813 662 535 838 1582 757 749 638 859 690 511 1162 1586 1332 1182 1135 1420 1590 1257 783 1199 694 1255 1210 1631 765 1735 1626 1170 1197 727 1198 927 1306 700 1391 1018 623 1637 687 912 1743 1390 958 1135 1370 928 697 652 568 487 872 1311 994 855 813 665 884 543
343 486 1039 627 360 1038 928 1037 956 716 1202 1176 714 1056 1483 507 1156 478 531 476 892 1405 1484 1072 622 986 1215 1017 972 1441 1444 1213 631 716 883 542 1027 1407 1307 1576 1442 848 459 543 1480 1030 655 1417 948 1080 1214 410 724 409 844 1563 1360 1437 1163 976 881 441 1545 1407 1232 473 963 855 1309 1087 436 1543 450 749 785 686 1385 1476 688 536 1544 474 782 1065 587 602 968 821 1508 1164 884 835 1089 1120 386 1333 716 1017 504 1111 469 1094 936 1303 1361 1259 1054 1580 700 599 1174 1394 1448 1191 865 555 696 694 1364 1292 1372 1498 1253 1077 649 775 1117 548 411 1217 1037 1142 757 1114 1009 515 997 384 1093 454 1169 601 683 836 1305 838 748 1305 1015 699 1066 1429 1225 554 1136 619 692 1208 667 1352 949 1201 1373 490 1090 1115 1003 804 811 1539 549 572 857 508 1064 1459 1378 426 709 1461 947 580 621 800 1153 869 1021 920 773 712 757 402 1419 399 1211 713 1416 967 464 588 767 1284 886 846 1152 696 852 439 979 974 856 780 904 997 455 445 850 1429 900 1281 704 582 1096 1324 1089 630 1339 1073 929 1348 1018 1257 732 1459 1403 1417 1213 449 1366 441 549 930 605 1098 1409 647 1187 1555 804 457 851 1317 667 985 432 1073 426 764 1410 1350 1123 918 1046 1392 1412 1226 783 1400 748 1016 1005 1370 831 1542 1481 1411 1061 474 941 1194 1473 433 1311 760 367 1373 424 1004 1484 1422 766 886 1293 668 542 482 835 516 609 1065 1125 814 1069 416 667 496
937 974 1185 1304 1038 360 1600 472 497 1387 1792 596 1391 1734 1844 1095 754 1151 1089 980 1553 1961 1880 1115 797 1323 1575 728 810 1835 1265 1572 851 1394 1209 1122 518 2080 772 1193 763 1205 950 879 826 1702 1189 1113 723 1397 1770 996 710 1081 1368 1052 1389 1979 677 720 1189 985 1701 1803 658 975 1287 1525 1982 1106 1084 2008 1112 1277 657 712 1135 1549 995 880 1610 1050 1129 734 941 1244 451 908 1634 561 515 884 980 1004 1012 1781 682 1349 896 1694 938 1116 1133 1110 1827 1294 1334 1524 824 1107 1201 1822 2081 1870 961 1217 770 1280 1909 1549 2023 1650 1690 521 1279 1422 1777 963 1089 1013 1714 1810 1434 1570 746 1001 1523 1059 1229 963 1822 931 1345 1121 1674 1410 1424 905 1306 708 1051 1931 1704 1178 1796 868 1110 1448 753 2017 1155 1879 1731 1018 1127 950 1520 1444 1462 1437 984 1100 880 1178 1740 1415 1826 982 792 1059 1456 1209 805 1334 1128 619 1378 1594 1313 1364 867 999 1029 1001 533 1321 2045 934 935 810 638 1025 973 1408 1745 737 678 1039 1186 1188 1476 1202 1522 560 1001 959 994 1473 498 1384 911 1009 1319 2001 1728 831 1703 1374 1466 920 1653 1907 715 801 1867 885 1549 1006 1449 971 855 1529 1206 1696 1996 840 550 892 1436 1129 1270 638 1080 1654 1051 1677 980 1443 2082 988 996 582 1172 1529 1117 1407 1223 2028 1271 808 970 822 1326 1159 1458 2035 1058 958 671 1872 1972 966 1508 733 1044 696 977 1558 823 1683 868 606 1503 786 1022 1035 1509 1193 791 592 1700 1176 1746 999 929 1158
907 1027 1427 662 928 1600 360 1605 1524 660 1025 1744 579 507 1562 936 1637 811 886 982 667 1002 1523 1361 1190 1070 1370 1496 1419 1257 1757 1369 1132 617 1216 931 1595 840 1812 1982 2002 1017 1010 1082 2021 634 838 1805 1499 1326 859 976 1262 893 799 2034 1731 1283 1725 1528 1230 974 1797 1465 1799 1020 1255 435 741 1384 904 1244 874 969 1353 1248 1751 1800 1062 1080 1860 913 1161 1544 1110 808 1535 1324 1789 1703 1445 1254 1581 1485 954 1347 1281 1087 1065 745 1022 1531 1334 1655 1104 1479 1343 1784 1187 898 1588 1417 916 671 1346 742 1257 884 989 1520 820 1551 1307 1645 701 732 755 1014 882 1598 580 736 586 969 1482 970 1035 905 1468 997 824 1125 713 1084 1423 715 607 1758 1129 1252 1393 1104 1232 790 579 1115 1081 1274 1211 785 1182 687 1484 997 1521 1619 828 567 709 1952 1058 979 1274 812 618 1679 1142 979 1262 1993 831 761 1187 965 1597 1435 1256 582 955 607 1200 970 1950 963 1771 694 1083 1352 1032 1153 1323 1792 1247 928 746 1263 1413 921 1352 1345 808 1095 596 1565 993 1002 1198 1778 1464 1442 1135 1064 1413 764 825 1145 1221 1143 993 1892 562 896 1264 2027 1377 1976 1176 954 1515 989 1105 871 880 945 1176 1198 1755 2099 772 833 947 1876 971 634 939 676 992 570 934 1879 1613 1485 1287 1488 1796 1340 922 1073 818 1551 1491 1933 845 1952 1861 897 1383 1030 1500 639 1142 1001 1583 1320 924 1930 986 992 2029 1392 1206 1415 1560 1230 959 930 454 787 1169 1586 1009 1008 600 962 1177 839
938 954 1091 1304 1037 472 1605 360 440 1372 1743 515 1391 1733 1758 1071 866 1154 1113 997 1530 2006 1798 1208 779 1392 1493 833 907 1906 1375 1490 890 1384 1136 1094 407 2084 878 1304 787 1266 958 898 891 1685 1223 1226 625 1315 1813 990 751 1075 1410 1154 1282 1918 572 617 1114 995 1598 1721 579 958 1210 1531 1986 1201 1072 2070 1101 1230 620 723 1247 1442 1047 895 1502 1067 1064 843 904 1222 443 831 1530 665 552 961 873 1107 1011 1707 687 1418 901 1731 945 1014 1048 1220 1887 1393 1249 1631 876 1140 1097 1744 2106 1861 877 1226 731 1243 1956 1456 2041 1745 1615 417 1298 1396 1752 993 1085 1122 1703 1788 1425 1628 849 1025 1467 1059 1133 972 1792 893 1326 1187 1591 1444 1413 1017 1379 732 1148 1986 1636 1195 1809 906 1057 1531 782 2027 1233 1869 1646 995 1026 840 1567 1463 1437 1325 952 1065 960 1167 1726 1521 1889 987 745 956 1503 1226 784 1286 1022 555 1301 1579 1266 1378 932 995 924 1002 583 1346 2005 1026 933 813 668 913 1053 1362 1780 709 606 1050 1100 1102 1440 1143 1548 456 985 964 1069 1365 521 1479 967 971 1228 2001 1694 866 1776 1448 1413 816 1675 1876 761 782 1794 801 1623 1019 1547 979 866 1488 1176 1651 1944 801 510 948 1405 1132 1325 677 1125 1635 1037 1708 974 1435 2061 880 887 506 1259 1623 1230 1495 1274 1988 1310 702 870 742 1372 1270 1347 2063 1154 943 575 1870 2028 964 1411 682 1041 736 979 1506 883 1768 934 687 1407 753 1051 1053 1512 1186 802 704 1650 1235 1734 1004 878 1145
857 874 1048 1223 956 497 1524 440 360 1292 1670 587 1310 1652 1707 991 867 1073 1035 918 1450 1933 1744 1167 698 1330 1439 811 873 1844 1364 1436 817 1304 1074 1015 440 2003 906 1319 863 1200 878 820 954 1605 1148 1227 591 1261 1740 909 682 994 1336 1188 1262 1851 618 591 1054 915 1568 1666 649 877 1152 1451 1906 1162 992 2004 1020 1156 541 645 1241 1420 979 817 1482 988 998 829 827 1142 409 772 1503 697 494 907 854 1079 930 1647 608 1357 821 1655 865 983 996 1206 1820 1358 1197 1610 810 1064 1070 1686 2028 1780 824 1145 653 1166 1883 1412 1961 1703 1555 485 1219 1317 1673 917 1004 1106 1622 1708 1344 1560 825 948 1397 979 1093 892 1714 815 1246 1125 1537 1369 1332 1026 1321 658 1110 1916 1572 1116 1729 833 985 1479 708 1947 1177 1789 1594 916 993 828 1495 1383 1358 1324 873 987 909 1087 1645 1497 1823 907 670 996 1431 1147 703 1212 999 485 1242 1499 1192 1298 871 914 962 921 649 1268 1929 985 852 733 596 924 1002 1288 1704 629 542 971 1049 1051 1363 1074 1470 448 904 884 1013 1345 461 1438 901 894 1182 1920 1617 793 1716 1390 1341 859 1597 1798 694 863 1733 864 1564 940 1509 899 787 1412 1098 1577 1872 724 591 1015 1327 1051 1257 749 1054 1555 957 1631 893 1354 1982 910 872 445 1212 1581 1230 1447 1203 1912 1236 682 836 807 1300 1285 1336 1985 1115 863 538 1789 1959 883 1373 607 960 808 899 1434 948 1716 874 645 1367 674 975 975 1431 1106 723 703 1578 1169 1654 924 804 1064
700 778 1127 511 716 1387 660 1372 1292 360 899 1499 491 743 1332 666 1505 627 768 812 539 1278 1308 1339 954 1133 1108 1363 1307 1458 1733 1107 976 413 917 651 1355 1096 1662 1905 1789 1029 814 898 1836 675 801 1737 1230 1040 1112 753 1081 669 886 1912 1433 1156 1466 1259 930 788 1520 1240 1549 775 960 615 1004 1358 663 1491 635 671 1112 1039 1696 1508 973 892 1570 760 861 1413 842 519 1311 1038 1505 1521 1235 1154 1287 1424 743 1136 1065 1159 860 995 826 1231 1034 1607 1329 1498 1050 1820 1043 816 1288 1205 1216 850 1054 609 1006 584 1256 1243 1115 1656 1078 1405 666 468 761 870 665 1531 690 786 433 1136 1354 824 793 700 1169 807 817 856 414 1064 1175 825 412 1647 1183 1055 1351 1356 1018 685 877 962 785 1362 1024 1067 1178 858 1240 738 1221 1328 993 685 479 1653 790 694 1176 570 713 1704 1360 781 1003 1708 965 672 948 676 1298 1188 970 566 661 619 1083 752 1665 756 1561 717 1073 1276 815 940 1122 1500 1179 656 1012 1023 1157 749 1052 1045 572 795 787 1318 748 802 1135 1483 1248 1490 1021 786 1118 1004 748 980 1392 1219 736 1614 834 905 1088 1793 1185 1710 1307 779 1571 795 906 654 586 796 1095 940 1522 1910 516 645 987 1666 905 628 696 933 768 450 1055 1594 1319 1240 1286 1570 1731 1407 934 1058 842 1271 1197 1671 910 1872 1563 1197 1344 790 1239 873 1397 785 1298 1065 710 1723 781 768 1839 1530 1091 1243 1275 981 831 778 577 561 964 1421 843 1006 722 767 900 589
1183 1203 1194 1050 1202 1792 1025 1743 1670 899 360 1834 1008 966 963 1084 1993 1148 1298 1315 745 1636 902 1876 1367 1665 886 1856 1815 1922 2267 887 1474 938 1018 1050 1712 1163 2130 2419 2170 1568 1299 1381 2258 763 1341 2258 1527 963 1518 1220 1549 1154 1405 2398 1391 622 1767 1551 1041 1283 1310 866 1869 1207 984 1042 1120 1895 1130 1900 1113 874 1495 1479 2222 1388 1502 1372 1430 1278 1053 1904 1212 961 1704 1298 1332 1960 1657 1673 1456 1952 1224 738 1494 1689 1329 1408 1307 1331 1152 2135 1768 2037 1022 2359 1543 1352 1339 801 1437 903 1276 1146 1382 882 1635 1065 1313 2181 745 1759 1202 802 666 1383 1156 2054 833 718 919 1624 1850 1340 649 1195 1204 1297 619 1221 903 1603 884 1332 907 2146 1717 1508 1885 1759 652 1223 1147 1462 1046 1890 1491 1216 1717 892 923 1155 1316 1511 1479 1174 779 1631 1174 1059 1695 1063 805 2244 1807 1268 1361 1887 1467 1211 1357 818 1389 1548 918 806 839 1139 1597 1226 1848 1239 1959 1245 645 1801 1278 1389 1565 1656 1709 743 1401 1417 1498 1258 1130 1123 707 967 1248 1665 1187 1284 1666 1402 1660 2027 1540 1144 1096 1069 561 1471 1880 1749 692 1835 1223 628 1561 2133 736 1970 1818 1284 2108 1284 1375 633 968 464 567 1312 1881 2324 763 1162 1522 2060 1441 751 1151 1338 1231 928 870 1781 1479 1597 1826 2101 2252 1940 1472 629 1376 1523 1380 1950 1437 2385 1508 1452 1878 1227 1556 996 1793 1254 1157 1423 1195 2119 1263 600 2256 2039 1606 1707 1135 1366 1354 1296 1010 1071 1418 1883 455 1545 834 1259 1226 1068
1079 1083 1116 1442 1176 596 1744 515 587 1499 1834 360 1527 1868 1789 1194 970 1294 1263 1144 1649 2160 1836 1351 914 1546 1535 963 1046 2060 1486 1532 1044 1515 1200 1213 510 2221 938 1376 717 1421 1102 1047 869 1807 1376 1321 670 1358 1967 1127 906 1211 1564 1194 1255 1991 473 649 1177 1140 1584 1762 424 1088 1265 1671 2124 1342 1204 2225 1234 1328 751 872 1351 1415 1202 1044 1470 1214 1143 965 1020 1344 598 899 1511 739 707 1112 861 1239 1150 1761 835 1572 1045 1883 1090 1016 1093 1335 2042 1530 1290 1753 1031 1292 1088 1792 2254 1990 932 1368 853 1352 2110 1475 2185 1887 1670 462 1445 1513 1867 1145 1222 1241 1830 1906 1556 1783 981 1175 1551 1199 1150 1117 1903 1007 1451 1342 1630 1596 1542 1105 1532 885 1288 2141 1700 1342 1951 1060 1152 1681 935 2168 1384 1997 1679 1121 1030 815 1722 1609 1555 1259 1071 1179 1111 1299 1851 1647 2044 1130 858 829 1657 1373 917 1381 1008 670 1355 1704 1364 1522 1086 1134 804 1142 593 1495 2104 1169 1073 958 822 838 1204 1459 1931 840 705 1195 1140 1143 1548 1227 1697 540 1115 1107 1221 1335 676 1620 1122 1084 1256 2135 1802 1020 1930 1601 1501 693 1822 1984 916 660 1849 650 1776 1166 1685 1123 1013 1589 1293 1747 2030 919 443 909 1518 1272 1480 644 1280 1757 1169 1859 1111 1566 2180 773 865 619 1406 1765 1326 1642 1428 2087 1464 708 884 588 1527 1344 1301 2212 1295 1076 637 2004 2183 1103 1418 794 1179 695 1121 1594 853 1917 1088 836 1417 878 1202 1201 1650 1320 949 818 1739 1390 1861 1147 980 1275
694 808 1232 447 714 1391 579 1391 1310 491 1008 1527 360 702 1463 717 1463 600 706 782 625 1159 1437 1249 973 1016 1238 1320 1254 1327 1647 1237 941 438 1027 715 1379 1053 1630 1840 1794 924 801 878 1824 710 705 1667 1279 1164 987 760 1063 676 761 1867 1545 1269 1506 1308 1038 768 1646 1371 1581 801 1078 513 956 1270 684 1362 655 789 1136 1039 1621 1628 904 875 1691 718 960 1369 890 602 1322 1108 1629 1506 1236 1093 1368 1350 740 1265 1069 1041 855 870 814 1327 1135 1529 1199 1397 1170 1715 1002 739 1390 1334 1126 843 1133 545 1038 699 1133 1370 1037 1535 1208 1429 558 597 819 826 665 1459 698 828 449 1005 1308 780 923 692 1277 790 884 906 528 969 1306 695 461 1595 1069 1047 1269 1230 1147 611 796 925 875 1243 1008 1004 1080 854 1371 777 1319 1404 862 554 599 1758 839 765 1115 593 730 1603 1230 769 1043 1776 836 588 970 801 1393 1217 1095 603 784 492 1029 755 1733 750 1564 597 1149 1206 818 941 1116 1577 1105 787 892 1046 1194 718 1158 1152 699 903 659 1347 774 792 1058 1599 1254 1380 964 846 1235 970 837 951 1262 1101 867 1673 720 970 1067 1813 1312 1757 1181 751 1460 780 897 780 674 909 1194 979 1541 1900 646 622 874 1669 823 676 720 811 776 441 1080 1662 1401 1268 1189 1453 1660 1292 827 1135 728 1332 1278 1714 789 1808 1674 1101 1260 811 1280 840 1271 787 1421 1101 709 1724 774 897 1830 1404 1036 1221 1399 1012 777 736 485 567 960 1396 961 905 729 753 959 619
1037 1145 1492 789 1056 1734 507 1733 1652 743 966 1868 702 360 1541 1043 1784 942 1030 1120 675 1029 1493 1506 1314 1207 1378 1642 1566 1341 1901 1377 1274 715 1278 1032 1720 714 1957 2130 2137 1162 1143 1218 2162 565 986 1952 1610 1360 921 1102 1401 1017 939 2181 1781 1213 1842 1639 1294 1109 1814 1443 1921 1139 1304 581 620 1530 1023 1296 993 1030 1477 1381 1898 1836 1209 1216 1892 1053 1236 1690 1220 903 1665 1422 1814 1843 1579 1401 1669 1632 1083 1319 1412 1222 1198 820 1156 1605 1405 1802 1177 1619 1386 1919 1330 1045 1654 1388 866 525 1437 879 1376 954 1029 1540 751 1672 1293 1771 847 783 667 1156 1008 1745 493 631 677 1080 1628 1112 1040 1035 1528 1132 732 1235 797 1231 1418 854 694 1905 1267 1388 1540 1155 1209 933 542 1257 1166 1403 1348 687 1327 542 1474 1111 1594 1712 946 713 749 2011 1168 1078 1422 928 522 1818 1218 1112 1378 2092 958 904 1311 1014 1671 1557 1292 581 1009 753 1346 1098 2049 1093 1906 841 973 1500 1161 1284 1458 1882 1395 961 803 1387 1531 1058 1415 1408 831 1162 723 1687 1112 1134 1346 1822 1596 1577 1281 1168 1460 627 766 1286 1322 1276 1011 1997 641 790 1404 2155 1337 2090 1294 1091 1648 1122 1239 875 970 904 1090 1314 1883 2239 812 964 1090 2011 1118 593 1058 751 1118 664 791 1977 1701 1608 1431 1615 1944 1472 1068 965 964 1654 1579 2049 987 2100 1911 865 1530 1152 1615 497 1188 1130 1611 1438 1052 2066 1117 989 2169 1503 1353 1557 1588 1350 1102 1070 586 907 1302 1729 972 1154 494 1095 1282 953
1448 1414 1032 1465 1483 1844 1562 1758 1707 1332 963 1789 1463 1541 360 1335 2156 1490 1636 1595 1254 2201 443 2193 1514 2076 637 2042 2037 2430 2547 640 1716 1385 1013 1301 1714 1766 2245 2617 2146 1951 1553 1617 2285 1338 1726 2483 1495 809 2060 1473 1731 1446 1852 2528 1018 834 1689 1509 1029 1557 781 458 1799 1425 927 1555 1721 2206 1410 2445 1409 1098 1573 1634 2467 932 1811 1605 944 1591 1113 2083 1362 1294 1753 1297 835 2042 1753 1936 1300 2219 1493 585 1632 2104 1555 1944 1556 1141 1071 2396 2294 2382 870 2703 1781 1703 1091 522 2033 1503 1243 1529 1481 1173 2191 682 1910 2602 616 1749 1619 1226 1262 1668 1456 2301 1409 1317 1386 2108 2043 1638 899 1488 1000 1560 1221 1361 1304 1955 539 1796 1367 2322 2117 1675 2180 2306 692 1595 1724 1711 1177 2306 1682 1816 2070 1492 475 1375 1126 1353 1966 1656 1231 1224 1353 1275 1955 1394 1388 2581 2328 1533 1446 1650 1936 1597 1501 1056 1168 1586 843 1342 1081 1590 1855 1484 1620 1506 1980 1681 1168 2069 1509 1575 1707 1434 2001 1042 1948 1528 1527 1559 1018 1016 1127 1075 1752 1663 1418 1539 1970 984 1742 2401 1815 1310 892 1672 1145 1701 2364 2165 957 1653 1764 1226 1748 2057 604 1814 2272 1572 2486 1548 1591 1054 1252 999 983 1428 1859 2335 1177 1494 1929 2063 1783 1309 1412 1876 1475 1401 1457 1569 1306 1622 2169 2503 2481 2337 1867 1157 1792 1440 1264 1817 1869 2582 1092 2042 2176 1443 1542 1592 2344 1499 766 1490 1475 2118 1521 932 2274 2494 1864 1860 756 1480 1665 1603 1516 1418 1606 2011 931 1920 1417 1532 1325 1382
475 482 919 644 507 1095 936 1071 991 666 1084 1194 717 1043 1335 360 1269 553 670 621 819 1482 1337 1219 658 1125 1067 1134 1101 1560 1586 1065 760 687 745 396 1051 1398 1407 1703 1492 990 586 663 1553 974 783 1549 926 935 1296 503 825 476 956 1673 1240 1307 1160 955 746 583 1406 1259 1243 484 821 871 1304 1233 438 1645 451 604 810 759 1522 1348 836 652 1415 619 650 1181 537 511 1014 751 1373 1245 948 974 1014 1260 518 1188 779 1156 606 1186 591 992 816 1442 1467 1407 913 1728 829 739 1065 1248 1483 1156 780 626 701 562 1447 1148 1395 1642 1107 1101 734 687 1043 694 489 1353 996 1077 726 1230 1129 662 858 515 970 589 1087 551 617 983 1157 934 711 1424 1158 785 1210 1524 1082 661 1154 751 557 1351 767 1359 1096 1163 1225 436 986 1049 1107 862 727 1435 484 429 995 489 1017 1606 1488 561 697 1418 1057 678 650 658 1055 883 875 870 631 768 894 512 1375 532 1267 804 1317 1107 555 666 845 1221 1030 712 1220 722 851 585 853 847 747 635 971 1013 462 571 996 1305 957 1429 846 488 961 1308 995 753 1466 1213 790 1316 1065 1173 837 1489 1260 1406 1347 597 1513 576 652 811 476 982 1291 634 1219 1624 703 544 985 1372 813 924 437 1138 511 739 1350 1304 1048 935 1194 1537 1545 1371 919 1301 869 974 925 1366 953 1669 1365 1454 1206 503 933 1177 1567 535 1173 759 500 1430 551 872 1555 1559 903 984 1154 677 690 629 842 520 694 1161 1001 957 1027 558 601 462
1054 1153 1528 1382 1156 754 1637 866 867 1505 1993 970 1463 1784 2156 1269 360 1238 1117 1053 1684 1836 2180 833 1010 1142 1879 502 585 1612 875 1877 888 1493 1503 1303 911 2101 546 823 917 1069 1057 973 819 1809 1164 720 1095 1707 1660 1133 805 1205 1288 767 1766 2213 1067 1098 1487 1078 2064 2101 1024 1147 1588 1563 2003 814 1225 1815 1245 1498 948 889 741 1923 937 982 1987 1108 1407 453 1170 1397 818 1231 2001 603 773 749 1360 675 1132 2058 886 1158 1024 1613 1048 1482 1458 727 1648 967 1652 1147 823 1098 1571 2108 2026 1940 1292 1278 1034 1471 1778 1884 1995 1330 1969 913 1296 1572 1906 998 1206 639 1801 1925 1530 1413 515 1044 1757 1168 1578 1062 1962 1167 1477 978 1978 1356 1527 526 1102 852 761 1767 1965 1214 1797 903 1359 1190 862 2015 951 1953 2041 1200 1491 1335 1411 1445 1606 1829 1194 1302 730 1303 1834 1047 1636 1090 1070 1440 1350 1241 1022 1556 1504 960 1674 1699 1531 1390 797 1128 1415 1118 770 1311 2212 695 1074 967 810 1419 790 1619 1669 988 1017 1116 1514 1514 1650 1461 1492 948 1166 1072 834 1850 793 1071 862 1232 1652 2038 1886 886 1477 1161 1692 1304 1628 2051 792 1047 2139 1239 1325 1085 1121 1074 977 1719 1384 1890 2200 1090 899 897 1600 1219 1150 818 1031 1768 1201 1617 1121 1533 2183 1379 1379 943 917 1213 724 1127 1130 2196 1214 1189 1335 1176 1238 788 1843 1970 772 1127 1043 1917 1804 1099 1857 1031 1164 837 1093 1778 839 1407 791 656 1848 1036 1046 1089 1560 1305 937 523 1910 1054 1832 1102 1193 1293
455 592 1112 513 478 1151 811 1154 1073 627 1148 1294 600 942 1490 553 1238 360 512 546 807 1300 1482 1092 740 947 1233 1096 1040 1368 1480 1231 710 615 935 574 1144 1291 1399 1639 1554 820 561 639 1585 932 598 1473 1063 1116 1111 527 824 454 763 1645 1434 1395 1280 1092 937 528 1593 1408 1350 582 1007 738 1193 1110 482 1453 461 754 903 798 1435 1540 714 635 1607 492 842 1146 689 561 1084 923 1562 1267 996 889 1191 1164 503 1322 830 977 615 1005 573 1181 1009 1347 1274 1266 1100 1590 775 574 1257 1387 1331 1082 961 440 813 678 1262 1330 1254 1472 1249 1194 544 707 1027 602 439 1268 932 1047 654 1037 1086 556 976 454 1164 550 1084 705 607 830 1317 743 649 1379 986 806 1097 1334 1209 470 1018 695 749 1177 769 1234 947 1092 1385 579 1176 1220 914 690 736 1625 644 621 910 456 961 1471 1295 529 824 1574 864 485 739 794 1243 987 1052 822 769 596 816 520 1531 511 1323 613 1340 1013 581 702 876 1390 921 822 1042 814 969 482 1046 1040 801 819 793 1115 558 552 879 1498 1014 1274 755 667 1151 1210 1014 716 1275 1036 909 1462 902 1173 829 1575 1386 1534 1160 514 1358 540 656 881 599 1043 1350 761 1304 1661 745 381 803 1428 660 890 511 962 543 659 1310 1462 1224 1036 1052 1372 1467 1206 738 1324 678 1128 1104 1488 761 1606 1558 1296 1091 587 1058 1080 1378 550 1360 877 475 1484 534 973 1590 1376 824 984 1341 785 566 511 719 438 719 1161 1079 790 963 512 768 470
472 650 1210 628 531 1089 886 1113 1035 768 1298 1263 706 1030 1636 670 1117 512 360 481 945 1270 1631 940 736 815 1373 975 907 1273 1328 1371 607 744 1053 701 1113 1362 1287 1499 1486 679 535 575 1495 1055 490 1329 1076 1246 1076 568 742 554 686 1520 1530 1547 1268 1103 1052 500 1715 1555 1323 637 1131 811 1263 958 591 1385 587 897 886 750 1288 1648 565 579 1716 421 953 1024 750 713 1036 980 1679 1177 936 749 1245 1016 537 1473 787 846 588 983 545 1261 1107 1199 1201 1114 1223 1438 660 428 1343 1537 1353 1183 1028 523 821 827 1225 1459 1293 1332 1398 1160 550 856 1159 488 542 1123 1044 1173 779 949 962 448 1128 516 1264 518 1220 763 755 680 1461 698 779 1249 847 743 946 1278 1360 457 1069 589 862 1040 696 1290 796 1195 1529 661 1258 1266 848 714 883 1706 718 738 770 607 1077 1318 1216 522 844 1594 789 485 740 942 1319 972 1185 946 916 641 683 555 1553 531 1256 592 1480 868 585 669 812 1431 772 974 1030 807 969 456 1150 1146 953 946 795 1093 624 537 728 1600 959 1126 618 753 1267 1291 1157 622 1169 903 1060 1473 924 1308 741 1527 1537 1524 1042 470 1210 519 611 1034 744 1194 1499 789 1259 1573 896 504 679 1359 509 1017 601 956 577 780 1426 1486 1278 1016 900 1229 1323 1062 611 1465 585 1155 1164 1473 666 1466 1650 1310 939 630 1060 1166 1322 566 1481 884 536 1411 536 1126 1504 1251 690 890 1463 794 432 425 804 590 673 1060 1231 647 1075 509 830 614
387 559 1120 696 476 980 982 997 918 812 1315 1144 782 1120 1595 621 1053 546 481 360 991 1391 1598 958 616 901 1325 911 860 1381 1327 1323 524 801 982 657 994 1462 1212 1464 1381 759 419 460 1402 1119 607 1302 955 1184 1197 484 641 522 804 1460 1436 1553 1147 982 977 398 1640 1521 1204 545 1065 906 1363 971 552 1502 564 865 765 633 1269 1561 576 461 1629 430 878 961 650 714 921 872 1599 1084 825 719 1133 1003 462 1449 669 932 467 1104 427 1159 1019 1186 1317 1147 1153 1467 591 530 1244 1509 1469 1265 923 600 701 811 1345 1394 1404 1400 1368 1043 661 882 1213 432 519 1101 1117 1234 840 1062 902 410 1113 480 1175 404 1269 661 785 733 1417 820 835 1197 923 631 949 1397 1341 559 1176 510 793 1115 589 1396 842 1276 1485 585 1157 1151 967 826 915 1602 628 681 741 613 1147 1345 1330 423 726 1474 906 590 620 916 1214 851 1128 1008 890 744 642 472 1433 449 1150 710 1521 850 474 548 702 1314 769 962 1150 686 848 424 1066 1062 968 886 912 973 542 427 734 1509 846 1174 587 669 1190 1385 1194 530 1271 985 1045 1352 1038 1357 645 1414 1519 1404 1136 392 1259 412 491 1043 721 1211 1521 674 1144 1479 914 526 777 1254 573 1076 544 1075 486 845 1497 1366 1166 895 936 1290 1297 1125 710 1505 703 1036 1054 1353 780 1430 1553 1427 945 533 938 1257 1441 465 1407 763 484 1308 437 1121 1409 1336 650 799 1391 675 445 416 893 612 555 975 1240 723 1149 423 727 607
876 939 1186 681 892 1553 667 1530 1450 539 745 1649 625 675 1254 819 1684 807 945 991 360 1308 1216 1510 1116 1281 1068 1543 1487 1550 1906 1068 1155 563 973 796 1509 997 1840 2084 1952 1189 991 1075 2007 523 967 1915 1366 1044 1166 925 1257 844 1020 2091 1468 1007 1607 1394 991 966 1502 1158 1696 938 992 666 917 1530 832 1551 807 731 1269 1209 1873 1520 1150 1068 1577 939 945 1592 988 668 1473 1157 1499 1694 1403 1333 1386 1601 918 1041 1233 1304 1034 1050 1002 1306 1105 1783 1405 1662 1072 1981 1222 990 1349 1111 1181 725 1161 784 1159 669 1296 1226 1067 1795 1000 1559 823 496 585 1049 840 1708 569 617 536 1243 1533 1004 731 877 1219 984 638 1001 570 1232 1117 946 529 1827 1334 1228 1525 1411 925 859 848 1141 888 1505 1199 996 1344 727 1177 895 1294 1432 1098 790 454 1700 939 830 1355 744 576 1868 1441 957 1151 1818 1083 842 1109 706 1372 1341 976 454 705 754 1263 926 1775 931 1726 861 894 1454 987 1111 1293 1599 1356 647 1054 1181 1303 928 1110 1103 515 864 870 1469 912 978 1310 1507 1414 1646 1200 925 1147 898 573 1158 1501 1364 696 1734 869 726 1265 1946 1075 1842 1433 958 1726 972 1081 565 716 651 929 1090 1678 2080 506 825 1139 1831 1078 471 863 982 939 544 891 1704 1416 1392 1453 1716 1909 1557 1092 879 994 1394 1297 1808 1052 2051 1597 1176 1518 955 1380 777 1449 958 1296 1214 885 1889 957 685 2009 1655 1271 1419 1272 1136 1010 958 630 739 1136 1597 710 1169 595 944 1034 759
1367 1530 2028 1207 1405 1961 1002 2006 1933 1278 1636 2160 1159 1029 2201 1482 1836 1300 1270 1391 1308 360 2158 1401 1646 1057 2012 1717 1617 796 1717 2011 1476 1227 1826 1492 2013 997 2022 2023 2330 1133 1444 1480 2286 1234 1147 1849 1985 1959 553 1454 1616 1394 956 2164 2343 1879 2176 2013 1836 1407 2436 2104 2222 1518 1877 1025 959 1426 1421 650 1397 1588 1795 1652 1776 2426 1326 1486 2489 1327 1753 1756 1629 1397 1925 1863 2423 1991 1818 1471 2131 1570 1423 1982 1689 1046 1498 655 1455 2113 1928 1684 629 1403 1968 1610 1497 1230 2182 2052 693 1125 1900 1220 1730 1498 420 2158 775 1265 1948 2058 1117 1367 1334 1377 1379 1674 1162 1291 1209 787 1698 1352 1677 1382 2074 1427 1395 1644 1325 1225 2065 931 1231 1896 1105 1635 1465 526 1869 1211 849 1460 1664 1110 1584 879 1248 1141 2125 1519 2106 2159 800 981 1349 2552 1584 1543 1483 1355 1191 1548 671 1425 1749 2503 865 1184 1649 1594 2177 1881 1889 1219 1580 1075 1461 1443 2461 1425 2110 1051 1606 1501 1489 1578 1698 2329 1409 1566 626 1717 1879 1355 1955 1949 1450 1702 871 1998 1496 1444 1368 2398 1846 1312 1411 1605 2034 1030 1435 1500 864 1061 1634 2383 806 1438 1608 2402 2005 2431 948 1378 1347 1426 1519 1513 1469 1570 1748 1691 2145 2366 1411 1316 1058 2205 1241 1254 1451 708 1468 1192 1338 2393 2164 1923 1308 1269 1837 1199 1098 1602 1056 2060 2044 2378 994 2003 2472 631 1453 1519 1970 1028 540 1465 2216 1793 1406 2249 1438 1634 2303 1063 1463 1726 2194 1702 1322 1335 1065 1322 1579 1857 1638 1156 1162 1409 1708 1381
1452 1423 1080 1446 1484 1880 1523 1798 1744 1308 902 1836 1437 1493 443 1337 2180 1482 1631 1598 1216 2158 360 2196 1534 2063 665 2063 2053 2401 2558 668 1725 1359 1038 1301 1755 1704 2276 2639 2193 1942 1558 1626 2328 1288 1714 2501 1538 843 2022 1477 1749 1445 1832 2558 1092 754 1740 1553 1056 1560 864 439 1849 1433 955 1521 1662 2210 1409 2407 1406 1095 1603 1654 2482 1012 1812 1614 1026 1589 1133 2104 1378 1283 1789 1332 917 2076 1783 1945 1354 2229 1495 535 1654 2091 1564 1907 1562 1196 1110 2409 2261 2382 909 2704 1792 1696 1152 465 1978 1445 1281 1515 1507 1164 2150 746 1855 2590 593 1792 1602 1200 1206 1671 1453 2315 1360 1260 1357 2083 2063 1638 876 1487 1053 1564 1161 1378 1284 1951 567 1773 1339 2346 2106 1695 2186 2268 652 1584 1676 1719 1190 2294 1698 1758 2067 1434 519 1382 1181 1409 1939 1628 1201 1303 1365 1280 1964 1386 1337 2583 2296 1537 1472 1717 1913 1584 1521 1048 1228 1621 866 1301 1074 1567 1864 1488 1686 1509 2021 1661 1092 2078 1517 1591 1730 1498 2006 1025 1909 1553 1562 1558 1059 1056 1098 1087 1721 1704 1424 1544 1973 1062 1774 2396 1821 1323 940 1611 1092 1712 2340 2152 939 1715 1726 1160 1766 2110 531 1874 2253 1573 2481 1552 1603 1021 1247 949 905 1450 1905 2379 1151 1487 1916 2106 1779 1263 1414 1838 1481 1372 1387 1633 1363 1659 2168 2494 2498 2328 1856 1082 1776 1488 1313 1874 1851 2604 1171 1990 2182 1452 1583 1537 2305 1505 836 1519 1476 2163 1526 901 2317 2476 1873 1884 823 1504 1664 1602 1483 1408 1622 2039 881 1912 1366 1535 1347 1376
984 1143 1670 1189 1072 1115 1361 1208 1167 1339 1876 1351 1249 1506 2193 1219 833 1092 940 958 1510 1401 2196 360 1092 710 1922 760 665 1141 758 1919 851 1306 1566 1254 1239 1773 1008 1001 1384 705 1001 944 1291 1593 904 821 1345 1774 1243 1080 899 1113 936 1122 1965 2127 1419 1361 1558 996 2210 2119 1413 1131 1652 1295 1680 385 1147 1349 1153 1462 1139 998 758 2106 744 957 2174 971 1461 778 1213 1292 1131 1381 2161 1047 1034 643 1595 530 1061 2045 1023 716 1006 1222 999 1672 1577 661 1189 561 1736 870 797 883 1764 2106 1635 1672 1442 1089 1163 1401 1341 1979 1628 897 1966 1265 1052 1434 1707 885 1106 632 1563 1710 1334 975 739 918 1704 1070 1725 993 1773 1219 1333 640 2015 1019 1340 858 656 955 431 1312 1935 1013 1467 851 1383 717 923 1670 540 1688 2082 1178 1675 1590 1011 1153 1457 2087 1209 1278 631 1185 1600 748 1172 1020 1202 1802 961 1027 1105 1511 1714 1198 1721 1491 1485 1136 715 1069 1769 1047 1204 1032 2038 542 1047 1011 971 1719 557 1551 1278 1120 1236 999 1629 1626 1533 1481 1160 1255 1136 1015 583 2044 1066 631 741 1252 1762 1729 1723 871 1005 703 1636 1663 1287 1858 880 1499 2113 1640 856 983 704 1005 977 1614 1314 1772 2074 1184 1299 1367 1475 1082 781 1274 795 1564 1142 1244 1078 1330 1934 1717 1622 1211 453 775 811 658 798 2025 902 1446 1539 1577 885 976 2067 1574 420 1114 1302 1624 1347 1054 1981 1197 1080 1302 1031 1705 1312 939 707 882 1966 1148 894 956 1307 1171 985 918 1811 712 1590 1021 1274 1189
528 537 938 887 622 797 1190 779 698 954 1367 914 973 1314 1514 658 1010 740 736 616 1116 1646 1534 1092 360 1129 1237 888 885 1626 1405 1234 608 965 862 685 765 1667 1128 1465 1196 986 562 542 1257 1268 863 1328 699 1071 1452 573 577 657 1060 1403 1234 1572 901 726 848 599 1480 1454 969 539 949 1117 1570 1098 653 1755 682 857 522 481 1315 1374 767 532 1441 679 761 931 520 807 717 650 1429 953 651 811 892 1079 597 1408 488 1159 508 1357 551 944 847 1249 1571 1293 1022 1595 655 784 1035 1459 1708 1441 710 817 447 847 1601 1263 1634 1592 1319 816 902 985 1340 647 667 1151 1284 1373 1005 1313 889 659 1113 646 993 578 1385 516 909 937 1335 1074 993 1173 1139 521 1060 1652 1316 800 1399 614 709 1324 534 1614 1027 1450 1399 581 946 903 1223 1063 1025 1375 553 668 826 748 1307 1474 1582 583 478 1218 1162 830 373 915 992 606 1030 1161 891 973 737 580 1177 591 970 959 1612 937 521 445 562 1062 896 984 1401 434 594 653 901 899 1041 811 1158 735 566 563 881 1312 659 1345 723 586 1038 1582 1292 585 1510 1206 1050 1097 1277 1470 595 1201 1489 1156 1369 628 1426 580 498 1099 770 1268 1573 452 929 1327 1000 719 1020 1074 807 1219 618 1324 557 1015 1646 1110 923 655 1100 1475 1327 1318 956 1595 958 781 821 1109 1034 1430 1342 1670 1060 524 684 1451 1696 551 1255 507 625 1132 572 1140 1257 1556 745 713 1242 422 693 670 1096 767 467 881 1278 951 1315 600 551 726
919 1098 1660 984 986 1323 1070 1392 1330 1133 1665 1546 1016 1207 2076 1125 1142 947 815 901 1281 1057 2063 710 1129 360 1821 1032 929 874 1074 1819 893 1088 1509 1154 1410 1440 1327 1349 1660 503 960 947 1598 1328 710 1169 1449 1700 893 1017 1010 1009 630 1469 1978 1925 1588 1472 1507 935 2171 1990 1610 1084 1587 1016 1351 735 1046 1047 1038 1341 1237 1082 1102 2101 724 958 2168 872 1409 1067 1192 1141 1309 1408 2134 1316 1200 802 1661 874 988 1898 1117 391 995 874 965 1699 1559 1006 871 775 1679 1074 882 747 1785 1964 1286 1371 1463 907 1214 1262 998 1914 1283 886 1829 1448 827 1239 1448 846 996 982 1286 1440 1105 631 1011 851 1549 972 1715 946 1517 1203 1145 564 1904 714 1117 1199 421 1050 770 986 1781 840 1139 882 1318 591 1001 1332 551 1388 1972 1115 1698 1672 664 870 1251 2140 1167 1194 809 1043 1324 971 865 961 1247 1954 621 838 1137 1379 1753 1316 1638 1239 1355 886 820 1004 1915 979 1452 779 1783 806 1015 1044 1097 1825 724 1397 930 1184 1335 908 1604 1599 1343 1400 845 1410 1076 969 692 2050 1232 732 791 1205 1723 1405 1488 920 747 449 1484 1821 960 1597 997 1750 1954 1833 600 910 807 952 990 1426 1187 1566 1848 1205 1513 1677 1286 947 506 1539 688 1310 1057 902 1023 1096 1638 1855 1693 1346 618 797 1159 636 568 1771 650 1542 1588 1774 590 1325 2094 1224 757 1073 1418 1312 1024 1006 1937 1268 992 1577 976 1535 1616 796 817 1077 1919 1192 816 867 1037 1018 1031 1181 1616 539 1309 953 1268 1057
1178 1139 784 1227 1215 1575 1370 1493 1439 1108 886 1535 1238 1378 637 1067 1879 1233 1373 1325 1068 2012 665 1922 1237 1821 360 1765 1760 2203 2272 363 1441 1161 736 1034 1451 1652 1972 2340 1892 1692 1281 1342 2023 1185 1471 2205 1234 538 1856 1202 1454 1181 1612 2254 879 889 1441 1250 752 1287 799 588 1551 1151 651 1350 1591 1934 1144 2238 1146 840 1299 1357 2190 862 1542 1330 905 1326 835 1805 1085 1044 1483 1026 810 1771 1479 1661 1064 1943 1223 604 1354 1851 1280 1739 1283 910 805 2120 2078 2113 605 2432 1505 1441 882 619 1883 1375 976 1279 1205 922 1995 538 1764 2345 526 1488 1376 1008 1138 1397 1192 2024 1253 1196 1170 1876 1766 1369 698 1222 765 1288 1117 1084 1072 1690 459 1563 1150 2045 1859 1398 1906 2102 605 1341 1556 1436 901 2051 1405 1681 1804 1368 522 1103 894 1120 1736 1433 1023 1116 1077 1004 1679 1138 1241 2310 2108 1262 1170 1454 1701 1346 1224 806 951 1316 566 1162 829 1358 1581 1213 1420 1236 1716 1441 1153 1794 1235 1298 1430 1227 1728 812 1751 1251 1257 1293 755 752 922 801 1536 1400 1146 1267 1698 880 1469 2136 1542 1035 647 1553 1018 1426 2128 1910 738 1436 1567 1149 1471 1814 689 1591 2027 1303 2221 1276 1315 864 994 875 996 1150 1602 2076 962 1234 1676 1803 1519 1147 1143 1674 1203 1187 1394 1361 1076 1354 1901 2243 2204 2076 1612 1139 1543 1188 1015 1586 1623 2305 989 1883 1903 1169 1279 1454 2142 1227 633 1215 1208 1860 1250 749 2013 2247 1590 1584 611 1203 1398 1337 1310 1164 1329 1736 815 1660 1269 1263 1047 1123
914 1021 1433 1239 1017 728 1496 833 811 1363 1856 963 1320 1642 2042 1134 502 1096 975 911 1543 1717 2063 760 888 1032 1765 360 462 1522 915 1762 747 1350 1389 1169 871 1961 679 937 992 945 918 835 929 1667 1024 804 1025 1596 1537 995 675 1066 1156 908 1689 2081 1044 1034 1374 938 1974 1983 1023 1014 1475 1421 1863 747 1087 1715 1106 1368 852 768 802 1843 797 844 1908 966 1290 409 1046 1258 767 1133 1915 650 694 613 1290 635 993 1935 771 1051 887 1484 909 1399 1356 756 1542 928 1544 1159 680 957 1491 1987 1895 1797 1194 1135 924 1336 1660 1780 1860 1288 1847 887 1154 1432 1764 856 1066 655 1659 1783 1388 1299 381 902 1626 1028 1485 922 1821 1044 1336 853 1863 1221 1385 650 999 727 691 1658 1839 1071 1658 761 1235 1111 730 1877 844 1810 1927 1067 1406 1273 1285 1304 1466 1773 1066 1170 597 1163 1691 1048 1534 950 962 1427 1223 1098 901 1425 1428 881 1559 1556 1399 1248 655 990 1397 978 804 1171 2072 591 938 838 696 1376 669 1485 1539 877 933 974 1411 1411 1512 1339 1355 899 1032 933 709 1772 720 1022 721 1106 1550 1897 1745 746 1386 1062 1560 1288 1491 1909 660 1100 2014 1248 1232 944 1083 935 842 1583 1248 1753 2063 974 904 1008 1461 1078 1024 877 892 1626 1064 1484 985 1390 2041 1353 1313 876 831 1167 803 1058 998 2056 1078 1124 1254 1185 1107 901 1775 1840 700 994 975 1775 1696 962 1760 931 1024 909 954 1645 945 1338 649 548 1750 922 903 947 1417 1164 807 518 1775 926 1689 962 1077 1153
