140 1331 1353 1371 519 1380 799 554 464 758 1057 992 1184 938 1050 1246 1091 1181 1266 1232 503 1250 356 1062 599 609 396 774 529 806 568 1383 1035 562 457 1204 526 494 819 969 452 779 1067 652 221 1280 569 1233 549 1354 208 262 1138 327 654 1292 833 776 429 379 259 1181 465 1141 693 1148 592 1036 1250 217 356 328 833 549 612 591 475 223 760 817 497 1069 878 1358 296 1218 1310 1027 511 446 357 714 391 227 932 1007 1329 631 238 914 1335 1306 756 681 874 834 566 713 785 702 409 722 932 668 576 496 475 731 931 490 1119 465 312 785 454 314 1213 619 1147 1340 1191 1041 264 843 339 967 493 1197 1387 1133 365 437 651 592 1263 448 984 575 1172 1328 1000 527 740 313 1231 671 1356 469 867 1228 1049 269 1290 212 1384 1307 961 654 839 478 1198 222 301 1078 1194 678 392 886 1027 768 1146 873 478 1189 1185 594 651 915 1055 702 1395 1111 1031 696 1395 885 259 286 624 575 990 630 383 1114 626 1392 301 1218 462 938 340 1275 765 654 582 1144 888 1014 209 1027 248 586 1167 487 1332 870 210 847 295 549 886 849 498 531 1070 1225 493 1293 509 1142 1218 1120 825 1291 418 1002 746 1024 775 420 954 1320 661 1122 227 648 1367 856 1089 1392 551 1163 405 478 1123 471 631 357 581 208 422 1050 828 1105 1173 902 847 1232 808 1146 777 683 1045 325 855 519 959 1142 889 1073 366 518 415 1239 660 247 467 270 824 436 1098 798 1342 282 203 1271 1059 401
1431 360 2613 624 1658 1625 1647 1196 1375 1991 2320 882 565 1879 1963 1463 2201 686 1249 1958 1714 1750 1438 2178 1121 1450 1324 1470 1163 1064 1130 1613 1964 1451 1663 2424 1799 1735 2071 1024 1517 2055 1489 1916 1491 2442 1856 1182 1636 2287 1485 1433 1147 1528 1674 1700 1351 1368 1534 1533 1448 1158 1628 1528 1420 864 1419 2219 1246 1483 1547 1603 2080 1765 1870 1202 1655 1515 1243 1200 1481 1922 1224 2035 1491 566 1979 897 1396 1331 1584 1963 1564 1485 2027 981 2212 1735 1507 2206 2217 1317 1570 1087 2100 1410 1224 1665 964 1792 1292 1203 2119 1508 1799 1416 1751 976 2211 1337 1666 1463 1588 2074 1743 1602 2434 1344 2313 2298 2328 1514 1428 1572 1355 2248 1505 1955 1362 2141 1330 1593 1313 1781 1789 1671 1980 1746 2458 617 2271 1565 1917 1544 1848 1366 711 1729 853 1367 2152 1561 2097 1480 1032 2158 2079 1664 2131 1266 837 1471 1478 1220 1159 1049 1306 1815 1333 1401 686 2159 1301 2265 1384 1129 1043 1729 1333 1347 2338 584 2258 1071 2428 812 1442 1451 1910 1425 701 1578 1374 2056 1661 2520 1407 2373 1424 2163 1439 1064 1237 1688 1615 1525 2174 1467 1485 2028 1519 1851 701 1469 1707 1966 1481 1849 1557 1522 1872 1770 1396 1447 691 1616 1722 1780 1799 1969 1648 2291 2015 863 1557 1952 1143 1068 1492 1328 1944 1493 1355 1385 1517 1059 1029 1939 994 2272 1775 2344 1675 1391 880 1232 1823 1640 1708 1494 1289 2255 936 821 1200 1958 1615 2312 2011 2004 2016 1680 1247 1615 2146 1561 1682 1078 831 2192 1532 1173 1706 1328 1476 1514 1482 1423 1708 1477 2328 903 2401 1562 1494 1160 1810 1322
1453 2613 360 2681 1528 2071 1821 1777 1731 981 655 2172 2487 1758 1820 2419 1534 2396 2513 2088 1434 2272 1535 1517 1913 1563 1653 1923 1821 1958 1848 2083 1796 1754 1309 606 1293 1385 902 2267 1458 935 2211 1239 1506 1460 1216 2218 1582 1911 1521 1562 2407 1449 1642 1899 1767 1981 1591 1559 1568 2182 1517 2272 1627 2458 1586 817 2497 1516 1530 1388 1209 1207 1281 1894 1317 1491 2021 1871 1683 1893 2133 2199 1553 2523 2179 2337 1750 1642 1393 1010 1409 1529 1543 2309 1334 1260 1511 918 1338 2211 1516 1892 1265 1718 1753 1713 2016 1555 1690 2002 1357 1531 1173 1564 1238 1996 1029 1638 1734 1514 1447 956 1299 1423 598 1663 789 1212 846 1796 1576 1574 1635 1008 1662 2041 2271 1130 1657 1536 1702 1432 2264 1302 1698 1230 637 2550 715 1421 1071 1508 2179 1891 2550 1251 2122 2095 1542 1445 2035 1525 2452 1382 997 1654 977 1787 2354 1530 1501 2050 2460 1991 1679 1328 2237 1685 2458 1007 1672 985 2383 1843 1936 1880 2267 1927 1242 2402 728 1909 1071 2160 1550 1533 1177 1781 2279 1712 1599 1246 1347 1581 1579 1461 1552 818 1536 2562 2026 1326 1634 1888 852 1811 1522 1172 1475 1129 2480 1685 2401 1092 1523 1248 1431 1471 1251 1762 1584 1542 2379 1897 1408 2306 1212 1411 1861 791 977 2601 1561 1762 2039 2311 1605 1724 1702 2105 1888 1976 1492 1914 2435 1558 2387 1351 1388 743 1311 1731 2433 1784 1153 1356 1275 1508 1736 1306 2051 2282 2429 1136 1897 1626 1338 1367 1254 1351 2004 1407 919 1632 1970 2425 2144 934 1441 1818 1305 2461 1817 1508 1661 1583 1409 1644 1224 2103 1705 1433 1510 2269 1514 1712
1471 624 2681 360 1635 1861 1556 1294 1360 2069 2386 1082 571 1784 1855 1263 2130 926 1032 1810 1705 1574 1513 2110 1134 1579 1393 1375 1222 1227 1200 1851 1860 1406 1738 2512 1811 1735 2141 897 1610 2110 1328 1917 1536 2380 1876 1426 1602 2165 1524 1479 957 1593 1620 1921 1526 1272 1521 1532 1480 1396 1614 1354 1566 688 1545 2319 1032 1526 1552 1654 2066 1842 1869 1181 1737 1554 1158 1374 1452 1803 1105 1872 1508 529 1818 773 1367 1419 1649 2033 1640 1519 1961 846 2383 1840 1538 2229 2388 1563 1719 1210 2074 1583 1333 1595 1096 1742 1353 1135 2078 1645 1875 1522 1804 1075 2215 1438 1867 1561 1613 2114 1769 1632 2521 1476 2420 2456 2444 1715 1467 1737 1405 2252 1476 1814 1614 2284 1384 1582 1452 1760 1614 1742 1891 1836 2501 881 2330 1670 2012 1559 1687 1297 975 1790 985 1602 2081 1600 1957 1519 1293 2333 2195 1608 2153 1271 1084 1513 1541 1442 954 1055 1363 1962 1174 1562 587 2172 1394 2396 1192 1223 1114 1620 1167 1270 2500 683 2342 1195 2573 921 1491 1509 1928 1377 794 1520 1450 2210 1776 2443 1462 2311 1522 2246 1510 838 1152 1805 1571 1739 2218 1667 1523 2169 1567 1912 573 1442 1511 2084 1521 1982 1610 1635 2010 1681 1502 1560 661 1835 1718 1600 1840 2141 1864 2396 2108 628 1548 1853 1078 916 1650 1336 1856 1731 1289 1605 1554 1147 1289 1875 826 2444 1765 2446 1730 1371 713 1260 1910 1688 1807 1536 1312 2215 1083 1049 1002 2085 1511 2228 1981 2172 2000 1804 1463 1647 2179 1529 1559 888 967 2310 1606 1223 1745 1121 1408 1543 1460 1461 1856 1462 2297 938 2307 1609 1534 1408 1987 1340
619 1658 1528 1635 360 1860 694 999 643 1039 1249 1415 1480 783 895 1257 950 1574 1347 1099 454 1172 836 922 901 1087 852 756 919 1253 966 1863 878 599 855 1441 598 506 1062 1141 919 980 1053 660 699 1164 676 1697 417 1194 677 727 1249 787 514 1769 1312 815 490 515 667 1644 414 1119 1173 1353 1071 1324 1331 697 526 718 791 905 613 819 886 671 873 1286 543 922 977 1226 598 1506 1183 1238 628 917 784 983 838 659 782 1189 1734 1041 641 995 1741 1778 1225 1116 801 1313 1024 587 1197 543 842 872 825 1142 916 976 772 1122 949 966 1592 942 593 933 633 618 1447 1098 1437 1722 1498 1520 704 1315 776 986 518 1060 1859 1511 799 445 1128 484 1177 836 824 960 1291 1708 1180 986 1079 566 1124 733 1752 799 1253 1704 905 665 1139 680 1827 1723 1304 519 922 758 1619 696 778 1548 1301 969 824 1317 1069 1248 1409 921 945 1531 1216 1017 1030 794 1099 768 1777 1434 1277 1128 1742 1248 731 765 711 628 1327 548 857 1519 1065 1263 769 1097 942 1198 820 1414 879 1087 470 1623 1036 1493 677 1420 708 861 1422 553 1279 1238 685 1261 728 1018 1300 706 978 1009 1352 1703 483 1212 735 1575 1696 1408 1138 1490 476 844 923 1170 1252 703 795 1800 734 1600 661 1049 1809 700 1255 1795 502 1440 752 628 1326 813 984 707 991 685 758 958 1242 1522 1266 1286 761 1086 712 1571 724 1123 1518 626 970 471 861 1276 1273 1403 826 897 682 1293 649 632 537 702 1273 542 1029 1119 1193 700 680 1732 1513 722
1480 1625 2071 1861 1860 360 2108 1287 1706 1588 1865 1155 1673 2275 2388 2354 2410 1300 2244 2544 1832 2490 1384 2379 1567 1136 1391 2019 1427 1112 1391 376 2373 1839 1438 1825 1791 1806 1673 1887 1313 1738 2246 1904 1520 2559 1784 805 1888 2694 1543 1497 2099 1441 1990 537 913 1967 1759 1715 1561 826 1806 2316 1048 1906 1149 1617 2232 1522 1696 1529 2077 1469 1883 1675 1405 1549 1875 992 1798 2399 1958 2664 1627 1712 2611 1833 1763 1316 1462 1608 1405 1562 2264 1885 1222 1318 1578 1987 1223 680 1033 1233 2139 906 1242 2040 1261 2042 1420 1811 2223 1094 1490 1244 1580 1346 2083 1262 701 1281 1635 1822 1697 1618 1834 1126 1647 1354 1608 704 1523 942 1467 2108 1805 2515 671 1322 1452 1777 1101 1919 2514 1462 2325 1403 2079 1395 1862 1266 1458 1654 2512 1881 1323 1537 1329 619 2373 1562 2620 1541 1025 1156 1438 1988 1940 1609 1148 1524 1442 793 2143 1581 1434 1119 2135 971 1755 2005 1295 1481 2272 1318 1402 2226 2155 1895 1367 1560 1728 1233 1531 1402 1491 1455 1825 1836 1494 1946 1369 1201 1241 2685 1457 2506 1278 1664 1400 2131 1874 1238 1914 597 1868 726 1543 1259 1514 1595 1787 1784 2529 1360 1535 1208 1504 1220 1193 2180 1242 1212 1674 540 1813 2532 1658 1038 571 1641 1519 2000 1755 2341 1783 1964 978 1614 2295 492 1866 651 1559 1349 1017 2192 1960 1255 1865 1692 1539 1731 1900 1531 1449 1558 1344 1534 1554 2315 1241 1172 2155 1305 2136 2553 2102 1086 2041 1197 789 1616 1902 1846 2247 2056 1334 1498 1406 1452 1624 2275 1931 1587 1773 1528 1069 1744 2328 1523 2666 1531 1540 836 917 1579
899 1647 1821 1556 694 2108 360 1191 763 1371 1557 1537 1447 592 683 966 939 1646 1110 796 782 838 1106 921 974 1360 1077 540 1068 1422 1113 2108 680 631 1178 1759 922 834 1388 1019 1211 1300 756 943 981 1191 996 1878 639 1015 953 985 1050 1084 546 2038 1555 643 731 782 921 1825 734 812 1436 1236 1337 1655 1095 975 811 1035 1000 1237 905 856 1206 960 764 1494 671 663 814 920 863 1462 871 1142 708 1153 1095 1315 1143 933 778 1071 2063 1364 924 1267 2070 1978 1515 1280 972 1568 1230 470 1324 629 1048 805 933 1424 1249 1242 1105 1234 1185 1208 1872 1220 907 1241 967 935 1764 1345 1767 2055 1830 1780 955 1599 1002 1217 668 766 2059 1844 1016 743 1367 754 842 1160 695 1288 1566 1758 1486 1286 1414 857 795 648 1820 1131 1344 1921 890 971 879 954 1961 2048 1638 537 1203 875 1728 969 1059 1749 1092 1012 1033 1635 826 1504 1348 1181 1173 1865 945 1180 1144 478 851 661 2110 1435 1600 1288 2076 1314 994 1036 1020 640 1353 529 1104 1847 1378 1247 1020 1123 1210 1526 1090 1225 770 1403 590 1877 1337 1747 953 1750 1000 1195 1350 684 950 1571 961 1585 1033 1309 1625 484 1239 1283 1317 1965 812 878 1069 1893 1964 1738 1472 1354 747 665 864 1016 1526 856 660 2031 661 1830 951 1183 1945 701 1111 2125 809 1768 1080 738 1209 953 1317 1031 1313 967 918 1064 1366 1630 1047 1617 436 1032 877 1893 941 1436 1727 947 1262 642 527 1097 1359 1737 1124 1041 1015 1035 551 917 698 950 1581 729 1161 1156 1115 1006 961 1905 1818 891
654 1196 1777 1294 999 1287 1191 360 787 1156 1486 799 1087 1380 1490 1458 1589 999 1398 1622 1008 1564 611 1560 657 660 517 1091 504 614 482 1286 1479 919 829 1589 1039 1006 1236 1045 681 1228 1328 1166 704 1790 1076 1060 1010 1813 712 652 1253 705 1100 1242 745 1041 876 844 699 1006 950 1400 683 1155 625 1388 1383 700 838 793 1347 929 1127 753 819 735 959 663 890 1490 1056 1740 765 1127 1686 1045 842 496 760 1129 731 722 1422 1063 1494 906 745 1405 1500 1150 823 488 1388 776 412 1137 603 1179 516 897 1442 734 963 588 932 582 1438 504 1103 629 827 1259 961 827 1599 575 1487 1547 1510 982 664 874 585 1473 903 1596 1231 1362 561 914 573 1095 1587 839 1447 911 1635 1151 1440 736 1083 810 1584 953 1170 904 704 1090 1544 773 1709 707 1192 1454 1260 1095 1333 682 1004 692 662 919 1305 700 535 1049 1232 722 1089 1374 464 1465 1381 431 548 1308 1256 968 1596 992 1422 504 1649 745 655 644 1130 913 869 1038 550 1301 842 1897 613 1726 589 1327 616 1341 959 872 1022 1066 1353 942 711 1246 722 1023 1116 875 1611 1150 704 1056 748 701 1087 1276 567 627 1000 1162 1002 1606 991 1265 1169 1463 1181 1289 883 1451 881 1118 783 695 1414 1202 938 1002 741 506 1174 1339 1149 1559 1061 1515 857 812 1137 603 987 833 875 713 632 1563 643 913 1302 1153 1212 1725 1319 1287 1291 873 896 835 1336 952 1322 1230 727 1376 702 528 907 1404 1007 754 870 664 950 845 1612 732 1833 762 716 1093 1134 661
564 1375 1731 1360 643 1706 763 787 360 1166 1439 1159 1198 958 1067 1142 1212 1301 1167 1197 704 1169 735 1186 619 977 680 686 670 1024 717 1706 1057 492 881 1605 815 735 1215 896 856 1158 968 917 643 1439 886 1479 625 1394 616 619 1045 748 690 1644 1154 673 521 535 568 1426 615 1041 1045 1095 951 1450 1150 634 561 744 1069 970 869 538 900 638 660 1090 475 1063 778 1317 546 1226 1265 976 417 757 781 1116 812 599 1038 940 1749 1055 605 1236 1755 1576 1142 882 1084 1172 826 714 941 792 647 631 1106 1048 994 859 874 857 1214 813 1485 849 648 1139 791 675 1612 948 1562 1764 1610 1384 589 1220 610 1251 495 1169 1657 1557 619 582 967 766 1187 871 1035 1000 1521 1430 1375 936 1161 584 1170 568 1479 879 983 1517 1164 673 1282 614 1580 1724 1384 682 1161 483 1359 622 706 1346 1100 686 633 1301 922 1109 1133 1174 773 1613 1080 781 765 881 951 598 1818 1151 1432 891 1820 971 632 674 935 490 1044 614 717 1536 1042 1531 644 1372 830 1343 720 1192 665 1072 617 1478 1245 1349 616 1451 673 985 1147 460 1240 1294 620 1268 719 944 1307 852 852 904 1072 1568 718 1212 881 1553 1569 1534 1242 1237 547 1031 668 940 1140 452 1000 1627 557 1427 632 794 1563 950 1015 1813 765 1575 815 385 1069 555 1053 762 1005 632 514 1241 985 1261 1075 1326 790 1339 996 1561 1003 1097 1323 691 1195 552 902 1056 1001 1495 784 645 792 1136 585 604 468 581 1229 462 1313 836 1440 701 627 1508 1457 487
858 1991 981 2069 1039 1588 1371 1156 1166 360 694 1555 1870 1398 1493 1921 1341 1777 1972 1740 949 1849 917 1313 1310 955 1036 1421 1206 1342 1230 1597 1471 1223 690 806 813 896 450 1688 836 517 1723 843 907 1410 746 1643 1095 1705 927 959 1851 835 1186 1437 1182 1455 1054 1011 977 1601 1007 1793 1029 1865 974 647 1956 917 978 790 951 587 859 1310 696 898 1466 1267 1149 1546 1583 1866 979 1908 1830 1744 1198 1020 781 417 789 938 1256 1726 1126 658 926 768 1133 1659 946 1271 1025 1140 1132 1262 1394 1144 1076 1435 1130 936 553 944 651 1375 885 1017 1251 893 880 613 767 851 815 1050 761 1079 819 1266 977 1023 1027 902 1132 1696 1728 878 1047 1012 1090 991 1852 686 1384 611 876 1932 660 805 490 944 1790 1354 1935 649 1500 1549 1321 856 1740 930 1862 1135 648 1194 737 1197 1743 931 889 1471 1906 1388 1066 841 1714 1096 1849 808 1051 861 1870 1222 1318 1462 1744 1389 1133 1783 634 1288 1070 1539 945 922 744 1246 1660 1224 980 929 748 1544 969 1372 931 539 918 1992 1471 736 1148 1371 639 1268 927 820 875 542 1872 1146 1958 633 927 752 827 857 779 1357 964 925 1767 1408 919 1889 664 1047 1380 732 472 2008 1026 1433 1463 1741 1029 1138 1371 1588 1348 1428 902 1294 1844 1225 1808 1179 929 770 713 1172 1841 1182 535 765 661 912 1139 1172 1430 1667 1881 697 1441 1476 1038 1022 949 769 1427 835 684 1121 1537 1858 1522 729 822 1205 738 1935 1305 925 1122 985 878 1097 1152 1490 1584 836 915 1692 1069 1120
1157 2320 655 2386 1249 1865 1557 1486 1439 694 360 1890 2192 1521 1596 2145 1353 2111 2228 1860 1154 2021 1242 1330 1617 1287 1359 1646 1526 1677 1554 1876 1572 1468 1017 579 1011 1104 610 1973 1170 641 1939 974 1210 1338 933 1965 1305 1734 1225 1266 2118 1155 1374 1702 1506 1698 1302 1269 1272 1925 1233 2003 1358 2163 1308 639 2212 1220 1239 1092 984 916 1011 1600 1027 1195 1732 1599 1396 1663 1845 1978 1259 2228 1953 2042 1460 1350 1098 717 1116 1233 1326 2015 1236 987 1216 694 1242 1971 1262 1604 1051 1461 1465 1447 1727 1297 1395 1710 1154 1264 882 1278 942 1704 829 1350 1524 1227 1153 676 1008 1128 582 1384 691 1141 771 1565 1280 1330 1340 822 1376 1814 2036 995 1362 1249 1424 1162 2016 1009 1476 946 578 2266 431 1139 800 1215 1938 1605 2270 956 1831 1858 1350 1150 1826 1229 2190 1269 797 1384 731 1492 2077 1234 1206 1794 2172 1695 1383 1106 1956 1422 2162 781 1381 890 2105 1551 1642 1626 1986 1641 1185 2108 510 1621 1053 1867 1254 1237 899 1494 1985 1436 1306 1093 1076 1470 1283 1321 1264 561 1242 2271 1737 1059 1357 1664 581 1573 1226 997 1179 833 2184 1397 2144 865 1227 1019 1135 1192 1032 1510 1298 1260 2084 1686 1127 2057 918 1247 1654 673 716 2306 1273 1535 1746 2019 1349 1429 1473 1883 1601 1737 1196 1621 2172 1325 2094 1271 1113 660 1015 1440 2138 1488 870 1060 995 1212 1440 1138 1763 2002 2142 922 1632 1466 1107 1209 1017 1089 1749 1112 662 1350 1713 2134 1853 786 1147 1522 1010 2180 1536 1213 1373 1287 1171 1354 1078 1808 1560 1137 1214 2015 1317 1416
1092 882 2172 1082 1415 1155 1537 799 1159 1555 1890 360 883 1752 1857 1615 2004 589 1472 1939 1437 1813 1044 1976 923 971 956 1396 856 573 808 1147 1850 1279 1246 1963 1478 1440 1642 1128 1084 1648 1550 1604 1143 2217 1515 758 1414 2188 1149 1089 1331 1138 1489 1199 832 1315 1286 1263 1131 713 1369 1612 922 1114 946 1749 1462 1138 1263 1231 1785 1338 1564 1042 1229 1173 1197 685 1274 1841 1248 2044 1192 923 1988 1053 1204 927 1191 1538 1154 1157 1832 1116 1691 1272 1181 1840 1696 890 1065 671 1823 892 800 1510 578 1585 946 1135 1871 1016 1372 973 1363 664 1877 910 1147 1026 1264 1688 1400 1266 1973 868 1834 1780 1840 995 1098 1056 1018 1912 1292 1922 960 1632 991 1333 831 1520 1845 1260 1834 1304 2055 742 1851 1111 1461 1241 1869 1259 740 1331 567 899 1957 1212 2050 1144 783 1636 1595 1482 1769 1036 565 1130 1100 724 1370 896 964 1308 1415 890 960 1812 892 1765 1530 761 755 1647 1429 1258 1820 768 1806 655 1917 628 1094 1084 1569 1262 700 1410 987 1541 1189 2318 1052 2151 991 1713 1051 1343 1194 1213 1415 1017 1778 948 1148 1521 1161 1446 992 1259 1821 1482 1142 1351 1186 1060 1370 1643 954 990 879 1113 1434 1853 1427 1448 1141 1814 1557 1204 1299 1827 1089 1202 982 1078 1799 1031 1244 885 1179 727 767 1746 1182 1750 1492 1869 1290 1183 1110 967 1380 1270 1256 1152 1018 1996 534 474 1389 1466 1537 2135 1750 1484 1727 1197 741 1274 1768 1347 1635 1281 562 1703 1129 879 1345 1516 1346 1189 1261 1096 1202 1242 2049 781 2238 1201 1154 764 1288 1053
1284 565 2487 571 1480 1673 1447 1087 1198 1870 2192 883 360 1679 1761 1266 2008 761 1062 1752 1542 1546 1313 1985 955 1368 1194 1269 1025 1016 999 1663 1762 1263 1539 2311 1637 1567 1945 818 1406 1919 1284 1750 1347 2252 1699 1248 1453 2083 1337 1289 950 1397 1484 1723 1316 1166 1359 1363 1296 1213 1453 1324 1355 670 1335 2114 1057 1338 1381 1462 1907 1643 1702 1021 1536 1367 1042 1164 1299 1718 1018 1829 1330 402 1773 691 1214 1215 1453 1837 1440 1334 1834 776 2171 1634 1355 2052 2177 1385 1507 999 1922 1373 1124 1470 885 1604 1156 1005 1935 1434 1676 1315 1613 866 2046 1232 1661 1355 1433 1929 1589 1449 2321 1265 2214 2244 2237 1509 1279 1525 1213 2084 1323 1750 1443 2073 1190 1419 1241 1604 1585 1545 1782 1633 2316 768 2138 1463 1808 1383 1643 1169 859 1596 773 1414 1958 1413 1891 1332 1149 2122 1987 1473 1976 1097 917 1325 1345 1246 967 878 1168 1750 1128 1351 485 1999 1189 2186 1186 1016 912 1526 1129 1149 2289 475 2142 984 2362 710 1300 1314 1752 1235 582 1386 1250 1999 1568 2325 1268 2182 1316 2046 1311 888 1036 1597 1428 1539 2032 1461 1336 1958 1376 1718 507 1288 1507 1876 1333 1772 1418 1427 1799 1571 1294 1351 490 1636 1552 1577 1653 1930 1663 2190 1905 706 1384 1751 946 864 1439 1162 1745 1545 1159 1408 1368 941 1142 1747 794 2233 1603 2242 1538 1212 683 1075 1708 1498 1602 1348 1130 2072 871 865 1005 1876 1413 2115 1831 1961 1842 1595 1264 1463 1997 1378 1477 883 755 2102 1407 1029 1559 1135 1281 1360 1303 1273 1645 1301 2149 745 2202 1420 1347 1236 1777 1161
1038 1879 1758 1784 783 2275 592 1380 958 1398 1521 1752 1679 360 472 1113 729 1872 1295 703 841 884 1253 718 1192 1508 1249 771 1269 1623 1316 2277 459 833 1273 1735 952 885 1395 1247 1342 1296 916 922 1118 981 1012 2077 748 796 1094 1138 1256 1211 645 2190 1723 874 876 920 1074 2024 836 950 1591 1462 1490 1666 1282 1115 941 1141 909 1310 899 1078 1305 1092 996 1680 849 508 1039 827 1008 1694 795 1372 909 1321 1207 1341 1262 1074 598 1298 2135 1455 1060 1201 2142 2170 1648 1480 858 1729 1414 604 1536 619 1228 1037 786 1564 1314 1394 1171 1448 1092 1374 2015 1363 1017 1218 1024 1041 1739 1509 1773 2110 1844 1938 1111 1738 1172 1119 837 658 2252 1902 1190 861 1536 773 870 1252 469 1370 1488 1987 1450 1409 1466 985 781 877 2047 1205 1564 2105 684 1089 717 1096 2175 2129 1681 647 1150 1079 1947 1112 1198 1939 1293 1237 1212 1734 1022 1664 1579 1111 1345 1899 1114 1379 1357 536 1044 893 2165 1667 1590 1490 2108 1539 1144 1182 1017 850 1582 704 1265 1923 1486 1024 1178 915 1360 1529 1237 1431 1002 1507 721 2040 1300 1910 1094 1819 1130 1239 1580 864 1021 1631 1102 1672 1152 1441 1712 471 1394 1430 1549 2123 868 914 1116 1990 2117 1745 1507 1574 880 434 1096 1238 1673 1048 438 2208 890 2007 1082 1391 2159 559 1333 2195 838 1766 1166 934 1435 1153 1382 1126 1407 1104 1111 898 1579 1849 1245 1684 634 804 779 1983 865 1544 1914 1049 1218 790 626 1309 1580 1767 1250 1243 1088 1210 773 1051 870 1107 1695 896 1000 1384 883 1124 1098 2107 1935 1079
1150 1963 1820 1855 895 2388 683 1490 1067 1493 1596 1857 1761 472 360 1128 717 1970 1329 627 949 859 1366 715 1295 1620 1361 853 1377 1732 1424 2389 384 939 1382 1813 1053 992 1485 1319 1454 1384 945 1012 1231 957 1109 2187 860 692 1206 1250 1306 1323 757 2302 1836 955 988 1033 1187 2133 948 967 1703 1529 1602 1755 1317 1228 1054 1251 974 1415 994 1178 1414 1204 1080 1791 960 441 1110 742 1121 1774 719 1446 1016 1433 1318 1437 1373 1187 637 1369 2238 1563 1172 1269 2245 2280 1760 1589 915 1842 1525 713 1641 726 1340 1126 828 1677 1419 1506 1276 1553 1151 1486 2128 1475 1129 1302 1129 1152 1816 1622 1860 2209 1933 2051 1224 1850 1284 1174 948 580 2362 2002 1302 973 1649 877 837 1361 481 1477 1547 2081 1526 1521 1567 1098 736 971 2143 1311 1666 2217 682 1201 609 1209 2280 2234 1779 759 1224 1186 2050 1225 1311 2050 1339 1335 1323 1842 1069 1777 1656 1179 1458 1994 1141 1488 1462 595 1088 983 2263 1756 1674 1598 2201 1637 1257 1294 1109 954 1675 813 1378 2026 1596 977 1290 896 1472 1617 1350 1479 1086 1617 833 2152 1377 2022 1207 1922 1242 1340 1655 974 1001 1733 1215 1779 1263 1553 1818 575 1506 1542 1632 2235 975 882 1218 2098 2229 1833 1603 1635 992 421 1184 1303 1786 1157 483 2320 985 2119 1195 1497 2264 632 1396 2297 942 1852 1275 1042 1503 1262 1486 1236 1515 1217 1220 920 1684 1952 1289 1787 708 756 848 2090 939 1654 2025 1159 1294 903 663 1364 1681 1862 1362 1351 1195 1239 872 1164 981 1220 1805 1008 1023 1480 816 1235 1211 2216 2045 1189
1346 1463 2419 1263 1257 2354 966 1458 1142 1921 2145 1615 1266 1113 1128 360 1478 1616 602 974 1351 694 1507 1470 1161 1725 1423 861 1314 1602 1340 2349 1144 1059 1661 2337 1495 1403 1954 849 1631 1877 569 1540 1425 1724 1573 2011 1200 1367 1398 1399 676 1530 1137 2334 1839 831 1227 1272 1350 1963 1278 523 1774 959 1693 2208 597 1416 1305 1520 1606 1745 1498 1073 1682 1419 866 1726 1133 1053 762 1000 1321 1257 952 950 1096 1496 1563 1867 1594 1380 1348 872 2528 1837 1383 1870 2535 2138 1895 1483 1576 1874 1510 1068 1456 1234 1378 923 1526 1800 1766 1613 1633 1368 1791 1547 2202 1615 1407 1829 1516 1437 2344 1667 2322 2547 2377 2077 1369 1962 1371 1824 1148 996 2212 2339 1370 1269 1671 1347 734 1650 1217 1780 2169 1667 2076 1712 1935 1344 829 935 1753 1647 1411 2120 1436 1449 1129 1396 1999 2501 2160 1125 1804 1174 1749 1404 1486 1934 668 1134 1372 2077 587 1820 1141 1786 1498 2390 444 1410 1313 943 562 904 2601 1321 2171 1482 2599 1347 1412 1453 1606 1038 1306 1069 1475 2317 1822 1743 1417 1662 1589 2089 1494 794 864 1852 1148 2152 1930 2034 1398 2233 1455 1738 1123 1137 608 2075 1402 2049 1500 1713 2088 1055 1601 1661 1170 2251 1380 709 1618 2324 2262 2293 2009 997 1254 1157 937 780 1874 1206 1191 2248 945 2062 1412 1367 1987 1288 832 2593 1393 2329 1586 1128 943 1238 1828 1532 1787 1414 1243 1648 1483 1665 623 2108 890 1524 1482 2336 1547 1875 1929 1452 1859 1162 849 744 1414 2268 1565 1292 1543 504 975 1381 1161 1361 1998 1188 1749 1200 1569 1479 1409 2020 2214 1239
1191 2201 1534 2130 950 2410 939 1589 1212 1341 1353 2004 2008 729 717 1478 360 2153 1664 962 947 1216 1402 390 1469 1636 1438 1118 1507 1843 1555 2414 698 1113 1338 1572 980 965 1305 1597 1456 1201 1284 881 1268 613 1002 2283 950 741 1251 1307 1623 1332 889 2298 1877 1220 1078 1105 1251 2231 999 1315 1726 1815 1627 1561 1651 1269 1110 1240 751 1335 892 1367 1372 1237 1333 1868 1097 798 1393 1052 1184 2027 1047 1717 1177 1497 1307 1290 1364 1236 535 1648 2107 1495 1215 1019 2114 2357 1745 1706 677 1869 1611 897 1785 780 1432 1362 571 1676 1327 1536 1204 1707 883 1542 2113 1493 1144 1105 1074 1157 1574 1667 1655 2054 1733 2065 1288 1838 1364 894 1076 918 2438 1859 1388 1034 1701 859 1193 1315 621 1403 1257 2281 1287 1505 1443 1142 1089 1198 2331 1247 1835 2277 409 1214 873 1254 2417 2115 1626 899 998 1335 2207 1271 1340 2129 1661 1528 1414 1766 1390 1805 1917 935 1528 1818 1482 1607 1614 905 1413 1221 2106 1982 1459 1719 2014 1822 1308 1336 976 1138 1885 983 1434 1907 1551 679 1349 546 1502 1423 1387 1798 1339 1564 956 2172 1152 2045 1251 1798 1266 1229 1921 1111 1358 1607 1259 1689 1269 1549 1725 816 1543 1561 1877 2242 961 1238 1130 2008 2228 1630 1452 1933 1067 681 1421 1596 1791 1287 650 2363 1208 2167 1228 1637 2400 623 1690 2159 906 1637 1233 1191 1787 1398 1388 1211 1454 1255 1345 589 1830 2109 1614 1668 996 503 674 1990 755 1605 2097 1157 1069 1020 994 1673 1853 1688 1365 1485 1148 1579 1086 1205 1106 1287 1755 1122 684 1679 616 1242 1251 2320 1989 1310
1281 686 2396 926 1574 1300 1646 999 1301 1777 2111 589 761 1872 1970 1616 2153 360 1438 2018 1609 1856 1250 2127 1045 1199 1150 1487 1022 799 977 1288 1966 1407 1461 2190 1666 1618 1862 1130 1302 1863 1589 1790 1335 2378 1710 860 1565 2302 1337 1278 1309 1344 1627 1374 1056 1395 1443 1428 1311 833 1533 1642 1151 1051 1172 1977 1430 1329 1434 1432 1967 1557 1748 1155 1446 1363 1269 913 1415 1944 1292 2113 1367 794 2056 1026 1338 1133 1399 1757 1366 1342 1979 1104 1910 1498 1365 2044 1915 996 1293 873 1999 1116 1010 1637 757 1733 1132 1213 2037 1245 1590 1193 1571 814 2072 1124 1349 1244 1449 1898 1594 1456 2200 1095 2063 2003 2069 1197 1282 1282 1202 2108 1436 2007 1047 1859 1176 1496 1058 1687 1892 1474 1962 1526 2271 514 2070 1334 1686 1418 1931 1359 538 1542 680 1041 2105 1406 2142 1332 751 1853 1824 1619 1972 1178 518 1319 1301 896 1337 995 1149 1536 1441 1117 871 2011 1100 1993 1532 948 904 1747 1449 1351 2041 666 2031 856 2143 693 1285 1281 1765 1386 675 1540 1189 1766 1416 2472 1244 2311 1208 1938 1255 1280 1265 1440 1557 1201 1991 1152 1336 1749 1357 1659 900 1401 1843 1711 1330 1580 1386 1285 1599 1761 1173 1213 814 1291 1610 1892 1630 1667 1324 2043 1783 1107 1461 1947 1159 1196 1209 1230 1926 1168 1345 1061 1368 894 743 1891 1151 1967 1667 2097 1496 1322 1056 1121 1602 1471 1480 1342 1176 2167 715 499 1367 1695 1634 2278 1920 1705 1907 1425 925 1466 1976 1493 1721 1249 660 1932 1339 1040 1544 1499 1459 1374 1408 1279 1430 1394 2227 850 2377 1398 1343 842 1505 1213
1366 1249 2513 1032 1347 2244 1110 1398 1167 1972 2228 1472 1062 1295 1329 602 1664 1438 360 1205 1440 934 1499 1653 1106 1686 1398 961 1260 1496 1275 2238 1341 1120 1682 2406 1579 1487 2017 720 1623 1951 744 1645 1442 1916 1657 1870 1295 1593 1418 1404 506 1540 1254 2245 1761 892 1286 1324 1367 1825 1356 734 1721 752 1653 2257 376 1432 1356 1550 1739 1776 1599 1049 1697 1443 866 1633 1192 1259 748 1240 1354 1047 1191 780 1134 1463 1581 1922 1603 1402 1520 719 2514 1845 1411 1980 2520 2003 1856 1395 1719 1804 1450 1197 1344 1367 1350 905 1684 1763 1801 1584 1680 1264 1918 1509 2130 1596 1452 1917 1582 1481 2414 1613 2369 2547 2417 1994 1378 1912 1360 1953 1212 1222 2072 2346 1353 1339 1610 1454 974 1675 1404 1800 2279 1470 2161 1701 1966 1387 1065 983 1560 1686 1278 1999 1619 1480 1360 1415 1828 2480 2187 1242 1909 1162 1582 1419 1491 1814 462 1058 1348 2060 645 1756 938 1902 1457 2414 553 1339 1228 1119 618 947 2600 1134 2235 1390 2617 1208 1418 1455 1697 1094 1142 1170 1455 2308 1815 1947 1413 1851 1565 2148 1488 555 862 1846 1245 2058 2021 1949 1417 2234 1474 1790 915 1192 847 2092 1420 2045 1522 1692 2081 1218 1568 1631 984 2159 1465 951 1680 2295 2175 2342 2049 763 1316 1349 893 643 1821 1209 1374 2130 987 1955 1438 1283 1818 1449 650 2579 1489 2382 1623 1159 743 1210 1858 1569 1798 1434 1231 1813 1363 1506 455 2118 1039 1726 1622 2312 1676 1863 1815 1497 1958 1241 1031 551 1276 2299 1571 1243 1595 458 1058 1411 1216 1370 1972 1237 1911 1082 1781 1506 1429 1873 2171 1236
1332 1958 2088 1810 1099 2544 796 1622 1197 1740 1860 1939 1752 703 627 974 962 2018 1205 360 1170 650 1541 967 1381 1796 1513 904 1493 1844 1535 2544 651 1064 1594 2076 1290 1218 1738 1294 1643 1640 843 1265 1413 1176 1354 2298 1052 755 1387 1421 1222 1514 946 2475 1991 986 1163 1213 1357 2245 1148 832 1873 1482 1774 2009 1196 1408 1239 1456 1241 1640 1243 1262 1625 1391 1109 1925 1108 557 1097 487 1297 1757 452 1422 1140 1590 1519 1683 1570 1366 905 1339 2469 1780 1356 1535 2476 2403 1948 1703 1182 2005 1663 879 1733 956 1484 1168 1095 1859 1648 1679 1503 1640 1419 1645 2308 1655 1328 1561 1357 1355 2080 1781 2117 2448 2187 2217 1392 2035 1438 1442 1104 406 2484 2239 1452 1164 1803 1111 616 1575 749 1698 1814 2110 1790 1716 1804 1285 508 1043 2183 1535 1737 2352 935 1396 514 1388 2360 2460 2022 943 1489 1301 2118 1403 1493 2176 1241 1403 1469 2056 995 1941 1636 1445 1609 2241 1013 1606 1556 678 1004 1040 2503 1769 1934 1709 2451 1695 1430 1471 1360 1069 1708 964 1541 2255 1802 1164 1457 1124 1646 1873 1525 1381 1113 1826 1012 2313 1640 2184 1387 2153 1430 1578 1628 1121 786 1968 1394 1999 1460 1741 2039 752 1675 1719 1630 2402 1199 657 1453 2314 2401 2089 1848 1564 1175 686 1220 1257 1962 1289 747 2464 1058 2264 1381 1599 2345 895 1344 2529 1175 2110 1491 1172 1459 1380 1716 1446 1730 1399 1350 1179 1773 2022 1190 2019 770 958 1113 2310 1203 1860 2156 1365 1558 1072 664 1288 1748 2110 1554 1466 1417 1108 974 1348 1135 1386 2009 1166 1280 1533 978 1432 1393 2321 2248 1325
603 1714 1434 1705 454 1832 782 1008 704 949 1154 1437 1542 841 949 1351 947 1609 1440 1170 360 1260 814 918 952 1056 854 851 947 1263 993 1835 929 685 793 1346 503 412 969 1222 880 886 1147 575 680 1141 581 1697 511 1228 663 721 1339 750 597 1731 1292 907 543 542 669 1644 451 1213 1144 1431 1044 1233 1424 681 534 668 726 830 527 883 826 649 959 1281 621 985 1066 1297 605 1570 1257 1315 701 910 736 892 792 649 792 1270 1659 974 627 906 1666 1770 1181 1131 750 1287 1026 672 1222 583 853 953 794 1103 838 951 693 1154 871 954 1551 911 558 839 548 574 1353 1080 1345 1641 1408 1489 704 1273 783 908 597 1129 1850 1431 808 482 1113 448 1263 772 863 889 1201 1748 1085 939 997 558 1205 822 1786 725 1288 1690 906 629 1197 667 1841 1650 1219 605 833 807 1643 684 753 1541 1391 1025 835 1253 1163 1222 1478 836 941 1445 1310 1036 1064 876 1193 857 1696 1489 1183 1145 1656 1291 721 748 617 714 1377 642 847 1445 1008 1249 762 1077 917 1105 800 1501 965 1028 564 1594 942 1465 664 1343 679 775 1492 627 1370 1159 672 1192 688 977 1231 778 956 979 1416 1670 390 1300 648 1509 1660 1317 1050 1570 517 893 1000 1255 1217 746 838 1779 821 1581 640 1076 1823 721 1339 1719 421 1347 686 694 1404 850 906 648 926 667 793 919 1267 1547 1357 1209 852 1089 672 1503 662 1065 1509 577 878 559 948 1364 1309 1315 787 928 607 1387 742 618 607 704 1217 602 980 1171 1199 660 663 1734 1457 758
1350 1750 2272 1574 1172 2490 838 1564 1169 1849 2021 1813 1546 884 859 694 1216 1856 934 650 1260 360 1542 1215 1286 1786 1486 842 1423 1755 1459 2487 879 1049 1645 2228 1398 1312 1864 1094 1658 1773 627 1407 1431 1448 1471 2195 1116 1045 1403 1422 977 1537 1023 2443 1947 882 1192 1243 1363 2143 1209 582 1852 1254 1759 2132 927 1423 1274 1501 1427 1711 1374 1174 1672 1415 982 1858 1112 777 927 665 1314 1545 618 1216 1113 1563 1557 1792 1600 1382 1119 1131 2532 1831 1378 1714 2539 2312 1951 1621 1381 1972 1611 947 1625 1083 1447 1046 1310 1857 1725 1669 1582 1532 1613 1618 2291 1657 1374 1708 1445 1404 2233 1751 2243 2529 2307 2183 1392 2029 1419 1641 1118 680 2390 2319 1426 1214 1765 1226 400 1629 969 1759 2006 1930 1949 1736 1890 1319 501 972 2010 1606 1606 2276 1180 1433 802 1403 2222 2514 2116 1014 1657 1246 1974 1415 1505 2093 986 1287 1436 2095 779 1911 1424 1625 1575 2343 748 1532 1458 754 777 955 2584 1582 2073 1624 2554 1553 1434 1476 1491 1041 1541 995 1526 2316 1836 1447 1451 1391 1639 2001 1526 1121 984 1863 1065 2270 1799 2145 1402 2222 1455 1673 1411 1122 502 2046 1409 2051 1493 1751 2091 870 1661 1714 1434 2365 1290 403 1547 2352 2369 2215 1950 1316 1213 903 1085 1042 1949 1254 953 2396 987 2201 1406 1508 2208 1081 1118 2595 1284 2243 1552 1147 1234 1322 1792 1501 1780 1418 1307 1415 1660 1882 936 2090 772 1235 1297 2355 1378 1893 2080 1417 1721 1107 671 1046 1614 2215 1577 1397 1490 835 950 1373 1142 1384 2032 1174 1518 1393 1265 1467 1412 2212 2264 1291
456 1438 1535 1513 836 1384 1106 611 735 917 1242 1044 1313 1253 1366 1507 1402 1250 1499 1541 814 1542 360 1372 773 615 479 1060 651 844 673 1386 1350 853 586 1359 811 798 993 1174 484 978 1342 937 496 1582 836 1250 865 1670 519 480 1362 454 969 1297 838 1045 740 693 544 1199 782 1416 697 1327 596 1169 1483 498 672 547 1120 690 902 809 584 526 1005 832 796 1382 1120 1666 606 1351 1617 1209 789 477 508 885 487 538 1246 1205 1381 710 554 1155 1388 1316 770 737 1168 837 604 1025 854 1018 523 956 1234 679 723 500 680 822 1194 505 1127 475 617 1008 724 606 1368 625 1275 1408 1308 1045 511 854 498 1229 797 1508 1397 1207 507 753 659 903 1558 593 1300 686 1385 1402 1193 564 862 630 1533 942 1419 653 952 1235 1361 548 1603 517 1416 1353 1064 968 1084 697 1247 500 422 1090 1417 845 517 929 1282 772 1295 1128 512 1284 1440 670 761 1223 1310 969 1461 1226 1189 754 1483 985 471 431 889 860 1103 937 423 1172 677 1697 451 1521 466 1093 376 1481 1008 707 895 1147 1102 1017 519 1095 495 774 1319 784 1615 961 510 906 505 569 943 1162 502 538 1212 1229 800 1585 742 1179 1224 1249 957 1469 733 1317 966 1237 782 661 1271 1325 929 1127 535 739 1398 1171 1290 1446 856 1298 606 755 1305 652 757 586 667 510 628 1346 894 1159 1403 981 1148 1543 1110 1188 1069 727 1056 609 1085 829 1261 1355 975 1180 454 653 662 1484 952 563 768 517 854 736 1385 934 1654 525 515 1291 1082 628
1162 2178 1517 2110 922 2379 921 1560 1186 1313 1330 1976 1985 718 715 1470 390 2127 1653 967 918 1215 1372 360 1443 1606 1409 1100 1480 1814 1527 2384 695 1089 1308 1550 950 935 1279 1577 1426 1174 1274 852 1238 630 972 2254 923 764 1221 1278 1608 1302 864 2268 1848 1201 1050 1076 1222 2201 970 1307 1696 1796 1597 1536 1639 1239 1082 1210 724 1306 862 1343 1342 1207 1312 1839 1071 797 1375 1061 1155 2005 1053 1697 1151 1468 1277 1262 1334 1206 511 1629 2079 1465 1185 996 2086 2328 1715 1678 650 1839 1582 876 1757 753 1403 1341 544 1646 1298 1506 1174 1680 861 1512 2082 1463 1115 1079 1044 1127 1552 1637 1630 2027 1708 2035 1259 1807 1335 874 1050 922 2409 1831 1359 1006 1671 829 1193 1285 612 1374 1240 2255 1264 1475 1414 1113 1090 1177 2305 1217 1808 2247 394 1185 884 1225 2389 2087 1599 875 973 1308 2179 1242 1310 2100 1647 1503 1385 1737 1376 1775 1895 912 1499 1792 1472 1579 1587 893 1399 1200 2079 1958 1435 1691 1989 1796 1279 1306 947 1114 1861 960 1405 1879 1521 704 1320 561 1472 1397 1358 1783 1318 1534 930 2142 1128 2015 1222 1770 1236 1200 1901 1085 1356 1579 1230 1660 1239 1519 1696 800 1513 1531 1855 2212 931 1237 1100 1978 2198 1605 1425 1916 1038 674 1399 1578 1761 1259 639 2333 1186 2137 1198 1609 2372 599 1672 2132 876 1613 1203 1165 1768 1370 1359 1181 1424 1225 1318 576 1802 2082 1600 1640 981 534 645 1961 726 1575 2067 1127 1045 993 984 1657 1827 1662 1335 1457 1117 1568 1065 1176 1079 1258 1725 1095 674 1654 646 1213 1221 2291 1959 1282
699 1121 1913 1134 901 1567 974 657 619 1310 1617 923 955 1192 1295 1161 1469 1045 1106 1381 952 1286 773 1443 360 940 660 837 515 829 539 1564 1288 722 987 1757 1042 974 1376 764 892 1338 1039 1156 766 1699 1104 1278 884 1626 751 712 963 838 942 1535 1039 767 773 771 706 1225 867 1109 977 916 906 1577 1091 756 786 885 1319 1090 1109 479 993 781 668 934 732 1277 759 1491 736 986 1435 796 652 718 890 1270 894 745 1294 792 1770 1123 764 1457 1776 1389 1109 695 1339 1073 709 953 712 1050 613 604 1365 1016 1121 839 1034 620 1452 762 1401 858 839 1340 995 858 1766 869 1685 1810 1721 1276 696 1168 645 1489 754 1361 1469 1614 628 831 871 1021 1313 987 1279 1097 1727 1172 1559 967 1272 788 1323 698 1222 1024 732 1349 1420 828 1487 747 1347 1734 1478 933 1382 504 1115 742 785 1167 1017 439 616 1317 935 1020 908 1404 711 1698 1083 610 535 1083 958 702 1861 897 1585 697 1894 713 725 750 1157 702 786 855 720 1568 1081 1788 703 1631 824 1490 766 1070 667 1112 872 1355 1444 1234 751 1500 798 1144 927 718 1322 1375 749 1309 844 951 1344 1081 823 886 835 1453 960 1328 1066 1549 1462 1659 1364 1058 796 1267 584 832 1078 567 1243 1470 682 1276 781 582 1331 1206 878 1835 1013 1706 962 638 893 489 1165 917 1081 764 537 1499 753 1017 1010 1391 975 1592 1253 1567 1254 1125 1153 872 1405 811 1076 948 749 1594 860 496 972 1108 783 769 727 689 1226 718 1568 578 1691 839 762 1300 1426 566
709 1450 1563 1579 1087 1136 1360 660 977 955 1287 971 1368 1508 1620 1725 1636 1199 1686 1796 1056 1786 615 1606 940 360 664 1304 786 759 779 1139 1604 1102 689 1351 1023 1031 1044 1339 540 1068 1574 1141 749 1798 1026 1065 1119 1920 773 735 1543 665 1224 1042 611 1277 996 948 799 1019 1033 1647 451 1455 394 1138 1671 752 926 755 1320 757 1115 1012 661 776 1219 672 1049 1638 1326 1921 861 1410 1871 1345 1034 589 689 946 633 793 1488 1360 1195 662 807 1290 1201 1106 530 729 1378 593 612 1280 848 1268 707 1162 1455 436 787 478 830 865 1359 538 871 505 859 1128 929 842 1361 465 1226 1248 1238 793 764 602 727 1390 1052 1763 1183 1066 721 1007 500 1143 1805 710 1551 707 1467 1353 1255 517 852 882 1784 1178 1348 789 961 1011 1598 786 1859 771 1270 1156 989 1224 1229 913 1150 756 669 895 1596 994 715 749 1497 531 1382 1286 589 1179 1652 729 848 1477 1523 1201 1296 1264 1196 744 1354 1018 726 686 1073 1107 1146 1192 620 1002 577 1919 699 1741 510 1104 631 1639 1220 601 1150 898 1203 769 773 951 740 880 1411 1037 1852 876 765 763 728 462 791 1418 485 437 1292 976 1037 1830 907 969 969 1205 946 1589 988 1571 1158 1410 526 893 1522 1088 1164 896 786 802 1252 1416 1446 1259 1090 1259 776 1000 1437 846 780 786 653 763 845 1556 873 1080 1590 869 1400 1779 1332 989 1278 590 854 840 1210 1085 1513 1525 982 1102 630 803 857 1685 1200 816 1022 770 650 990 1581 1030 1891 755 769 1112 849 857
496 1324 1653 1393 852 1391 1077 517 680 1036 1359 956 1194 1249 1361 1423 1438 1150 1398 1513 854 1486 479 1409 660 664 360 1004 531 770 555 1391 1348 810 705 1479 882 849 1111 1064 591 1091 1270 1008 547 1634 920 1205 869 1677 554 494 1258 564 965 1323 838 974 736 698 546 1152 800 1343 725 1210 634 1289 1382 542 687 643 1189 809 969 713 704 577 917 794 767 1368 1027 1635 614 1231 1584 1093 737 437 621 1003 607 565 1274 1092 1476 824 588 1255 1482 1286 833 645 1230 852 533 1010 753 1034 407 863 1286 738 842 550 788 710 1282 492 1165 558 669 1114 805 670 1488 628 1394 1511 1426 1064 509 905 437 1318 775 1483 1368 1313 421 766 650 941 1506 710 1309 805 1495 1300 1308 666 982 656 1491 875 1323 765 843 1216 1394 616 1589 550 1348 1443 1180 962 1182 609 1161 534 514 1056 1313 729 411 1022 1196 789 1175 1220 456 1398 1351 562 643 1195 1222 897 1563 1109 1308 660 1593 871 497 490 975 810 986 915 420 1271 780 1744 455 1571 527 1213 477 1370 919 812 888 1160 1211 1030 553 1200 566 887 1200 753 1548 1075 546 1009 597 654 1045 1150 538 597 1092 1249 846 1529 841 1262 1249 1368 1077 1351 738 1318 865 1130 822 591 1277 1318 861 1118 583 626 1331 1193 1178 1541 904 1417 712 703 1189 548 877 682 783 556 541 1406 796 1070 1302 1091 1109 1576 1163 1276 1133 826 1027 678 1189 818 1221 1247 866 1296 573 534 754 1389 906 597 742 510 937 713 1454 814 1685 607 558 1241 1152 555
