140 501 1019 922 918 1012 306 305 1398 1395 966 718 529 359 1293 997 1323 1209 1341 306 925 702 1337 545 270 573 1033 820 406 646 256 1107 1021 1332 1345 1132 1337 1322 1260 1026 1325 1136 1167 414 836 345 963 1022 326 686 804 702 211 967 256 923 901 995 1304 1300 550 1302 1355 492 1356 461 1226 904 542 1202 306 1216 1256 302 1068 1067 936 1108 1321 751 673 290 1099 1020 1311 1223 1184 572 1027 1150 1228 405 1004 1228 805 452 1295 203 939 1241 574 905 1328 627 1098 1233 1331 1181 1035 295 373 738 446 861 567 1112 589 279 1313 871 448 777 1263 1037 584 407 663 1335 296 1223 753 505 1042 236 536 1371 200 1142 559 1212 589 1038 1009 391 447 668 916 965 1073 757 1197 1176 236 1231 595 762 690 1021 512 269 1184 1165 620 794 1147 662 207 986 1009 670 381 338 1202 342 1265 593 1270 523 1174 784 645 597 1056 1228 665 685 690 298 1187 1158 525 541 1296 1385 805 752 1063 699 1080 421 986 792 564 564 288 1049 1176 214 1375 446 783 455 1122 1242 1163 461 700 1165 513 785 362 674 493 586 298 737 253 1166 766 740 798 573 1237 788 1226 853 996 686 776 1217 800 1368 1286 1155 1331 812 1133 924 1052 976 756 529 1382 1192 1029 376 207 1224 402 442 1096 1093 212 388 993 1186 632 413 448 714 259 280 659 1336 1104 483 1365 265 642 1098 721 645 1366 1234 299 964 761 1310 406 299 979 456 969 1294 328 1373 919 747 768 1284 569 407 239 1311 752 1083 619 432 664 1057 381 595
601 360 1480 865 1139 949 711 616 1372 1531 1337 1154 469 507 1626 1395 1186 1614 1720 598 1160 1076 1571 962 598 792 1363 989 820 1107 717 1040 1339 1366 1793 1456 1655 1542 1123 1412 1768 1080 1602 643 828 806 1369 1380 742 989 1233 812 672 1316 641 1382 1231 1455 1163 1592 590 1231 1499 712 1715 665 1517 1360 882 1091 567 1138 1303 763 1021 963 1325 1157 1224 1152 1125 751 1458 1113 1215 1512 1586 798 1076 1609 1671 730 897 1592 1262 631 1591 658 1232 1390 927 926 1605 1078 1422 1107 1676 1227 1142 741 734 1190 625 937 773 1495 687 653 1680 1234 413 1171 1419 1211 871 514 1101 1466 582 1384 761 419 1059 645 918 1282 661 1550 570 1665 816 1216 909 602 653 987 917 935 1321 1200 1579 1311 641 1098 562 695 1150 1352 639 619 1470 1033 1022 736 1573 1077 667 1396 1381 1095 533 798 1492 519 1694 545 1231 963 1070 1150 1036 536 1393 1688 1053 837 1049 729 1640 1426 788 842 1345 1612 1240 1051 1012 654 940 812 957 1150 1003 811 640 923 1633 647 1811 787 1190 881 1574 1541 1051 727 1132 1196 965 1206 821 974 645 1039 748 763 704 1614 829 964 1015 596 1657 1236 1113 1313 865 544 649 1475 1225 1565 1275 1038 1335 1254 1595 1026 1057 879 729 825 1842 1624 1320 836 654 1651 753 888 1025 1446 672 615 1150 1540 1083 789 893 939 684 591 991 1420 1566 381 1789 714 800 1548 1170 758 1703 1102 698 1415 1115 1468 860 755 1427 732 855 1756 702 1453 1267 1115 805 1142 525 622 668 1453 1032 1531 1080 739 1085 1485 735 889
1119 1480 360 1815 1413 1901 1157 1239 2247 1900 1118 779 1490 1335 1310 921 2292 963 1163 1262 1460 1071 1634 953 1243 1304 1187 1516 1080 733 1124 1992 1308 2041 776 1346 1491 1747 2239 980 797 2041 864 1304 1694 1036 874 1185 1114 1181 773 1521 1168 1192 1202 562 1143 507 2282 1544 1457 2214 1934 1292 1359 1305 1404 612 1164 2159 1280 2107 2016 1080 1932 2000 950 1891 2261 979 785 1091 1116 1758 2221 1504 965 1335 1824 513 832 1211 1963 1258 595 1326 1530 1182 1340 1835 1087 1714 1512 818 1237 2188 1290 1897 1690 1110 1177 685 1324 1664 1318 1123 1467 1206 1302 1040 1427 1004 1838 1641 1207 1361 807 1863 1262 1721 1648 1482 1828 1195 1040 2269 1180 911 1480 629 1295 1563 1941 1297 1302 1202 1747 1860 1434 787 1068 1811 1203 2195 1529 1708 710 1178 1380 1225 1487 2140 1005 1706 920 893 1174 856 1033 854 1334 1041 1487 1322 855 1535 2103 941 2102 1024 976 1558 1178 629 976 1467 1051 1118 610 1429 1280 1187 2047 1776 813 1260 1933 1640 2059 1112 1841 1049 916 1307 1211 2007 649 1193 886 1181 879 996 584 1393 2101 1242 809 1907 907 822 1019 1243 1382 817 1102 1588 1141 753 1568 1337 1432 1482 898 672 2184 564 1971 1665 1751 1580 795 1834 2075 2100 2091 696 478 1677 1899 1906 1649 1236 768 898 1301 1004 1186 847 1153 985 2019 1230 1169 1286 1575 1174 815 1139 981 1382 1160 1251 1119 1956 480 1462 1056 1133 1397 699 763 1484 1447 2196 1168 661 1130 1870 997 1091 594 1232 1935 650 1182 2062 1182 1016 1597 2262 1529 1313 1179 1824 1237 611 766 1199 927 769 1183 1195
1022 865 1815 360 1025 449 1171 984 1658 1192 1829 1414 774 939 1603 1531 938 1741 1778 1071 1662 1565 1379 1224 1013 880 1375 1479 1282 1462 1133 545 1844 908 2034 1961 2160 2034 1085 1522 1991 1353 2046 1145 496 1213 1527 1878 1084 1066 1463 1294 1092 1815 1033 1770 1273 1831 1000 2097 735 1447 1955 882 2214 874 1432 1761 1377 1219 1031 657 1692 1175 515 576 1453 1560 1373 1628 1545 1164 1507 1557 766 2018 1709 1304 1488 1914 2101 1221 1095 2089 1580 859 2097 1079 1738 1854 1105 560 1482 1499 1411 789 1671 799 832 1178 1214 1491 862 1386 863 1984 1179 1115 2176 1330 895 1651 1886 1694 990 876 1374 1128 986 1105 1190 917 621 1050 1140 816 1082 1692 722 1933 896 1006 527 904 879 1489 512 1281 1199 1635 1658 1769 1082 830 689 1060 1538 1369 799 1014 1975 1070 1496 491 2029 1305 1089 1560 1468 1339 901 1188 1997 977 1876 697 725 1405 658 1272 1231 985 1410 2060 1240 1330 1189 1092 1910 1317 1293 997 1733 2105 1685 1557 506 1065 931 1287 470 1258 1446 1317 1009 663 2025 1071 2007 1277 1379 1181 1842 1465 674 932 1385 752 1387 1420 1201 1478 1150 1360 1180 591 1135 2034 641 935 1515 710 1816 1518 1229 1690 971 794 900 1977 1447 2047 779 686 849 1515 1934 1482 1426 500 529 1327 2212 2072 1272 1216 1077 1829 1025 1323 1280 1945 1095 912 925 1569 1505 1268 1329 1443 1067 1002 1111 1020 1921 884 2247 1147 797 1964 1593 1247 2206 823 1159 1830 1612 1934 1284 1179 1690 943 1041 2105 1174 1865 1766 1252 596 996 993 1124 1108 1133 1055 1785 1462 976 1546 1680 1218 1006
1018 1139 1413 1025 360 1076 1179 994 2146 873 1768 1005 1044 1065 938 952 1603 1131 1128 1156 1803 1528 792 905 1053 719 728 1691 1248 1171 1089 1136 1868 1005 1494 1970 2172 2200 1721 922 1438 1846 1808 1276 895 1109 970 1836 973 629 1000 1547 1079 1792 1027 1460 665 1490 1661 2154 917 1982 2226 807 2148 853 772 1475 1408 1796 1125 1238 2077 1101 1057 1240 882 1929 1945 1535 1341 1097 867 1866 1367 2081 1099 1447 1847 1458 1826 1283 1625 2019 1201 881 2147 1077 1803 2112 763 834 839 1309 751 1452 1007 876 662 1140 1249 1113 889 1695 733 1884 1420 1155 2097 758 1116 1569 2136 1912 697 1006 996 824 1037 689 1536 1193 880 1046 828 1385 1078 1098 946 1431 697 511 1192 936 868 1533 884 1713 547 1440 1023 2043 1107 1496 982 1470 1278 725 859 1028 2044 1679 1426 1001 1823 900 1083 1002 857 938 1004 1070 2059 1100 1296 1004 1154 1285 1305 750 821 1315 762 1682 813 1546 734 1002 1412 662 1402 741 2118 2261 1502 1621 1067 1434 1546 1278 977 725 1315 1441 997 1323 1685 1079 1428 1320 894 941 1351 803 1332 821 977 902 1235 951 1061 1545 1338 1057 1135 842 1112 1746 762 540 1676 922 1222 1105 1812 1376 1539 1233 1374 2087 978 2246 1085 1349 1078 1077 1521 1773 1836 1164 937 1406 1817 1840 609 1069 1079 1250 880 1218 1783 1906 1085 928 529 916 1314 1279 1222 1592 1022 1047 688 902 1533 1141 2024 1121 700 1676 1382 1488 2183 1488 1175 1558 1599 2184 1174 1121 1216 824 1573 1689 1206 2217 1750 757 812 1654 1301 1261 1117 790 555 1287 1213 845 1430 1134 1258 690
1112 949 1901 449 1076 360 1260 1074 1693 1186 1917 1497 861 1028 1653 1602 894 1810 1838 1159 1741 1653 1405 1309 1103 962 1434 1554 1371 1550 1223 455 1928 866 2112 2045 2244 2108 1079 1591 2068 1391 2136 1230 571 1303 1601 1964 1174 1141 1544 1368 1181 1902 1123 1859 1338 1919 973 2179 825 1473 2020 969 2301 962 1476 1850 1464 1237 1119 568 1745 1265 444 533 1525 1617 1389 1717 1634 1254 1569 1622 681 2099 1778 1386 1547 1998 2191 1308 1129 2176 1666 948 2179 1169 1820 1921 1187 602 1518 1589 1466 738 1723 778 852 1267 1302 1577 951 1453 946 2072 1257 1204 2263 1400 981 1740 1953 1766 1070 966 1458 1125 1076 1118 1256 998 613 1139 1224 728 1172 1763 812 2014 976 1039 505 994 968 1575 552 1332 1242 1725 1721 1835 1171 789 778 1121 1627 1429 887 1104 2057 1078 1585 578 2119 1388 1179 1634 1535 1422 991 1277 2079 1065 1949 785 646 1495 589 1346 1312 1059 1469 2147 1320 1407 1266 1182 1991 1359 1377 1079 1785 2180 1775 1641 430 1131 941 1375 464 1331 1536 1401 1099 649 2113 1161 2081 1365 1458 1268 1923 1510 616 1019 1468 726 1477 1500 1290 1563 1232 1447 1270 673 1225 2124 712 1003 1594 800 1887 1602 1244 1778 998 862 956 2056 1527 2119 717 636 791 1598 2020 1550 1478 496 618 1413 2299 2162 1325 1306 1166 1902 1113 1413 1317 2032 1184 1002 959 1627 1595 1357 1419 1523 1156 1092 1188 1000 2007 968 2337 1237 876 2054 1683 1323 2291 780 1248 1919 1699 2001 1374 1269 1772 1030 1077 2191 1262 1920 1853 1328 671 972 1069 1209 1198 1134 1124 1866 1551 1064 1635 1756 1306 1086
406 711 1157 1171 1179 1260 360 569 1514 1661 1025 907 764 592 1527 1208 1536 1413 1557 473 984 760 1593 760 522 839 1271 892 472 792 454 1355 1074 1596 1509 1186 1391 1380 1446 1242 1496 1269 1253 518 1093 498 1169 1080 570 939 997 796 462 1022 523 1038 1141 1114 1507 1353 805 1439 1424 758 1414 727 1472 1013 595 1362 505 1462 1349 467 1320 1303 1153 1204 1471 817 776 462 1326 1104 1551 1277 1389 644 1125 1297 1320 468 1166 1287 960 717 1349 468 992 1310 818 1166 1577 730 1337 1457 1560 1446 1302 418 429 906 710 956 833 1174 699 418 1373 1101 662 841 1331 1103 843 655 853 1601 549 1488 875 696 1304 502 771 1614 466 1344 811 1371 854 1302 1246 654 713 721 1175 1091 1329 849 1413 1249 451 1449 841 913 813 1258 775 532 1237 1344 685 1041 1226 871 460 1189 1232 872 631 518 1255 559 1451 836 1525 612 1410 1015 870 761 1292 1346 890 768 926 540 1346 1410 590 799 1388 1442 890 806 1314 846 1271 478 1241 1026 651 631 555 1273 1286 470 1553 500 993 671 1284 1487 1395 727 895 1428 619 987 543 728 603 760 427 997 427 1262 1029 1003 862 827 1431 961 1387 976 1176 889 957 1271 998 1428 1545 1385 1593 992 1267 1009 1163 1214 1008 587 1499 1275 1277 550 468 1412 659 540 1236 1150 456 653 1259 1414 735 467 545 778 517 533 906 1602 1232 690 1444 420 909 1198 820 742 1421 1453 372 1065 817 1377 520 444 1149 721 1137 1421 393 1455 975 977 1029 1484 732 521 428 1577 1008 1252 751 695 738 1247 439 853
405 616 1239 984 994 1074 569 360 1582 1459 1231 898 611 471 1410 1147 1414 1365 1481 521 1177 967 1421 707 418 640 1147 1056 671 867 510 1169 1284 1387 1538 1396 1601 1574 1377 1169 1512 1306 1422 641 893 589 1118 1288 487 784 977 919 472 1232 409 1161 1014 1228 1405 1561 609 1466 1591 554 1621 518 1327 1146 804 1344 492 1280 1465 551 1127 1140 1080 1316 1472 1015 922 540 1228 1239 1379 1484 1338 813 1234 1361 1479 659 1148 1493 1014 507 1557 462 1199 1478 692 960 1425 876 1210 1315 1454 1236 1094 558 632 938 501 1073 631 1376 796 528 1578 1000 565 1041 1501 1277 672 482 845 1398 406 1290 940 639 1097 429 670 1437 465 1300 622 1411 659 1107 1081 446 504 929 972 1144 1159 1011 1338 1409 481 1318 663 922 926 1136 567 397 1444 1289 885 859 1405 822 472 1145 1144 839 455 567 1463 485 1439 664 1328 781 1246 913 788 752 1174 1461 806 913 814 480 1387 1251 772 632 1505 1638 1061 1012 1123 866 1193 686 1044 917 822 810 387 1132 1415 459 1555 705 938 625 1321 1346 1238 533 876 1219 763 951 585 933 707 788 559 793 517 1414 820 814 1044 633 1403 982 1366 1085 1121 795 904 1474 970 1616 1341 1232 1386 998 1355 1145 1245 1047 816 783 1615 1447 1128 600 462 1396 509 700 1259 1358 477 443 1058 1313 882 676 705 960 443 412 769 1394 1331 602 1623 529 702 1345 970 860 1631 1319 561 1210 1026 1549 659 556 1172 531 1108 1521 587 1592 1184 877 823 1386 728 627 501 1376 843 1276 852 517 926 1229 640 686
1498 1372 2247 1658 2146 1693 1514 1582 360 2476 1673 2061 1462 1479 2631 2355 1421 2565 2699 1451 1242 1560 2574 1903 1535 1804 2367 1104 1550 1922 1591 1738 1519 2200 2639 1594 1688 1306 1106 2384 2634 667 2099 1356 1716 1651 2320 1657 1681 1995 2151 1091 1565 1598 1579 2074 2234 2156 1292 1565 1588 607 1036 1723 1872 1675 2529 2031 1442 855 1461 1764 671 1619 1776 1566 2294 734 744 1666 1821 1612 2450 879 1743 1512 2541 1274 786 2399 2197 1425 924 1809 2091 1642 1577 1556 1407 1023 1915 1823 2617 1790 2428 1507 2677 2098 2089 1572 1466 2052 1636 942 1785 1811 1175 1490 1875 2222 1403 1655 1053 1082 1878 1519 2007 2410 1536 2356 1005 1323 1919 1569 1888 1818 1557 2496 1560 2493 1829 2206 1559 1604 1662 1416 1789 799 2330 1835 2555 966 1522 1439 1528 1037 1903 2356 1650 1564 1481 1028 1605 1586 2031 2019 1558 2341 2364 2024 1530 1670 1505 1457 2602 1506 1941 1672 1622 2135 2002 1200 2395 2355 2021 1140 2036 1656 2470 2438 1332 1845 674 1364 1833 1382 1760 1081 1141 1512 1768 2140 1691 1302 1596 1438 2266 1547 2699 1440 2140 1813 2414 2552 1571 1732 2049 2051 1717 2139 1696 1375 1271 1912 1581 1705 1564 2180 1788 1975 1200 1584 2585 2110 862 2043 1056 1282 1144 1398 2151 1240 2040 1538 2119 2144 2336 940 711 1558 1627 1373 2489 2100 2332 1704 1552 2565 1732 1647 738 1680 1560 1615 2132 2536 1792 1488 1649 1232 1611 1535 1989 2318 2285 1373 2193 1564 1805 2141 1846 1136 1785 1454 1507 2041 1525 1074 1653 1597 2290 1735 977 2455 1481 803 1570 2098 1747 1268 1219 1357 1532 2407 2043 2390 1864 1733 1687 2400 1458 1895
1495 1531 1900 1192 873 1186 1661 1459 2476 360 2277 1507 1423 1503 1158 1378 1691 1495 1408 1616 2276 2030 741 1418 1516 1181 1102 2140 1742 1683 1576 1188 2367 769 1905 2472 2676 2673 1906 1331 1840 2168 2318 1731 1119 1609 1412 2343 1466 1142 1489 1977 1558 2297 1500 1966 1117 1990 1789 2650 1302 2275 2666 1264 2659 1302 959 1984 1895 2052 1579 1240 2466 1595 1120 1354 1325 2323 2205 2044 1855 1590 1224 2285 1351 2576 1468 1908 2244 1923 2331 1758 1918 2530 1701 1322 2645 1553 2293 2555 1276 1012 916 1822 1078 1531 1230 775 751 1629 1728 1616 1330 2109 1188 2397 1848 1627 2609 1221 1526 2077 2582 2364 1196 1433 1505 426 1495 544 1929 1591 935 1520 1340 1329 1555 1488 1321 1873 1166 727 1332 1385 1317 2021 1049 2069 830 1953 1361 2479 1579 1596 1337 1829 1791 1107 1279 1496 2537 1901 1931 1250 2335 1408 1561 1440 1265 1445 1440 1570 2554 1543 1683 1358 1072 1793 1366 1241 1332 1702 1125 2168 1323 1989 1243 1493 1858 872 1871 1238 2507 2737 2016 2107 1136 1811 1763 1769 1090 1215 1825 1907 1468 1475 2181 1554 1806 1801 1384 1452 1803 991 1412 1293 1482 829 1745 1441 1564 2029 1780 1570 1625 1140 1596 2251 1064 1025 2140 1295 1600 1602 2061 1882 1800 1562 1694 2572 1466 2711 954 1440 891 1568 2001 2196 2207 1318 1210 1883 2294 2351 970 1574 1554 1642 1371 1723 2098 2414 1564 1381 761 1223 1827 1765 1727 2057 1504 1508 1201 576 2021 1541 2533 1607 1120 2181 1896 1920 2691 1584 1654 2067 2099 2631 1678 1614 1685 1299 1864 2162 1683 2623 2253 1256 1097 1792 1696 1714 1595 444 1069 1739 1727 1328 1939 1567 1737 1193
1066 1337 1118 1829 1768 1917 1025 1231 1673 2277 360 1230 1416 1251 1933 1537 2111 1666 1859 1118 793 625 2133 1233 1187 1475 1725 950 919 1013 1086 2011 556 2257 1529 593 774 992 1939 1592 1555 1564 791 1054 1758 1034 1485 432 1182 1501 1302 1068 1118 442 1182 916 1621 979 2050 796 1470 1725 1210 1406 750 1383 1953 866 814 1767 1158 2113 1388 1056 1981 1939 1521 1299 1818 593 818 1064 1717 1154 2192 747 1657 936 1258 1261 892 969 1602 621 1107 1378 784 1128 631 1126 1365 1831 2067 836 1790 2064 1939 2105 1946 1034 975 1142 1372 1143 1474 523 1104 1078 707 1540 1298 559 1120 968 1442 1318 1202 2222 1214 2096 1237 1298 1968 1162 1301 2259 1126 1601 1474 1385 1484 1910 1886 1317 1370 719 1840 1397 1879 740 1734 1126 1116 2041 1500 1364 913 1712 1438 1195 729 1821 710 1698 719 1285 1119 1486 1617 1258 1296 1071 730 1213 1601 1492 2188 844 2046 1474 1340 1293 1732 1107 1355 1002 1426 1159 1368 1928 920 1400 1408 1018 686 691 1975 1304 1797 907 1905 1495 813 911 1212 1885 1006 1133 1645 912 1371 1187 1339 1956 2023 1365 1242 2090 894 1328 1074 746 1078 1104 1035 1662 1075 892 1692 1613 852 1492 1627 1192 1793 943 1674 1482 1491 823 1318 1083 2211 2007 2258 1241 1157 1105 1369 1856 1671 875 1214 789 1785 1064 1129 1584 1275 916 1573 498 1114 1314 1882 1798 832 922 912 860 1162 1198 1447 2247 1094 1316 887 1063 1557 874 795 1070 774 2048 1036 826 582 1144 962 1042 1286 1357 1598 1218 1017 1381 463 1443 1694 2024 1269 1074 1092 2193 1575 1350 949 1324 699 1461 971 1444
818 1154 779 1414 1005 1497 907 898 2061 1507 1230 360 1136 1008 1065 684 1925 869 1032 981 1423 1052 1288 558 923 895 858 1401 886 577 835 1586 1379 1623 1002 1458 1644 1785 1914 732 974 1812 1174 1065 1287 770 637 1303 773 761 450 1338 869 1279 877 819 771 845 1931 1659 1077 1979 1902 897 1574 920 1088 839 1034 1878 984 1701 1885 803 1522 1610 653 1743 2000 1011 771 811 849 1632 1819 1598 849 1167 1667 860 1183 1000 1680 1451 556 946 1648 880 1357 1791 672 1300 1202 760 922 1807 1078 1478 1272 849 957 469 947 1497 911 1309 1246 935 1519 677 1103 1046 1804 1582 792 1012 414 1465 934 1324 1422 1173 1410 879 634 1862 879 800 1104 884 883 1156 1551 933 921 1128 1335 1637 1055 856 892 1745 912 1823 1155 1441 679 846 993 898 1568 1828 950 1314 1199 473 876 650 748 436 987 752 1577 1009 907 1165 1687 814 1707 629 556 1274 863 1045 557 1302 634 789 860 1079 1108 777 1922 1833 916 1212 1524 1378 1729 926 1431 654 821 1145 874 1633 1041 891 1018 997 501 633 792 1088 1712 851 389 1487 754 459 726 1159 1150 516 840 1184 861 1103 1156 918 1342 1100 883 467 1901 736 1660 1333 1442 1639 457 1856 1656 1714 1671 463 894 1540 1711 1516 1253 1080 1187 1208 938 717 885 866 776 798 1774 1367 873 921 1161 933 763 945 798 1269 836 928 699 1544 896 1140 1389 859 985 1033 798 1287 1632 1822 914 923 1128 1846 778 824 640 841 1643 1067 940 1974 1247 611 1188 1914 1247 1066 895 1427 820 742 643 813 911 700 967 778
629 469 1490 774 1044 861 764 611 1462 1423 1416 1136 360 532 1552 1349 1162 1570 1662 659 1264 1152 1473 938 619 710 1291 1097 877 1118 745 955 1431 1260 1778 1547 1748 1649 1142 1361 1748 1163 1655 732 723 833 1328 1463 736 918 1207 921 700 1401 652 1410 1162 1479 1157 1690 487 1306 1608 641 1799 599 1432 1392 963 1145 620 1059 1407 791 928 899 1276 1262 1286 1219 1163 779 1395 1222 1146 1611 1540 897 1182 1611 1717 807 959 1674 1264 565 1689 686 1328 1500 877 818 1516 1116 1347 1065 1606 1119 1033 781 802 1185 561 1045 690 1571 796 707 1762 1176 482 1241 1529 1320 803 488 1085 1358 595 1278 867 529 953 663 879 1209 689 1508 462 1656 735 1113 842 562 591 1075 812 1029 1228 1246 1523 1420 680 1066 454 786 1175 1281 552 630 1568 1065 1087 643 1631 1047 696 1357 1324 1070 516 816 1590 565 1663 439 1137 1010 1006 1095 995 639 1322 1712 1011 945 995 732 1632 1337 881 780 1449 1719 1291 1144 920 754 956 876 858 1092 1051 908 639 881 1664 676 1784 863 1152 866 1564 1458 994 669 1111 1089 1002 1175 835 1065 747 1037 785 653 740 1656 720 874 1119 488 1620 1226 1165 1336 902 570 703 1578 1197 1673 1174 986 1232 1238 1607 1135 1156 809 625 914 1866 1678 1238 851 683 1618 720 931 1103 1531 702 575 1045 1475 1122 857 936 1042 693 609 930 1311 1583 482 1849 751 703 1588 1210 867 1792 1068 752 1454 1197 1578 896 789 1414 676 911 1773 763 1561 1352 1063 695 1139 632 711 708 1345 953 1517 1102 692 1143 1454 805 822
459 507 1335 939 1065 1028 592 471 1479 1503 1251 1008 532 360 1512 1258 1323 1476 1590 493 1140 986 1496 818 452 706 1248 997 704 961 576 1123 1280 1390 1645 1395 1598 1534 1271 1279 1621 1198 1482 592 869 665 1230 1301 595 878 1088 843 531 1241 493 1243 1115 1314 1307 1548 585 1357 1527 618 1638 572 1418 1224 803 1232 452 1229 1376 622 1090 1072 1190 1227 1361 1049 992 610 1334 1161 1319 1470 1449 769 1145 1462 1545 647 1036 1511 1115 544 1546 516 1184 1415 798 951 1513 946 1310 1234 1558 1243 1124 609 635 1042 537 990 691 1404 715 535 1598 1106 455 1072 1441 1222 762 432 954 1439 434 1342 842 528 1089 499 780 1381 519 1411 584 1517 728 1163 1015 490 557 922 954 1040 1238 1073 1447 1342 507 1231 610 813 1010 1237 584 471 1428 1181 917 809 1458 934 526 1256 1252 950 422 654 1448 401 1550 603 1297 837 1179 1021 898 643 1276 1548 916 847 920 581 1492 1336 740 726 1417 1601 1118 997 1084 759 1088 707 1014 1023 878 773 494 1050 1496 506 1665 702 1049 735 1427 1439 1166 616 986 1220 831 1062 676 917 637 891 613 780 568 1484 826 884 1000 604 1515 1089 1255 1172 1012 691 794 1447 1081 1568 1324 1157 1376 1107 1450 1068 1147 982 780 764 1702 1505 1219 690 513 1507 617 758 1149 1370 531 499 1106 1418 951 689 764 918 536 444 870 1417 1423 492 1676 579 744 1417 1039 784 1637 1234 580 1283 1036 1489 725 618 1280 617 996 1613 594 1512 1192 985 817 1287 620 573 535 1421 931 1384 938 614 971 1340 640 778
1393 1626 1310 1603 938 1653 1527 1410 2631 1158 1933 1065 1552 1512 360 763 2181 748 612 1555 2111 1754 786 1132 1462 1202 623 2057 1547 1282 1435 1710 2085 1482 1165 2163 2346 2486 2286 704 1095 2345 1805 1667 1471 1406 815 2006 1327 997 991 1955 1448 1984 1421 1454 756 1441 2236 2364 1437 2496 2580 1274 2260 1320 563 1491 1709 2334 1538 1807 2509 1422 1630 1818 772 2361 2478 1717 1476 1425 576 2271 1936 2303 730 1810 2280 1269 1783 1634 2151 2142 1199 1355 2354 1453 2059 2467 1080 1411 613 1466 565 2030 434 1393 1200 1472 1591 1152 1360 2114 1222 2000 1841 1529 2204 786 1589 1751 2484 2258 1114 1474 1101 1156 1457 1036 1991 1670 1444 1434 1117 1946 1453 773 1468 1179 1176 997 1770 1388 1332 1817 1461 2192 781 1555 613 2412 1489 2073 1514 1959 1379 634 1360 1433 2274 2233 1651 1570 1850 1037 1454 822 676 1053 1461 1375 2283 1535 934 1533 1701 1509 1882 871 1018 1792 596 1549 998 1934 962 1355 1172 675 1754 1146 2549 2535 1613 1903 1641 1910 2106 1586 1553 861 1522 1794 1399 1898 1595 1461 1040 1649 930 1217 1137 529 1910 1260 1057 1432 1448 966 1353 1843 1746 1208 1463 1409 1463 1703 1333 1055 2013 1449 852 1105 2353 1388 2083 1759 1895 2343 975 2552 1613 1927 1584 1056 1377 2175 2296 1741 1504 1738 1640 1840 691 1352 1457 903 1262 1475 2291 2069 1454 1376 1068 498 1469 1598 1476 1934 1395 1460 1002 1316 1418 1621 2006 1467 1230 1644 1498 1898 2327 2066 1528 1568 1831 2528 1444 1447 1076 1256 2103 1506 1559 2622 1953 909 1383 2228 1771 1660 1486 1114 959 1080 1349 1257 1616 903 1601 1096
1097 1395 921 1531 952 1602 1208 1147 2355 1378 1537 684 1349 1258 763 360 2088 580 710 1264 1747 1374 1078 812 1187 1031 638 1719 1202 893 1125 1679 1696 1595 902 1768 1947 2108 2128 419 845 2091 1406 1362 1395 1075 412 1609 1036 825 598 1644 1150 1591 1141 1052 647 1044 2116 1970 1259 2253 2226 1073 1858 1111 844 1088 1356 2126 1257 1790 2196 1101 1606 1744 437 2052 2259 1327 1083 1107 555 1947 1917 1913 551 1481 1973 911 1390 1308 1933 1740 796 1144 1959 1159 1680 2115 831 1373 950 1078 679 1953 762 1469 1254 1150 1265 756 1147 1804 1052 1598 1543 1225 1801 563 1349 1361 2128 1905 921 1242 730 1352 1191 1210 1711 1426 1453 1148 837 1946 1158 522 1289 855 1010 1083 1687 1154 1118 1452 1418 1922 909 1157 568 2066 1193 1981 1341 1709 984 631 1172 1158 1885 2055 1273 1459 1448 697 1157 425 475 697 1222 1050 1893 1270 709 1356 1734 1138 1829 621 719 1539 622 1176 702 1613 717 1060 839 880 1422 932 2234 2154 1213 1536 1612 1651 1941 1243 1517 633 1145 1460 1128 1793 1210 1169 841 1312 575 902 786 832 1844 1040 685 1492 1078 588 1025 1483 1446 838 1141 1305 1152 1309 1251 961 1664 1278 644 705 2148 985 1891 1558 1682 1959 587 2180 1675 1853 1670 656 1003 1853 2008 1654 1391 1398 1287 1441 768 1020 1163 661 1002 1119 2046 1671 1155 1141 1121 624 1081 1260 1119 1589 1106 1189 790 1473 1036 1385 1611 1153 1099 1248 1102 1590 1926 1978 1212 1166 1450 2170 1095 1124 688 1033 1890 1152 1241 2292 1563 648 1295 2102 1514 1359 1183 1310 839 722 962 1018 1230 548 1275 902
1423 1186 2292 938 1603 894 1536 1414 1421 1691 2111 1925 1162 1323 2181 2088 360 2304 2352 1423 1812 1868 1938 1727 1415 1418 1950 1604 1642 1920 1540 865 2061 1312 2564 2175 2352 2109 675 2085 2527 1175 2421 1438 1071 1629 2078 2140 1537 1623 1988 1431 1494 2071 1452 2207 1844 2278 492 2259 1208 1174 1937 1391 2460 1365 2009 2186 1673 928 1393 816 1587 1585 940 723 2011 1501 1045 1957 1951 1573 2080 1566 733 2183 2272 1535 1457 2411 2494 1537 953 2349 2065 1338 2264 1480 1938 1862 1635 1132 2053 1904 1988 520 2249 1276 1385 1567 1550 1983 1338 1439 1398 2274 1368 1479 2434 1892 1237 1971 1898 1769 1530 1291 1877 1633 1393 1646 1268 1202 1138 1461 1655 793 1483 2251 1181 2449 1438 1574 771 1357 1364 1751 1082 1218 1774 2024 2228 1776 1466 467 1130 1122 1973 1944 1293 1430 2141 761 1833 989 2385 1826 1489 2110 2034 1854 1318 1616 2166 1344 2425 1120 1001 1788 684 1826 1761 1179 1985 2511 1773 1491 1735 1534 2425 1892 1554 1526 1620 2181 2062 1789 926 1174 698 1630 998 1815 1827 1559 1441 655 2458 1469 2553 1590 1917 1663 2357 2042 642 1435 1898 1222 1791 1950 1636 1725 1396 1838 1573 1146 1529 2439 1213 1505 1678 1185 2371 2021 919 2136 828 1008 979 2108 1974 2089 1121 618 1200 2028 2409 1529 1347 801 1057 1601 2666 2440 1850 1652 1476 2379 1510 1714 1108 2198 1494 1369 1494 2145 1910 1604 1720 1633 1494 1406 1659 1485 2385 1206 2599 1539 1350 2374 1996 1411 2421 474 1524 2241 1890 1940 1685 1580 2206 1445 926 2574 1523 1771 2024 1802 1164 513 1204 1420 1493 1649 1623 2306 1902 1471 1903 2222 1550 1548
1309 1614 963 1741 1131 1810 1413 1365 2565 1495 1666 869 1570 1476 748 580 2304 360 560 1475 1920 1535 1151 1024 1403 1250 772 1910 1396 1055 1333 1883 1839 1759 779 1900 2066 2264 2348 579 711 2305 1467 1569 1605 1276 606 1738 1251 1040 778 1847 1362 1729 1356 1136 835 1106 2334 2102 1479 2469 2402 1294 1954 1332 907 1180 1541 2346 1471 1992 2395 1306 1808 1956 655 2253 2477 1474 1231 1313 635 2142 2120 2051 392 1677 2175 894 1431 1509 2152 1844 921 1365 2090 1371 1837 2293 1052 1576 991 1235 780 2166 706 1643 1432 1354 1466 912 1368 2006 1270 1704 1750 1434 1896 772 1568 1506 2304 2085 1140 1462 922 1480 1408 1343 1922 1645 1646 1363 1056 2146 1370 429 1510 794 1228 1245 1900 1375 1339 1628 1622 2135 1046 1290 498 2250 1405 2197 1561 1926 1129 771 1393 1375 2027 2275 1439 1674 1521 907 1369 583 636 900 1441 1255 2032 1487 549 1577 1924 1314 2038 839 938 1756 742 1177 921 1811 937 1273 789 983 1618 1153 2432 2305 1339 1707 1815 1866 2162 1436 1721 849 1314 1655 1345 2010 1235 1381 670 1507 787 1114 763 883 2055 1260 878 1672 1256 786 1229 1661 1654 1025 1345 1518 1361 1354 1460 1167 1847 1498 466 853 2368 1087 2112 1778 1903 2108 775 2341 1856 2065 1844 807 1010 2050 2216 1867 1606 1590 1257 1501 909 1222 1375 515 1221 1307 2262 1794 1366 1362 1295 637 1237 1455 1306 1776 1320 1405 1009 1619 1058 1604 1655 1360 1314 1303 1240 1795 2033 2193 1418 1249 1608 2344 1288 1328 745 1253 2110 1124 1446 2482 1706 868 1506 2321 1731 1568 1393 1437 1046 715 1125 1239 1385 565 1475 1121
1441 1720 1163 1778 1128 1838 1557 1481 2699 1408 1859 1032 1662 1590 612 710 2352 560 360 1607 2094 1715 1038 1158 1525 1322 763 2070 1553 1233 1471 1903 2027 1717 939 2092 2262 2448 2426 674 869 2428 1667 1709 1642 1424 755 1931 1377 1108 943 1993 1495 1919 1480 1335 871 1306 2395 2295 1559 2587 2574 1380 2153 1423 808 1379 1706 2447 1597 2006 2546 1449 1825 1995 764 2401 2584 1660 1416 1455 632 2297 2135 2241 562 1831 2322 1090 1630 1658 2257 2042 1111 1457 2283 1502 2019 2463 1152 1597 865 1416 738 2207 546 1617 1414 1499 1615 1090 1462 2153 1343 1902 1889 1571 2096 846 1677 1693 2476 2254 1219 1565 1080 1403 1526 1277 2054 1756 1648 1489 1171 2152 1501 618 1590 982 1298 1215 1942 1477 1432 1800 1646 2263 1001 1480 504 2416 1537 2244 1640 2043 1314 769 1475 1496 2216 2362 1617 1727 1722 1045 1501 743 698 1047 1548 1399 2222 1606 715 1657 1916 1485 2068 929 1056 1873 728 1373 1037 1962 1031 1403 980 910 1772 1241 2584 2491 1532 1882 1834 1988 2242 1593 1742 930 1489 1811 1464 2062 1434 1511 802 1662 924 1248 960 776 2091 1355 1034 1652 1425 938 1374 1831 1792 1188 1490 1567 1499 1554 1499 1207 2013 1575 641 1034 2467 1283 2204 1872 2003 2294 934 2522 1835 2104 1813 986 1207 2203 2354 1911 1659 1748 1444 1702 882 1369 1506 697 1333 1469 2380 1988 1499 1465 1278 572 1418 1610 1469 1939 1447 1526 1091 1558 1257 1712 1855 1501 1371 1503 1429 1938 2231 2239 1561 1449 1790 2517 1445 1473 944 1349 2211 1314 1590 2642 1894 965 1547 2384 1849 1705 1528 1360 1093 915 1302 1341 1568 762 1625 1200
406 598 1262 1071 1156 1159 473 521 1451 1616 1118 981 659 493 1555 1264 1423 1475 1607 360 1019 853 1582 812 463 801 1294 894 582 892 507 1254 1147 1521 1601 1262 1466 1416 1338 1292 1584 1191 1364 479 1003 587 1229 1168 590 939 1068 762 473 1107 496 1150 1161 1225 1394 1418 718 1358 1429 714 1504 674 1482 1125 669 1265 401 1358 1314 546 1223 1194 1203 1166 1381 920 888 535 1364 1082 1444 1340 1450 652 1084 1398 1432 513 1068 1378 1056 655 1415 464 1054 1316 835 1084 1582 842 1359 1345 1595 1373 1244 512 503 995 647 920 791 1272 645 416 1465 1136 550 942 1339 1115 831 564 926 1554 481 1450 806 584 1222 481 800 1508 465 1408 718 1466 821 1267 1138 591 659 789 1088 1019 1320 962 1463 1247 430 1336 742 820 922 1282 705 489 1299 1238 789 940 1336 928 466 1252 1275 936 546 592 1318 454 1528 734 1430 725 1302 1049 911 659 1319 1457 930 752 953 564 1441 1409 615 790 1354 1481 1002 866 1216 756 1161 578 1148 1056 764 651 522 1161 1398 455 1636 568 1049 721 1378 1500 1285 695 965 1351 731 1051 618 786 551 844 519 913 484 1376 955 976 884 737 1502 1047 1289 1085 1069 776 849 1322 1065 1455 1458 1274 1509 1073 1373 987 1106 1106 913 633 1611 1386 1284 630 460 1488 656 652 1152 1237 469 595 1216 1451 847 557 657 800 521 470 918 1541 1340 577 1553 489 856 1311 933 704 1503 1340 460 1178 902 1387 628 531 1237 693 1035 1530 465 1435 1059 1011 948 1372 631 466 446 1533 1002 1341 856 676 848 1321 507 844
1025 1160 1460 1662 1803 1741 984 1177 1242 2276 793 1423 1264 1140 2111 1747 1812 1920 2094 1019 360 753 2216 1343 1119 1457 1868 568 931 1224 1076 1827 644 2163 1875 740 900 757 1593 1794 1888 1160 1223 908 1628 1075 1700 775 1193 1560 1511 746 1084 715 1138 1265 1744 1342 1730 809 1360 1311 842 1371 1033 1333 2082 1216 765 1389 1057 1913 956 1071 1817 1717 1710 869 1417 841 1060 1072 1900 725 1967 731 1904 731 836 1613 1323 880 1249 945 1370 1314 813 1086 525 736 1433 1721 2190 1047 1936 1798 2134 2019 1903 1027 914 1368 1307 752 1448 929 844 1010 1021 1688 1143 818 744 543 1467 1212 1378 2214 1140 2107 904 1106 1857 1118 1379 2041 1085 1851 1351 1726 1474 1923 1673 1251 1318 655 1716 1010 1952 1033 1956 711 1058 1761 1359 1051 1160 1856 1363 1140 689 1473 841 1535 1151 1434 1080 1711 1800 1420 1200 1111 713 1098 1899 1343 2026 969 1817 1607 1459 1046 1885 1511 1478 696 1530 1163 1706 2028 764 1423 978 822 1010 572 1807 1007 1479 894 1757 1622 966 728 1170 1635 1415 1085 1968 844 1546 1266 1662 2093 1784 1346 1424 1992 1029 1520 1128 628 877 1269 1033 1552 1051 1314 1606 1626 506 1375 1906 1427 1414 1260 1349 1249 1209 675 1520 806 2076 1762 2136 1472 1527 690 955 1649 1529 756 1633 1221 1892 1126 1085 1872 1283 996 1181 805 1078 1254 1875 1987 1046 888 994 582 1141 1127 1522 2198 1469 1144 1311 1043 1516 1284 1066 781 975 1771 988 1205 690 783 1029 1048 1572 1342 1259 1618 957 965 690 1570 1592 1703 1033 926 1046 2192 1630 1657 1155 1318 904 1724 905 1476
802 1076 1071 1565 1528 1653 760 967 1560 2030 625 1052 1152 986 1754 1374 1868 1535 1715 853 753 360 1911 1011 922 1219 1526 816 656 842 825 1747 702 1994 1484 802 1005 1093 1719 1424 1495 1398 935 796 1492 781 1325 680 926 1264 1135 873 855 627 918 882 1411 962 1816 989 1205 1568 1234 1146 1014 1121 1749 836 556 1572 893 1850 1310 798 1716 1679 1344 1193 1643 467 667 805 1539 1054 1931 919 1521 708 1134 1225 1024 706 1393 886 979 1114 981 864 665 1130 1130 1566 1861 659 1593 1813 1770 1843 1689 772 710 984 1108 987 1216 779 876 812 973 1341 1036 466 1137 931 1194 1053 1013 1973 949 1851 1033 1041 1704 898 1067 1998 862 1466 1209 1335 1229 1664 1625 1053 1108 506 1575 1220 1652 644 1580 1101 851 1794 1235 1143 768 1513 1174 931 886 1604 465 1434 886 1082 855 1332 1438 1062 1030 819 898 948 1507 1228 1923 610 1787 1266 1124 1049 1538 1154 1141 808 1205 901 1314 1711 676 1152 1339 1141 633 549 1710 1078 1565 641 1640 1285 592 679 949 1631 1066 869 1575 649 1184 951 1269 1756 1766 1107 1057 1827 669 1151 826 546 832 906 773 1397 811 991 1428 1365 725 1226 1516 1042 1598 869 1449 1229 1253 948 1147 1166 1945 1751 1993 1089 1146 980 1226 1595 1405 627 1290 948 1570 818 865 1481 1021 669 1394 751 850 1051 1631 1624 657 657 665 689 900 933 1215 1990 1091 1055 1093 799 1298 945 672 858 1026 1800 770 841 436 1173 713 782 1180 1099 1382 1255 752 1350 582 1232 1429 1791 1023 816 827 1946 1338 1264 772 1067 511 1336 706 1198
1437 1571 1634 1379 792 1405 1593 1421 2574 741 2133 1288 1473 1496 786 1078 1938 1151 1038 1582 2216 1911 360 1261 1479 1150 806 2116 1650 1492 1500 1437 2253 1110 1570 2348 2545 2610 2103 1022 1502 2271 2095 1701 1268 1506 1121 2203 1383 1016 1244 1978 1497 2167 1449 1736 877 1744 2017 2540 1346 2402 2651 1238 2496 1284 603 1763 1814 2204 1553 1515 2509 1505 1359 1578 1044 2361 2356 1901 1682 1504 896 2297 1639 2471 1126 1870 2280 1628 2092 1700 2042 2370 1466 1314 2532 1496 2201 2538 1146 1179 536 1658 759 1779 855 1057 913 1549 1663 1394 1321 2126 1166 2230 1851 1576 2442 971 1549 1936 2560 2334 1112 1438 1302 752 1465 666 1969 1626 1161 1468 1205 1633 1497 1156 1373 1559 1128 738 1541 1367 1299 1936 1227 2143 624 1775 1013 2470 1529 1834 1406 1900 1601 815 1292 1453 2436 2074 1807 1391 2126 1211 1501 1143 963 1242 1436 1468 2449 1531 1341 1428 1376 1661 1618 1023 1153 1747 816 1893 1137 1974 1067 1413 1547 568 1822 1155 2551 2668 1837 2024 1373 1865 1938 1683 1301 1000 1686 1861 1420 1683 1922 1500 1456 1732 1148 1322 1500 628 1656 1248 1268 1105 1605 1202 1454 1952 1767 1390 1543 1243 1526 2010 1159 972 2095 1349 1257 1365 2218 1658 1946 1655 1795 2487 1222 2662 1270 1680 1225 1322 1721 2203 2268 1519 1333 1821 2004 2130 710 1460 1499 1304 1295 1605 2207 2272 1503 1358 818 873 1662 1688 1608 2011 1439 1474 1058 926 1751 1573 2307 1533 1130 1945 1716 1918 2544 1825 1591 1846 1986 2607 1564 1528 1404 1249 1989 1870 1622 2649 2128 1051 1205 2014 1734 1688 1536 714 945 1438 1549 1266 1795 1258 1673 1101
645 962 953 1224 905 1309 760 707 1903 1418 1233 558 938 818 1132 812 1727 1024 1158 812 1343 1011 1261 360 739 712 884 1285 774 633 673 1399 1352 1478 1200 1446 1644 1726 1719 843 1170 1641 1272 911 1100 634 777 1303 587 636 630 1195 698 1266 693 941 763 987 1733 1639 879 1805 1808 702 1606 722 1102 946 938 1691 806 1515 1750 653 1339 1415 753 1604 1817 1001 796 658 927 1504 1630 1571 999 1040 1524 1051 1301 865 1495 1478 718 748 1631 707 1307 1695 509 1123 1212 765 952 1611 1162 1329 1134 703 822 627 749 1356 725 1341 1091 773 1554 706 912 1035 1712 1485 621 817 511 1368 747 1234 1258 986 1242 698 450 1676 706 957 905 1082 704 1053 1356 736 723 1051 1155 1471 1005 895 1014 1639 741 1625 957 1262 737 872 796 712 1537 1635 906 1120 1281 476 705 801 832 492 792 604 1549 824 1091 967 1513 760 1514 623 476 1093 902 1207 495 1168 554 609 1058 1060 983 596 1788 1780 957 1139 1340 1202 1533 813 1248 639 784 1023 685 1435 1186 717 1209 876 597 450 990 1111 1517 654 533 1331 703 604 581 1074 994 517 694 996 701 1224 975 776 1241 903 1057 656 1713 856 1467 1138 1251 1594 622 1787 1491 1518 1514 661 1071 1410 1556 1321 1059 966 1356 1304 919 580 711 1048 578 710 1598 1372 703 723 1041 1015 770 826 712 1161 655 742 577 1423 1063 949 1487 703 805 1153 837 1141 1647 1624 763 1027 1086 1756 674 677 838 644 1455 1244 793 1854 1227 587 1004 1716 1067 907 731 1335 709 940 668 615 894 882 831 613
370 598 1243 1013 1053 1103 522 418 1535 1516 1187 923 619 452 1462 1187 1415 1403 1525 463 1119 922 1479 739 360 699 1199 997 630 869 486 1198 1233 1435 1558 1345 1550 1516 1361 1212 1535 1263 1398 582 931 574 1156 1242 512 839 1006 862 440 1184 406 1152 1066 1222 1399 1508 643 1426 1533 612 1577 574 1382 1133 752 1314 436 1307 1410 531 1160 1157 1122 1262 1438 976 903 519 1275 1182 1401 1431 1376 755 1180 1371 1458 603 1117 1449 1024 559 1505 427 1145 1419 742 1003 1482 857 1263 1324 1504 1285 1148 524 580 953 551 1017 689 1336 741 474 1535 1047 545 1001 1443 1218 729 497 869 1454 387 1348 891 610 1141 407 713 1462 430 1336 651 1427 718 1165 1099 495 559 876 1012 1098 1217 987 1381 1350 431 1323 686 882 918 1188 614 389 1390 1269 845 885 1377 856 437 1181 1190 870 472 561 1409 445 1468 683 1364 753 1264 960 829 713 1225 1456 848 854 862 494 1403 1308 714 688 1450 1581 1034 958 1155 824 1179 640 1080 965 794 752 422 1140 1405 418 1582 652 975 652 1337 1401 1253 592 903 1267 743 983 583 878 650 801 527 834 482 1396 868 873 986 666 1437 1000 1337 1080 1099 782 880 1418 1000 1557 1383 1245 1430 1021 1358 1087 1194 1066 848 727 1610 1422 1184 598 424 1426 559 673 1219 1312 442 496 1115 1361 862 627 678 902 447 370 821 1447 1330 581 1595 494 757 1329 951 803 1583 1325 512 1194 978 1490 636 529 1192 590 1079 1520 534 1536 1136 923 867 1379 688 569 456 1433 900 1296 846 574 892 1259 587 743
673 792 1304 880 719 962 839 640 1804 1181 1475 895 710 706 1202 1031 1418 1250 1322 801 1457 1219 1150 712 699 360 942 1334 925 972 757 1050 1549 1153 1515 1657 1862 1854 1464 1033 1474 1510 1597 920 752 801 1020 1537 653 574 942 1188 737 1486 679 1285 815 1337 1444 1831 597 1656 1869 448 1864 494 1085 1284 1074 1493 768 1166 1720 780 988 1083 955 1572 1636 1247 1097 773 1051 1507 1284 1755 1219 1094 1490 1395 1636 937 1309 1734 1069 524 1826 732 1472 1756 585 771 1174 1056 997 1288 1257 1000 831 810 907 979 531 1336 381 1609 1061 807 1817 842 763 1278 1780 1557 472 649 858 1121 680 1010 1182 842 895 699 624 1327 734 1194 628 1412 385 826 1025 576 509 1200 803 1366 893 1195 1188 1685 759 1312 677 1127 1064 932 517 676 1716 1400 1125 791 1595 785 739 1052 989 819 645 764 1734 741 1367 695 1162 997 1177 770 711 965 974 1559 720 1188 676 677 1389 995 1053 477 1761 1918 1254 1286 989 1085 1279 949 896 761 1034 1090 647 1123 1535 732 1495 979 861 690 1321 1109 1185 472 866 995 958 899 765 1208 979 861 807 649 776 1563 623 538 1325 612 1313 1000 1512 1201 1244 917 1053 1751 926 1896 1145 1191 1175 995 1422 1414 1484 991 725 1062 1708 1627 888 777 733 1320 561 919 1453 1608 743 569 779 1128 1062 944 924 1241 683 691 601 1132 1415 791 1809 786 454 1492 1144 1129 1884 1309 833 1361 1285 1828 874 797 1169 479 1261 1595 862 1858 1441 744 653 1431 949 904 773 1097 602 1265 989 511 1147 1166 915 490
1133 1363 1187 1375 728 1434 1271 1147 2367 1102 1725 858 1291 1248 623 638 1950 772 763 1294 1868 1526 806 884 1199 942 360 1803 1298 1072 1177 1499 1863 1347 1166 1949 2139 2250 2037 588 1103 2082 1653 1407 1240 1156 677 1797 1067 734 803 1695 1189 1768 1159 1294 493 1299 1997 2147 1179 2234 2331 1012 2072 1058 590 1323 1463 2075 1275 1604 2248 1168 1422 1592 597 2100 2218 1499 1266 1170 500 2012 1733 2082 741 1555 2018 1188 1647 1379 1891 1949 1025 1092 2137 1193 1827 2217 818 1194 703 1249 427 1804 674 1233 1023 1217 1337 959 1098 1854 963 1808 1579 1270 2017 544 1325 1534 2235 2008 851 1210 882 1079 1194 938 1728 1406 1248 1172 859 1752 1193 751 1210 1131 917 833 1540 1124 1069 1575 1242 1928 638 1354 656 2159 1228 1842 1257 1696 1177 372 1099 1170 2051 1979 1421 1329 1687 803 1195 701 523 827 1197 1122 2061 1271 950 1276 1521 1276 1664 621 768 1528 394 1449 749 1676 704 1096 1117 603 1500 882 2288 2302 1415 1663 1431 1647 1854 1337 1339 606 1293 1540 1136 1662 1476 1200 1079 1397 716 964 1064 591 1687 996 843 1264 1216 765 1102 1599 1485 983 1209 1167 1205 1565 1097 808 1764 1192 871 924 2094 1218 1826 1499 1635 2113 783 2312 1448 1701 1433 880 1277 1917 2033 1509 1261 1487 1564 1688 497 1103 1196 906 1000 1234 2028 1863 1194 1112 886 554 1253 1347 1236 1683 1134 1197 738 1210 1305 1358 1863 1210 978 1500 1295 1637 2129 1837 1271 1405 1602 2280 1199 1192 959 993 1843 1430 1303 2365 1733 657 1146 1987 1507 1399 1227 1036 702 1000 1135 993 1395 825 1347 833
