140 446 1125 1119 807 287 1131 1116 694 707 630 1299 275 372 845 646 1022 441 295 1163 1229 960 505 735 641 223 406 393 526 545 1367 1073 759 290 1192 594 1125 1359 845 1022 1063 996 1257 301 1296 1174 496 744 1206 550 770 349 1071 362 1340 681 230 1253 431 881 449 1225 1085 851 829 893 256 284 1293 1180 1366 748 1230 1173 715 868 844 458 1263 1190 591 1156 429 1171 1262 1194 551 508 614 1381 1015 527 598 1070 227 1087 1252 956 431 642 239 518 533 429 976 1008 490 311 1149 1296 1157 833 585 345 728 335 923 418 1113 763 1340 240 414 669 247 549 1008 433 1004 1148 223 1311 669 612 531 449 649 969 1127 1270 1023 549 993 1322 508 307 509 851 624 966 460 927 346 1123 1115 882 819 783 656 325 404 723 1056 948 526 205 733 1017 239 559 680 325 1010 513 1303 444 782 934 1059 474 877 1078 466 1270 960 378 685 1328 1125 760 1092 296 739 277 537 345 1222 1047 741 238 1326 526 505 1235 295 538 826 834 1332 1365 408 302 520 1207 1302 1111 960 581 438 217 643 210 585 1315 1203 1180 476 341 958 726 351 221 1163 955 412 711 1332 883 325 894 1235 1295 474 969 950 862 1246 959 923 552 640 574 380 574 1340 741 974 1173 1207 432 820 1254 297 958 1298 853 1171 1366 421 977 1361 319 896 283 1274 1000 1361 386 1150 943 988 364 561 827 325 652 1302 981 1189 945 1033 492 1277 472 1395 473 1395 1005 317 923 767 1104 643 276 373 409
546 360 1111 1410 911 527 1432 1096 981 977 577 1558 676 687 850 951 1265 840 612 1340 1258 1016 858 1125 773 618 404 733 637 845 1676 1107 1053 627 1114 985 1063 1452 1052 1230 1274 1390 1247 640 1637 1501 591 1024 1292 472 837 697 1411 649 1369 766 632 1657 824 1276 795 1350 1006 872 1073 808 587 658 1518 1095 1756 691 1349 1365 635 806 1188 772 1213 1418 996 1259 686 1278 1551 1590 783 914 895 1460 928 932 1002 1111 631 1396 1205 1323 757 988 567 833 727 655 1362 1059 412 585 1082 1633 1271 812 965 613 667 525 837 824 1465 723 1590 632 566 996 648 735 931 506 1031 1082 628 1707 598 532 891 853 937 893 1261 1192 946 539 1182 1596 810 599 877 1247 1030 938 710 1265 535 1275 1286 1048 789 719 707 705 428 970 1460 1321 697 601 652 1172 636 899 744 491 931 510 1463 847 978 1240 1463 393 1280 1194 862 1618 1015 782 899 1481 1051 917 1298 700 983 558 879 572 1619 1441 665 572 1529 638 634 1585 697 460 985 1176 1246 1667 662 517 795 1125 1605 1126 1336 971 429 592 568 616 522 1345 1431 1173 787 559 1143 1132 481 604 1560 1034 793 1093 1586 1284 571 942 1631 1482 749 882 1356 938 1307 1333 897 927 1003 757 654 487 1300 1143 1232 1539 1136 838 1073 1273 516 879 1615 985 1445 1284 693 898 1678 669 820 630 1576 1156 1332 435 1381 1215 1386 705 580 971 727 674 1244 1245 1573 1130 1429 890 1400 694 1777 401 1691 1350 596 1174 988 1161 1012 550 433 768
1225 1111 360 2161 821 1245 2184 1506 1732 1729 1161 1507 1359 1425 642 1274 1267 1515 1218 2043 1761 1616 1329 1811 932 1281 1124 1259 1369 1593 1758 565 1295 1235 796 1673 1308 927 1080 1152 2004 1852 1651 1363 1838 1680 1325 1248 806 1096 1490 1422 1656 1392 1852 1454 1315 2175 1513 1758 1288 963 1147 1449 1179 1006 1301 1277 2249 1088 2149 1174 1993 2080 1063 723 1505 1514 1470 2153 1588 847 1436 865 2303 2034 1103 1518 1646 2034 962 1538 1577 1663 1297 2147 580 2042 1247 1387 1251 1250 1475 1115 1784 1640 1111 1321 683 1817 887 1326 1670 1356 1157 1268 908 1476 2197 751 2333 1285 1078 1739 1332 1037 763 1253 1576 1295 1299 2365 897 1077 1362 1459 1688 1133 946 1253 1151 1220 1902 2345 1557 1333 1371 1913 1619 539 1135 1542 1139 1961 1069 973 683 790 840 1302 1180 1720 1983 2033 1028 1284 900 1867 1290 1635 1417 1223 789 1215 1141 1509 1040 1990 1978 1080 1811 863 1543 2354 1613 1407 1070 2155 731 1634 2025 1343 1732 1280 1614 1149 2074 2109 1090 1249 1315 979 1373 2320 1376 1100 1698 1914 1022 2418 1146 1242 1173 1162 1685 1623 2043 1493 1175 1268 1091 1291 953 1836 1326 1602 1231 1305 1863 1721 1141 1297 2021 1663 1497 1793 1513 1795 1312 663 2076 2188 1170 965 1916 740 729 1713 576 1419 1438 1500 1170 1044 1578 1688 1980 2258 1288 1480 1204 573 1238 1100 2365 1678 1474 945 1165 1101 1788 1253 783 1348 1659 969 603 1183 1300 1966 1872 1434 925 910 1402 833 674 1316 1961 1045 1895 1461 986 1446 2125 1122 2443 1627 1187 1921 1731 653 1729 1209 1154 1301
1219 1410 2161 360 1887 1291 418 1516 791 792 1409 2238 1222 1113 1896 1616 2012 1128 1371 833 1390 1200 1449 965 1721 1293 1399 1411 1166 938 2189 2142 1717 1360 2085 1015 1703 2438 1887 2049 697 1523 1554 1183 2029 1975 1205 1726 2286 1437 1162 1130 1851 1139 1454 1139 1255 1524 1108 1455 1433 2297 1778 1282 1840 1694 1245 1329 695 1919 1819 1464 1064 775 1532 1837 1674 1023 1735 636 1237 2234 1087 2249 503 1638 1609 1235 877 1284 1825 1226 1268 1282 1280 452 2238 776 1447 1536 1303 1515 1050 1505 1581 1229 1413 1211 2088 2046 2232 1392 977 1173 1465 1257 1777 1182 698 1771 639 1298 1490 817 1241 1624 1921 1269 1303 1739 1276 1164 1633 1473 1445 1253 837 1673 2197 1914 1712 1324 786 571 975 1202 1417 1010 1235 1987 1524 1748 1419 914 2166 1946 1838 1752 1725 1332 1341 807 1429 816 1604 1278 1657 897 1293 928 1182 1306 1912 1319 2354 1152 1835 552 1445 1441 1361 2154 1100 738 1205 1253 1737 981 2044 959 712 1269 796 1257 949 1425 1632 1023 1527 1309 2339 1604 1156 726 1213 1431 925 706 2133 620 1480 1290 1556 1902 2146 1385 839 1364 1346 1295 1474 1278 1568 1434 2194 1500 1492 1221 807 1226 1398 1261 1595 1133 1095 926 2275 1400 1216 1967 1656 837 1521 1782 1315 1941 2324 1637 1946 1414 1490 1031 1450 1489 1742 1317 570 814 1813 1195 1821 2317 1296 1686 600 986 2095 2216 1483 1703 2160 1367 1824 1200 2125 2065 2377 1339 2143 561 1478 1115 1611 1901 1200 1708 2262 1946 1728 1995 1529 1301 2349 1075 1905 1400 641 1784 1396 628 815 2181 906 1347 1372 1392
907 911 821 1887 360 967 1897 1565 1460 1470 1077 1131 1027 1136 614 819 851 1154 876 1886 1774 1556 903 1435 526 953 896 866 1184 1311 1341 673 833 888 1139 1307 1443 913 634 761 1807 1395 1722 1065 1393 1236 1138 786 759 968 1384 1116 1200 1115 1880 1317 992 1722 1162 1306 876 799 1317 1399 725 1109 1005 923 2046 1326 1687 1153 1900 1906 1044 847 1043 1225 1614 1943 1176 713 1176 730 2029 1574 675 1118 1378 2001 1150 1137 1160 1639 967 1852 1027 1685 842 936 945 819 1254 744 1325 1594 943 1045 1040 1375 721 1308 1318 1086 1129 1014 1052 1106 1853 740 2102 949 760 1434 1006 631 1002 1049 1553 1446 971 1953 837 990 931 1067 1415 1245 711 1479 1286 1082 1723 2089 1274 1052 946 1519 1205 761 739 1081 832 1825 758 551 716 828 574 932 962 1479 1533 1669 644 968 903 1721 954 1323 1293 964 1022 1058 920 1140 582 1700 1527 893 1368 643 1184 2011 1554 1031 610 2032 1057 1463 1834 989 1494 997 1301 822 1615 1708 1083 939 1021 649 1177 1976 1038 964 1532 1590 1358 2130 772 972 746 1389 1267 1635 1675 1064 978 952 1024 968 822 1859 966 1656 812 1047 1685 1299 865 985 1562 1581 1162 1429 1148 1348 1046 518 1616 2025 759 1124 1477 442 805 1252 734 988 990 1290 802 929 1717 1254 1737 1894 1470 1103 748 859 965 1216 2060 1536 1063 1323 778 1227 1364 889 931 1047 1238 623 1057 956 924 1709 1418 1131 697 465 1056 624 1112 881 1500 643 1439 1052 849 1205 1665 944 2161 1168 850 1683 1512 672 1386 902 910 901
387 527 1245 1291 967 360 1307 1193 860 866 702 1516 509 540 970 872 1232 673 503 1291 1315 1051 743 959 806 466 492 623 619 713 1598 1211 983 509 1281 818 1198 1521 1042 1221 1202 1243 1335 479 1536 1410 583 963 1364 625 861 538 1310 511 1426 774 468 1498 657 1129 684 1397 1159 933 1038 970 420 522 1439 1256 1614 821 1340 1306 789 965 1082 630 1336 1336 836 1320 569 1337 1434 1442 749 754 775 1480 1093 772 845 1158 474 1267 1357 1165 658 880 417 744 654 616 1223 1098 567 439 1244 1535 1325 908 801 479 800 419 1004 658 1314 869 1496 483 567 854 483 729 1097 510 1088 1221 470 1540 760 687 771 696 814 1042 1302 1343 1096 623 1123 1487 676 448 752 1080 869 1079 659 1164 496 1242 1302 1065 930 879 793 568 478 872 1302 1161 699 441 819 1136 484 750 768 398 1098 586 1488 680 974 1111 1306 558 1124 1246 694 1470 1051 625 881 1449 1216 876 1230 543 887 395 728 516 1469 1274 814 426 1525 678 602 1436 531 613 944 1029 1412 1542 604 375 732 1282 1531 1194 1175 828 511 439 717 458 679 1402 1410 1259 700 443 1087 970 466 439 1410 1052 627 929 1547 1130 439 1036 1482 1427 684 1047 1195 1013 1395 1205 1036 797 882 693 581 653 1414 987 1130 1382 1280 674 1031 1388 370 1032 1483 963 1391 1452 626 1051 1594 549 986 466 1503 1181 1475 461 1357 1105 1236 549 682 1002 561 779 1402 1197 1436 1136 1281 739 1449 600 1642 550 1570 1244 508 1076 906 1251 852 438 459 647
1231 1432 2184 418 1897 1307 360 1568 811 817 1442 2224 1230 1128 1916 1611 2004 1126 1380 892 1447 1252 1445 943 1730 1303 1420 1414 1197 954 2166 2159 1710 1369 2120 1005 1750 2446 1887 2045 755 1492 1608 1196 2002 1953 1234 1720 2295 1465 1206 1142 1829 1157 1511 1179 1265 1480 1109 1427 1433 2302 1821 1328 1836 1731 1259 1336 746 1961 1779 1502 1123 834 1566 1865 1657 1037 1786 693 1223 2242 1108 2256 501 1601 1613 1227 897 1343 1863 1217 1253 1336 1290 413 2267 737 1449 1527 1317 1514 1079 1514 1552 1282 1438 1229 2120 2020 2239 1435 971 1191 1502 1277 1812 1181 644 1795 675 1307 1503 823 1251 1632 1954 1294 1354 1786 1286 1109 1660 1503 1440 1248 856 1715 2202 1960 1754 1356 841 588 991 1219 1411 978 1219 2011 1529 1730 1432 972 2166 1949 1861 1779 1741 1336 1364 838 1392 777 1613 1290 1687 953 1302 934 1221 1324 1945 1348 2354 1149 1837 557 1407 1464 1332 2161 1098 680 1256 1253 1740 1039 2077 1002 770 1274 829 1273 956 1436 1593 977 1562 1321 2333 1617 1185 668 1220 1458 972 692 2173 595 1487 1307 1558 1946 2125 1439 798 1352 1371 1306 1506 1289 1593 1491 2186 1553 1493 1240 861 1203 1414 1273 1557 1185 1099 908 2261 1371 1234 1982 1617 893 1524 1820 1281 1953 2337 1612 1970 1405 1479 1062 1458 1516 1796 1295 618 758 1860 1192 1816 2335 1313 1727 554 1035 2081 2254 1488 1744 2136 1373 1855 1214 2105 2068 2403 1360 2135 600 1446 1127 1629 1908 1205 1726 2293 1937 1693 1996 1496 1293 2353 1099 1867 1425 624 1762 1407 673 853 2195 899 1360 1392 1393
1216 1096 1506 1516 1565 1193 1568 360 1256 1218 881 2285 1313 1215 1380 1686 1990 1427 1328 1142 629 675 1575 1614 1472 1298 1136 1452 975 1231 2412 1622 1790 1338 1182 1506 605 2022 1768 1939 1204 2054 516 1233 2366 2235 989 1761 1868 994 775 1255 2140 1182 707 853 1288 2263 1397 1941 1514 1975 758 649 1802 861 1226 1356 1400 888 2428 778 974 1203 881 1160 1913 1231 578 1343 1629 1864 1145 1885 1619 2247 1518 1554 1212 924 918 1567 1646 614 1303 1562 1444 1688 1483 1711 1250 1564 1052 1392 2046 651 1045 1180 1252 2364 1889 646 1460 1167 803 1141 958 1443 1754 1209 1531 1315 1302 1353 1296 1462 1110 1043 573 638 1298 2149 1089 951 1604 1506 1241 733 1905 805 726 933 1097 1606 1224 1192 1585 1744 1658 1348 1446 1994 1268 1035 1964 1739 1263 1127 1356 1401 1094 1164 2081 1708 1423 1270 1029 997 1316 1329 829 1159 1087 970 2121 1449 1693 1446 2088 1092 1914 1823 1432 1865 671 1439 1625 1161 1192 957 1205 1367 1163 1200 1322 1304 2269 1903 843 1259 2223 1351 1000 1842 1331 1004 964 1500 1107 1750 1397 1178 1531 835 2342 518 1732 1653 1059 1271 913 1286 1111 693 2146 456 1518 1142 1071 1743 1211 1261 2211 744 1350 1560 2311 1930 1161 1519 2285 1264 1485 904 1959 1556 1837 2036 1331 1629 1715 1028 1386 1016 604 1786 1310 1866 701 1464 1806 1718 1184 766 1756 896 2178 1224 1428 767 2414 1380 1085 1238 2313 1829 1617 1111 2097 1337 2038 1250 1248 1653 1355 1302 1413 1977 2258 1829 2088 1559 2019 1099 2466 1055 1752 2076 1320 1258 1113 1706 1461 1257 1151 1480
794 981 1732 791 1460 860 811 1256 360 403 1009 1883 804 684 1465 1234 1632 751 948 903 1228 968 1066 756 1295 870 968 1005 759 509 1883 1711 1343 939 1686 706 1387 2013 1483 1653 768 1306 1343 755 1756 1672 791 1343 1859 1019 845 705 1552 708 1324 785 831 1428 722 1209 1038 1879 1428 976 1449 1308 815 912 973 1560 1659 1085 1051 890 1133 1416 1345 595 1462 870 921 1810 656 1826 934 1470 1196 887 445 1255 1441 885 950 1080 858 775 1818 793 1043 1176 875 1120 637 1083 1336 1012 988 780 1677 1767 1811 1053 653 741 1080 826 1380 802 886 1344 1007 877 1061 473 819 1203 1514 844 1060 1421 853 1253 1210 1061 1071 882 405 1313 1780 1587 1359 916 738 988 546 771 1042 874 933 1559 1107 1427 989 905 1760 1532 1410 1330 1293 923 912 461 1272 811 1180 852 1242 815 872 536 824 874 1507 904 1948 779 1426 619 1284 1013 1142 1732 729 1024 971 862 1328 1084 1637 664 799 858 471 826 551 997 1479 1011 1134 881 1952 1174 744 994 799 1011 685 607 1761 1046 1060 858 1150 1557 1829 1167 836 1023 920 868 1068 854 1141 1299 1816 1273 1091 789 718 972 966 835 1428 919 694 699 1919 1172 785 1536 1499 1009 1110 1396 1145 1512 1894 1366 1518 1053 1141 631 1030 1068 1499 1049 643 985 1494 820 1433 1886 864 1320 995 751 1744 1831 1066 1338 1863 951 1411 773 1805 1651 1952 909 1763 609 1273 690 1179 1481 792 1276 1848 1575 1523 1589 1326 939 1931 648 1724 974 1072 1481 972 599 530 1751 611 918 941 994
807 977 1729 792 1470 866 817 1218 403 360 991 1912 822 695 1465 1261 1657 782 963 866 1186 927 1093 800 1306 885 968 1026 742 525 1917 1714 1371 955 1669 747 1355 2024 1504 1675 736 1348 1302 767 1794 1707 777 1369 1869 1008 810 721 1588 715 1280 755 847 1471 752 1250 1062 1893 1400 940 1472 1287 825 930 950 1535 1702 1062 1009 857 1115 1407 1379 611 1426 846 958 1822 658 1838 933 1513 1214 921 453 1212 1420 921 987 1038 873 785 1809 829 1065 1206 886 1144 622 1097 1376 971 981 786 1664 1804 1824 1023 693 746 1058 828 1362 832 913 1339 992 893 1070 517 836 1217 1500 837 1020 1389 869 1291 1202 1047 1100 913 427 1287 1795 1556 1332 901 699 982 560 779 1071 918 971 1555 1124 1461 998 864 1779 1549 1406 1322 1298 944 910 418 1316 850 1193 865 1230 773 889 571 794 877 1492 891 1967 811 1444 632 1327 1009 1184 1745 762 1047 930 888 1347 1046 1623 624 767 879 427 834 583 1009 1522 1052 1115 892 1976 1183 729 1018 819 1001 642 642 1738 1050 1075 863 1171 1529 1863 1126 874 1057 914 881 1052 868 1136 1256 1841 1233 1113 791 677 1013 972 847 1471 877 721 742 1947 1214 789 1541 1542 977 1129 1376 1189 1519 1901 1405 1514 1084 1173 610 1046 1059 1461 1089 626 1017 1463 851 1458 1887 870 1295 1005 709 1774 1811 1084 1313 1899 970 1399 785 1838 1667 1946 907 1789 599 1315 705 1181 1495 815 1279 1836 1602 1565 1608 1369 971 1945 643 1766 968 1073 1517 985 576 487 1757 654 928 942 1018
730 577 1161 1409 1077 702 1442 881 1009 991 360 1767 845 797 947 1168 1472 994 821 1242 1059 843 1069 1250 962 808 618 945 609 904 1892 1210 1270 833 1038 1116 856 1588 1253 1428 1208 1586 1033 782 1854 1718 582 1240 1427 474 691 825 1628 756 1168 654 809 1835 970 1472 1007 1509 824 682 1283 663 751 859 1453 936 1956 478 1206 1279 484 805 1403 857 999 1361 1175 1407 756 1427 1545 1785 997 1094 930 1286 796 1111 1186 922 817 1415 1198 1408 971 1202 756 1049 731 872 1564 879 524 720 1039 1849 1425 599 1084 727 458 665 731 992 1529 781 1546 824 781 1060 821 943 872 573 836 878 813 1829 633 450 1101 1037 972 705 1427 1006 758 458 1103 1573 878 735 1085 1379 1207 982 927 1481 752 1161 1469 1235 849 730 863 905 588 964 1641 1414 904 784 622 1065 826 985 616 664 862 486 1638 1008 1179 1264 1645 572 1464 1352 1008 1672 841 966 1106 1358 994 839 1228 886 973 720 969 788 1811 1565 489 763 1721 835 626 1642 866 483 900 1239 1120 1669 879 687 1012 951 1821 923 1433 1170 552 780 430 800 616 1145 1633 960 1004 682 1064 1305 696 780 1753 876 929 1207 1793 1472 701 1068 1825 1386 966 750 1530 1085 1422 1542 949 1133 1213 741 870 508 1083 1329 1210 1618 938 1009 1285 1352 692 700 1634 876 1658 1183 910 719 1895 876 778 779 1792 1335 1349 606 1583 1207 1578 827 743 1153 895 815 1214 1457 1777 1322 1623 1082 1556 735 1982 536 1687 1566 808 1150 957 1279 1114 753 638 977
1399 1558 1507 2238 1131 1516 2224 2285 1883 1912 1767 360 1473 1613 1381 1017 655 1493 1374 2407 2456 2203 1180 1646 1178 1436 1523 1269 1776 1752 657 1302 904 1372 1896 1583 2197 1124 881 730 2288 1228 2440 1551 838 734 1738 915 1121 1652 2014 1574 825 1617 2567 1930 1466 1511 1520 1224 1220 964 2081 2069 845 1869 1516 1377 2493 2098 1296 1867 2490 2407 1772 1618 930 1675 2364 2391 1360 1049 1683 1037 2365 1298 1137 1366 1824 2636 1920 1373 1330 2305 1441 2171 1727 1894 1229 1068 1465 1143 1792 1270 1137 2248 1606 1571 1789 806 1007 2007 1624 1605 1842 1575 1820 1440 2064 1508 2504 1422 1352 1805 1470 1184 1771 1654 2228 2204 1447 1940 1579 1694 1172 1361 1845 2000 934 2248 2045 1735 2235 2449 1721 1567 1201 1653 1365 1513 1220 867 1401 2378 801 940 1487 1594 1310 1347 1579 1947 1399 1861 1223 1464 1655 2272 1424 1708 1921 1536 1792 1702 820 1465 955 2049 1384 1556 1328 1007 1516 2205 2203 1384 1020 2579 1816 2019 2319 1409 1962 1529 1692 1369 1340 1780 1810 1456 631 1293 1759 2172 1468 1643 2084 1892 2120 2427 1274 1529 1144 2159 605 2325 1853 1234 1609 1454 1732 1453 1539 2543 541 2368 1183 1594 2204 1397 1457 1481 1316 2208 1551 1676 398 1288 1582 1255 1327 2528 1192 1892 1430 1182 1232 1046 1494 1191 1109 1833 1295 1629 2463 1308 2159 2049 2234 1423 846 1412 1521 1973 2332 2113 503 2072 1250 1986 705 1340 1702 1536 594 901 1688 1565 569 2114 1277 1589 1400 1027 1464 1366 1821 678 1168 848 1257 1306 977 1730 1218 1599 2468 869 1368 2122 2003 1224 1693 1438 1518 1265
375 676 1359 1222 1027 509 1230 1313 804 822 845 1473 360 500 1078 815 1204 526 511 1297 1407 1134 658 820 860 438 638 567 705 657 1520 1301 928 498 1426 679 1338 1576 1041 1214 1188 1106 1448 444 1437 1322 684 919 1425 775 946 463 1214 509 1518 855 405 1350 516 992 612 1436 1306 1038 1014 1119 454 468 1412 1406 1478 962 1380 1302 938 1104 988 571 1469 1308 690 1372 572 1387 1364 1303 752 609 729 1542 1243 625 701 1247 422 1185 1487 1043 606 790 474 690 685 643 1093 1183 717 493 1384 1439 1370 1033 671 509 943 540 1153 509 1201 999 1451 438 643 767 388 762 1242 637 1186 1362 420 1396 903 836 677 554 759 1189 1337 1490 1242 758 1125 1427 621 480 651 936 722 1201 663 1072 579 1265 1316 1088 1054 1018 887 485 626 845 1156 1034 743 438 966 1160 432 655 861 548 1244 723 1505 531 982 1033 1160 706 979 1292 550 1359 1135 486 884 1467 1359 909 1218 424 861 485 634 573 1328 1132 962 473 1516 753 682 1324 381 762 972 926 1562 1463 618 522 709 1430 1458 1296 1045 701 658 452 866 428 819 1493 1387 1371 655 531 1093 821 587 431 1270 1122 499 795 1506 988 512 1122 1342 1424 667 1197 1046 1086 1469 1085 1157 686 778 725 588 802 1542 844 1087 1259 1423 525 1002 1484 520 1179 1393 1006 1340 1599 622 1199 1511 507 1130 435 1431 1207 1595 610 1334 1052 1095 478 795 1039 411 885 1537 1156 1305 1145 1141 606 1488 622 1513 699 1494 1145 539 1039 895 1329 731 511 605 568
472 687 1425 1113 1136 540 1128 1215 684 695 797 1613 500 360 1150 955 1343 572 628 1158 1286 1010 797 813 971 551 664 706 600 535 1656 1390 1069 621 1436 678 1269 1689 1175 1350 1052 1200 1342 431 1565 1455 594 1059 1535 759 826 403 1344 401 1395 736 514 1415 542 1088 752 1557 1261 931 1153 1094 491 601 1281 1374 1574 906 1241 1164 909 1134 1120 450 1387 1177 775 1487 437 1502 1256 1392 882 703 602 1407 1224 714 793 1126 541 1087 1531 995 746 926 551 830 550 762 1199 1059 712 464 1409 1569 1488 947 648 435 891 522 1144 591 1138 1045 1328 561 737 674 505 881 1255 587 1070 1297 535 1394 926 815 813 663 638 1141 1460 1439 1193 700 986 1313 498 452 787 941 802 1257 791 1205 665 1124 1447 1214 1107 1047 972 625 622 711 1228 994 857 530 975 1019 557 572 749 562 1253 671 1635 593 1113 931 1234 721 1059 1409 579 1292 1011 607 1016 1327 1377 770 1082 564 727 505 551 673 1413 1129 924 557 1653 850 575 1259 506 748 833 850 1549 1363 741 542 845 1388 1595 1182 1011 818 642 545 836 534 848 1370 1526 1265 794 489 953 888 646 512 1356 993 496 773 1646 1075 476 1214 1429 1286 801 1178 1109 1187 1571 1201 1215 816 909 590 712 800 1452 931 962 1211 1363 613 1141 1568 547 1137 1302 869 1480 1599 752 1157 1645 641 1146 449 1568 1333 1653 612 1473 933 1183 394 863 1160 518 959 1571 1296 1408 1277 1233 722 1609 488 1616 695 1391 1275 649 911 757 1428 686 594 632 708
945 850 642 1896 614 970 1916 1380 1465 1465 947 1381 1078 1150 360 1022 1106 1233 936 1816 1612 1426 1056 1529 668 1000 856 979 1121 1322 1596 623 1062 952 885 1391 1227 1007 887 1011 1761 1594 1535 1087 1642 1485 1076 1016 850 859 1276 1145 1442 1119 1713 1227 1035 1911 1231 1495 1012 958 1087 1261 973 893 1023 994 2006 1081 1909 992 1793 1846 877 604 1266 1241 1398 1907 1309 845 1168 865 2038 1782 836 1237 1379 1864 911 1257 1299 1493 1016 1876 807 1761 969 1127 971 980 1218 834 1532 1458 860 1047 789 1625 872 1151 1388 1085 970 998 820 1194 1918 532 2081 1003 796 1465 1051 765 749 996 1405 1225 1018 2084 674 857 1090 1178 1420 1031 896 1239 1066 985 1665 2086 1285 1058 1097 1631 1341 517 858 1315 859 1742 982 803 478 613 558 1020 917 1460 1716 1751 751 1004 714 1642 1008 1358 1194 951 771 973 1114 1226 829 1720 1712 821 1541 811 1261 2075 1424 1125 830 1943 803 1397 1784 1061 1474 1005 1337 867 1821 1827 911 969 1247 697 1122 2041 1095 860 1464 1637 1103 2151 866 969 904 1147 1521 1472 1761 1219 918 988 881 1010 705 1693 1212 1474 957 1035 1626 1443 864 1018 1766 1463 1217 1511 1396 1528 1041 502 1825 1960 896 892 1643 561 835 1468 482 1147 1174 1247 889 809 1504 1415 1722 1977 1241 1197 993 782 963 1000 2093 1453 1317 1070 886 1008 1618 971 690 1071 1493 853 883 918 1173 1704 1610 1157 647 720 1120 552 882 1135 1720 893 1637 1181 999 1183 1896 868 2177 1403 905 1664 1479 694 1449 929 883 1021
746 951 1274 1616 819 872 1611 1686 1234 1261 1168 1017 815 955 1022 360 758 850 728 1751 1826 1563 528 1066 714 783 910 613 1130 1097 1088 1131 473 723 1521 968 1646 1265 657 796 1635 937 1835 894 1049 909 1095 469 1144 1059 1373 916 826 960 1938 1285 811 1262 874 847 562 1094 1564 1442 586 1350 863 722 1848 1621 1249 1281 1834 1752 1208 1186 614 1018 1802 1744 775 1071 1026 1079 1751 1121 560 747 1170 1988 1439 760 750 1670 786 1560 1467 1326 575 480 817 488 1136 658 871 1610 1004 918 1440 1043 1053 1400 999 950 1257 930 1336 796 1500 1058 1870 767 751 1166 813 636 1351 1018 1599 1661 792 1521 1059 1113 531 723 1194 1462 996 1747 1513 1115 1578 1827 1066 913 559 1119 794 1178 603 681 778 1720 929 753 1075 1125 848 690 954 1292 1074 1301 667 812 1141 1615 769 1062 1281 898 1365 1080 1112 825 637 1424 1068 960 913 985 877 1654 1563 732 569 1922 1440 1362 1665 751 1308 879 1045 742 1160 1293 1243 808 1083 749 1111 1619 811 1048 1427 1280 1714 1830 649 886 518 1668 1020 1703 1300 643 988 803 1151 799 991 1913 942 1760 532 945 1547 872 834 827 1106 1561 899 1079 1051 891 932 974 1163 1874 562 1400 1025 902 1224 807 1141 573 538 1177 660 1052 1891 810 1515 1517 1707 781 565 1313 878 1441 1744 1458 885 1709 618 1458 1087 687 1252 879 991 858 1515 937 890 1473 959 931 869 759 808 891 1544 702 1060 767 980 678 1143 1074 1243 992 1867 771 729 1474 1347 1114 1071 797 896 607
1122 1265 1267 2012 851 1232 2004 1990 1632 1657 1472 655 1204 1343 1106 758 360 1248 1092 2142 2163 1914 926 1444 883 1160 1231 997 1491 1493 854 1071 654 1093 1629 1359 1903 1012 588 484 2030 1142 2145 1278 942 788 1451 648 950 1357 1726 1307 802 1343 2274 1644 1193 1462 1273 1099 955 829 1790 1776 554 1576 1238 1103 2246 1812 1326 1572 2211 2146 1476 1335 773 1412 2070 2142 1150 869 1410 866 2145 1269 847 1137 1566 2351 1633 1148 1121 2014 1166 1953 1486 1701 957 839 1184 874 1516 981 1051 1958 1312 1292 1526 917 833 1712 1394 1328 1546 1291 1532 1194 1875 1220 2268 1146 1060 1564 1198 890 1493 1365 1935 1911 1172 1825 1285 1398 926 1120 1591 1706 756 1960 1752 1443 1970 2223 1461 1290 955 1476 1162 1247 934 751 1112 2105 630 663 1205 1306 1018 1078 1289 1687 1310 1673 928 1187 1363 2000 1149 1461 1632 1250 1513 1410 768 1222 660 1820 1298 1262 1195 801 1274 2025 1913 1130 726 2310 1547 1742 2060 1142 1703 1248 1443 1082 1313 1629 1515 1175 690 998 1475 1990 1202 1349 1809 1672 1849 2219 988 1244 862 1872 780 2031 1669 1016 1317 1176 1437 1177 1243 2251 544 2073 909 1313 1937 1217 1167 1204 1273 1921 1297 1464 681 1160 1302 989 1306 2268 910 1603 1307 912 1057 958 1223 958 891 1557 1010 1334 2168 1136 1913 1878 1942 1179 562 1212 1236 1680 2130 1834 572 1810 966 1693 881 1064 1417 1262 753 665 1473 1275 491 1872 1183 1322 1105 745 1203 1073 1577 445 1159 581 1179 1071 864 1455 1275 1305 2258 805 1084 1872 1739 1008 1465 1154 1228 1000
541 840 1515 1128 1154 673 1126 1427 751 782 994 1493 526 572 1233 850 1248 360 657 1286 1489 1212 682 656 990 598 804 652 812 631 1497 1444 956 640 1592 517 1477 1690 1120 1280 1158 991 1552 572 1384 1289 805 960 1546 935 1033 533 1171 608 1596 944 572 1205 393 880 666 1539 1459 1143 1072 1279 613 599 1360 1564 1363 1108 1405 1279 1095 1270 958 576 1599 1258 565 1487 643 1500 1266 1180 853 504 700 1587 1405 510 587 1329 583 1077 1651 893 684 785 640 747 749 773 995 1261 879 634 1551 1392 1480 1159 524 629 1091 692 1317 414 1058 1163 1379 592 796 675 555 883 1408 781 1278 1504 583 1230 1070 995 682 491 715 1340 1438 1640 1393 901 1116 1338 610 618 653 769 591 1362 776 1041 739 1272 1400 1185 1217 1185 1038 582 787 823 1016 879 873 604 1132 1172 587 575 960 710 1410 868 1587 388 1071 935 1022 871 846 1403 390 1217 1213 487 975 1465 1526 946 1189 532 838 644 559 726 1201 965 1116 639 1573 900 787 1181 505 923 1000 802 1726 1352 743 684 794 1584 1441 1390 889 637 816 618 1022 593 986 1571 1432 1476 727 672 1089 676 753 597 1144 1188 439 638 1528 863 653 1264 1217 1399 763 1358 899 1221 1600 1006 1318 662 750 783 715 966 1664 720 1027 1106 1568 430 1054 1629 684 1333 1273 1048 1353 1765 736 1352 1480 628 1297 576 1416 1303 1754 772 1380 984 971 537 956 1150 476 1042 1702 1187 1201 1229 1022 549 1590 692 1409 861 1387 1101 687 989 886 1464 593 675 770 627
395 612 1218 1371 876 503 1380 1328 948 963 821 1374 511 628 936 728 1092 657 360 1418 1458 1195 608 953 710 438 568 484 763 799 1455 1152 839 377 1322 815 1314 1426 911 1088 1319 1139 1473 557 1398 1269 727 820 1275 724 1005 602 1172 617 1570 918 476 1417 656 1026 546 1290 1258 1075 898 1056 506 420 1549 1342 1503 939 1478 1428 887 989 945 712 1460 1445 763 1223 684 1238 1513 1339 616 682 869 1623 1169 703 763 1302 450 1335 1358 1187 515 743 451 601 784 494 1109 1242 664 559 1270 1396 1223 1042 814 597 916 562 1071 619 1349 875 1595 432 499 917 489 614 1139 650 1231 1334 455 1517 802 784 640 620 903 1146 1192 1444 1199 754 1247 1575 762 559 624 1059 797 1067 525 1025 452 1375 1179 946 924 907 741 458 595 979 1218 1176 593 458 875 1269 438 806 912 530 1144 718 1367 651 846 1183 1219 633 1037 1144 685 1507 1195 556 750 1580 1251 1010 1347 485 995 515 784 429 1370 1256 917 442 1392 604 745 1472 524 712 1078 1076 1477 1613 473 517 590 1375 1388 1336 1186 720 630 445 820 454 718 1545 1272 1397 556 580 1212 902 492 476 1311 1195 648 935 1405 1037 569 972 1381 1550 542 1124 1121 935 1318 1081 1023 675 752 825 445 735 1543 900 1229 1402 1389 625 891 1336 510 1131 1544 1101 1248 1502 487 1149 1452 416 1027 539 1360 1065 1457 577 1219 1197 1138 618 662 893 546 745 1414 1055 1321 1010 1179 645 1342 725 1524 649 1644 1108 390 1179 1022 1178 878 430 543 516
1263 1340 2043 833 1886 1291 892 1142 903 866 1242 2407 1297 1158 1816 1751 2142 1286 1418 360 955 849 1587 1269 1733 1345 1350 1504 1063 1017 2423 2079 1863 1414 1857 1247 1367 2432 1969 2146 515 1839 1137 1225 2299 2213 1109 1857 2273 1316 917 1195 2094 1161 999 950 1310 1917 1255 1747 1548 2323 1481 991 1951 1464 1271 1399 619 1625 2179 1246 593 425 1346 1685 1884 1092 1354 580 1464 2238 1094 2256 885 1990 1674 1427 946 811 1579 1427 1493 888 1337 914 2065 1182 1544 1706 1329 1628 997 1545 1875 857 1319 1220 1889 2310 2247 1120 1194 1181 1257 1237 1562 1334 1158 1659 754 1357 1495 1006 1304 1661 1723 1197 940 1403 1331 1620 1510 1327 1597 1416 933 1399 2230 1579 1423 1191 532 846 1046 1219 1569 1363 1475 1864 1583 1967 1426 466 2234 1996 1728 1613 1687 1423 1283 823 1785 1218 1630 1320 1504 537 1354 1077 985 1286 1707 1203 2419 1315 1903 882 1799 1363 1673 2169 1268 1211 854 1384 1808 542 1836 783 488 1360 808 1267 1089 1447 1994 1439 1326 1337 2450 1599 1068 1200 1300 1315 714 1029 1849 1008 1529 1283 1643 1590 2368 989 1244 1562 1271 1333 1312 1327 1471 982 2324 1098 1592 1208 565 1508 1384 1302 1947 782 1220 1214 2442 1706 1214 1921 2016 504 1597 1544 1661 1918 2284 1909 1830 1586 1677 958 1503 1367 1337 1589 698 1278 1474 1354 1940 2231 1291 1421 1045 725 2271 1952 1545 1433 2405 1439 1646 1242 2343 2112 2225 1290 2271 752 1802 1179 1560 1931 1303 1653 2066 2093 2055 2066 1856 1475 2374 1053 2251 1313 999 2024 1433 695 764 2139 1144 1366 1336 1503
1329 1258 1761 1390 1774 1315 1447 629 1228 1186 1059 2456 1407 1286 1612 1826 2163 1489 1458 955 360 637 1695 1618 1661 1412 1292 1578 1063 1249 2553 1863 1936 1464 1452 1533 872 2259 1949 2126 1056 2118 551 1323 2484 2363 1092 1912 2102 1173 821 1329 2259 1262 471 912 1393 2287 1456 2009 1638 2198 1028 746 1970 1115 1333 1473 1210 1156 2488 982 747 1020 1096 1406 2032 1276 795 1173 1694 2091 1209 2112 1470 2302 1678 1628 1209 655 1184 1638 1716 520 1413 1452 1710 1639 1613 1831 1371 1699 1100 1546 2124 587 1212 1280 1519 2485 2113 825 1482 1258 1006 1257 1215 1516 1672 1439 1348 1429 1463 1339 1397 1633 1372 1168 588 903 1408 2103 1306 1143 1719 1589 1227 996 2121 1059 994 1080 966 1440 1254 1289 1696 1742 1719 1597 1598 2115 1416 852 2168 1935 1498 1363 1560 1514 1237 1127 2118 1665 1595 1383 1258 853 1428 1345 908 1288 1349 1113 2334 1514 1875 1363 2128 1263 1966 2043 1486 1761 635 1530 1797 929 1459 929 1048 1468 1121 1312 1344 1449 2317 1876 1060 1380 2420 1532 1085 1743 1421 1179 904 1454 1372 1598 1545 1300 1679 1100 2486 500 1691 1744 1206 1388 1109 1397 1311 447 2329 543 1654 1248 951 1790 1360 1370 2263 671 1409 1561 2484 1988 1264 1746 2336 1054 1631 1167 1993 1774 2079 2127 1576 1734 1825 1065 1528 1206 752 1847 1199 1790 959 1538 1970 1971 1308 1027 1622 837 2339 1491 1572 1031 2549 1503 1337 1332 2458 2034 1883 1252 2279 1238 2095 1320 1442 1852 1440 1509 1682 2140 2330 2022 2147 1647 2244 1159 2538 1218 1592 2192 1457 1159 1063 1944 1465 1389 1298 1598
1060 1016 1616 1200 1556 1051 1252 675 968 927 843 2203 1134 1010 1426 1563 1914 1212 1195 849 637 360 1425 1349 1428 1143 1045 1312 793 974 2287 1687 1674 1199 1380 1259 880 2070 1707 1886 892 1841 736 1049 2211 2094 827 1653 1910 947 550 1053 1987 987 745 639 1122 2015 1178 1732 1370 1991 992 527 1719 996 1064 1204 1103 1136 2211 802 739 905 915 1253 1761 998 894 1036 1417 1890 933 1910 1304 2025 1426 1351 939 805 1100 1360 1439 477 1144 1247 1607 1392 1348 1561 1105 1435 823 1292 1847 409 976 1010 1423 2213 1908 652 1208 985 820 992 1097 1239 1446 1257 1227 1160 1215 1074 1125 1388 1260 909 462 917 1138 1856 1112 933 1448 1313 961 915 1907 1094 936 838 783 1295 978 1018 1424 1475 1441 1441 1342 1845 1161 746 1941 1704 1322 1193 1343 1244 985 870 1844 1415 1351 1114 1082 689 1159 1072 642 1027 1242 867 2115 1237 1634 1136 1853 1027 1689 1834 1209 1552 364 1255 1551 912 1367 663 896 1196 865 1044 1069 1193 2041 1619 886 1114 2186 1295 814 1530 1147 952 655 1204 1360 1436 1288 1037 1421 1101 2221 559 1440 1468 957 1120 905 1128 1098 720 2085 669 1391 979 755 1514 1106 1100 1986 429 1132 1293 2232 1711 994 1551 2060 984 1372 1069 1718 1568 1902 1851 1413 1461 1552 788 1269 989 907 1570 994 1560 989 1262 1716 1818 1045 939 1440 585 2081 1464 1314 950 2281 1237 1199 1059 2193 1809 1773 998 2033 1023 1818 1043 1219 1625 1165 1297 1597 1885 2053 1787 1870 1371 2039 882 2261 978 1439 1920 1196 943 811 1760 1195 1127 1046 1329
605 858 1329 1449 903 743 1445 1575 1066 1093 1069 1180 658 797 1056 528 926 682 608 1587 1695 1425 360 914 759 642 814 484 992 931 1223 1214 637 597 1515 806 1561 1401 807 960 1468 916 1719 741 1152 1028 962 638 1267 970 1235 756 926 807 1806 1146 663 1219 706 808 423 1238 1498 1316 750 1290 721 582 1679 1572 1268 1187 1679 1586 1130 1175 699 854 1709 1576 636 1200 871 1211 1585 1114 589 589 1004 1840 1394 606 617 1536 641 1395 1503 1173 464 496 686 444 984 603 873 1473 910 775 1447 1151 1188 1290 834 802 1164 799 1293 628 1346 1050 1701 625 687 998 662 652 1336 893 1470 1580 647 1410 1015 1028 395 557 1026 1388 1138 1684 1441 1002 1415 1660 901 767 403 982 662 1207 562 781 684 1560 1085 886 1083 1103 862 540 844 1126 1022 1151 666 671 1095 1456 626 894 1146 776 1346 966 1271 657 768 1257 1020 874 845 1114 709 1502 1426 564 678 1760 1438 1207 1499 594 1142 742 876 649 1148 1167 1162 677 1251 734 970 1467 651 958 1270 1116 1690 1667 578 758 517 1611 1160 1577 1153 524 879 667 1065 657 937 1781 1110 1642 459 807 1384 757 736 684 1090 1418 732 921 1215 834 791 1042 1156 1708 521 1352 946 981 1336 836 1166 450 505 1024 572 975 1792 718 1347 1372 1633 613 731 1401 752 1372 1583 1305 1044 1701 548 1390 1215 555 1229 729 1132 1000 1573 826 1058 1305 924 770 840 869 644 891 1571 869 1082 917 958 520 1288 920 1281 896 1703 861 622 1306 1183 1213 906 678 791 456
835 1125 1811 965 1435 959 943 1614 756 800 1250 1646 820 813 1529 1066 1444 656 953 1269 1618 1349 914 360 1274 895 1092 928 1028 743 1584 1733 1153 936 1880 501 1705 1954 1359 1501 1119 934 1718 845 1426 1370 1036 1171 1817 1209 1199 791 1246 854 1717 1121 865 1031 664 854 923 1793 1710 1325 1292 1547 898 894 1263 1826 1270 1354 1442 1242 1362 1563 1077 757 1806 1172 654 1752 857 1764 1083 1081 1123 684 769 1650 1677 668 682 1465 879 889 1947 619 953 966 934 994 926 1063 982 1396 1158 904 1843 1442 1742 1373 525 886 1341 966 1595 695 794 1459 1242 889 1093 643 848 1165 1697 1040 1434 1736 878 942 1360 1267 898 729 751 1591 1692 1886 1642 1151 1119 1171 752 889 874 491 642 1658 1057 1148 1036 1290 1635 1440 1513 1477 1332 871 1065 858 879 596 1160 898 1418 1207 883 644 1150 993 1697 1124 1818 662 1323 790 891 1157 768 1667 629 948 1352 767 1231 1451 1816 1049 1149 828 868 927 654 1022 1087 676 1377 933 1774 1194 1004 913 800 1198 1079 622 2001 1141 1032 968 1056 1839 1542 1544 600 788 1091 912 1289 888 1277 1692 1622 1644 988 937 1105 621 1047 889 1038 1307 692 417 1684 804 921 1554 1108 1350 1036 1630 752 1506 1878 1033 1615 853 913 946 1005 1246 1857 712 947 819 1804 694 1269 1920 969 1589 1047 1143 1503 2048 1020 1608 1555 920 1585 855 1521 1554 2050 1052 1572 893 895 786 1253 1418 772 1338 1997 1371 1148 1470 948 754 1843 891 1342 1140 1181 1179 983 935 927 1747 514 970 1059 894
741 773 932 1721 526 806 1730 1472 1295 1306 962 1178 860 971 668 714 883 990 710 1733 1661 1428 759 1274 360 787 750 706 1036 1146 1346 820 764 722 1172 1144 1379 1078 656 827 1649 1286 1628 900 1362 1208 991 720 925 848 1250 951 1151 952 1770 1177 826 1605 997 1188 723 951 1271 1279 710 1056 841 757 1886 1305 1603 1054 1760 1751 954 844 963 1059 1546 1783 1025 875 1014 891 1863 1474 531 962 1214 1873 1123 981 1011 1519 800 1685 1115 1522 685 819 780 678 1098 578 1224 1470 812 883 1087 1348 878 1201 1153 924 1029 856 1020 942 1689 718 1939 783 599 1267 839 470 1009 901 1436 1388 804 1805 762 882 791 908 1250 1184 857 1445 1230 950 1567 1923 1109 889 801 1363 1055 824 577 1017 670 1677 873 635 725 797 504 767 816 1317 1411 1506 477 802 841 1572 788 1156 1157 806 1025 923 1051 976 583 1534 1407 761 1239 799 1020 1847 1427 868 538 1884 1090 1312 1676 823 1332 835 1135 657 1513 1555 993 774 1119 495 1027 1812 872 841 1381 1424 1374 1963 607 813 602 1360 1272 1525 1513 923 836 786 919 802 721 1748 1033 1558 662 888 1530 1154 709 820 1457 1447 995 1266 1201 1224 885 644 1517 1871 604 1090 1344 591 970 1161 786 848 867 1135 635 818 1645 1117 1573 1732 1422 940 722 1008 805 1158 1893 1390 1084 1359 614 1172 1360 723 918 882 1243 743 1175 806 985 1544 1303 966 583 559 890 556 1190 886 1414 720 1329 899 1003 1046 1594 810 1995 1107 684 1520 1353 834 1221 738 759 743
323 618 1281 1293 953 466 1303 1298 870 885 808 1436 438 551 1000 783 1160 598 438 1345 1412 1143 642 895 787 360 576 529 709 721 1503 1224 896 430 1358 754 1304 1504 985 1161 1243 1138 1439 480 1434 1311 679 881 1352 724 953 524 1208 543 1523 864 398 1399 592 1024 586 1368 1261 1034 967 1067 440 421 1472 1354 1508 926 1413 1353 889 1032 981 634 1442 1368 738 1301 611 1316 1436 1337 691 655 791 1564 1186 674 744 1254 376 1259 1412 1120 567 779 412 655 716 572 1117 1191 664 495 1313 1434 1301 1014 748 528 905 517 1093 571 1279 924 1517 377 565 841 413 692 1174 614 1187 1326 378 1468 835 786 668 594 825 1145 1270 1446 1199 729 1174 1497 684 490 647 1007 771 1124 600 1064 501 1305 1256 1024 978 947 809 463 580 902 1202 1111 670 388 902 1199 378 730 863 503 1177 693 1444 598 922 1106 1205 645 1022 1222 625 1436 1144 524 825 1510 1290 942 1272 441 918 460 708 495 1365 1204 916 406 1465 676 689 1402 455 712 1009 1003 1502 1537 550 481 658 1382 1438 1294 1122 722 615 387 819 377 751 1498 1341 1362 613 524 1139 874 515 404 1306 1139 577 872 1469 1027 509 1045 1378 1475 612 1140 1098 1010 1394 1099 1081 691 777 757 521 746 1520 886 1151 1336 1384 582 957 1406 476 1133 1469 1036 1307 1534 561 1152 1497 456 1062 463 1410 1142 1518 563 1288 1119 1132 540 718 971 482 807 1463 1118 1329 1086 1176 634 1420 654 1536 648 1568 1142 463 1101 947 1253 809 436 545 546
506 404 1124 1399 896 492 1420 1136 968 968 618 1523 638 664 856 910 1231 804 568 1350 1292 1045 814 1092 750 576 360 689 648 828 1636 1109 1013 583 1148 951 1107 1443 1022 1201 1278 1346 1286 610 1595 1460 602 985 1284 516 862 669 1369 628 1403 786 593 1615 789 1233 751 1335 1050 905 1038 851 553 615 1520 1138 1711 734 1369 1373 679 833 1144 751 1256 1419 954 1247 672 1265 1542 1546 747 872 882 1487 969 891 959 1142 590 1382 1227 1296 714 945 526 790 726 616 1317 1088 456 559 1111 1590 1257 851 934 592 710 503 876 784 1442 741 1588 590 531 976 610 703 965 513 1064 1127 588 1672 628 576 846 811 924 937 1244 1236 991 571 1189 1589 792 572 833 1212 988 954 670 1222 493 1289 1262 1023 804 746 699 661 426 965 1418 1293 666 562 688 1185 594 876 768 461 966 538 1442 809 949 1225 1420 428 1237 1179 826 1596 1044 740 866 1496 1083 927 1303 658 978 526 855 529 1575 1407 709 530 1501 614 641 1563 659 504 996 1154 1285 1655 621 485 755 1169 1566 1162 1307 927 447 551 612 576 546 1379 1400 1212 745 540 1151 1091 437 566 1517 1059 760 1061 1552 1240 548 939 1587 1491 708 924 1315 929 1303 1289 912 883 959 759 611 529 1342 1100 1227 1513 1180 798 1038 1279 483 923 1600 1000 1408 1321 652 942 1637 624 853 598 1537 1134 1350 422 1349 1207 1343 678 575 950 689 672 1270 1209 1529 1104 1385 846 1385 687 1732 442 1680 1307 551 1170 988 1158 983 506 393 724
493 733 1259 1411 866 623 1414 1452 1005 1026 945 1269 567 706 979 613 997 652 484 1504 1578 1312 484 928 706 529 689 360 878 861 1335 1166 727 474 1410 801 1437 1398 838 1008 1395 1029 1597 642 1274 1146 845 714 1254 845 1122 670 1047 708 1690 1033 557 1320 665 918 422 1248 1375 1197 807 1169 610 469 1617 1453 1388 1062 1581 1509 1006 1072 821 777 1584 1513 689 1194 774 1207 1551 1229 560 618 934 1734 1276 638 681 1421 532 1366 1419 1179 399 619 567 485 883 505 993 1359 785 665 1348 1272 1188 1166 816 697 1039 680 1177 600 1348 950 1651 514 573 954 561 596 1229 773 1352 1456 538 1465 900 904 517 562 962 1265 1148 1561 1318 879 1333 1620 827 659 506 1018 721 1123 488 901 560 1470 1116 895 990 996 781 442 719 1052 1122 1162 594 558 978 1364 516 844 1031 653 1237 842 1305 635 784 1220 1121 750 941 1111 682 1506 1312 525 686 1673 1335 1110 1425 507 1068 627 824 526 1261 1211 1038 558 1309 643 858 1471 567 833 1175 1094 1578 1642 475 638 505 1490 1269 1458 1168 616 754 551 941 546 820 1665 1180 1521 447 693 1300 825 611 573 1203 1308 676 923 1301 936 678 988 1271 1631 471 1233 1034 937 1311 960 1080 558 629 924 458 851 1667 807 1288 1387 1509 596 795 1353 631 1249 1565 1204 1138 1594 454 1267 1331 434 1120 626 1241 1014 1502 702 1127 1252 1032 686 736 858 573 800 1482 951 1203 945 1070 562 1300 821 1404 771 1676 983 497 1243 1103 1178 886 554 667 403
