140 465 681 749 857 355 871 696 444 924 687 791 487 965 967 941 1392 1379 1270 662 1350 462 728 465 300 384 545 372 994 869 211 693 825 329 589 1072 859 946 555 566 418 1363 464 357 689 573 658 651 321 786 380 247 202 1051 1239 515 876 1335 1269 286 1190 201 894 762 484 1034 1339 481 1264 445 302 891 729 1030 812 418 892 821 1305 363 492 1371 1386 613 615 786 1101 830 538 936 333 1062 1087 1386 1100 944 372 784 947 510 1392 1074 355 281 938 960 201 473 1046 697 462 573 571 1272 253 783 965 1240 309 1377 1243 653 981 1284 998 480 580 1219 995 311 1017 955 351 1170 815 935 274 1040 803 1343 844 1309 1180 440 1222 693 1172 486 1238 1334 1369 1284 1272 1189 798 1386 797 570 374 573 529 356 652 995 524 816 429 880 1179 832 371 309 732 1363 628 255 340 269 1006 1082 543 1119 557 325 1174 669 679 722 558 1324 1208 891 499 569 1038 522 649 1301 725 362 568 250 230 578 1057 1096 251 1237 1131 483 1354 400 1307 234 515 681 922 995 1035 1377 964 1104 260 1302 431 980 548 1158 754 593 1079 871 870 650 794 455 297 1264 1064 874 450 731 806 588 536 992 1094 705 676 707 608 830 1300 213 1281 227 1279 1170 457 730 376 1114 388 1210 1217 1393 1343 669 787 577 524 276 282 1051 474 345 1081 621 551 1350 1291 206 612 254 1192 915 1220 1109 935 733 743 500 292 973 679 224 708 467 362 836 864 1210 321 752 1122 611 1192 365 601 239
565 360 815 1155 875 706 926 1101 772 1345 1003 1200 892 1207 1322 1003 1292 1796 1315 845 1527 724 1150 889 536 441 812 796 1119 956 636 588 736 677 552 1066 892 1340 961 686 644 1735 876 644 933 562 1052 707 742 1211 524 643 626 1125 1191 843 1290 1230 1165 702 1604 624 837 662 898 1438 1288 561 1505 693 574 1156 1142 1368 1047 798 832 1184 1239 546 814 1351 1634 754 661 1197 1290 1176 818 1203 758 1052 1494 1367 1000 996 737 1208 900 934 1578 1165 547 667 1039 1304 624 687 1351 610 686 913 782 1596 673 1136 1138 1325 610 1798 1166 1027 1235 1471 897 809 646 1129 1023 563 1242 1304 481 1531 1201 1304 682 1405 715 1470 739 1699 1595 467 1460 1064 1584 902 1535 1759 1634 1189 1209 1354 966 1313 863 994 519 542 868 533 675 994 932 866 432 1034 1379 727 737 637 631 1738 764 590 765 650 1370 1093 967 1015 778 610 1116 1051 1078 1145 896 1698 1609 1158 905 991 1309 853 763 1539 1150 602 737 635 653 519 1045 1138 616 1649 1356 514 1524 810 1642 634 940 1020 854 1242 1438 1352 883 1262 668 1665 449 1386 746 1560 1149 504 1120 1151 1284 1025 713 422 712 1535 1327 870 808 732 1127 538 950 1282 1075 850 975 670 899 1086 1721 614 1680 608 1364 1115 821 762 757 1435 474 1592 1604 1644 1284 1089 1101 526 513 701 703 947 899 751 1189 1047 822 1704 1468 627 945 645 1535 822 1645 1357 1280 1149 750 879 713 971 1072 601 1023 844 462 1261 1009 1475 504 722 1248 1008 1173 500 861 630
781 815 360 1058 628 997 585 1277 1086 1430 1329 1358 1092 787 1055 1459 1381 1681 963 447 1071 609 1248 1019 852 803 1178 946 676 555 849 900 870 739 682 1506 607 1168 1151 491 624 1965 1060 981 579 1017 1260 509 928 1267 699 806 840 734 1591 697 1206 1402 1309 836 1482 842 1247 883 914 1598 1156 1000 1900 609 745 767 1080 1061 1442 1053 816 1445 1611 699 1134 1775 2024 1188 1116 1115 836 1462 1174 811 916 1489 1348 1140 1286 652 752 1278 1317 996 2008 1620 706 788 616 1017 842 572 992 1008 585 1213 506 1908 838 899 683 919 928 1855 1519 1276 1619 1900 1190 694 1097 1448 722 897 1647 1583 841 1787 1419 1551 817 1145 1092 1921 1020 1477 1478 906 1857 889 1454 1066 1880 1731 1212 1486 1124 1792 1397 1668 1318 1096 909 678 723 714 565 1438 1118 551 751 578 1800 974 1012 941 881 1476 415 867 897 910 1117 1539 1070 1259 524 716 1026 1285 975 1144 1199 1434 1768 771 892 1116 1679 704 1207 1100 1200 680 1158 798 862 965 1482 798 883 1768 915 962 1069 856 1939 813 1033 792 1251 1631 1599 1771 928 807 898 1914 733 1539 1152 1391 1017 781 784 1512 1202 875 822 872 922 1123 918 1316 1090 1184 829 987 948 909 875 1286 691 679 645 698 1786 831 1847 816 1820 1511 757 546 1013 1091 736 1803 1804 2032 1177 1210 798 974 969 866 900 1131 985 825 1642 1108 597 1969 1012 848 1253 800 1821 1166 1664 931 1566 1098 598 806 852 1415 951 827 1350 1100 804 1273 1450 1060 814 676 806 920 1601 733 1234 806
849 1155 1058 360 1325 953 1280 839 995 814 1111 857 825 991 691 1602 2024 1008 1609 977 1416 862 713 729 1009 1077 1110 779 1249 1230 901 1373 1457 840 1202 1766 1306 566 820 1039 922 1436 801 1016 873 1282 882 1146 832 663 1008 877 907 1378 1946 733 509 2000 1921 823 811 911 1604 1419 626 1034 1853 1183 1683 887 941 897 417 785 1324 905 1468 1068 2015 982 1015 2067 1777 1266 1311 417 1196 1121 1091 914 803 1759 698 1833 1795 1339 781 689 1655 638 1885 1703 978 849 1250 719 910 923 887 1401 912 1011 919 1515 856 608 1136 1509 993 1177 1952 954 1425 1786 1691 751 1273 1924 1416 1016 1499 1194 1057 1320 984 1118 839 723 1507 1918 1526 927 804 1149 1652 543 789 772 1550 1032 1240 1985 1815 1730 1391 2096 1467 679 1082 1187 703 990 1183 1689 807 1250 1097 1123 1674 1503 932 974 1396 997 1037 962 781 927 693 1768 681 1802 904 910 1716 935 444 525 1011 962 1179 893 611 714 1438 723 1310 1243 622 932 1213 884 889 1287 1754 1471 945 1138 1140 1192 1433 710 1512 889 672 648 1631 1446 1037 2075 1567 1264 897 1418 1089 977 1178 768 423 1252 1460 1297 504 544 1415 1160 864 1136 1005 1573 948 1433 717 1297 577 891 1574 1337 755 1287 776 890 1116 916 1257 917 1902 1879 709 1220 906 896 1048 1270 1257 1778 1872 730 730 1286 1233 838 857 1712 678 767 1694 616 824 1490 1368 910 1041 873 1394 1617 975 1073 1194 440 1260 646 817 1669 467 928 1124 909 1057 619 1469 1106 1021 1313 1338 512 1890 1020 1149 890
957 875 628 1325 360 1161 458 1496 1245 1676 1490 1584 1296 984 1313 1477 1136 1949 800 714 1129 846 1488 1241 988 905 1313 1157 704 536 1027 837 715 950 684 1466 397 1436 1361 669 826 2177 1268 1123 841 1050 1468 567 1125 1516 840 994 1016 636 1499 956 1473 1184 1085 1040 1750 1017 1187 773 1158 1828 888 1077 2020 834 914 995 1343 1309 1561 1235 598 1638 1491 854 1292 1701 2149 1269 1160 1380 947 1645 1315 1032 1122 1446 1616 894 1131 497 981 1524 1258 1234 2090 1648 861 988 610 1272 1017 792 1221 970 806 1383 766 2083 1032 1165 806 831 1074 2111 1390 1470 1747 1984 1050 948 1153 1300 507 1032 1758 1771 956 1987 1628 1751 1017 1404 1022 1963 902 1737 1746 982 1975 1158 1722 1281 2036 1997 1375 1323 856 1863 1480 1534 1349 1329 1018 693 985 863 568 1408 1328 442 840 707 1894 848 1183 1095 790 1728 648 1022 1109 1078 1376 1511 1302 1083 781 902 759 1485 1241 1400 1368 1686 2001 999 1141 1344 1818 965 1274 1242 1449 863 1253 985 1043 981 1439 624 1045 2010 1064 1028 1116 1089 2122 997 1266 1061 1177 1755 1829 1691 708 869 1077 2118 826 1770 1259 1658 1285 767 605 1655 1468 1142 676 937 1110 1303 1115 1299 1263 1190 1089 1003 1198 1134 612 1363 958 584 913 934 2040 1004 2078 989 1834 1418 1006 486 1192 1323 853 2020 2025 2158 908 1443 1058 993 1015 1064 1091 941 1217 1047 1680 1352 861 2167 1076 1022 1421 990 2008 1061 1924 1107 1750 1361 485 1062 1056 1388 1217 996 1511 1284 916 1530 1518 1240 944 539 809 1183 1540 865 1366 990
455 706 997 953 1161 360 1181 760 449 1019 693 859 557 1266 1217 1011 1633 1542 1581 977 1661 774 831 598 539 637 557 534 1310 1183 509 924 1082 635 870 1176 1166 1159 622 879 733 1393 552 435 995 729 706 958 487 907 681 556 516 1364 1369 805 1056 1557 1501 553 1364 514 1045 1007 695 1093 1624 617 1270 759 613 1187 918 1289 822 452 1170 844 1450 669 496 1476 1391 673 728 976 1411 845 547 1230 518 1170 1278 1684 1297 1255 661 897 1086 678 1406 1125 661 583 1253 1218 514 788 1324 890 777 582 884 1283 533 1042 1278 1555 456 1469 1402 682 987 1299 1199 772 689 1395 1303 503 1026 972 587 1193 854 962 560 1281 988 1375 1064 1520 1353 632 1228 942 1350 584 1244 1462 1659 1466 1550 1210 829 1537 874 694 556 856 812 658 953 1100 598 1125 699 1195 1192 1063 391 429 974 1587 943 498 546 446 1247 1175 673 1329 870 640 1455 704 898 881 567 1551 1263 1187 723 678 1042 809 717 1600 855 677 621 561 498 763 1166 1406 476 1307 1434 648 1666 636 1321 545 660 954 1080 1001 1093 1486 1229 1418 463 1327 708 1043 590 1354 973 850 1389 876 1050 898 1058 669 463 1552 1358 987 464 853 1083 764 738 1277 1390 752 968 993 906 1130 1391 525 1333 540 1328 1307 734 1035 418 1382 672 1247 1258 1398 1624 766 1068 758 694 519 482 1282 637 604 1124 761 857 1371 1602 509 620 562 1208 1103 1332 1407 950 916 1042 758 544 1079 907 530 714 498 619 973 901 1501 582 1041 1437 839 1301 656 611 552
971 926 585 1280 458 1181 360 1492 1268 1655 1514 1577 1300 893 1241 1547 1225 1891 760 662 1033 828 1471 1235 1016 943 1346 1157 606 439 1040 919 811 947 743 1549 421 1377 1362 666 824 2179 1269 1152 779 1112 1471 586 1131 1492 862 1003 1030 560 1591 922 1427 1280 1181 1042 1694 1031 1272 863 1138 1818 942 1127 2062 822 929 911 1304 1230 1601 1249 697 1649 1587 872 1316 1791 2189 1320 1220 1337 849 1660 1346 945 1123 1529 1557 914 1229 433 969 1503 1344 1218 2144 1716 880 991 512 1198 1031 781 1135 1049 795 1403 732 2103 1038 1103 709 760 1101 2081 1486 1479 1785 2037 1146 919 1210 1398 496 1062 1802 1785 991 1995 1630 1759 1021 1331 1108 2028 995 1664 1690 1031 2017 1107 1665 1279 2064 1953 1277 1422 924 1920 1532 1631 1415 1317 1057 748 949 883 610 1489 1329 419 880 613 1944 941 1201 1119 876 1649 622 1044 1108 1096 1305 1592 1290 1182 749 909 831 1491 1198 1369 1388 1608 1990 916 1117 1334 1852 930 1329 1143 1425 870 1299 994 1055 1047 1522 585 1065 1992 967 1080 1022 1076 2138 1007 1254 1005 1265 1795 1820 1782 806 771 1090 2124 864 1759 1302 1595 1236 835 568 1687 1423 1096 769 988 1120 1207 1022 1376 1281 1261 1019 1069 1173 1048 659 1416 899 662 864 854 2012 1018 2068 1004 1907 1510 981 524 1207 1238 885 2019 2021 2198 968 1431 989 1058 1073 1069 1099 1039 1205 1040 1746 1332 823 2176 979 1037 1442 997 2023 1153 1889 1012 1765 1323 551 1032 1058 1468 1173 1012 1535 1297 952 1499 1575 1145 974 623 717 1145 1628 892 1401 1000
796 1101 1277 839 1496 760 1492 360 725 638 684 458 570 1397 1169 1280 2033 1244 1880 1225 1826 1028 506 617 927 1026 787 698 1557 1472 845 1323 1475 906 1245 1491 1492 1018 501 1189 1030 1048 591 833 1182 1119 432 1289 736 597 1034 866 856 1649 1711 971 854 1957 1901 816 1101 856 1418 1404 744 698 1994 1006 1208 1030 952 1303 782 1263 905 667 1548 589 1807 1014 707 1780 1298 981 1090 822 1584 643 766 1334 735 1491 1063 2030 1691 1564 884 571 1447 657 1424 1335 1006 868 1524 1194 856 1071 1352 1287 1057 635 1135 1048 828 1053 1483 1820 853 1074 1772 511 964 1331 1596 957 1053 1779 1625 899 1048 719 980 882 515 654 839 1198 1382 1494 1464 1330 1088 1033 1180 952 1099 575 1072 1106 1708 1852 1928 1294 1021 1898 1174 556 956 1230 957 1010 1299 1420 532 1443 1081 1430 1220 1463 728 825 1372 1429 1232 875 746 812 1171 1473 576 1727 1118 955 1831 480 845 682 646 1401 871 1301 776 527 966 968 1028 1693 592 994 932 876 826 1161 1488 1714 848 907 1562 1044 1838 781 1057 866 611 1026 1456 987 699 1795 1618 1624 800 1002 1086 644 892 1143 894 1242 1699 840 849 919 1447 1069 759 1602 1445 1325 672 1211 1142 1160 735 1339 1741 1012 1099 1363 1070 1269 995 869 945 881 1515 1659 894 1370 705 1372 1044 886 889 1299 1999 468 1143 1154 1090 795 774 1682 655 812 1311 590 1064 1063 1771 851 643 869 937 1496 958 1509 716 763 1391 866 800 1403 872 880 688 626 1006 685 1098 1565 965 1407 1672 833 1618 1021 796 873
544 772 1086 995 1245 449 1268 725 360 998 605 822 550 1350 1277 970 1685 1555 1669 1066 1748 863 821 626 618 711 480 589 1399 1272 598 977 1146 723 946 1155 1251 1202 601 967 822 1323 561 488 1081 755 662 1044 558 905 766 644 606 1453 1361 886 1085 1599 1548 636 1384 604 1054 1066 751 1045 1698 642 1181 848 702 1269 955 1354 738 450 1242 772 1450 756 407 1452 1302 639 727 1012 1498 766 465 1311 586 1151 1308 1764 1327 1342 745 890 1087 717 1323 1069 748 670 1342 1282 604 878 1397 927 866 501 973 1198 619 1108 1366 1644 531 1440 1410 620 898 1216 1233 855 689 1414 1388 576 940 893 659 1119 796 892 646 1337 1018 1304 1110 1558 1373 684 1140 1006 1373 594 1156 1454 1737 1487 1621 1132 762 1539 842 706 614 933 891 744 1036 1079 587 1212 775 1284 1108 1115 441 510 1032 1633 1032 583 615 535 1304 1147 690 1366 959 730 1528 647 949 903 485 1597 1211 1268 782 682 953 890 686 1682 861 766 586 651 587 801 1147 1493 564 1265 1518 684 1753 705 1239 635 687 1027 1092 913 1044 1464 1295 1507 551 1253 786 998 548 1386 1023 917 1476 787 1079 961 1125 727 543 1629 1438 974 416 851 1157 798 788 1354 1470 701 1049 1069 989 1213 1361 615 1278 630 1269 1304 812 1119 457 1450 753 1182 1196 1309 1696 755 1144 794 729 602 564 1331 677 682 1063 777 943 1293 1689 598 536 651 1128 1132 1316 1489 870 949 1125 830 626 1061 962 619 626 464 695 979 838 1579 662 1119 1527 895 1281 739 530 641
1024 1345 1430 814 1676 1019 1655 638 998 360 947 555 821 1444 1118 1555 2276 995 2020 1363 1870 1190 556 819 1169 1266 1065 912 1672 1620 1072 1572 1709 1097 1465 1769 1666 919 759 1368 1216 988 831 1095 1287 1387 710 1475 963 525 1250 1080 1083 1786 1989 1096 742 2212 2150 1023 885 1085 1693 1646 878 587 2194 1273 1384 1202 1167 1348 763 1215 1161 929 1764 779 2085 1226 984 2057 1450 1259 1365 769 1646 844 1045 1368 951 1769 892 2207 1956 1722 1057 512 1724 802 1626 1600 1220 1072 1657 1157 1084 1244 1333 1550 1230 913 1283 1123 1044 1063 1573 1936 1106 813 2048 783 1181 1543 1859 1095 1328 2051 1791 1149 1274 853 1224 903 675 759 1046 1116 1648 1732 1719 1153 872 1289 1364 985 893 802 1194 829 1678 2123 2138 1527 1291 2175 1452 716 1211 1449 1073 1226 1496 1698 781 1613 1313 1543 1436 1712 987 1079 1615 1269 1394 1115 952 1055 1097 1750 744 1987 1266 1159 2038 749 866 664 925 1249 724 1345 898 714 1159 1090 1306 1694 590 1195 1210 1090 1054 1423 1766 1866 1089 698 1595 1307 1887 949 1102 1085 777 1084 1730 1205 591 2073 1844 1707 1036 981 1314 539 1170 967 878 1478 1853 1069 741 968 1676 1321 992 1578 1459 1604 943 1488 1170 1424 842 1345 1928 1289 1180 1576 1177 1334 736 1096 803 1106 1772 1937 1033 1556 961 1324 1270 824 807 1447 2204 616 1181 1417 1354 1012 1002 1932 825 998 1572 684 1197 1056 1821 1080 918 1082 994 1762 680 1528 866 739 1584 984 1008 1681 898 1108 947 895 1244 558 1367 1554 1202 1615 1773 893 1896 1244 1073 1090
787 1003 1329 1111 1490 693 1514 684 605 947 360 751 660 1564 1428 975 1882 1568 1914 1304 1975 1098 826 767 862 950 557 782 1640 1516 840 1188 1368 958 1185 1200 1497 1309 651 1212 1065 1112 692 727 1307 934 614 1290 775 918 1012 884 848 1698 1432 1101 1160 1777 1738 864 1423 847 1181 1282 919 910 1931 836 959 1086 947 1478 1060 1514 582 642 1475 582 1539 1001 557 1478 1072 726 866 1110 1725 547 546 1517 796 1204 1377 2006 1487 1588 969 894 1194 855 1136 1013 994 906 1585 1442 847 1119 1578 1111 1106 480 1211 954 854 1278 1599 1888 775 1340 1520 532 682 1035 1403 1074 836 1546 1633 818 748 670 898 900 655 697 879 1473 1188 1176 1304 1642 1411 904 921 1173 1420 712 911 1416 1929 1623 1850 981 705 1632 889 792 844 1173 1100 990 1281 1134 666 1457 1016 1522 923 1318 677 755 1247 1734 1276 829 823 779 1442 1174 792 1539 1196 972 1759 563 1090 976 491 1703 1055 1476 955 757 719 1102 767 1888 901 1010 693 891 827 996 1202 1739 809 1136 1733 887 1982 903 999 875 810 1217 1224 701 908 1495 1518 1741 790 1033 1027 879 658 1458 1155 1146 1721 557 1155 1131 1352 950 771 1820 1640 1057 600 970 1346 987 939 1546 1711 722 1258 1308 1206 1428 1262 858 1110 873 1191 1390 1022 1365 678 1618 997 990 1011 1077 1926 772 1337 986 926 830 793 1526 826 898 988 858 1170 1065 1917 841 440 890 893 1294 1260 1696 643 1046 1369 1024 851 1120 1110 863 381 604 936 1006 780 1775 905 1359 1766 1052 1325 985 526 882
891 1200 1358 857 1584 859 1577 458 822 555 751 360 667 1448 1186 1361 2131 1183 1960 1302 1879 1109 504 703 1024 1124 877 789 1630 1553 940 1422 1573 994 1340 1577 1579 1016 599 1276 1118 974 687 931 1249 1217 522 1378 830 572 1128 959 951 1727 1800 1041 842 2056 2000 907 1055 952 1513 1502 812 604 2087 1104 1223 1114 1045 1353 799 1282 967 766 1643 599 1899 1107 802 1863 1302 1071 1185 830 1641 663 857 1381 827 1578 1035 2119 1789 1647 967 542 1540 726 1453 1405 1100 958 1601 1216 952 1155 1382 1386 1141 723 1214 1017 921 1088 1548 1893 952 978 1866 589 999 1365 1694 1031 1148 1875 1711 997 1089 705 1078 828 499 622 930 1205 1480 1544 1563 1302 1041 1131 1198 993 1057 667 1061 1025 1737 1949 2023 1340 1095 1990 1260 623 1055 1325 1025 1104 1390 1507 628 1529 1178 1501 1256 1562 827 924 1470 1409 1315 972 836 910 1180 1557 648 1826 1196 1046 1925 555 879 692 736 1383 778 1351 842 602 988 1038 1118 1732 595 1085 1024 969 921 1260 1575 1796 945 809 1610 1142 1892 861 1015 960 684 1077 1552 1023 605 1879 1714 1688 897 938 1182 548 984 1114 917 1339 1781 882 838 965 1544 1168 855 1632 1487 1416 770 1305 1185 1258 794 1377 1831 1096 1158 1458 1137 1325 899 964 853 976 1578 1751 967 1459 804 1393 1140 808 807 1301 2093 511 1189 1253 1188 888 869 1781 732 897 1377 633 1138 1004 1826 947 724 962 897 1594 871 1553 710 777 1481 932 891 1491 909 976 752 724 1103 656 1171 1599 1062 1501 1741 880 1703 1116 881 966
587 892 1092 825 1296 557 1300 570 550 821 660 667 360 1274 1131 1156 1824 1364 1694 1050 1693 845 635 467 717 816 652 505 1388 1287 636 1116 1265 713 1036 1345 1295 1030 428 993 835 1240 394 633 1030 926 532 1089 530 715 827 662 647 1466 1550 818 900 1753 1694 618 1195 648 1237 1195 620 908 1787 813 1256 842 746 1185 779 1216 861 469 1339 714 1638 808 556 1642 1365 829 913 834 1445 739 632 1222 536 1342 1124 1829 1494 1373 703 703 1274 556 1435 1243 800 669 1345 1143 647 881 1278 1088 867 548 957 1184 624 978 1329 1646 646 1272 1594 547 982 1332 1397 795 875 1591 1430 691 1046 854 770 1056 691 819 639 1181 1186 1453 1259 1379 1183 828 1220 873 1185 413 1176 1268 1629 1663 1719 1267 928 1726 1032 518 751 1020 812 802 1096 1270 400 1248 871 1263 1220 1256 525 618 1163 1460 1043 664 554 602 1149 1336 506 1526 940 753 1622 553 794 716 546 1427 1081 1183 656 491 1013 818 876 1592 670 793 776 671 618 961 1338 1524 638 1116 1443 845 1702 617 1209 660 514 919 1273 1001 908 1655 1408 1472 590 1184 876 855 738 1203 862 1032 1508 856 895 831 1237 862 550 1521 1343 1165 495 1038 1046 962 640 1248 1538 885 967 1155 923 1139 1194 660 1154 673 1438 1493 737 1170 499 1318 834 1084 1091 1369 1790 569 1039 955 892 592 567 1476 525 629 1231 590 899 1237 1636 642 583 666 1090 1301 1135 1401 839 770 1187 730 602 1251 812 671 676 448 796 789 1006 1476 755 1200 1509 753 1472 812 685 667
1065 1207 787 991 984 1266 893 1397 1350 1444 1564 1448 1274 360 786 1837 1759 1469 1065 728 790 870 1309 1172 1181 1170 1464 1142 714 814 1127 1326 1292 996 1106 1913 949 982 1311 894 940 2055 1239 1283 640 1406 1411 936 1155 1285 1057 1078 1123 869 2015 825 1105 1806 1708 1074 1287 1126 1666 1311 1021 1655 1441 1362 2163 896 1062 455 1040 737 1728 1286 1214 1611 2038 1044 1392 2192 2276 1531 1491 1042 566 1648 1453 443 1130 1898 1149 1351 1712 910 965 1307 1735 1103 2313 1986 1048 1046 772 734 1126 887 613 1426 892 1444 786 2083 1094 744 570 928 1233 1791 1947 1457 1882 2206 1617 855 1465 1875 988 1219 1931 1750 1193 1915 1552 1692 1066 862 1515 2267 1448 1182 1288 1277 2124 820 1255 1229 2088 1599 788 1912 1443 2114 1724 2096 1692 1201 1256 1100 824 1061 993 1842 1283 906 1136 641 2098 1402 1268 1234 1309 1143 823 1172 1102 1189 847 1941 1184 1681 792 1019 1358 1452 938 1142 1435 1103 1808 458 986 1233 1924 822 1560 697 1230 999 1490 1075 1132 1366 1891 982 1176 1770 529 1336 804 1021 2095 1091 1152 731 1673 1898 1658 2190 1328 653 1165 2026 1118 1597 1473 1161 929 1202 980 1761 1103 844 1245 1254 1167 695 492 1718 1332 1579 634 1386 1022 530 1170 1627 666 1104 721 496 1737 1120 1887 1108 2190 1935 902 958 1257 714 1105 1887 1878 2281 1476 1300 622 1373 1354 1108 1146 1547 1118 1029 1999 1175 774 2093 738 1131 1484 1071 1974 1593 1583 509 1741 1064 1010 904 1084 1819 907 1123 1583 1320 1163 1250 1788 633 1156 1093 748 928 2016 1090 1518 1086
1067 1322 1055 691 1313 1217 1241 1169 1277 1118 1428 1186 1131 786 360 1863 2076 1043 1485 969 1162 965 1042 1026 1217 1256 1397 1048 1123 1172 1122 1509 1542 1017 1304 1998 1285 575 1138 1097 1043 1746 1102 1265 836 1489 1210 1186 1089 984 1159 1083 1125 1274 2150 839 738 2088 1998 1046 862 1128 1798 1529 886 1344 1820 1407 2010 996 1117 715 748 456 1632 1192 1510 1399 2202 1136 1306 2295 2106 1527 1542 718 985 1451 1381 703 1058 1988 726 1756 1931 1281 961 1012 1858 935 2204 1982 1135 1049 1158 412 1128 1016 586 1571 1011 1319 958 1844 1077 546 984 1353 1230 1396 2126 1278 1746 2103 1828 873 1507 2078 1361 1238 1816 1526 1254 1644 1315 1448 1053 450 1674 2219 1655 783 864 1350 1977 635 830 1077 1881 1183 920 2129 1805 2038 1680 2275 1721 1000 1297 1292 814 1149 1237 1922 1121 1232 1253 1018 1991 1620 1203 1218 1515 786 1060 1183 1031 1168 424 2009 996 1920 951 1076 1711 1261 697 854 1317 744 1474 710 855 1036 1765 829 1568 948 951 1080 1477 1086 1117 1474 1982 1382 1174 1412 889 1402 1184 942 1838 1097 978 662 1817 1767 1348 2300 1620 1079 1137 1736 1240 1291 1448 735 636 1379 1376 1619 739 679 1495 1347 1116 821 740 1799 1238 1655 585 1490 853 630 1539 1610 733 1353 802 753 1351 1129 1549 1124 2185 2077 873 1241 1181 567 1208 1582 1565 2108 1849 1061 617 1477 1436 1072 1102 1807 968 985 1980 943 879 1809 1123 1130 1354 1077 1722 1774 1188 809 1525 769 1291 827 1046 1900 678 1138 1442 1207 1240 921 1755 803 1214 1363 1174 742 2116 1183 1442 1096
1041 1003 1459 1602 1477 1011 1547 1280 970 1555 975 1361 1156 1837 1863 360 1514 2155 1907 1484 2171 1330 1407 1237 1023 1027 866 1185 1758 1589 1104 1008 1185 1224 1166 599 1502 1809 1193 1329 1256 1638 1171 957 1557 802 1207 1344 1137 1497 1141 1147 1103 1747 842 1413 1695 1360 1361 1178 1991 1099 740 1096 1346 1520 1736 835 1081 1302 1140 1775 1565 1930 798 1060 1335 1187 962 1152 960 863 1204 697 706 1622 1933 1134 886 1821 1167 610 1919 1875 1056 1610 1273 1478 702 1325 1033 533 1149 1182 1675 1859 1100 1309 1945 874 1304 1006 1412 1362 1148 1682 1782 1946 994 1954 975 1132 924 942 1016 1378 731 1041 1618 992 858 1223 1004 1427 1270 1285 1173 1931 865 851 1023 2168 1979 920 1039 1588 1982 1204 1241 2025 2257 1118 1634 805 635 1055 505 1314 944 1163 1430 1136 1302 554 1187 1489 1069 1678 894 1067 1030 1005 1068 2238 1407 1046 1194 1055 1897 561 1300 1136 1405 1184 1569 1166 1550 1512 997 2202 1652 1776 1373 1287 1012 1421 655 2173 1462 1199 749 1146 1107 861 610 1737 1052 1744 1992 862 2168 1281 1435 1133 1298 1583 780 911 1518 880 1315 1905 1086 1545 1087 1494 784 1997 1625 1072 1719 943 1689 1543 1200 948 1108 2154 1949 569 1022 646 1707 839 1389 1887 1611 632 1570 1252 1498 1708 1877 1101 1696 1109 721 821 1358 1384 1056 2015 1094 1556 1584 1219 1711 1344 1686 850 850 1151 1121 1196 1284 1238 576 1386 1429 1547 2111 1097 997 1154 1373 913 1872 1986 1193 1559 1357 1397 1176 552 1558 1094 980 1067 1033 1579 575 2097 1042 1299 1886 1489 715 1106 845 1136
1492 1292 1381 2024 1136 1633 1225 2033 1685 2276 1882 2131 1824 1759 2076 1514 360 2671 1275 1467 1814 1521 2080 1817 1468 1370 1685 1724 1442 1304 1563 1069 931 1561 1185 1347 1170 2171 1892 1353 1463 2634 1809 1564 1600 1307 1980 1253 1672 2136 1394 1559 1553 1309 1206 1655 2170 545 513 1618 2472 1551 1137 990 1798 2366 821 1410 2226 1496 1475 1771 2026 2080 1835 1726 926 2089 1114 1420 1720 1410 2353 1533 1385 2074 1692 2068 1698 1808 1685 1325 2345 1020 820 1217 1614 2135 1173 1851 2182 1667 1426 1573 1359 2038 1551 1461 1997 1130 1472 1818 1487 2437 1594 1912 1569 1418 1539 2729 1018 1945 2014 2096 864 1633 1409 902 1149 1493 1978 2192 1414 2422 2121 2210 1595 2166 1063 1961 938 2496 2465 1362 2181 1882 2447 1834 2343 2672 2129 854 741 1959 1687 1090 1466 1921 1437 1200 1685 1417 1207 1341 1864 1216 1323 1478 2046 930 1665 1567 1021 2497 1377 1522 1687 1583 2137 1412 1894 738 1498 1492 787 1972 1939 2053 1801 2455 2536 1775 1794 1921 2102 1665 1505 1986 2073 1462 1554 1549 1581 1247 1320 1209 1548 2580 1821 1362 1793 1712 2497 1553 1865 1798 1095 2010 2366 1386 818 1594 1600 2555 1324 2316 1584 2397 1998 1158 1201 1974 2165 1856 970 1324 1643 2067 1888 1309 1730 1312 1850 1255 1848 1911 980 1585 1706 1097 1647 1708 2652 1540 2603 1531 1776 1154 1675 1194 1687 2099 1368 2504 2520 2367 771 2020 1819 1257 1319 1625 1633 716 1820 1655 1721 1968 1578 2582 1773 1555 1843 1559 2405 974 2569 1874 2164 2039 1145 1738 1632 1333 1923 1527 1899 1771 1391 2177 1677 2006 1434 1077 1503 1872 1334 1395 1718 1548
1479 1796 1681 1008 1949 1542 1891 1244 1555 995 1568 1183 1364 1469 1043 2155 2671 360 2166 1595 1815 1509 1108 1305 1639 1717 1649 1383 1802 1830 1529 2019 2106 1486 1851 2350 1926 874 1322 1680 1570 1461 1356 1615 1472 1901 1316 1785 1441 1017 1656 1513 1537 1949 2551 1376 866 2649 2570 1456 559 1540 2224 2067 1258 1156 2473 1794 2009 1534 1585 1396 1014 1101 1788 1469 2111 1414 2632 1629 1557 2647 2063 1833 1911 961 1664 1479 1628 1387 1416 2346 693 2427 2437 1940 1428 1037 2268 1234 2257 2219 1625 1489 1829 1094 1540 1569 1244 2037 1559 1510 1552 1703 1487 1148 1666 2037 1606 906 2578 1396 1817 2177 2334 1397 1872 2559 2020 1637 1910 1480 1691 1470 1311 1385 1475 969 2142 2366 2172 720 565 1777 1993 1154 586 1322 1799 630 1481 2623 2445 2162 1904 2717 2036 1210 1704 1836 1345 1636 1826 2275 1330 1870 1742 1690 2071 2150 1515 1582 2044 840 1668 1588 1401 1542 982 2340 1230 2448 1539 1557 2347 1364 1092 1022 1518 851 1179 1391 1252 1232 1792 1365 1881 1567 1054 1580 1781 1521 1515 1917 2342 2054 1566 1062 1557 1813 1841 1346 1662 1524 1243 1248 2255 1841 1161 2659 2213 1762 1514 1499 1735 1138 1742 667 1032 1900 2047 1704 872 1176 2063 1795 1474 1415 1408 2167 1499 2036 1241 1925 1205 1307 2191 1883 1352 1933 1397 1426 912 1548 1225 1551 2399 2490 1358 1855 1486 1171 1694 1339 1307 2058 2497 1171 1269 1915 1857 1463 1474 2361 1273 1405 2196 1141 1458 1575 1786 1538 1525 1511 1574 2254 766 1472 1497 1007 1898 1295 1447 2256 1108 1560 1571 1452 1696 936 1982 1425 1657 1957 1857 1160 2476 1665 1670 1526
1370 1315 963 1609 800 1581 760 1880 1669 2020 1914 1960 1694 1065 1485 1907 1275 2166 360 1019 928 1212 1845 1622 1416 1340 1746 1549 725 767 1439 1260 1100 1340 1125 1873 784 1661 1754 1064 1220 2568 1662 1552 1098 1489 1863 985 1527 1855 1263 1400 1429 593 1868 1285 1748 1398 1298 1436 1977 1430 1591 1180 1511 2197 836 1517 2458 1212 1329 1130 1643 1442 1998 1648 949 2046 1836 1273 1717 2080 2586 1709 1599 1666 901 2059 1746 1143 1517 1852 1838 677 1459 686 1356 1869 1661 1595 2530 2080 1280 1387 722 1434 1431 1173 1313 1394 1186 1803 1105 2503 1435 1393 860 524 1501 2426 1729 1876 2183 2424 1401 1290 1593 1623 652 1462 2197 2182 1389 2390 2022 2153 1416 1565 1429 2397 1288 1887 1976 1422 2413 1427 1946 1669 2465 2269 1305 1624 894 2303 1920 1859 1785 1697 1454 1133 1306 1284 1003 1822 1721 817 1276 847 2334 1234 1601 1519 1204 1841 1010 1445 1500 1496 1548 1924 1672 1389 1123 1308 857 1886 1534 1723 1788 1803 2367 1135 1485 1718 2251 1290 1714 1154 1790 1269 1692 1392 1454 1419 1845 537 1465 2358 1036 1468 903 1459 2537 1406 1635 1321 1574 2192 2199 2066 1016 790 1489 2517 1261 2138 1697 1859 1556 1205 555 2087 1745 1428 1074 1377 1518 1276 1159 1721 1681 1622 1290 1440 1540 1235 695 1803 1214 1019 1204 1102 2362 1418 2446 1403 2261 1790 1353 916 1606 1410 1284 2406 2407 2596 885 1811 1265 1431 1455 1465 1497 1243 1587 1429 2115 1703 1185 2571 901 1436 1842 1395 2420 1443 2225 1114 2164 1665 925 1396 1452 1803 1505 1412 1936 1695 1350 1850 1958 1225 1374 970 684 1492 1933 1292 1800 1399
762 845 447 977 714 977 662 1225 1066 1363 1304 1302 1050 728 969 1484 1467 1595 1019 360 1056 566 1186 969 850 818 1166 904 698 618 828 959 947 706 739 1548 691 1082 1105 525 607 1913 1017 972 493 1046 1214 583 893 1198 707 781 821 786 1646 626 1125 1485 1392 801 1396 823 1298 952 852 1538 1239 1015 1886 578 735 695 1002 977 1433 1023 901 1405 1672 700 1113 1824 2008 1197 1138 1034 811 1426 1160 740 878 1532 1262 1216 1358 723 706 1211 1366 936 2007 1640 706 758 659 932 823 550 915 1058 560 1186 453 1873 809 812 666 956 919 1781 1583 1237 1604 1899 1259 630 1116 1517 798 893 1638 1544 849 1742 1372 1506 785 1059 1147 1934 1088 1390 1392 925 1844 805 1368 1019 1852 1650 1156 1558 1210 1796 1401 1733 1341 1038 916 732 650 717 638 1477 1073 635 776 578 1796 1044 988 928 947 1391 459 856 856 891 1030 1577 1014 1334 469 699 1113 1243 896 1071 1173 1349 1707 698 826 1061 1659 633 1220 1055 1132 668 1162 775 839 1001 1525 863 868 1701 871 983 1057 803 1899 791 977 706 1305 1617 1540 1821 1012 803 875 1866 758 1479 1152 1304 934 834 850 1493 1120 793 899 896 892 1062 855 1354 1064 1217 743 1022 881 834 958 1295 604 755 561 624 1713 813 1786 799 1842 1567 694 632 986 1012 751 1749 1749 2015 1262 1152 712 1009 996 834 870 1210 930 781 1659 1044 526 1924 996 828 1226 774 1781 1228 1587 876 1529 1021 682 738 816 1455 870 811 1325 1067 815 1200 1458 1000 817 758 822 844 1648 742 1222 784
1450 1527 1071 1416 1129 1661 1033 1826 1748 1870 1975 1879 1693 790 1162 2171 1814 1815 928 1056 360 1248 1740 1594 1546 1512 1856 1555 789 967 1514 1581 1484 1385 1378 2206 1093 1375 1735 1202 1302 2485 1658 1665 1028 1729 1836 1194 1560 1713 1402 1466 1509 876 2263 1236 1518 1910 1809 1473 1654 1511 1936 1534 1446 2084 1400 1709 2569 1267 1430 885 1467 1083 2123 1693 1361 2037 2261 1397 1793 2460 2687 1893 1827 1464 609 2070 1848 861 1538 2188 1523 1244 1899 999 1366 1736 2007 1530 2701 2332 1402 1438 882 1111 1511 1245 939 1703 1254 1854 1142 2509 1488 1167 751 766 1612 2196 2160 1878 2287 2594 1819 1261 1808 2068 1045 1589 2328 2176 1546 2345 1981 2120 1462 1215 1773 2630 1668 1483 1658 1616 2529 1249 1622 1651 2509 1983 769 2087 1444 2492 2097 2303 2030 1629 1613 1377 1241 1413 1243 2141 1705 1079 1463 853 2490 1615 1668 1619 1544 1404 1124 1549 1512 1578 1212 2244 1611 1847 1154 1392 1386 1876 1368 1570 1844 1372 2235 888 1412 1661 2335 1235 1915 629 1660 1363 1858 1461 1523 1674 2181 965 1559 2191 637 1674 389 1436 2523 1477 1578 1161 1932 2302 2087 2452 1462 629 1558 2457 1445 2026 1848 1516 1352 1477 975 2170 1517 1274 1443 1584 1567 781 783 2022 1737 1894 1060 1696 1451 897 1195 1991 1088 1327 1130 916 2147 1503 2313 1489 2531 2182 1316 1173 1660 1004 1444 2317 2308 2692 1446 1730 1052 1684 1681 1508 1546 1700 1542 1436 2353 1605 1165 2523 419 1516 1895 1459 2403 1825 1987 713 2166 1491 1215 1327 1485 2119 1336 1503 1995 1731 1510 1675 2155 754 1514 1295 682 1359 2293 1437 1911 1471
562 724 609 862 846 774 828 1028 863 1190 1098 1109 845 870 965 1330 1521 1509 1212 566 1248 360 1004 770 670 670 968 699 904 804 626 905 959 500 708 1425 835 1015 903 541 440 1716 812 778 590 910 1012 649 687 1030 561 578 621 982 1556 495 1011 1506 1423 595 1310 623 1201 932 672 1350 1369 854 1684 391 551 804 870 1004 1235 817 966 1200 1600 542 909 1714 1805 1020 986 915 998 1220 960 851 671 1412 1185 1377 1328 898 503 1038 1265 750 1814 1476 544 552 860 943 623 420 988 969 410 979 473 1667 604 781 863 1160 726 1626 1522 1031 1402 1706 1224 471 958 1473 963 708 1440 1339 685 1539 1171 1303 579 1050 1071 1757 1053 1360 1303 775 1643 726 1285 817 1645 1525 1287 1525 1322 1609 1216 1671 1184 849 746 694 525 558 681 1350 870 783 653 784 1602 1021 783 731 915 1387 565 664 650 690 1017 1446 822 1322 457 508 1222 1038 778 917 967 1346 1522 806 655 867 1455 505 1049 1208 963 491 980 573 635 882 1405 1047 671 1526 1032 833 1252 608 1694 589 786 662 1217 1416 1352 1716 1064 1004 671 1666 638 1292 965 1242 837 775 1032 1288 1005 696 915 760 686 1184 978 1226 858 1083 762 900 712 921 1098 1116 610 784 535 738 1554 615 1600 602 1680 1480 521 728 780 1070 611 1554 1555 1811 1383 963 736 887 857 628 664 1220 737 577 1488 866 460 1721 1188 628 1020 571 1576 1169 1442 1017 1323 885 763 581 609 1328 761 616 1119 861 660 1046 1279 1127 647 811 1029 712 1535 591 1023 583
828 1150 1248 713 1488 831 1471 506 821 556 826 504 635 1309 1042 1407 2080 1108 1845 1186 1740 1004 360 623 974 1070 904 716 1506 1442 876 1378 1513 904 1269 1609 1479 878 580 1178 1025 1106 639 907 1123 1201 572 1284 767 452 1055 885 887 1612 1821 921 709 2019 1956 827 957 889 1513 1450 694 714 2002 1088 1350 1013 971 1214 655 1138 1048 744 1569 726 1911 1031 815 1903 1436 1093 1188 687 1505 784 883 1240 755 1608 916 2021 1767 1540 867 430 1548 613 1570 1472 1024 877 1484 1072 888 1055 1237 1360 1041 762 1102 1162 848 945 1418 1771 914 1009 1869 654 1111 1478 1668 915 1149 1867 1607 956 1195 844 1029 971 634 765 851 1064 1459 1640 1525 1183 944 1097 1323 852 953 609 1201 993 1592 1937 1944 1441 1156 2000 1293 521 1020 1254 901 1031 1303 1536 595 1427 1117 1377 1366 1517 800 887 1420 1283 1209 920 756 861 1038 1596 549 1795 1085 964 1845 624 736 548 770 1256 881 1211 719 519 1110 916 1141 1588 452 1000 1042 895 858 1233 1604 1687 894 882 1469 1119 1754 758 1160 889 583 939 1549 1134 716 1917 1648 1556 841 1077 1118 654 1002 997 773 1282 1673 987 705 825 1480 1127 797 1487 1344 1435 765 1312 1043 1235 666 1233 1738 1136 1025 1381 1010 1189 932 900 960 910 1656 1765 852 1366 773 1248 1074 939 932 1436 2011 426 1048 1228 1165 816 807 1737 631 804 1451 502 1020 1145 1688 884 777 886 1042 1574 861 1410 846 633 1393 809 812 1518 766 912 833 716 1049 539 1234 1455 1007 1421 1614 741 1736 1048 922 894
565 889 1019 729 1241 598 1235 617 626 819 767 703 467 1172 1026 1237 1817 1305 1622 969 1594 770 623 360 715 809 741 453 1304 1215 614 1117 1250 651 1007 1412 1236 936 500 933 775 1305 435 670 936 960 606 1035 506 683 793 622 624 1392 1607 723 820 1759 1694 566 1126 626 1280 1188 513 947 1747 850 1363 772 709 1081 688 1109 966 536 1308 804 1687 770 646 1712 1470 902 966 745 1348 836 722 1118 492 1407 1043 1776 1515 1306 626 678 1323 452 1542 1334 763 617 1268 1037 626 813 1171 1108 799 654 878 1277 585 871 1237 1565 665 1272 1636 644 1089 1439 1415 705 927 1624 1368 702 1153 944 770 1133 762 898 590 1079 1211 1554 1267 1291 1115 844 1327 766 1113 417 1276 1235 1522 1692 1685 1371 1022 1773 1105 464 768 992 713 768 1049 1336 471 1186 854 1177 1327 1257 571 639 1158 1367 974 661 494 605 1046 1409 439 1539 861 705 1587 642 690 643 650 1332 1120 1080 549 465 1120 722 948 1487 624 743 849 632 596 983 1403 1456 636 1138 1340 873 1604 525 1296 626 422 813 1313 1108 948 1722 1386 1379 582 1257 855 889 813 1121 761 1019 1441 963 814 724 1217 871 538 1414 1238 1225 578 1091 940 988 533 1141 1488 968 866 1121 827 1039 1195 637 1196 647 1532 1545 643 1116 544 1211 811 1144 1146 1474 1754 567 933 980 919 553 545 1476 418 555 1325 525 811 1315 1538 622 690 624 1176 1325 1116 1297 932 682 1139 627 551 1316 707 650 784 541 787 740 1100 1370 745 1162 1421 646 1538 785 780 632
400 536 852 1009 988 539 1016 927 618 1169 862 1024 717 1181 1217 1023 1468 1639 1416 850 1546 670 974 715 360 460 690 624 1168 1027 469 763 908 562 690 1141 996 1204 785 724 604 1573 700 495 900 635 879 791 568 1038 515 495 461 1206 1301 751 1136 1404 1341 545 1450 458 955 838 744 1264 1444 551 1410 645 479 1113 989 1275 951 626 991 1024 1365 512 664 1438 1536 710 687 1046 1300 1023 689 1159 587 1130 1347 1506 1163 1090 616 1033 1008 767 1517 1166 506 528 1102 1207 459 661 1282 758 653 759 765 1456 513 1032 1156 1402 446 1622 1303 861 1131 1409 1061 715 654 1280 1132 405 1155 1150 415 1373 1032 1142 530 1293 863 1448 911 1567 1440 500 1367 946 1432 726 1409 1589 1595 1345 1371 1306 911 1446 878 820 440 676 770 497 779 1064 756 958 520 1063 1308 903 567 470 807 1618 797 414 598 474 1258 1154 794 1184 755 521 1276 882 938 981 742 1579 1436 1114 758 815 1195 759 739 1518 978 543 672 491 484 638 1124 1240 440 1473 1342 546 1548 659 1497 482 769 925 982 1141 1264 1443 1052 1291 493 1506 528 1211 662 1418 1013 675 1222 1031 1130 903 882 517 537 1491 1287 941 644 797 1046 648 796 1223 1212 807 906 813 834 1048 1545 453 1507 454 1371 1231 704 863 584 1355 495 1425 1436 1544 1444 913 1024 637 584 535 530 1123 730 603 1178 876 768 1550 1487 460 794 500 1386 976 1471 1328 1128 993 867 753 552 1042 937 441 883 675 440 1091 970 1435 403 862 1298 870 1259 484 745 482
484 441 803 1077 905 637 943 1026 711 1266 950 1124 816 1170 1256 1027 1370 1717 1340 818 1512 670 1070 809 460 360 768 716 1116 963 555 669 808 603 595 1114 917 1265 885 671 592 1671 799 584 891 600 980 718 662 1131 473 563 545 1139 1254 778 1211 1311 1245 621 1525 543 901 740 818 1364 1347 557 1478 640 500 1112 1063 1306 1018 726 892 1121 1308 488 756 1405 1606 745 681 1118 1269 1117 771 1159 677 1101 1416 1415 1080 1016 663 1128 961 853 1568 1182 486 588 1043 1241 543 642 1298 684 639 853 744 1545 592 1069 1120 1337 542 1719 1239 960 1203 1460 977 743 657 1206 1052 495 1218 1245 412 1469 1131 1240 601 1337 790 1478 820 1625 1516 467 1434 993 1505 824 1492 1678 1593 1268 1272 1349 955 1385 883 913 473 582 802 472 697 1040 856 884 425 1021 1364 808 666 568 709 1668 749 512 684 574 1302 1135 887 1096 738 539 1178 981 1001 1064 836 1628 1536 1113 827 911 1272 788 764 1506 1069 540 718 555 573 578 1095 1163 538 1573 1325 525 1511 730 1589 553 860 956 922 1211 1364 1408 952 1250 589 1603 439 1311 718 1483 1074 575 1145 1110 1205 953 782 450 633 1492 1285 915 742 772 1068 593 871 1232 1121 843 920 718 845 1043 1642 533 1607 527 1384 1180 748 784 684 1378 427 1525 1536 1615 1346 1010 1043 581 546 620 623 1027 818 672 1201 966 770 1645 1452 546 887 565 1479 899 1564 1319 1222 1069 781 805 632 1017 996 520 971 774 381 1180 1006 1434 423 768 1246 931 1226 440 820 550
645 812 1178 1110 1313 557 1346 787 480 1065 557 877 652 1464 1397 866 1685 1649 1746 1166 1856 968 904 741 690 768 360 710 1494 1357 701 990 1171 831 1000 1066 1324 1317 687 1054 919 1309 670 557 1192 737 716 1121 677 993 845 750 707 1537 1284 1002 1192 1584 1542 750 1485 704 1002 1085 871 1076 1738 638 1081 950 793 1385 1068 1475 627 566 1283 768 1381 840 455 1358 1206 554 678 1124 1606 742 381 1428 706 1065 1416 1820 1298 1420 859 975 1025 833 1208 953 833 779 1431 1402 704 976 1516 915 965 514 1076 1143 730 1229 1470 1732 609 1491 1351 651 800 1101 1211 970 645 1367 1459 644 832 867 717 1097 818 887 757 1456 995 1183 1107 1670 1473 710 1039 1126 1476 702 1084 1531 1855 1443 1656 1013 642 1473 748 810 657 988 1008 826 1105 993 682 1288 834 1384 995 1120 559 598 1050 1748 1124 671 735 637 1423 1051 798 1346 1062 827 1566 684 1068 1008 500 1713 1233 1384 903 782 865 1006 601 1797 956 860 508 754 693 799 1061 1569 658 1302 1631 690 1860 825 1192 738 799 1147 1043 812 1075 1372 1323 1609 659 1231 847 1037 469 1495 1141 953 1551 701 1187 1082 1157 757 659 1748 1555 899 522 792 1277 789 907 1473 1526 594 1165 1122 1103 1327 1413 713 1293 727 1151 1233 930 1191 577 1571 822 1182 1200 1214 1732 839 1263 788 728 716 679 1329 794 800 944 882 1053 1263 1796 699 524 757 1089 1104 1385 1605 840 1060 1190 950 741 976 1081 714 576 563 757 1073 719 1697 732 1173 1623 1015 1192 814 415 744
472 796 946 779 1157 534 1157 698 589 912 782 789 505 1142 1048 1185 1724 1383 1549 904 1555 699 716 453 624 716 710 360 1242 1142 521 1025 1156 569 915 1347 1154 985 565 851 693 1381 473 597 889 878 674 950 417 774 701 530 531 1321 1534 679 888 1667 1601 477 1200 533 1200 1094 522 1033 1657 771 1381 697 617 1056 747 1124 958 508 1217 860 1609 679 622 1648 1494 847 894 805 1306 883 694 1096 399 1341 1108 1692 1426 1229 557 771 1246 510 1542 1295 671 529 1199 1052 533 736 1169 1020 722 662 811 1329 492 879 1186 1500 582 1365 1555 692 1101 1437 1325 654 856 1538 1288 614 1155 1000 678 1200 833 964 501 1110 1124 1534 1175 1346 1189 757 1342 776 1184 483 1316 1325 1514 1605 1595 1359 992 1694 1048 557 682 899 677 676 961 1271 532 1106 761 1118 1327 1164 516 559 1065 1413 899 570 409 518 1076 1348 530 1448 795 617 1496 699 725 721 653 1377 1207 1055 552 558 1141 681 891 1467 714 656 795 540 503 896 1336 1380 546 1230 1311 789 1563 482 1355 533 505 801 1231 1118 1034 1657 1293 1329 492 1328 761 977 763 1183 800 926 1364 979 882 731 1124 781 451 1406 1220 1155 556 1018 932 903 564 1131 1402 924 835 1030 785 1006 1288 544 1283 553 1497 1469 600 1032 493 1221 718 1223 1227 1499 1664 659 920 893 834 460 453 1383 469 483 1291 612 756 1382 1497 529 702 533 1236 1238 1208 1275 984 746 1052 605 461 1250 734 556 801 538 694 827 1067 1358 652 1072 1364 667 1472 692 757 539
