140 612 1266 306 843 1287 779 1020 208 617 386 691 675 920 1053 870 1339 641 761 976 1101 716 1143 784 1055 759 736 610 306 992 843 289 571 506 1308 1249 901 1187 1324 914 1396 1220 1002 1380 783 988 529 891 1376 1096 1391 320 1147 1065 973 896 458 1205 1137 1227 842 1335 681 686 778 766 613 1005 951 758 968 202 377 928 983 273 533 850 327 388 394 378 1069 1305 1256 439 1363 949 278 975 942 1323 402 757 1060 968 1203 839 553 786 731 1072 723 273 1247 912 1089 503 367 1134 617 934 1254 709 1167 1123 879 744 506 622 532 1272 610 872 409 475 1256 1228 1352 1153 1277 956 327 410 822 992 492 1199 622 945 582 674 673 1241 557 1166 382 372 1363 948 612 992 1185 1343 1002 620 771 454 802 1304 670 1275 857 1113 1048 704 240 671 306 829 1062 928 753 320 324 561 528 248 496 523 1329 272 616 214 1278 683 1253 521 458 821 734 1095 1158 1287 801 680 499 1019 1099 998 1104 406 1259 1036 813 991 1392 829 892 1178 275 686 1344 1328 1370 1230 911 779 205 380 1235 846 339 1160 421 595 1044 243 1288 615 505 930 988 344 1388 666 904 1093 1346 377 765 731 1334 949 1241 777 779 1250 904 435 1039 1159 693 976 275 1076 473 1084 229 1258 1226 903 786 452 330 245 1150 777 442 1366 658 1340 246 498 835 791 739 1068 1369 210 1222 934 1008 683 654 779 1167 1030 1053 940 982 245 1112 1018 288 580 1350 1011 832 1389 453 511 900
712 360 1741 701 1068 1518 1187 1592 778 612 653 779 1246 857 840 1062 1838 1117 1332 729 1518 1028 1113 1260 1398 782 1246 1132 701 1565 1399 687 870 783 1488 1189 745 1027 1178 1447 1481 1792 1072 1793 1297 956 961 1448 1914 1438 1937 760 1576 982 1365 1432 1026 1071 1319 1665 1045 1319 854 1111 529 1338 808 1577 732 634 1525 771 873 1470 1420 728 975 1418 742 916 904 948 919 1829 1786 630 1451 733 799 1119 1276 1582 971 1189 966 1052 1217 1336 1096 731 801 1638 1281 824 1034 961 1659 1020 703 916 1030 1149 1804 494 961 1273 1447 926 794 420 564 1793 1096 692 857 625 1007 1089 1102 1719 1529 877 676 711 1115 1506 619 1630 1163 730 457 1231 1189 1527 1111 1042 931 601 1238 1503 605 891 1029 1726 915 1074 1205 876 1369 1803 1149 1329 937 1640 1477 649 735 1243 843 1334 1328 1348 610 652 896 1062 1092 820 575 1052 1900 793 966 769 1443 1060 1824 1089 971 1165 931 852 1261 1096 1030 820 894 1443 1655 999 852 710 1360 1448 1030 865 1964 1312 761 1390 795 719 1317 1525 1837 1743 680 871 767 823 1678 748 865 963 994 1152 1207 815 1629 689 1033 1495 737 890 1755 724 1181 1355 1220 612 959 582 1448 991 1073 1089 1010 1000 708 857 1059 1561 1230 1457 708 1637 995 911 746 1025 1031 1365 1029 552 846 812 1612 1347 622 1515 907 1262 747 835 914 936 1057 1318 1281 770 1582 1189 1536 645 814 1078 943 1086 1430 834 1165 727 1375 1376 831 427 1917 1212 1149 1950 893 734 1418
1366 1741 360 1433 2000 2370 1774 1217 1427 1555 1454 1442 1123 2145 2221 1249 1883 993 1084 2013 653 1121 2369 1652 875 1986 1549 1487 1532 1162 1374 1504 1246 1324 1295 2476 1785 2394 2538 782 2579 1118 1461 633 1552 1631 1621 1378 1718 865 1673 1366 590 1747 798 804 1322 2421 2280 522 2012 2557 1888 990 1900 1202 1824 1094 2114 1965 1402 1429 1259 1479 694 1421 1610 1266 1380 1458 1487 1340 1867 1751 1694 1470 1531 2115 1470 1325 1978 1093 1339 1725 2283 1432 2421 1622 1091 1612 1956 1331 1001 1436 2415 2131 1040 1484 1406 2297 1683 2082 1564 1761 2342 1322 1024 1939 1709 1780 1747 1751 1568 1803 1255 1477 2347 1942 2351 1368 2338 1693 1552 1391 1934 1634 1716 1992 1425 1906 1761 1029 1514 1008 1380 2385 1419 1543 2584 877 1832 1744 2393 2199 1725 1628 1727 1228 1022 492 1599 1571 1432 1636 657 1601 1441 1184 1452 801 2146 1839 1953 1514 1335 1065 1333 1388 1529 1457 1131 1365 1743 1418 2419 1758 1326 1182 1489 998 1925 2216 2346 2476 1208 1896 1207 692 1452 2223 2179 1630 2441 707 1222 1783 1294 1653 1744 1190 1471 1912 1774 1259 466 1761 2060 1421 1430 1292 498 1681 1289 2017 1287 1085 2210 1403 852 1842 1124 1313 2038 1283 2265 1893 2010 1070 1990 1586 1953 1927 1460 1501 2444 1081 1214 2258 2085 1249 2260 2027 964 1728 1499 1395 1471 1919 1454 2396 2061 1738 1943 1654 1477 1383 493 1067 1479 1388 1250 2566 1472 1268 2053 1343 1852 2164 2595 1420 2147 1113 705 1582 1869 1103 2321 1489 1996 2159 2143 1453 1064 2000 1445 1679 1433 1212 1918 1545 1583 1731 1578
406 701 1433 360 1067 1520 1036 1267 474 672 440 748 910 1077 1166 946 1605 800 995 1053 1243 814 1314 1049 1171 930 1002 876 502 1235 1103 455 656 578 1389 1414 959 1321 1464 1111 1599 1456 1064 1523 1050 1043 784 1150 1639 1213 1652 427 1294 1119 1104 1095 714 1347 1358 1378 1060 1513 884 823 870 1014 817 1242 1061 891 1227 466 537 1191 1131 394 790 1103 415 653 658 633 1125 1569 1521 493 1430 1060 537 1046 1190 1421 658 1017 1212 1030 1386 1105 756 840 913 1325 940 539 1361 1097 1321 769 428 1245 872 1158 1514 781 1284 1196 1109 953 723 723 675 1537 875 933 539 529 1348 1283 1428 1407 1514 1010 506 473 1059 1258 654 1461 886 1010 694 889 939 1344 820 1311 648 470 1510 1162 761 1046 1321 1601 1056 881 1031 575 1029 1483 934 1338 917 1378 1194 759 428 914 571 1008 1299 1188 881 445 570 733 787 501 553 789 1562 454 858 454 1498 933 1502 752 724 933 947 1193 1362 1411 882 875 612 1163 1358 1174 1190 608 1464 1175 892 1046 1634 1094 948 1264 532 854 1400 1412 1534 1495 1015 839 462 503 1389 900 524 1220 668 811 1259 504 1407 787 695 1185 1067 549 1644 839 1140 1189 1400 516 979 856 1405 1008 1373 878 860 1326 1021 553 1221 1418 892 1241 468 1333 739 1142 459 1362 1285 1167 1012 581 592 487 1311 1009 497 1442 737 1500 480 588 1024 857 979 1301 1527 457 1476 1024 1202 738 852 876 1275 1090 1308 1086 1200 433 1208 1270 553 657 1602 1092 1074 1645 706 709 1166
943 1068 2000 1067 360 820 691 1437 998 1269 1115 1411 1262 821 1156 1650 1335 1418 1329 1344 1883 1517 864 855 1857 704 927 913 924 1445 1174 971 1363 1284 2094 982 1451 1118 1186 1595 939 1687 1734 2156 964 1653 739 1211 1510 1898 1560 1116 1921 1689 1767 1573 1038 1077 653 1992 396 985 573 1481 1123 1249 627 1495 1114 901 1264 1001 1175 1165 1759 1053 751 1261 1114 906 878 1026 1622 1392 1373 1150 2113 1104 932 1741 621 2125 1023 737 921 1705 844 944 1275 1425 654 1416 1370 959 1285 642 1598 881 1132 1221 689 451 1463 1198 1211 1895 1438 502 703 1016 868 1350 823 1395 1212 1178 1447 1791 1642 1477 824 1583 922 1175 476 1099 830 1032 981 1409 970 1336 920 2045 999 1035 945 1010 1175 1564 826 1598 1110 1062 1622 758 748 1258 1392 2007 822 2005 1587 1240 1825 1336 1015 1212 933 1562 620 797 927 992 1047 1331 1036 1021 1159 913 1797 1075 617 1017 795 623 1612 1178 871 1625 496 1286 710 1255 1588 609 1303 1801 1363 742 1368 820 801 1822 1597 1573 1787 899 1469 1971 934 728 2019 2119 2107 1286 1127 1510 1002 1184 1997 1453 1131 1641 1076 1275 569 1005 2088 739 1259 1294 1332 1119 1076 713 489 1894 1923 940 469 935 2096 1663 1170 1580 1566 1557 1041 1239 730 933 1396 987 960 1378 890 1606 986 1362 1706 886 418 930 904 1033 1900 1349 1147 2142 1444 1077 962 1293 598 1548 522 610 1116 1013 909 1731 1688 1325 613 1580 1262 1755 793 894 503 1004 1913 726 946 1105 1661 1798 525 1641 782 728 1050
1387 1518 2370 1520 820 360 955 1673 1442 1728 1573 1871 1608 1159 1499 2106 1311 1834 1657 1756 2291 1964 1043 1093 2289 1116 1194 1243 1378 1699 1420 1425 1815 1739 2550 1120 1895 1377 1378 1950 763 1918 2194 2554 1206 2110 1142 1441 1553 2329 1619 1565 2322 2140 2189 1928 1425 1306 575 2385 836 1018 1029 1908 1550 1551 1087 1762 1489 1313 1467 1445 1611 1361 2165 1503 1147 1526 1565 1318 1294 1434 2063 1426 1432 1609 2573 1478 1372 2199 751 2570 1425 1006 1193 2165 934 1149 1672 1882 1081 1614 1728 1394 1573 969 1862 1258 1587 1545 1064 731 1567 1645 1514 2353 1746 955 1158 1463 1324 1386 1163 1837 1654 1638 1787 2229 2006 1652 420 2036 1378 1630 825 1235 1290 966 1305 1839 1421 1703 1219 2486 1350 1274 1354 1469 1327 1889 1273 2048 1366 850 2073 1106 1005 1700 1721 2355 1130 2465 2047 1342 2231 1793 1464 1548 1364 1947 589 924 1342 1449 1470 1747 1400 1458 1619 1279 2018 1518 1034 1462 540 987 1787 1563 1266 2064 953 1645 730 1507 2042 1059 1746 2210 1523 1011 1744 1277 710 2234 2052 2019 1964 1108 1918 2424 1374 1163 2474 2573 2476 1323 1518 1970 1447 1628 2386 1906 1565 2065 1476 1656 685 1442 2515 1189 1670 1527 1738 1548 817 1154 743 2341 2362 1400 923 1357 2556 2122 1415 2025 2020 1933 1420 1682 956 857 1777 1105 1412 1558 1277 2040 1434 1672 2127 1041 870 1390 1334 1471 2284 1675 1606 2600 1898 1186 1410 1744 981 2007 910 579 1222 1458 735 2181 2036 1783 1069 2027 1583 2215 787 1233 713 1454 2360 752 1379 1560 1800 2253 825 1744 1205 1188 1234
879 1187 1774 1036 691 955 360 1121 932 1317 1108 1423 1012 1113 1419 1607 1043 1261 1063 1527 1706 1433 1194 526 1726 957 612 647 911 1136 857 955 1305 1245 2037 1313 1561 1424 1507 1354 1220 1372 1740 1963 640 1707 611 889 1189 1765 1235 1059 1733 1769 1616 1332 843 1393 895 1793 723 1313 777 1345 1296 963 777 1192 1354 1120 938 938 1072 836 1580 1009 606 954 1066 768 752 870 1738 1077 1052 1156 2103 1346 861 1714 563 2024 855 413 1232 1707 1173 613 1090 1488 899 1090 1132 870 1573 960 1295 680 1103 1492 525 731 1133 1320 1493 1859 1158 752 752 1153 988 1036 572 1515 1123 1191 1698 1906 1867 1148 924 1658 924 1148 577 771 928 803 709 1556 1100 1109 626 1934 756 1350 796 1031 1501 1297 992 1685 1416 924 1702 527 418 1169 1127 1760 535 2014 1594 914 1645 1399 969 952 837 1355 735 521 1138 991 919 1175 808 932 1193 693 1480 1000 582 954 1023 488 1284 976 702 1515 733 1529 1016 1558 1534 819 1216 1627 1032 1066 1591 847 1091 1653 1547 1672 1460 568 1567 1902 865 942 2071 2052 1880 974 1350 1516 941 1106 1793 1535 1025 1790 901 1066 862 918 1944 912 1098 975 1524 1001 968 916 625 1804 2033 973 734 1136 2073 1683 1479 1489 1513 1773 1282 1155 1060 744 1185 670 935 1049 705 1736 938 1635 1858 566 658 1003 810 947 1691 1082 1157 2099 1395 1408 916 1232 898 1531 545 757 1447 950 803 1654 1441 1382 802 1496 1533 1767 633 1178 800 963 1821 606 855 1199 1330 1743 536 1310 690 815 719
1120 1592 1217 1267 1437 1673 1121 360 1174 1559 1340 1559 730 1774 1998 1571 1026 1072 660 1957 1303 1356 1920 957 1444 1597 871 901 1256 418 624 1264 1338 1348 1880 2039 1853 2081 2194 853 1980 610 1784 1474 841 1858 1116 593 880 1467 852 1228 1294 1960 1305 839 925 2073 1654 1310 1464 2062 1433 1172 1754 613 1393 483 1905 1684 571 1181 1138 674 1201 1234 1098 545 1246 1054 1075 1003 2006 895 838 1388 2045 1901 1157 1690 1301 1763 980 1069 1911 1745 1920 886 938 1707 1545 476 775 1128 2184 1670 560 983 1298 2080 1123 1491 722 1688 2102 1783 601 1448 1295 1595 1470 893 986 1835 1184 1419 2229 2147 2332 536 1627 1862 1281 1321 1333 820 1411 1178 840 1917 1549 811 880 1661 862 2030 1029 1352 2207 715 1528 1907 2076 1388 1907 1048 1063 1203 668 1146 976 2014 1671 785 1247 1642 1219 713 1114 969 1478 1109 1689 1299 1058 1040 865 1133 1456 944 719 1174 1218 1185 1774 1176 595 883 1023 1343 1429 2063 1777 2201 1493 1463 1229 1250 594 1778 2082 1292 1853 1285 1512 1920 736 929 1834 1739 1161 1546 2156 1869 1306 904 1875 1611 1185 1201 1299 1777 1120 2117 960 864 1623 1136 1585 1485 1006 507 1968 1087 1457 1519 1387 1608 2247 1344 1444 1673 1990 1769 2137 1376 1481 2230 1847 1208 1788 1238 880 940 1244 537 996 2033 1206 2214 2181 991 1391 1415 1119 1143 1196 655 1394 1967 1413 2136 1205 1293 1595 1574 1275 1506 2173 1183 1372 1525 888 1619 1436 1396 2116 1817 1251 1821 1560 1225 1616 1280 1123 1560 703 1645 1297 775 1135 1351 799
308 778 1427 474 998 1442 932 1174 360 785 554 859 830 1081 1217 1038 1491 802 916 1143 1264 881 1302 936 1219 919 888 762 467 1146 995 454 737 673 1475 1409 1069 1350 1486 1072 1553 1374 1170 1542 935 1157 682 1043 1528 1260 1543 488 1309 1234 1136 1054 610 1366 1292 1388 997 1494 838 849 944 920 770 1159 1116 921 1120 368 540 1080 1145 441 685 1003 494 539 545 531 1238 1456 1408 607 1531 1113 431 1143 1095 1488 554 909 1221 1136 1362 991 711 955 890 1225 880 425 1411 1070 1243 655 535 1298 770 1089 1406 877 1331 1290 1034 900 662 787 695 1424 762 1040 573 643 1422 1396 1518 1306 1431 1125 489 578 976 1144 653 1350 773 1112 747 831 825 1406 709 1328 534 538 1524 1104 774 1161 1348 1495 1170 772 923 619 957 1463 821 1443 1025 1265 1210 872 408 824 458 989 1216 1080 916 486 479 722 681 404 664 674 1483 436 769 382 1434 836 1407 677 610 986 891 1260 1314 1450 968 837 664 1182 1251 1157 1270 565 1415 1198 980 1159 1546 980 1061 1345 428 846 1512 1494 1530 1381 1076 947 372 546 1396 1014 500 1327 575 751 1199 397 1452 775 664 1083 1154 503 1540 826 1058 1259 1514 541 921 894 1502 1118 1403 943 946 1416 1067 600 1198 1311 851 1127 438 1229 624 1252 393 1423 1394 1054 941 616 482 403 1310 932 611 1533 826 1500 405 665 993 959 893 1222 1529 378 1374 1100 1166 851 812 945 1331 1198 1205 1101 1138 412 1277 1171 440 747 1503 1178 986 1542 606 669 1052
717 612 1555 672 1269 1728 1317 1559 785 360 591 526 1191 1109 1054 811 1915 964 1271 819 1308 806 1365 1352 1166 1022 1312 1187 768 1522 1412 728 669 602 1236 1441 654 1264 1416 1318 1725 1727 830 1576 1360 751 1069 1458 1950 1205 1962 694 1370 813 1151 1306 1022 1314 1540 1461 1252 1571 1059 930 727 1309 1001 1519 950 887 1536 777 782 1503 1224 706 1078 1404 677 962 962 942 814 1882 1833 538 1212 953 840 867 1444 1332 968 1306 1218 806 1467 1413 1002 532 1032 1626 1192 849 1240 1204 1587 1078 624 1122 1152 1357 1823 571 1175 1022 1376 1134 949 672 768 1850 1178 640 742 504 1152 971 1178 1708 1733 702 753 598 1294 1569 798 1755 1198 733 692 1143 1249 1280 1132 1288 960 646 1481 1400 836 736 1267 1878 748 1175 1322 739 1294 1633 1237 1097 689 1690 1274 447 737 1207 879 1185 1523 1476 862 689 877 934 1097 812 485 1100 1828 754 1114 766 1671 1201 1795 1036 1031 943 1135 1025 1500 1317 785 1033 735 1239 1666 1249 984 836 1600 1239 783 734 1916 1399 638 1138 835 953 1118 1272 1645 1807 889 620 773 719 1477 588 799 918 970 1070 1431 817 1392 908 932 1488 844 832 1916 952 1368 1107 1089 706 1165 835 1203 754 1305 862 766 1079 943 726 1308 1702 1118 1547 750 1638 1048 834 764 1207 982 1467 1223 699 896 798 1423 1283 534 1265 677 1512 779 664 1149 683 1223 1519 1530 769 1744 944 1398 426 1020 847 1141 848 1581 1086 1383 737 1127 1536 862 548 1899 960 1320 1949 991 905 1477
486 653 1454 440 1115 1573 1108 1340 554 591 360 674 978 1076 1130 894 1685 824 1061 989 1246 787 1322 1127 1154 943 1082 957 560 1306 1181 514 622 535 1339 1416 880 1301 1447 1155 1629 1521 995 1525 1130 965 857 1228 1719 1196 1731 474 1300 1039 1100 1139 792 1333 1403 1387 1106 1524 922 829 820 1087 856 1309 1024 877 1306 546 582 1271 1140 474 863 1179 455 733 736 712 1045 1650 1601 413 1366 1024 614 987 1254 1386 737 1092 1207 963 1403 1185 809 760 934 1401 997 619 1326 1117 1385 849 409 1208 943 1206 1593 716 1251 1140 1172 994 774 687 677 1618 953 856 563 448 1295 1202 1363 1483 1569 930 555 429 1118 1339 672 1538 967 937 668 947 1019 1315 900 1300 729 471 1499 1216 763 966 1301 1673 976 957 1106 586 1091 1512 1012 1269 847 1458 1200 679 507 986 651 1041 1355 1262 862 484 647 768 866 581 476 869 1626 526 921 534 1541 1000 1575 820 803 915 989 1144 1394 1382 836 907 610 1167 1436 1187 1133 655 1496 1177 844 966 1704 1173 869 1219 609 867 1324 1365 1552 1576 974 769 542 529 1399 820 583 1142 743 869 1300 585 1390 804 743 1261 1005 613 1714 856 1197 1153 1319 538 1021 835 1344 935 1350 851 814 1261 991 565 1237 1492 939 1320 533 1410 819 1063 536 1319 1207 1245 1062 581 670 566 1327 1075 417 1387 692 1499 555 565 1049 795 1039 1356 1524 538 1545 986 1243 657 887 846 1236 1020 1378 1077 1244 509 1172 1338 633 600 1677 1043 1136 1722 778 749 1246
791 779 1442 748 1411 1871 1423 1559 859 526 674 360 1189 1275 1210 646 1980 898 1261 939 1179 680 1531 1435 1018 1183 1382 1255 874 1516 1446 828 590 574 1071 1607 706 1425 1578 1254 1886 1701 683 1437 1426 666 1171 1490 1989 1055 1993 740 1242 761 1020 1245 1064 1478 1690 1334 1397 1738 1206 839 886 1320 1144 1503 1107 1053 1565 851 792 1546 1108 777 1177 1421 728 1038 1044 990 820 1931 1879 628 1062 1112 925 702 1567 1167 1015 1405 1384 654 1632 1487 983 533 1190 1638 1165 924 1390 1365 1560 1152 683 1273 1258 1501 1852 725 1329 858 1354 1280 1078 838 922 1902 1261 721 739 595 1277 949 1269 1719 1872 663 866 641 1425 1631 944 1849 1254 824 855 1119 1318 1118 1183 1453 1026 764 1645 1355 995 711 1429 1987 708 1269 1419 716 1272 1530 1321 957 536 1741 1151 528 816 1217 957 1110 1660 1576 1029 795 922 892 1139 873 612 1167 1796 805 1233 837 1823 1315 1793 1044 1109 809 1279 1166 1658 1472 627 1183 692 1115 1692 1413 1110 961 1759 1111 623 732 1898 1478 669 971 920 1112 1013 1106 1525 1865 1045 459 848 731 1352 604 823 955 1003 1056 1582 882 1237 1062 913 1507 967 858 2029 1109 1502 943 1048 833 1310 1001 1047 620 1465 726 611 1176 1105 712 1472 1806 1077 1624 847 1659 1122 860 847 1348 1010 1554 1361 843 980 857 1308 1270 629 1104 553 1678 867 625 1307 517 1349 1657 1696 841 1860 784 1326 515 1168 707 1289 707 1693 1252 1531 821 964 1652 939 713 1903 793 1446 1964 1092 1042 1538
775 1246 1123 910 1262 1608 1012 730 830 1191 978 1189 360 1504 1683 1220 1251 732 446 1604 1089 1006 1690 892 1169 1329 790 725 926 690 675 924 970 977 1570 1806 1485 1797 1923 702 1839 905 1425 1326 800 1489 888 705 1191 1201 1182 864 1104 1590 1037 679 609 1802 1529 1154 1279 1859 1191 836 1413 502 1137 691 1584 1378 769 837 769 793 967 880 873 608 883 759 786 670 1636 1161 1104 1024 1711 1581 832 1340 1216 1490 653 962 1646 1386 1718 873 572 1337 1286 812 483 799 1875 1440 773 742 934 1764 934 1337 1042 1332 1794 1448 565 1227 1025 1257 1154 1142 810 1469 814 1053 1892 1777 1979 891 1575 1491 951 954 1183 931 1101 1265 662 1555 1217 478 751 1390 624 1761 724 1005 1950 664 1223 1537 1793 1462 1536 872 964 832 496 1110 837 1667 1305 990 1028 1273 871 424 794 723 1385 1080 1377 955 711 681 586 787 1093 708 1013 816 1009 837 1665 1007 965 518 762 1018 1211 1731 1613 1906 1140 1211 860 1017 883 1543 1738 987 1703 1048 1159 1550 1085 898 1465 1427 835 1267 1796 1568 1228 1124 1546 1243 841 832 1151 1407 755 1750 616 500 1468 794 1355 1199 637 693 1618 724 1525 1242 1255 1304 1877 1010 1233 1357 1661 1405 1852 1035 1126 1877 1532 838 1567 1281 567 996 907 841 738 1664 864 1892 1812 987 1207 1084 808 794 1046 463 1031 1651 1049 1901 868 923 1361 1211 1105 1405 1935 836 1394 1195 790 1250 1183 1052 1799 1457 1237 1539 1402 879 1315 1238 798 1208 1073 1311 1162 1136 872 1068 854
1020 857 2145 1077 821 1159 1113 1774 1081 1109 1076 1275 1504 360 705 1557 1788 1514 1587 973 1959 1498 616 1258 1869 537 1299 1234 974 1766 1526 1001 1334 1243 1985 700 1168 673 781 1789 1011 2011 1563 2239 1346 1426 1018 1571 1942 1910 1985 1143 2011 1424 1816 1770 1255 659 943 2095 784 822 707 1539 804 1543 740 1801 691 582 1637 1078 1246 1551 1849 1085 1036 1589 1132 1105 1079 1202 1315 1831 1804 1081 1938 680 1048 1616 1082 2075 1214 1146 501 1545 726 1349 1430 1214 589 1780 1583 1083 824 555 1898 1152 1117 763 1028 856 1874 945 749 1769 1706 721 843 797 762 1789 1157 1106 1256 1091 997 1472 1208 1852 1191 1334 954 1146 928 1519 788 1493 1293 1080 785 1537 1267 2014 1277 617 1140 972 806 1803 675 1332 667 1514 1362 1101 1161 1291 1640 2184 1184 1810 1433 1664 1911 1140 1064 1474 1077 1710 1039 1247 609 993 1185 1439 1290 1122 1049 1191 2124 1140 930 1087 1033 1001 1979 1373 1116 1630 739 847 823 805 1519 672 1323 1879 1753 522 945 884 908 1891 1521 1292 2145 1309 1202 1886 1046 598 1768 2021 2248 1728 727 1368 1076 1220 2105 1212 1216 1288 1259 1461 837 1108 2103 668 1385 1643 951 1224 1518 622 948 1845 1604 920 742 636 1940 1480 729 1562 1498 1133 625 1269 587 1394 1569 1423 1007 1756 1143 1281 1051 902 1347 1320 827 857 1058 1125 2025 1605 1074 2010 1387 783 1035 1281 583 1432 928 1015 810 1085 1359 1678 1884 1140 698 1553 803 1575 1254 435 830 1052 1865 1187 1079 921 2047 1707 978 2045 1002 796 1453
1153 840 2221 1166 1156 1499 1419 1998 1217 1054 1130 1210 1683 705 360 1492 2102 1595 1769 717 1994 1497 866 1546 1861 824 1569 1481 1117 1981 1772 1123 1345 1261 1877 874 981 598 743 1918 1297 2219 1434 2266 1619 1259 1270 1819 2234 1900 2270 1230 2053 1223 1839 1901 1442 674 1284 2143 1121 1036 1002 1591 687 1752 1008 2004 467 676 1892 1211 1343 1817 1899 1187 1288 1816 1213 1304 1283 1373 1084 2130 2098 1110 1781 466 1211 1519 1416 2009 1391 1443 683 1426 998 1635 1559 1090 881 2024 1736 1244 555 900 2094 1381 1180 441 1304 1199 2150 844 481 1661 1888 1038 1078 804 890 2089 1417 923 1333 1104 652 1219 866 2101 1534 1157 1092 1191 1255 1809 947 1824 1530 856 833 1687 1526 1966 1497 670 1331 1056 824 1961 831 1138 605 1856 1172 1371 1459 1356 1814 2282 1456 1643 1331 1953 1955 1046 1183 1667 1251 1811 1384 1565 669 1099 1335 1537 1495 1261 1053 1419 2331 1252 1212 1214 1362 1296 2219 1533 1337 1634 1054 509 1147 622 1477 959 1374 1920 2015 848 622 1066 1218 1924 1473 1090 2375 1599 1026 1803 1208 840 1556 1921 2317 2030 525 1284 1208 1298 2157 1060 1328 1015 1426 1607 1180 1252 2086 886 1501 1882 685 1348 1863 866 1286 1792 1342 1036 1065 686 1798 1348 624 1555 1459 799 511 1335 907 1729 1697 1726 1138 2010 1364 1036 1183 579 1062 1624 1153 961 1242 1257 2092 1786 1102 1884 1370 906 1176 1314 920 1362 1240 1360 908 1214 1702 1634 2009 1055 977 1541 478 1437 1588 629 1175 1172 1812 1523 1246 902 2300 1632 1304 2313 1231 1015 1734
970 1062 1249 946 1650 2106 1607 1571 1038 811 894 646 1220 1557 1492 360 2085 858 1274 1200 963 575 1813 1585 766 1454 1514 1391 1088 1520 1519 1040 662 728 804 1891 934 1711 1863 1171 2153 1663 586 1193 1552 742 1360 1557 2051 798 2043 910 1029 857 811 1169 1177 1764 1937 1118 1640 2019 1455 762 1171 1362 1390 1490 1391 1336 1626 1032 902 1631 926 966 1362 1468 905 1200 1215 1118 983 2013 1957 864 864 1396 1109 479 1773 881 1139 1580 1669 551 1909 1620 1010 774 1455 1668 1156 1096 1668 1634 1525 1304 879 1553 1448 1741 1903 1010 1611 612 1340 1528 1307 1120 1188 1990 1419 969 848 841 1536 1053 1493 1744 2100 811 1088 835 1646 1741 1199 2007 1372 1069 1133 1121 1451 834 1298 1739 1177 1002 1931 1298 1266 860 1714 2166 838 1443 1592 805 1265 1357 1477 806 550 1832 952 806 1007 1266 1130 1018 1886 1748 1313 1017 1056 899 1246 1035 875 1309 1744 966 1443 1016 2075 1514 1793 1107 1269 627 1524 1439 1921 1754 440 1437 760 917 1744 1690 1372 1189 2023 902 422 903 1869 1621 887 690 1106 1380 950 833 1318 1963 1329 570 1029 861 1139 829 947 1136 1110 1081 1834 1048 965 1325 954 1554 1231 977 2214 1374 1727 659 1110 1071 1556 1285 827 611 1750 563 457 1408 1391 815 1746 1979 1052 1760 1054 1701 1275 1039 1038 1619 1176 1705 1596 1100 1158 1019 1119 1277 869 855 572 1963 1062 734 1572 490 1565 1888 1981 1020 2050 511 1220 797 1419 540 1567 618 1880 1537 1779 1016 679 1848 1112 996 1909 511 1660 1987 1284 1283 1651
1439 1838 1883 1605 1335 1311 1043 1026 1491 1915 1685 1980 1251 1788 2102 2085 360 1620 1231 2195 1947 1877 1826 938 2056 1639 963 1088 1518 1081 936 1551 1800 1772 2460 1938 2190 2093 2160 1501 1702 1189 2267 2137 915 2284 1237 907 623 2086 696 1600 1946 2365 1921 1484 1278 2053 1402 1971 1372 1896 1460 1723 1966 1114 1460 1149 2037 1802 857 1499 1558 818 1834 1572 1222 1016 1613 1313 1314 1350 2363 513 558 1738 2587 2029 1436 2204 1086 2379 1325 1023 1897 2229 1770 864 1444 2086 1581 913 1355 1426 2252 1618 1214 1197 1662 2175 1176 1334 714 1965 2173 2326 1238 1429 1418 1814 1653 496 1104 2152 1614 1774 2381 2525 2546 893 1252 2256 1538 1701 1222 708 1589 706 1085 2207 1760 1368 1026 2278 1157 2011 1317 1641 2141 1374 1669 2291 2085 859 2301 1124 1007 1651 1274 1811 1049 2527 2131 622 1888 2002 1538 1194 1396 1590 1212 901 1820 1591 1417 1556 1205 1469 1791 1176 1251 1535 1258 1511 1471 1168 989 1339 1245 1907 1411 2212 1574 2229 2005 1502 1691 1885 791 1717 2270 1488 1611 1919 2022 2288 1136 886 2187 2317 1440 1625 2628 2459 1972 487 2031 2058 1503 1613 1961 2143 1520 2437 1343 1381 1433 1462 2225 1592 1493 946 2195 1486 923 1600 1221 2195 2645 1598 1406 1816 2541 2229 2146 1915 1988 2449 1966 1645 1697 819 1455 742 1528 849 1227 2371 1511 2318 2504 841 1321 1646 1380 1484 1856 1239 1742 2539 1889 2026 1496 1736 1567 2047 1222 1246 2066 1507 937 2080 1550 1982 1486 1930 2216 2298 932 1857 1391 1537 2207 997 1413 1837 943 2192 1172 850 1305 1484 801
741 1117 993 800 1418 1834 1261 1072 802 964 824 898 732 1514 1595 858 1620 360 777 1421 825 644 1744 1188 827 1359 1098 992 905 1021 1044 873 669 722 1199 1848 1236 1761 1905 716 1987 1175 1075 1101 1124 1172 1053 1077 1561 865 1549 733 867 1282 715 707 778 1788 1710 945 1423 1937 1277 463 1281 874 1211 993 1488 1332 1141 803 628 1161 703 789 1047 979 747 877 903 759 1359 1534 1476 847 1339 1489 856 977 1456 1138 769 1220 1651 1037 1804 1198 542 1068 1333 1171 657 824 1790 1513 1035 941 775 1673 1130 1506 1410 1155 1716 1076 842 1336 1099 1152 1115 1514 1050 1237 623 860 1745 1478 1782 1245 1813 1197 922 765 1373 1289 1086 1597 952 1336 1130 625 1042 1042 883 1752 840 910 1951 818 1200 1246 1761 1780 1238 1096 1228 600 766 1047 1099 1302 973 1360 769 1029 811 786 846 581 1605 1372 1321 881 731 447 826 768 911 928 1264 735 1168 791 1851 1207 1294 658 928 646 1324 1602 1750 1847 781 1280 590 742 1253 1599 1579 1008 1849 763 799 1271 1378 1211 1204 1057 855 1284 1446 1200 1094 1494 1437 924 804 659 954 1140 662 1493 720 598 1626 784 1043 1214 524 1063 1443 663 1837 1266 1454 937 1564 954 1354 1295 1288 1069 1812 664 770 1683 1456 619 1640 1594 554 1333 870 1208 919 1398 827 1780 1549 1301 1360 1021 875 760 871 778 856 1279 720 1937 847 660 1436 874 1288 1617 1965 794 1689 822 794 1007 1254 683 1700 1108 1521 1526 1561 823 950 1506 835 1058 1410 939 1369 1488 997 1111 1204
861 1332 1084 995 1329 1657 1063 660 916 1271 1061 1261 446 1587 1769 1274 1231 777 360 1689 1084 1059 1768 930 1186 1411 827 782 1012 614 665 1010 1038 1052 1603 1884 1565 1881 2006 662 1903 820 1484 1304 828 1559 960 685 1146 1215 1132 947 1091 1661 1050 641 692 1885 1589 1131 1348 1933 1269 879 1499 483 1216 608 1670 1463 736 923 848 781 966 965 945 574 966 841 868 755 1713 1129 1071 1107 1756 1667 917 1393 1265 1508 738 1011 1728 1446 1792 898 639 1414 1366 754 486 884 1961 1517 687 814 1016 1850 1000 1401 993 1416 1880 1493 479 1302 1105 1343 1239 1114 870 1550 891 1135 1978 1850 2064 829 1622 1565 1037 1034 1245 930 1186 1278 715 1637 1303 512 797 1407 690 1843 807 1091 2032 595 1308 1611 1877 1480 1609 934 1012 906 424 1058 889 1719 1370 969 1023 1352 957 477 879 720 1438 1115 1463 1041 797 740 661 873 1176 778 927 901 1080 923 1723 1070 891 602 838 1056 1285 1817 1680 1991 1195 1290 930 1017 839 1621 1824 1072 1768 1050 1214 1626 1004 928 1543 1461 920 1349 1857 1598 1187 1103 1633 1311 927 912 1126 1484 838 1829 702 565 1533 880 1357 1282 708 652 1703 808 1545 1324 1314 1334 1948 1096 1306 1443 1703 1469 1936 1082 1182 1962 1618 913 1643 1304 590 1010 993 791 813 1742 950 1978 1891 1014 1275 1170 893 880 1020 379 1114 1687 1113 1980 954 996 1438 1274 1170 1460 2014 922 1423 1237 742 1329 1262 1101 1885 1517 1272 1623 1467 965 1344 1279 883 1293 1003 1355 1220 1073 951 1150 862
1076 729 2013 1053 1344 1756 1527 1957 1143 819 989 939 1604 973 717 1200 2195 1421 1689 360 1757 1255 1193 1618 1594 1005 1611 1500 1071 1928 1769 1054 1128 1060 1547 1221 640 955 1097 1771 1617 2149 1103 2016 1662 915 1319 1817 2281 1630 2306 1103 1820 868 1598 1757 1393 1031 1542 1912 1314 1380 1144 1390 591 1703 1118 1936 656 805 1894 1135 1210 1839 1680 1084 1335 1786 1084 1286 1273 1314 727 2194 2152 948 1432 666 1168 1204 1584 1699 1338 1537 1010 1101 1322 1697 1437 785 1050 2007 1626 1192 851 1149 2014 1389 1037 749 1380 1411 2174 633 813 1335 1801 1205 1138 743 902 2157 1459 592 1181 927 698 868 735 2088 1779 812 1046 1028 1418 1869 966 1965 1532 504 795 1576 1556 1669 1480 1023 1300 965 1179 1843 897 787 962 2038 821 1431 1553 1188 1720 2092 1510 1292 1020 2005 1727 773 1098 1606 1212 1642 1599 1687 778 1018 1259 1383 1461 1183 879 1421 2255 1147 1305 1131 1644 1399 2190 1446 1340 1388 1216 612 1436 951 1202 1103 1190 1691 2024 1135 532 1071 1521 1689 1194 737 2327 1671 688 1488 1164 977 1199 1594 2100 2104 607 990 1131 1152 1929 735 1212 675 1357 1499 1430 1180 1805 983 1369 1864 393 1241 2058 995 1470 1495 996 981 1237 769 1453 1019 976 1305 1188 633 709 1172 1200 1886 1563 1813 1076 2007 1364 680 1112 783 733 1717 1320 919 1215 1174 1880 1703 941 1545 1125 1261 1115 1121 1136 1073 1375 1582 1265 1134 1888 1349 1854 791 1108 1286 750 1101 1749 910 1407 1091 1515 1689 1200 756 2286 1326 1459 2319 1256 1073 1783
1201 1518 653 1243 1883 2291 1706 1303 1264 1308 1246 1179 1089 1959 1994 963 1947 825 1084 1757 360 862 2197 1611 583 1813 1513 1424 1362 1245 1389 1326 1008 1094 1022 2297 1516 2183 2332 810 2452 1279 1170 640 1528 1345 1513 1407 1824 578 1791 1177 425 1459 519 825 1226 2219 2173 516 1888 2394 1741 780 1667 1206 1674 1186 1887 1763 1450 1264 1085 1505 486 1239 1506 1294 1188 1339 1366 1220 1585 1832 1773 1252 1249 1889 1320 1033 1907 846 1226 1661 2092 1142 2264 1602 978 1344 1791 1419 968 1289 2185 1973 1167 1392 1202 2066 1587 1970 1666 1519 2116 1030 1071 1801 1563 1563 1557 1823 1494 1539 1065 1252 2095 1653 2082 1474 2267 1412 1377 1178 1834 1653 1537 1995 1372 1642 1552 974 1465 749 1313 2186 1301 1347 2385 949 1643 1462 2184 2191 1441 1545 1667 1028 1034 774 1536 1281 1150 1687 421 1344 1266 1154 1311 726 2062 1800 1747 1328 1196 911 1259 1231 1302 1374 1322 1192 1631 1251 2315 1664 1466 1090 1385 729 1789 1974 2215 2254 929 1741 996 442 1530 2055 1927 1468 2314 429 942 1503 1477 1624 1473 906 1319 1737 1482 993 714 1820 1830 1146 1264 1100 536 1410 1123 1737 1175 1002 2090 1248 641 1668 984 1361 1785 1128 2253 1720 1914 781 1698 1400 1819 1720 1179 1213 2230 812 938 1992 1866 1049 2099 2009 889 1726 1326 1475 1373 1639 1286 2156 1778 1713 1824 1461 1340 1223 535 1073 1260 1116 993 2383 1307 1045 1897 1065 1749 2076 2409 1253 2117 822 789 1327 1716 832 2087 1198 1954 1963 2026 1279 777 1947 1300 1452 1582 919 1827 1685 1461 1572 1582
816 1028 1121 814 1517 1964 1433 1356 881 806 787 680 1006 1498 1497 575 1877 644 1059 1255 862 360 1747 1395 731 1370 1318 1198 954 1305 1307 909 524 614 965 1838 1024 1696 1846 972 2052 1455 791 1130 1352 906 1194 1344 1837 772 1828 761 925 1020 704 968 980 1738 1810 1016 1513 1951 1339 552 1169 1148 1271 1277 1391 1288 1412 878 720 1421 787 824 1194 1253 763 1025 1043 929 1119 1801 1745 777 1069 1394 952 694 1611 968 949 1401 1623 753 1830 1423 797 851 1360 1453 941 932 1685 1544 1315 1120 755 1567 1281 1608 1688 1018 1619 808 1127 1408 1175 1079 1103 1779 1236 1041 671 768 1592 1219 1589 1528 1952 948 960 718 1498 1536 1098 1815 1173 1145 1076 906 1256 890 1099 1708 997 897 1905 1092 1188 999 1698 1983 985 1266 1412 625 1050 1212 1292 1021 702 1621 832 842 862 1052 964 820 1738 1566 1269 896 874 684 1045 868 815 1120 1539 805 1291 861 1950 1352 1579 898 1091 497 1401 1471 1815 1759 496 1328 578 796 1529 1613 1424 1062 1918 793 515 1031 1659 1428 984 828 949 1294 1162 978 1205 1754 1332 669 876 695 1034 920 767 1263 913 866 1712 883 965 1231 744 1339 1282 792 2035 1283 1580 737 1294 962 1432 1241 1025 792 1740 424 486 1496 1376 642 1665 1796 838 1562 917 1486 1092 1166 890 1653 1313 1513 1461 1008 993 854 988 1061 784 1033 490 1918 915 586 1475 602 1414 1744 1941 865 1876 580 1031 824 1306 423 1587 824 1705 1491 1653 873 756 1678 947 961 1695 677 1506 1771 1123 1163 1447
1243 1113 2369 1314 864 1043 1194 1920 1302 1365 1322 1531 1690 616 866 1813 1826 1744 1768 1193 2197 1747 360 1356 2117 744 1419 1380 1198 1921 1661 1231 1582 1492 2241 479 1413 697 704 1995 790 2166 1819 2477 1460 1677 1172 1701 2013 2158 2064 1379 2246 1669 2058 1975 1444 623 841 2328 831 566 858 1777 1051 1708 914 1963 897 839 1760 1301 1476 1664 2083 1318 1189 1738 1369 1294 1266 1403 1550 1893 1876 1330 2192 887 1259 1872 1100 2330 1410 1238 544 1801 492 1446 1643 1468 773 1910 1780 1294 897 611 2064 1317 1360 890 1156 852 1968 1198 848 2026 1884 832 1029 1053 1004 1851 1294 1351 1492 1343 1132 1701 1361 1975 1088 1582 1181 1391 980 1604 1020 1501 1445 1314 1040 1738 1400 2267 1444 593 1332 1214 674 1994 919 1577 686 1474 1608 1231 1250 1530 1826 2399 1307 2062 1689 1745 2147 1396 1293 1652 1282 1929 997 1296 865 1229 1396 1665 1466 1341 1302 1354 2278 1368 1062 1312 882 1108 2108 1572 1289 1877 851 1015 672 824 1773 840 1565 2116 1864 507 1128 1098 721 2129 1776 1535 2281 1402 1450 2142 1258 820 2012 2278 2473 1787 948 1625 1300 1456 2338 1463 1442 1507 1459 1665 767 1326 2352 889 1605 1781 1167 1445 1463 837 966 2099 1830 1157 836 892 2195 1735 733 1811 1752 1304 848 1508 494 1392 1779 1491 1233 1876 1314 1511 1276 1003 1560 1391 898 1100 1259 1346 2253 1787 1324 2266 1639 576 1257 1527 689 1688 1015 966 613 1310 1325 1932 2091 1396 868 1804 924 1830 1259 653 796 1280 2119 1193 1287 1178 2163 1963 1029 2145 1177 998 1553
884 1260 1652 1049 855 1093 526 957 936 1352 1127 1435 892 1258 1546 1585 938 1188 930 1618 1611 1395 1356 360 1656 1092 462 558 946 975 695 984 1286 1240 2000 1475 1617 1571 1662 1229 1382 1208 1741 1857 476 1732 658 724 1047 1692 1087 1056 1632 1805 1536 1207 777 1546 1056 1685 886 1479 912 1282 1388 819 898 1034 1473 1237 771 943 1043 670 1486 1018 644 796 1067 757 751 828 1792 944 911 1179 2089 1466 873 1699 707 1965 807 478 1383 1705 1339 451 1008 1524 1035 923 1015 870 1710 1117 1136 644 1112 1622 602 898 977 1388 1629 1836 1014 901 842 1235 1075 905 534 1577 1098 1215 1816 1956 1971 982 1054 1695 965 1154 744 623 1012 781 599 1630 1182 1000 506 1870 665 1502 771 1071 1660 1158 1096 1727 1564 952 1740 546 468 1140 993 1627 475 2011 1598 767 1550 1437 980 828 838 1250 884 548 1252 1023 889 1107 721 923 1226 636 1315 992 694 958 1179 616 1117 891 685 1460 882 1646 1182 1703 1509 952 1186 1534 867 1224 1698 910 1256 1563 1524 1720 1294 413 1617 1861 878 1066 2088 2010 1756 849 1462 1521 947 1087 1683 1577 998 1860 843 971 1028 913 1863 1024 1031 810 1618 968 1009 1039 790 1753 2079 1023 887 1246 2052 1692 1626 1446 1489 1874 1403 1130 1222 765 1082 557 961 883 674 1797 951 1765 1928 479 818 1069 817 939 1578 947 1181 2069 1377 1571 933 1215 1050 1525 701 910 1609 953 865 1613 1312 1418 931 1456 1663 1770 705 1319 967 978 1769 709 856 1261 1166 1712 703 1151 728 909 557
1155 1398 875 1171 1857 2289 1726 1444 1219 1166 1154 1018 1169 1869 1861 766 2056 827 1186 1594 583 731 2117 1656 360 1737 1564 1460 1306 1386 1483 1264 895 985 815 2209 1337 2065 2216 961 2409 1458 957 786 1588 1142 1508 1509 1961 401 1936 1111 645 1254 498 970 1245 2109 2151 726 1857 2319 1693 741 1533 1302 1624 1336 1756 1660 1562 1217 1042 1601 617 1176 1503 1401 1117 1331 1355 1219 1388 1954 1895 1148 1030 1759 1284 819 1919 682 1231 1687 1995 932 2196 1662 1007 1172 1724 1556 1061 1259 2046 1908 1335 1406 1118 1928 1589 1948 1804 1377 1982 806 1203 1758 1521 1450 1472 1940 1517 1368 1006 1140 1933 1444 1900 1619 2272 1217 1316 1085 1824 1740 1463 2061 1418 1470 1448 1050 1509 581 1350 2079 1297 1263 2276 1105 1558 1266 2067 2247 1242 1560 1695 962 1149 998 1566 1057 956 1794 602 1186 1210 1230 1286 834 2061 1839 1641 1256 1179 911 1294 1196 1186 1395 1513 1143 1616 1202 2293 1664 1630 1124 1388 599 1750 1824 2171 2123 752 1686 921 578 1657 1981 1766 1414 2272 547 760 1310 1661 1677 1292 688 1283 1661 1259 794 927 1929 1696 967 1217 1038 749 1232 1087 1542 1184 1053 2059 1212 595 1596 989 1476 1624 1101 2305 1648 1906 559 1481 1325 1781 1613 962 1008 2109 668 766 1813 1744 983 2031 2061 962 1795 1269 1605 1382 1445 1235 2006 1579 1767 1799 1376 1316 1184 758 1179 1155 908 851 2289 1258 950 1836 884 1739 2070 2312 1206 2157 616 967 1172 1663 680 1946 983 1989 1863 1997 1222 557 1972 1272 1331 1748 699 1825 1845 1445 1518 1660
859 782 1986 930 704 1116 957 1597 919 1022 943 1183 1329 537 824 1454 1639 1359 1411 1005 1813 1370 744 1092 1737 360 1128 1058 814 1589 1351 846 1206 1117 1893 850 1144 846 958 1620 1063 1834 1491 2093 1176 1377 842 1396 1780 1779 1820 995 1861 1394 1674 1600 1080 837 908 1944 671 942 540 1393 793 1366 564 1624 771 559 1463 917 1091 1379 1698 933 860 1412 985 930 903 1030 1308 1672 1643 958 1871 762 879 1526 958 1964 1040 985 677 1468 819 1183 1263 1153 418 1605 1410 914 977 541 1721 975 979 896 857 765 1706 898 897 1681 1530 575 666 722 628 1631 982 1084 1107 975 1110 1473 1299 1678 1136 1294 796 1013 794 1355 636 1361 1117 1083 691 1365 1093 1896 1100 794 965 834 980 1629 548 1301 840 1407 1328 929 1000 1146 1465 2020 1013 1751 1352 1500 1762 1070 908 1298 906 1547 954 1101 587 845 1017 1281 1113 958 939 1014 1946 983 760 928 1025 838 1804 1201 939 1498 591 945 839 973 1408 500 1182 1731 1581 603 1023 717 938 1745 1412 1269 1969 1145 1170 1785 878 436 1735 1926 2090 1571 783 1281 915 1072 1953 1166 1057 1310 1087 1290 794 944 1973 504 1222 1467 991 1062 1421 453 833 1731 1606 774 604 601 1866 1412 902 1435 1386 1212 698 1124 654 1269 1401 1266 849 1582 965 1284 892 1038 1373 1163 691 722 886 962 1869 1430 952 1927 1269 941 873 1147 496 1336 776 936 972 925 1254 1564 1715 1065 523 1429 936 1507 1129 588 763 895 1751 1065 909 837 1874 1606 841 1875 825 622 1286
836 1246 1549 1002 927 1194 612 871 888 1312 1082 1382 790 1299 1569 1514 963 1098 827 1611 1513 1318 1419 462 1564 1128 360 486 916 883 607 948 1218 1179 1920 1539 1587 1613 1712 1127 1472 1122 1680 1756 411 1684 659 643 1032 1600 1063 1001 1532 1762 1442 1105 698 1593 1148 1584 955 1553 952 1194 1385 717 926 939 1489 1254 701 896 973 611 1387 969 642 701 1014 709 711 758 1760 943 901 1135 2018 1482 832 1629 805 1876 735 559 1430 1643 1412 466 917 1483 1072 850 914 823 1740 1173 1042 594 1061 1647 631 980 941 1369 1658 1763 912 952 852 1228 1074 907 513 1551 1029 1171 1830 1922 1973 916 1156 1653 937 1101 822 620 1010 860 506 1611 1175 899 424 1780 578 1550 715 1039 1716 1055 1106 1688 1606 1043 1698 559 555 1070 890 1525 475 1947 1539 754 1451 1399 935 726 792 1150 982 650 1266 988 824 1019 634 868 1188 574 1231 936 729 909 1274 670 1048 799 642 1374 933 1659 1265 1741 1436 988 1114 1437 813 1281 1702 899 1343 1466 1452 1684 1222 473 1583 1779 837 1092 2034 1927 1653 858 1472 1464 900 1023 1581 1540 931 1837 765 874 1112 860 1768 1043 945 726 1614 899 1102 1065 877 1669 2041 999 943 1257 1979 1635 1668 1365 1417 1874 1422 1061 1286 858 983 606 925 818 624 1769 908 1788 1905 562 884 1053 776 884 1476 845 1138 1991 1309 1635 893 1149 1102 1461 767 1007 1673 905 965 1533 1209 1378 964 1377 1687 1709 806 1356 1048 934 1683 812 809 1239 1108 1635 786 1107 714 917 532
710 1132 1487 876 913 1243 647 901 762 1187 957 1255 725 1234 1481 1391 1088 992 782 1500 1424 1198 1380 558 1460 1058 486 360 797 900 653 826 1093 1053 1802 1499 1465 1545 1653 1067 1483 1145 1554 1677 533 1557 576 699 1142 1497 1166 874 1449 1636 1342 1045 579 1533 1167 1507 935 1531 892 1084 1278 695 854 945 1396 1165 770 770 849 701 1298 843 558 718 887 585 590 633 1637 1060 1015 1010 1895 1390 709 1506 851 1767 611 599 1371 1517 1388 592 814 1357 1005 907 845 697 1659 1130 1047 472 934 1561 586 980 1036 1251 1577 1641 885 907 764 1118 970 1026 449 1430 904 1046 1733 1797 1866 981 1212 1527 819 974 823 742 907 977 427 1493 1067 821 422 1673 471 1490 589 917 1665 1017 1012 1563 1539 1150 1573 515 603 946 845 1475 473 1821 1413 869 1363 1274 809 667 667 1068 1020 739 1174 866 698 909 526 742 1064 447 1257 809 678 783 1301 650 1105 697 521 1261 889 1563 1263 1668 1313 922 991 1346 895 1237 1599 791 1349 1373 1329 1560 1271 590 1460 1663 713 1013 1907 1811 1592 980 1374 1337 774 897 1506 1415 806 1718 645 782 1113 734 1670 957 833 768 1504 774 1206 986 892 1555 1916 882 905 1162 1857 1509 1601 1248 1294 1766 1332 937 1250 963 899 731 803 888 500 1647 783 1700 1785 675 862 940 654 757 1403 801 1013 1871 1184 1596 769 1024 1053 1336 752 1040 1632 779 1057 1415 1155 1253 896 1258 1599 1583 891 1285 1047 809 1570 882 684 1121 1180 1515 798 1193 611 825 651
