140 1282 1058 618 882 437 552 243 800 730 699 1391 624 1124 1161 618 676 952 408 904 448 812 795 1158 494 1196 279 457 1187 694 1084 1341 1053 310 552 1130 204 1373 1092 321 201 519 330 520 918 1183 423 755 491 837 363 355 652 296 990 694 1128 1222 1024 842 1116 995 823 485 659 1209 742 550 730 1317 586 237 1176 473 205 239 1139 1018 549 508 357 695 1150 1055 748 501 1337 1231 1325 429 1062 302 1154 1267 965 730 251 943 1217 424 1321 539 521 205 828 493 1269 350 1354 263 555 477 823 580 1067 270 696 585 760 832 760 589 625 792 1242 1134 745 488 1009 459 473 1116 1035 1092 909 1349 532 961 473 961 1179 787 449 307 1077 690 1251 861 317 342 939 270 511 627 526 279 1319 963 202 919 581 1184 1270 1130 1386 1056 574 400 1016 508 930 1349 821 740 414 447 296 1370 509 298 443 582 1304 1065 543 586 653 1103 617 610 1263 258 996 1161 717 865 901 481 364 1061 718 1099 1084 520 859 563 1188 282 937 1016 1260 333 802 810 391 1217 694 441 534 364 599 988 1013 344 1074 398 1288 905 232 975 1396 244 983 1081 1388 1253 1206 1099 1244 677 546 817 794 558 679 867 797 747 216 715 999 1069 285 1013 293 702 933 599 972 334 997 908 699 1221 589 740 502 275 335 648 687 1385 1238 487 1256 493 210 960 1050 1058 1189 1043 493 298 865 1209 502 361 383 527 1230 872 870 760 237 236 1194 729 894 1013 335 1011 648 1341 210 397 915 985 1297 1344 1218
1382 360 1345 1830 1800 1245 1761 1446 2033 1961 1059 2404 1511 598 2345 1630 1656 1381 1615 1060 1630 843 1769 2085 1350 1840 1389 1691 2283 1224 1888 2433 746 1428 1603 925 1439 1615 2317 1322 1443 1676 1565 1622 2116 1314 1609 1366 1314 1931 1517 1288 1842 1402 827 976 696 2379 1752 2067 2355 1943 1970 1604 1361 2287 1337 1715 1152 990 1822 1407 2349 1171 1438 1403 2341 2072 1782 1518 1296 1456 2393 2206 916 1687 2576 1910 2381 1665 2304 1403 1947 2195 2205 1482 1402 1007 1317 1666 1175 1686 1758 1437 1810 1204 2502 1301 2508 1485 1781 1439 1838 1173 2300 1376 1793 1743 1833 1706 1083 1053 1796 1686 1776 737 1390 1157 2248 1313 1277 2359 2119 1862 1479 2530 1532 907 1169 1974 1668 1482 1513 1341 1811 1174 809 942 1329 1427 1444 1405 1313 1043 1768 1403 957 1655 1443 804 1219 755 2176 1732 737 1525 1468 1566 1567 1207 1944 2524 2034 1543 1558 1614 1382 2611 1526 1436 1686 1421 2514 2081 1423 1642 1145 949 1421 1326 1953 1464 1729 1734 1766 1939 1459 1179 1591 1000 1556 1075 1711 1148 799 1762 2385 1365 1244 2054 2145 1539 1991 834 1431 1185 1925 1448 1757 1524 1234 1583 1408 1555 1162 1447 821 1840 1440 2213 1956 1487 1045 1931 2581 1816 1982 1475 2144 995 1100 1607 1998 1696 1167 1798 1211 1989 1459 1753 1478 1921 1478 2238 1478 1632 1448 1278 794 1496 1177 1242 1075 581 1116 1975 1373 1468 1310 1877 1398 1439 2326 1579 586 1703 1436 2128 1544 908 2420 2262 1684 1451 1458 2140 1159 1313 1556 1685 1862 1788 1916 1636 1412 1464 1225 1965 1602 2077 1513 1705 999 2448 1445 1583 1605 1674 734 2488 2170
1158 1345 360 1589 1002 1248 1535 1257 1702 1652 847 1543 887 1382 1677 1629 1685 1785 1414 673 1190 1038 1031 2175 1410 873 1243 1422 1511 1493 982 1636 959 1115 1566 1638 1218 703 1747 1159 1217 1178 1247 1098 1518 1910 1437 676 1382 1850 1380 1143 1639 1122 886 980 1011 1665 1995 1763 1954 2011 1332 1110 768 2214 1605 1560 736 876 1519 1211 1663 1088 1213 1205 1708 2033 1368 998 1102 1630 1937 2036 1218 1220 2037 2202 1558 1302 1831 1116 1023 1305 1816 1669 1170 1547 542 1360 1918 1169 1464 1214 1060 978 1939 1113 2316 1281 1343 1449 1106 1340 1935 1167 1163 1209 1777 1828 760 1084 1626 1789 2165 1507 1636 1082 1857 960 1332 1919 2043 2079 605 2288 1532 1485 1119 1979 685 715 1456 1200 2053 1451 1645 1417 1193 1086 548 1148 1399 980 1425 1139 1783 1914 1220 1340 1386 1561 2287 767 1673 1929 1541 1418 1919 1293 1173 1818 1489 1703 1432 1167 1123 2081 1005 1299 1357 865 1875 2083 1494 1602 1390 1634 832 1493 2239 1182 1965 2090 1099 1226 594 1036 1361 709 843 648 2025 1219 1220 1553 2120 1205 1699 1274 1237 1349 1408 1090 1044 630 1621 1008 1504 1139 831 1906 454 1203 553 1388 1676 1917 1245 1834 2339 1241 662 2085 1900 834 2200 1936 2259 975 1065 1786 1442 1574 1436 1010 640 1566 1225 1081 535 2074 1302 1911 1311 939 1805 1450 1396 1140 1703 526 1371 1463 932 1508 922 1292 1186 1416 754 2104 2239 1503 1493 1265 1207 1937 580 1571 1857 1683 1497 1306 625 1260 1202 1076 1157 1541 890 1879 1888 1750 1184 1203 578 1504 745 1315 1353 1969 1047 2331 1211 1413 1860 767 1064 2315 1299
718 1830 1589 360 1214 945 429 759 575 503 1278 1538 1081 1646 1151 691 728 1215 577 1476 772 1378 1118 1042 870 1595 808 529 1289 1074 1430 1422 1630 852 659 1567 781 1873 1004 891 778 813 705 882 928 1488 581 1273 899 664 673 924 422 859 1568 1268 1703 1243 1082 597 896 903 954 858 1182 991 1043 500 1297 1893 455 806 1180 1042 784 811 1099 837 637 958 935 922 958 807 1276 765 1178 1255 1444 651 896 862 1491 1498 754 935 829 1370 1761 588 1687 832 488 784 1133 1071 1137 927 1098 721 672 784 1102 1040 834 848 950 827 643 872 1334 1151 458 838 1343 1621 1011 1057 794 1019 923 918 829 1098 1398 1090 724 1421 1034 827 1638 1266 697 862 1112 1100 1717 1330 874 876 1440 840 907 1203 544 847 1749 1069 777 1425 1009 1664 1149 1558 1873 1253 815 624 1184 989 1173 1328 823 899 635 794 869 1201 953 756 594 1085 1229 904 833 645 1094 1534 1118 952 1273 789 1061 1264 1011 1072 1395 1058 614 1636 1159 1669 1182 1042 1393 430 929 840 1266 1212 1522 656 870 1368 910 1778 474 941 446 810 1162 1143 1528 747 1635 749 1752 857 768 756 1448 739 1555 1037 1334 1675 1178 1326 1130 1251 1114 932 830 539 1097 1196 1352 639 764 1021 1495 1027 719 768 717 1096 1160 979 1467 812 1353 1456 1161 1736 1167 694 1033 730 892 680 1196 1665 1012 641 1769 716 788 709 1531 1505 1070 977 507 742 1357 1450 1031 938 792 526 1628 855 734 844 816 774 1749 684 1336 1186 678 1096 1215 1101 780 607 1046 1410 1874 1092 1442
982 1800 1002 1214 360 1231 1190 1082 1234 1210 1107 963 672 1738 1040 1414 1472 1791 1138 1133 836 1347 456 1892 1334 753 1114 1089 874 1516 576 1011 1439 947 1348 1871 1045 1141 1136 1082 1041 773 968 730 915 2006 1173 801 1326 1517 1173 1095 1276 977 1353 1222 1513 1023 1844 1299 1405 1743 731 765 800 1825 1581 1259 1008 1496 1121 1065 1023 1141 1040 1061 1078 1691 937 743 1051 1536 1363 1611 1422 818 1422 2045 946 949 1257 971 641 772 1290 1570 1025 1712 1177 1025 2108 751 1092 1042 446 1036 1320 1056 1845 1078 903 1316 491 1376 1407 1045 628 747 1479 1638 1077 1226 1290 1597 2077 1811 1587 1147 1325 926 1296 1353 1677 1895 759 1793 1355 1696 1168 1677 861 690 1271 1108 1891 1500 1948 1600 1110 919 815 1000 1346 1170 1029 992 2052 1793 1044 1597 1396 1867 2001 747 2038 1899 1412 1181 1857 1304 530 1176 920 1574 1207 823 996 1467 740 1139 1003 763 1239 1758 1384 1370 1449 1852 751 1449 2072 983 1817 1995 562 598 772 1096 1089 1268 605 1243 1916 1272 1493 1213 1628 1093 1761 635 746 1116 830 1381 876 1270 1190 827 1148 880 941 1828 908 923 1160 1236 1985 1675 1074 1312 2221 1030 1185 1860 1258 845 1996 1940 1980 1205 1178 1644 875 1291 1486 378 962 1064 1036 553 833 1849 1109 1409 1119 553 1775 1430 1658 908 1807 980 1472 1836 1087 990 844 1105 1118 928 762 2210 1837 1283 1872 864 1035 1515 821 1796 1243 1073 1196 1136 750 714 1248 1014 870 1255 783 1656 1582 1576 1031 1007 1219 990 616 673 1143 1838 1241 1901 1032 1162 1750 626 1626 1855 736
537 1245 1248 945 1231 360 876 581 1150 1078 794 1773 935 1065 1558 793 837 933 732 1019 841 809 1153 1328 525 1495 522 813 1579 646 1416 1733 1079 652 746 1053 592 1587 1484 509 598 909 727 895 1315 1135 723 989 494 1078 631 496 958 620 1033 723 1146 1619 1107 1182 1474 1166 1218 863 903 1452 731 833 877 1391 942 560 1573 523 594 560 1535 1243 941 847 543 741 1520 1337 691 896 1719 1313 1713 823 1439 625 1487 1633 1325 780 582 868 1380 802 1252 928 881 593 1190 632 1656 536 1641 616 951 588 1192 508 1417 557 1079 977 985 955 877 588 914 920 1282 1061 753 532 1368 692 443 1483 1277 1195 1160 1653 685 884 494 1162 1438 1058 640 494 1166 629 1175 784 487 675 1174 602 510 674 903 608 1242 1025 596 851 525 1110 1436 1414 1315 1061 664 681 1039 434 1304 1746 1216 816 674 836 598 1749 851 555 827 864 1699 1272 613 786 582 1026 893 607 1351 644 1077 1205 1090 1248 1147 572 714 1155 1027 1212 1137 456 808 877 1503 517 890 1396 1617 658 1199 790 714 1347 1042 763 874 744 783 1021 1227 740 1212 568 1212 1064 580 1332 1452 636 1093 1214 1784 1536 1319 1086 1406 712 571 900 1191 818 615 1218 969 1127 612 1085 1236 1203 601 1353 599 1039 935 571 900 711 937 1084 623 1159 685 1129 771 593 475 1041 943 1339 1487 705 1193 891 596 1252 1297 981 1577 1436 798 570 1116 1574 448 580 770 803 1528 1019 1084 875 584 631 1336 1118 1185 1399 629 1080 654 1601 604 698 971 1280 1321 1626 1587
652 1761 1535 429 1190 876 360 690 639 566 1211 1549 1035 1577 1184 653 697 1168 508 1412 731 1309 1093 1062 805 1564 739 473 1304 1012 1406 1442 1562 791 611 1505 714 1826 1048 823 712 781 648 844 953 1439 512 1220 833 691 604 856 464 795 1500 1199 1634 1271 1065 666 963 914 957 816 1127 1040 989 454 1235 1828 467 738 1211 974 717 744 1136 872 623 911 868 873 1020 866 1207 733 1236 1247 1458 609 953 799 1469 1494 818 890 763 1308 1705 538 1632 801 459 717 1111 1005 1191 860 1162 653 657 721 1084 973 902 781 931 803 650 852 1270 1082 460 815 1323 1555 961 988 860 957 855 982 872 1092 1351 1157 669 1356 965 847 1597 1219 634 793 1100 1037 1652 1264 805 815 1391 775 842 1135 526 782 1688 1043 711 1357 943 1598 1171 1522 1807 1216 760 555 1150 921 1163 1365 845 859 568 752 804 1261 906 686 551 1032 1274 934 774 604 1028 1472 1066 892 1269 726 1042 1242 988 1065 1347 990 548 1571 1117 1606 1159 973 1324 384 998 771 1213 1210 1513 587 881 1299 852 1718 534 887 401 757 1100 1111 1477 692 1575 682 1687 855 700 822 1437 674 1492 1039 1376 1640 1179 1286 1150 1183 1045 900 846 497 1033 1171 1293 676 698 997 1447 1029 650 837 647 1060 1117 916 1400 755 1297 1398 1094 1668 1101 719 975 661 823 686 1144 1621 1063 582 1701 686 722 770 1486 1441 1121 1017 440 672 1309 1444 962 873 741 473 1597 846 752 815 749 710 1690 709 1296 1188 609 1074 1145 1158 714 537 1015 1373 1806 1154 1438
343 1446 1257 759 1082 581 690 360 949 878 885 1583 827 1280 1339 736 794 1074 543 1094 638 982 994 1278 617 1399 419 605 1375 823 1285 1528 1231 512 671 1271 401 1574 1262 492 404 710 509 718 1095 1311 552 955 619 963 483 526 788 497 1170 869 1304 1403 1141 988 1268 1115 1009 683 860 1337 865 679 923 1503 736 409 1356 644 406 415 1314 1143 719 711 539 813 1307 1188 904 688 1500 1348 1515 601 1222 503 1355 1464 1118 848 446 1082 1414 582 1454 731 671 405 1026 679 1435 530 1489 398 730 595 1020 718 1216 455 890 774 883 950 949 756 756 909 1360 1283 866 659 1162 657 606 1272 1162 1209 1112 1487 649 1104 639 1083 1381 989 566 465 1194 823 1397 1005 478 545 1140 469 637 804 685 479 1460 1080 400 1071 714 1332 1390 1333 1536 1176 692 524 1135 648 1126 1528 995 858 536 639 493 1532 711 416 606 785 1477 1188 661 706 789 1243 819 734 1380 459 1113 1278 914 1057 1103 659 506 1250 921 1290 1201 671 1018 699 1328 442 1064 1209 1458 464 983 976 593 1410 842 644 677 563 794 1106 1213 534 1268 516 1434 1023 371 1127 1513 420 1173 1199 1563 1456 1323 1221 1363 852 716 934 971 683 813 1067 993 908 406 913 1201 1187 406 1160 413 903 1054 726 1121 534 1127 1105 840 1376 772 907 703 395 496 820 889 1511 1366 606 1411 675 412 1095 1252 1200 1356 1214 626 415 1067 1406 655 550 578 655 1432 990 993 877 433 435 1388 897 1097 1205 457 1128 818 1471 412 525 1033 1188 1476 1478 1414
900 2033 1702 575 1234 1150 639 949 360 433 1447 1442 1177 1855 999 892 918 1418 778 1629 873 1571 1144 1113 1085 1627 1004 703 1184 1289 1440 1299 1812 1012 870 1782 963 1957 824 1079 959 887 858 966 814 1693 790 1388 1112 753 880 1113 595 1026 1745 1454 1887 1101 1239 425 683 1006 906 952 1303 962 1254 713 1449 2052 573 992 1035 1232 965 997 936 877 694 1065 1116 1129 743 740 1482 842 966 1389 1339 773 688 1028 1494 1446 539 1138 1007 1586 1881 740 1898 898 638 965 1147 1243 933 1109 980 910 720 999 1108 1253 627 1030 968 871 783 1041 1493 1346 651 1013 1503 1835 1220 1247 580 1173 1135 703 840 1234 1489 945 937 1636 1228 911 1702 1359 912 1054 1258 1315 1932 1544 1067 1028 1537 1012 1122 1387 648 1017 1964 1243 959 1636 1223 1878 1206 1607 2087 1442 1027 833 1369 1199 1152 1162 727 1096 847 896 1040 988 1058 956 730 1202 1044 953 1048 850 1308 1749 1232 1166 1400 955 1222 1427 1037 1044 1490 1240 802 1792 1239 1817 1347 1247 1599 645 777 1031 1477 1163 1484 853 803 1565 1052 1914 467 1072 636 945 1312 1327 1631 888 1772 961 1967 991 956 542 1585 916 1708 1153 1154 1716 1291 1520 1194 1436 1305 1117 755 749 1312 1215 1490 535 944 1051 1586 1145 915 576 914 1159 1358 1194 1679 957 1564 1585 1374 1947 1342 613 1169 925 1085 667 1309 1864 969 856 1980 797 968 649 1612 1720 873 812 720 942 1452 1405 1234 1112 919 740 1657 1004 836 1030 995 947 1880 609 1403 1127 881 1261 1407 1027 959 813 1228 1464 2055 986 1389
830 1961 1652 503 1210 1078 566 878 433 360 1381 1461 1130 1782 1038 827 857 1352 705 1568 821 1500 1118 1093 1012 1601 932 633 1205 1217 1421 1327 1744 947 800 1710 894 1916 875 1009 890 843 794 920 835 1627 716 1336 1039 720 807 1043 530 960 1678 1384 1819 1136 1190 474 757 975 903 903 1250 975 1185 642 1388 1990 505 922 1071 1162 896 927 980 865 649 1014 1048 1062 815 761 1409 796 1035 1349 1360 714 754 962 1477 1449 612 1072 938 1513 1829 674 1829 857 569 896 1125 1177 997 1040 1024 839 679 926 1088 1179 699 961 942 835 736 987 1430 1275 585 957 1454 1761 1152 1177 653 1111 1062 775 836 1193 1445 998 867 1563 1157 884 1667 1313 840 983 1214 1243 1859 1471 996 965 1491 945 1049 1318 589 951 1892 1189 890 1563 1150 1805 1192 1576 2014 1382 957 760 1311 1126 1142 1208 739 1033 774 845 973 1058 1007 884 667 1149 1098 939 977 783 1235 1677 1180 1095 1363 889 1172 1377 1010 1035 1444 1172 731 1730 1197 1757 1296 1174 1526 573 831 960 1408 1162 1482 781 805 1494 992 1858 396 1015 563 886 1251 1269 1583 827 1716 888 1894 949 886 615 1544 848 1647 1118 1207 1687 1258 1458 1177 1367 1234 1058 759 680 1239 1192 1432 540 875 1023 1542 1109 843 642 842 1121 1295 1121 1606 896 1495 1530 1301 1874 1275 613 1111 853 1014 643 1258 1801 987 784 1907 749 899 664 1571 1647 933 856 647 870 1407 1404 1162 1045 861 669 1632 957 802 970 926 879 1825 607 1365 1130 808 1210 1336 1056 891 740 1171 1431 1987 1025 1391
799 1059 847 1278 1107 794 1211 885 1447 1381 360 1710 811 995 1656 1216 1266 1300 1067 584 971 603 1070 1759 960 1224 848 1112 1583 1010 1222 1733 739 795 1161 1183 857 1190 1650 757 859 1002 948 938 1437 1426 1078 695 926 1481 998 728 1312 781 662 500 816 1684 1535 1495 1750 1597 1279 926 666 1857 1127 1204 484 978 1236 836 1657 633 854 830 1659 1656 1144 827 705 1169 1767 1713 740 1024 1925 1739 1683 1038 1669 779 1287 1512 1600 1208 808 1069 954 1067 1453 1008 1172 854 1111 566 1842 714 2013 920 1134 1017 1138 861 1709 791 1099 1064 1394 1390 447 599 1282 1354 1687 1085 1162 622 1644 641 874 1737 1681 1627 848 2008 1111 1018 659 1584 1104 807 1048 794 1596 967 1225 940 784 781 836 797 940 494 1160 791 1348 1449 861 887 910 1141 1869 1123 1297 1446 1098 1046 1441 823 1245 1831 1366 1249 1051 951 769 1963 836 907 1077 721 1833 1693 1048 1201 905 1173 722 1024 1778 852 1506 1615 1067 1239 830 594 1023 727 861 778 1555 744 770 1222 1846 810 1211 1355 1469 989 1311 644 767 913 1346 769 1192 873 534 1430 854 922 779 974 1260 1496 874 1613 1865 898 659 1649 1893 1233 1752 1449 1839 490 589 1332 1326 1204 951 1103 582 1360 873 1053 891 1638 930 1663 935 933 1324 977 948 854 1217 682 883 1091 474 1329 682 918 770 1228 706 1623 1888 1108 1127 1051 849 1620 960 1111 1757 1591 1151 919 814 1455 730 699 904 1178 1253 1452 1500 1310 822 864 904 1320 940 1378 979 1505 560 1995 857 1050 1394 1025 974 2003 1482
1491 2404 1543 1538 963 1773 1549 1583 1442 1461 1710 360 1265 2338 864 1830 1881 2292 1566 1728 1304 1948 1006 2194 1839 1084 1630 1485 619 2045 922 561 2040 1481 1773 2448 1555 1551 1069 1625 1550 1232 1440 1238 988 2534 1601 1401 1842 1821 1637 1645 1597 1513 1953 1821 2111 763 2253 1498 1432 2074 954 1270 1404 2024 2085 1639 1612 2058 1447 1582 823 1714 1551 1580 942 1960 1296 1302 1607 2009 1339 1797 2008 1258 1257 2434 472 1375 1264 1508 892 604 1392 2037 1552 2276 1694 1439 2666 1211 1454 1553 965 1622 1162 1610 1933 1565 1267 1797 949 1922 1476 1576 1055 1170 1821 2041 1681 1811 1635 2003 2510 2403 2078 1723 1404 1506 1824 1355 1921 2277 1323 1849 1805 2272 1737 1985 1287 1286 1730 1640 2288 2039 2537 2173 1646 1461 1374 1531 1861 1766 1389 1525 2633 2226 1552 2186 1930 2459 2289 1164 2636 2375 1881 1626 2319 1848 836 841 1082 2024 1653 1304 1536 1298 1296 1636 1410 1358 997 2036 1867 1781 1996 2425 1350 1956 2452 1495 2230 2428 1045 886 1341 1675 1531 1851 1208 1814 2345 1832 2087 1572 1715 1620 2288 737 684 1577 1028 1980 1428 1812 1460 1387 1509 1390 1542 2283 1450 1409 1724 1720 2574 2035 1578 1415 2625 1523 1773 2213 935 1175 2354 2431 2276 1803 1761 2079 1068 1680 2027 967 1561 1280 1539 1052 1369 2204 1595 1522 1603 1142 2260 1949 2246 1423 2347 1563 2031 2437 1683 1211 1428 1595 1658 1222 1366 2734 2020 1718 2473 1283 1547 1721 1328 2373 1125 1038 1591 1628 1329 643 1809 1573 1368 1648 1087 2032 1901 1997 1552 1514 1757 1218 1182 737 1611 2261 1834 2041 1541 1602 2193 1137 2215 1958 604
724 1511 887 1081 672 935 1035 827 1177 1130 811 1265 360 1432 1223 1194 1253 1506 938 892 670 1044 620 1717 1058 932 843 922 1132 1222 841 1282 1171 675 1127 1559 786 1151 1251 792 783 650 758 571 1025 1707 968 581 1044 1364 939 798 1137 699 1086 915 1247 1240 1608 1238 1429 1558 849 586 523 1713 1299 1079 733 1301 1003 796 1219 831 780 791 1236 1547 842 485 752 1273 1418 1522 1109 694 1538 1815 1233 789 1312 693 911 1085 1289 1309 753 1402 1068 857 1799 642 953 782 661 724 1445 759 1794 835 817 1058 686 1076 1407 765 667 683 1305 1414 800 913 1133 1373 1823 1500 1312 836 1331 615 1007 1397 1548 1674 677 1763 1116 1383 859 1509 925 544 1031 824 1661 1200 1636 1288 824 643 721 726 1064 860 907 717 1740 1546 786 1284 1101 1556 1829 866 1730 1625 1156 962 1592 1005 795 1391 977 1324 983 648 714 1580 490 881 847 452 1411 1604 1121 1157 1147 1540 451 1168 1847 730 1580 1743 621 790 675 784 883 1048 454 1047 1667 966 1182 1056 1594 815 1464 904 1056 891 905 1074 595 1118 1100 543 1000 648 638 1566 814 709 983 982 1673 1475 816 1307 1980 787 960 1656 1458 990 1785 1658 1805 897 866 1401 932 1102 1186 664 722 1039 783 606 774 1645 864 1384 874 483 1499 1142 1346 663 1504 789 1165 1531 777 983 532 857 828 889 506 1911 1734 1060 1567 740 774 1422 810 1484 1361 1188 1014 882 637 1026 942 715 656 1066 966 1447 1414 1343 762 755 1078 978 631 926 908 1595 930 1818 774 949 1498 721 1382 1795 1048
1224 598 1382 1646 1738 1065 1577 1280 1855 1782 995 2338 1432 360 2224 1420 1440 1143 1437 1072 1497 752 1693 1854 1148 1841 1221 1519 2191 1000 1856 2345 807 1290 1399 702 1280 1690 2175 1166 1285 1552 1412 1508 1987 1085 1425 1328 1114 1720 1334 1134 1651 1261 862 877 797 2269 1516 1883 2179 1716 1857 1484 1300 2067 1108 1522 1109 1136 1648 1247 2232 1026 1280 1244 2211 1853 1632 1414 1153 1231 2225 1999 736 1555 2421 1672 2303 1513 2143 1263 1921 2147 2031 1255 1250 769 1396 1503 973 1564 1586 1279 1734 1088 2354 1155 2299 1318 1636 1238 1755 970 2120 1223 1689 1620 1622 1479 1046 911 1602 1461 1539 516 1161 1013 2074 1204 1083 2189 1903 1626 1467 2326 1326 669 1016 1752 1692 1442 1317 1178 1575 952 632 712 1166 1295 1442 1258 1110 934 1605 1258 782 1419 1284 584 1011 555 1943 1736 662 1287 1256 1382 1329 1016 1866 2408 1897 1317 1370 1484 1238 2453 1422 1261 1526 1340 2382 1858 1213 1435 932 721 1348 1109 1715 1315 1493 1496 1672 1845 1447 1048 1419 1066 1493 1148 1473 970 626 1576 2187 1203 1006 1974 2105 1364 1864 718 1309 1280 1747 1336 1579 1389 1157 1345 1428 1411 1220 1257 659 1614 1276 2037 1719 1328 1083 1697 2457 1834 1746 1237 1911 895 962 1377 1865 1499 948 1733 1189 1829 1301 1661 1486 1688 1306 2053 1304 1556 1211 1063 561 1359 939 1250 860 459 1016 1824 1275 1297 1148 1731 1341 1225 2107 1381 496 1564 1280 1925 1556 674 2273 2123 1498 1275 1438 2089 985 1176 1421 1492 1867 1561 1699 1411 1258 1311 1309 1814 1572 1991 1335 1469 872 2230 1288 1401 1370 1654 909 2276 2115
1261 2345 1677 1151 1040 1558 1184 1339 999 1038 1656 864 1223 2224 360 1477 1518 1986 1253 1754 1088 1862 1007 1746 1571 1362 1397 1160 628 1788 1154 681 2029 1295 1432 2251 1326 1807 568 1428 1320 1032 1191 1082 604 2251 1284 1428 1585 1392 1348 1457 1200 1325 1946 1729 2106 467 1868 1043 930 1646 736 1101 1386 1542 1795 1278 1594 2152 1076 1358 401 1557 1324 1359 437 1507 986 1189 1432 1692 835 1318 1856 1030 780 2027 751 1098 764 1322 1171 977 909 1711 1344 2061 1855 1138 2424 1020 1107 1326 977 1502 677 1431 1431 1309 970 1506 932 1698 979 1372 918 964 1415 1661 1660 1672 1248 1629 2132 2251 1774 1570 913 1391 1583 852 1459 1871 1432 1345 1482 2082 1571 1550 1523 1338 1424 1427 1892 1797 2372 1983 1436 1288 1489 1331 1601 1663 1054 1329 2440 1860 1322 2033 1690 2303 1833 1399 2501 2040 1570 1319 1973 1628 872 548 708 1683 1345 1100 1348 825 1180 1380 1109 1302 559 1583 1571 1428 1768 2222 1313 1679 2039 1278 1849 2053 963 812 1444 1536 1238 1907 1218 1896 1971 1640 1958 1203 1216 1402 2014 790 1048 1293 720 1878 1276 1941 1049 1256 1152 1195 1483 1933 1585 1181 1821 1439 2409 1627 1339 930 2223 1282 1820 1793 596 1464 1931 2109 1824 1710 1621 1722 728 1321 1788 1029 1583 871 1306 979 1512 1784 1333 1033 1338 1122 1940 1688 2088 1226 2090 1631 1820 2323 1589 825 1335 1337 1452 887 1364 2440 1534 1392 2359 1028 1323 1253 1501 2179 624 551 1247 1368 1416 965 1619 1407 1164 1295 1381 1635 1476 1635 1338 1289 1893 835 1295 741 1330 1885 1715 1545 1314 1294 1837 1302 2245 1458 929
718 1630 1629 691 1414 793 653 736 892 827 1216 1830 1194 1420 1477 360 418 885 637 1438 938 1236 1319 907 645 1760 745 706 1591 792 1627 1732 1509 888 427 1281 777 1950 1335 832 779 1004 808 1045 1246 1160 601 1332 683 660 616 854 657 873 1466 1156 1574 1565 792 891 1193 743 1236 1011 1237 1024 730 558 1279 1824 760 778 1504 944 782 785 1428 812 894 1072 889 598 1271 940 1081 963 1498 990 1744 832 1220 879 1695 1757 1066 605 821 1087 1780 759 1369 1027 738 781 1345 1025 1464 879 1239 720 924 565 1326 818 1121 822 1177 1047 562 583 1293 1021 602 542 1040 1365 690 956 1101 1029 729 1230 851 842 1488 1268 467 1155 922 729 1756 1364 533 791 837 833 1442 1076 800 920 1517 846 680 1105 802 855 1453 755 776 1195 771 1400 1018 1701 1608 923 524 594 857 799 1418 1657 1138 567 571 951 868 1518 1070 690 786 1160 1561 839 567 409 848 1245 1195 673 1018 826 766 958 1222 1328 1479 983 685 1583 1287 1634 875 875 1195 634 1137 784 949 1479 1766 664 1168 1210 968 1764 804 1016 687 910 1160 818 1589 855 1624 603 1474 647 748 1063 1170 767 1515 823 1665 1824 950 994 990 1145 1002 609 1136 516 834 1397 1359 967 775 1227 1577 811 693 1042 684 1254 828 716 1225 891 1039 1473 919 1500 1103 1013 1080 702 811 972 1266 1334 1061 494 1530 925 788 871 1628 1226 1400 1308 599 684 1443 1703 876 913 911 544 1794 613 653 527 809 802 1747 1002 1466 1461 646 792 1087 1180 787 611 724 1554 1750 1217 1702
776 1656 1685 728 1472 837 697 794 918 857 1266 1881 1253 1440 1518 418 360 862 694 1489 996 1275 1377 854 682 1819 801 759 1640 805 1685 1779 1550 946 486 1283 835 2007 1370 887 837 1062 867 1103 1290 1138 658 1389 720 642 675 907 686 931 1509 1201 1612 1608 736 911 1209 690 1287 1070 1294 991 727 603 1332 1869 804 835 1547 993 840 842 1467 777 946 1131 944 591 1291 926 1112 1020 1521 933 1794 888 1247 937 1753 1812 1087 588 879 1093 1834 814 1355 1084 787 839 1402 1078 1492 933 1220 779 977 609 1383 848 1135 878 1234 1103 546 525 1344 1064 633 485 988 1378 682 1004 1120 1085 769 1250 823 783 1546 1255 515 1166 969 687 1814 1422 589 845 779 849 1448 1093 853 978 1574 903 714 1152 852 913 1452 706 834 1217 799 1411 965 1760 1617 885 549 653 816 837 1474 1696 1183 539 630 1009 925 1539 1129 746 841 1218 1595 797 597 463 870 1248 1253 691 960 885 711 906 1280 1383 1537 1033 743 1631 1346 1684 823 916 1224 676 1132 839 938 1532 1823 723 1217 1246 1026 1815 837 1075 734 969 1214 775 1646 914 1676 657 1480 592 805 1083 1113 826 1565 764 1701 1883 892 961 936 1190 1048 564 1183 561 852 1455 1413 1007 833 1284 1635 752 752 1054 742 1313 800 738 1243 950 1031 1528 941 1518 1153 1056 1137 761 863 1021 1323 1305 1030 552 1546 980 846 866 1686 1233 1430 1345 651 741 1501 1758 918 968 970 593 1853 555 620 477 866 860 1799 1046 1525 1514 705 739 1129 1151 845 670 678 1613 1788 1196 1757
1052 1381 1785 1215 1791 933 1168 1074 1418 1352 1300 2292 1506 1143 1986 885 862 360 1098 1509 1349 1176 1706 1113 818 2069 1037 1188 2070 654 1984 2219 1430 1203 917 870 1108 2129 1857 1073 1113 1422 1212 1432 1748 635 1065 1556 824 1117 1015 1068 1183 1174 1426 1177 1468 2068 748 1413 1711 1007 1704 1397 1474 1384 569 1077 1410 1790 1274 1086 2011 1072 1113 1090 1943 1185 1373 1408 1115 655 1794 1392 968 1393 2023 889 2217 1279 1746 1180 2055 2179 1589 640 1125 734 1889 1221 862 1444 1239 1111 1740 1192 1990 1107 1658 1088 1397 854 1735 809 1637 1106 1603 1481 1033 795 1388 1061 1127 801 770 1025 574 1075 1623 1266 858 1752 1249 856 1728 1713 864 834 1039 1075 2005 1631 927 1044 802 693 1044 819 1043 1232 1737 1150 805 1165 1294 1158 1001 656 1110 960 772 1036 1186 1986 1219 513 777 1033 546 869 1841 2171 1640 683 1006 1353 1156 2041 1411 1019 1251 1437 2083 1163 784 930 754 835 1466 701 932 1170 730 716 1629 1769 1713 1127 1124 1606 1599 1679 691 932 1035 1152 1612 1057 497 1921 2172 1075 1655 1128 1277 1825 1328 1328 1196 1276 1343 567 1779 1247 1707 932 1066 921 1081 1585 954 1132 1569 945 2185 2108 969 513 1155 1178 1082 688 1630 1035 709 1777 1509 1485 1120 1627 1798 938 1057 1555 1049 1604 439 723 951 1246 580 1619 782 1188 1215 1521 1344 1058 1038 1465 1515 813 1428 954 1207 1369 1117 1351 1862 850 1925 1826 1099 1026 1684 2121 952 1152 1293 1055 2102 874 1061 765 1120 1148 1828 1511 1759 1914 1040 697 1104 1553 1122 1058 621 1853 1630 1626 2129
508 1615 1414 577 1138 732 508 543 778 705 1067 1566 938 1437 1253 637 694 1098 360 1273 661 1161 1043 1139 685 1492 591 453 1335 902 1352 1481 1414 659 573 1385 570 1717 1144 675 569 727 540 771 1011 1359 396 1103 707 795 465 708 604 658 1353 1051 1486 1330 1069 811 1101 980 972 738 1008 1163 902 506 1098 1685 572 591 1275 825 574 597 1215 979 635 812 722 807 1151 1006 1064 686 1357 1267 1485 556 1075 663 1419 1481 954 832 620 1189 1578 486 1534 749 516 574 1068 861 1302 714 1306 507 660 613 1049 840 1045 636 901 771 728 860 1128 934 576 819 1313 1422 884 840 996 823 721 1113 990 1117 1245 1304 599 1229 817 932 1504 1116 531 645 1114 919 1526 1134 657 687 1281 636 719 987 559 644 1571 1027 567 1219 818 1468 1251 1439 1675 1169 680 426 1113 783 1142 1439 904 818 452 676 664 1385 809 539 515 919 1367 1031 678 591 902 1353 954 787 1294 592 1043 1231 945 1055 1239 843 414 1430 1026 1468 1149 829 1180 515 1146 623 1121 1206 1490 439 917 1151 730 1584 670 771 502 650 965 1078 1362 588 1441 553 1561 902 553 960 1447 535 1352 1085 1462 1561 1219 1230 1227 1035 897 878 892 524 912 1121 1161 772 556 950 1339 1074 502 983 499 984 1058 802 1265 639 1199 1270 964 1529 955 793 852 513 674 727 1030 1550 1191 513 1563 649 579 912 1384 1318 1227 1104 444 525 1202 1427 816 729 644 488 1526 878 838 802 606 573 1559 782 1207 1192 462 1067 997 1292 572 401 990 1291 1658 1296 1428
1004 1060 673 1476 1133 1019 1412 1094 1629 1568 584 1728 892 1072 1754 1438 1489 1509 1273 360 1128 728 1123 1983 1184 1140 1063 1307 1641 1225 1193 1783 677 983 1381 1326 1062 1003 1779 972 1064 1144 1135 1069 1555 1611 1287 694 1151 1696 1212 946 1515 977 593 691 744 1766 1759 1682 1919 1819 1382 1067 728 2071 1345 1414 540 783 1425 1045 1749 857 1058 1038 1769 1873 1310 954 917 1392 1924 1918 918 1175 2063 1961 1719 1216 1822 973 1249 1508 1771 1431 1012 1244 740 1255 1607 1144 1362 1059 1161 776 1973 927 2214 1127 1294 1241 1198 1079 1885 999 1199 1196 1612 1614 505 816 1489 1578 1903 1194 1383 846 1815 817 1098 1898 1895 1851 779 2203 1333 1177 884 1804 980 803 1268 1011 1820 1179 1332 1113 1001 963 743 997 1164 712 1341 990 1470 1671 1065 1029 1130 1248 2092 1033 1367 1658 1323 1258 1657 1046 1293 1919 1499 1473 1265 1106 968 2103 963 1122 1261 821 1943 1913 1273 1421 1118 1322 804 1247 2000 1047 1729 1833 1151 1313 760 815 1225 523 904 556 1775 966 910 1425 2038 1024 1411 1403 1452 1197 1433 780 936 688 1533 922 1389 1044 677 1649 716 1101 558 1195 1364 1719 1083 1786 2083 1099 439 1873 1989 1124 1977 1655 2063 692 812 1556 1456 1417 1163 1134 533 1524 1076 1135 780 1862 1140 1846 1146 995 1538 1199 1084 1032 1406 542 1087 1156 695 1483 824 1128 988 1383 750 1801 2101 1326 1188 1210 1053 1823 848 1260 1889 1717 1357 1133 763 1454 953 904 1072 1389 1164 1676 1719 1534 1026 1062 681 1476 910 1434 1191 1727 766 2205 1060 1260 1616 975 855 2207 1488
548 1630 1190 772 836 841 731 638 873 821 971 1304 670 1497 1088 938 996 1349 661 1128 360 1147 741 1428 895 1196 687 621 1099 1101 1050 1253 1349 567 872 1533 612 1462 1047 702 607 432 498 472 849 1589 697 875 897 1063 704 730 829 596 1273 1016 1427 1141 1368 932 1150 1274 736 445 790 1403 1141 788 949 1552 692 642 1099 830 609 641 1074 1244 542 552 704 1075 1158 1211 1128 418 1315 1568 1237 482 1058 594 1117 1193 1003 1107 619 1349 1368 555 1730 454 643 611 768 788 1235 703 1486 621 525 858 753 987 1118 647 613 496 1013 1161 1001 946 831 1120 1606 1523 1137 843 1047 689 882 1131 1241 1419 988 1458 883 1361 843 1215 1226 855 801 706 1415 1099 1646 1261 714 563 1032 604 916 948 596 602 1722 1321 610 1305 989 1576 1539 1150 1772 1442 948 706 1394 914 853 1274 764 1104 733 383 620 1352 545 691 540 689 1246 1305 928 893 1060 1507 719 1011 1596 556 1342 1524 647 779 986 812 612 1292 746 1309 1443 915 1230 753 1290 684 1343 932 1195 645 727 1157 563 1402 790 566 693 467 815 1362 1123 464 1261 778 1684 1201 634 1019 1746 579 1205 1386 1320 1270 1521 1493 1516 997 896 1171 729 818 1087 819 980 755 595 650 1085 1374 652 1086 660 689 1323 1005 1361 497 1405 1071 1104 1596 882 718 664 651 729 617 796 1789 1424 808 1632 441 606 1111 1119 1460 1151 991 724 683 948 1137 894 680 435 781 1229 1180 1120 1101 616 572 1367 710 924 927 675 1364 992 1507 599 686 1280 1002 1584 1486 1142
912 843 1038 1378 1347 809 1309 982 1571 1500 603 1948 1044 752 1862 1236 1275 1176 1161 728 1147 360 1304 1751 952 1461 929 1227 1810 916 1466 1962 636 946 1194 960 968 1371 1834 852 972 1192 1088 1139 1632 1249 1160 938 914 1527 1070 817 1400 922 612 493 698 1898 1475 1610 1888 1594 1488 1120 908 1899 1042 1277 722 981 1358 939 1866 698 967 934 1857 1688 1303 1037 819 1122 1920 1786 567 1204 2097 1666 1917 1187 1828 922 1531 1755 1737 1157 928 879 1099 1196 1240 1202 1293 966 1345 720 2021 825 2090 1021 1300 1031 1369 798 1838 903 1314 1259 1432 1367 662 587 1359 1337 1583 845 1088 683 1782 831 866 1887 1724 1577 1085 2099 1129 809 703 1602 1327 1051 1089 877 1537 864 985 750 865 944 1066 928 921 559 1296 925 1114 1381 972 662 851 901 1854 1358 1053 1329 1089 1121 1341 797 1479 2042 1551 1210 1118 1130 903 2132 1045 983 1213 952 2030 1712 1038 1234 810 955 957 974 1708 987 1446 1519 1290 1464 1066 698 1129 793 1102 870 1471 720 542 1314 1945 900 1065 1587 1713 1082 1507 412 947 1016 1464 965 1300 1041 766 1340 1067 1075 914 1017 1020 1489 974 1747 1766 1016 769 1619 2098 1462 1703 1314 1823 512 626 1288 1515 1266 851 1342 809 1513 988 1278 1116 1608 1019 1782 1021 1167 1217 922 719 1014 1048 887 760 849 634 1495 894 1008 847 1396 949 1435 1935 1155 885 1221 964 1699 1186 892 1937 1778 1236 997 1053 1697 722 832 1073 1249 1489 1440 1529 1288 939 990 1027 1485 1183 1607 1060 1436 524 2050 973 1133 1325 1267 874 2075 1723
895 1769 1031 1118 456 1153 1093 994 1144 1118 1070 1006 620 1693 1007 1319 1377 1706 1043 1123 741 1304 360 1796 1248 843 1029 992 879 1436 672 1025 1419 864 1254 1808 958 1206 1080 1003 954 677 875 638 854 1927 1079 790 1242 1421 1081 1018 1180 895 1333 1175 1495 1006 1750 1209 1330 1647 666 673 769 1731 1496 1163 982 1507 1025 979 996 1074 953 976 1036 1596 841 666 976 1446 1294 1519 1363 722 1370 1950 973 853 1187 889 737 840 1209 1480 942 1643 1212 929 2037 655 996 955 401 976 1270 981 1759 988 808 1227 435 1300 1327 962 536 651 1383 1543 1051 1166 1194 1502 1985 1757 1500 1082 1245 862 1214 1282 1582 1800 787 1709 1262 1632 1099 1581 932 691 1179 1026 1797 1422 1892 1534 1029 838 843 917 1262 1119 933 910 1991 1701 957 1540 1316 1813 1905 826 1989 1811 1321 1088 1767 1226 535 1159 845 1482 1114 729 915 1414 661 1051 907 712 1204 1663 1295 1275 1373 1787 708 1364 1977 896 1723 1903 467 555 797 1032 994 1268 579 1252 1823 1200 1441 1117 1543 1010 1681 645 825 1023 756 1334 798 1293 1096 752 1052 791 898 1737 940 831 1174 1147 1929 1579 986 1231 2128 940 1182 1764 1236 931 1900 1854 1884 1157 1117 1551 799 1196 1408 438 950 977 947 457 872 1753 1019 1325 1029 496 1688 1347 1601 820 1730 986 1400 1792 1036 904 783 1015 1038 837 737 2131 1745 1189 1827 767 948 1422 872 1732 1190 1017 1100 1047 769 781 1176 940 779 1159 874 1560 1486 1482 946 919 1245 903 657 672 1051 1745 1187 1811 945 1068 1658 692 1619 1767 797
1258 2085 2175 1042 1892 1328 1062 1278 1113 1093 1759 2194 1717 1854 1746 907 854 1113 1139 1983 1428 1751 1796 360 1166 2264 1292 1167 1936 1224 2108 2052 2028 1425 968 1621 1317 2491 1555 1380 1318 1482 1319 1540 1566 1338 1109 1872 1202 739 1155 1401 979 1414 1993 1688 2086 1850 731 1063 1258 523 1629 1511 1777 685 1107 1000 1826 2358 1138 1323 1783 1486 1323 1329 1678 600 1319 1591 1436 995 1367 826 1570 1435 1592 729 2091 1307 1376 1420 2171 2176 1208 965 1364 1460 2327 1232 1588 1503 1160 1321 1813 1572 1605 1426 979 1256 1354 1102 1784 1314 1183 1367 1631 1505 774 745 1838 1551 961 773 912 1759 1054 1497 1218 1574 1254 1329 657 636 2022 1064 1009 1552 1461 575 2283 1895 1080 1339 693 1276 1795 1503 1347 1456 2055 1387 1193 1643 1223 1396 1752 817 1316 1641 1261 1779 472 2216 1971 1024 1026 1121 948 1317 1856 1895 1472 907 1103 1446 1411 1591 1588 1235 1251 1694 1755 524 1077 932 1316 1585 1729 1139 717 1360 744 872 1690 1753 2015 1527 1193 2124 1805 2178 828 1399 1675 1038 1033 1330 1242 1889 2203 1192 1536 1717 1502 2309 1098 1547 1103 1429 1707 914 2131 1367 2171 1150 1819 624 1289 1191 905 1300 2059 530 1869 2337 594 1111 448 1679 1539 837 1491 975 1285 1874 1906 1273 1312 1699 2115 536 1233 1104 1224 1757 1035 1191 1653 1416 1333 2020 1381 1916 1647 1346 1619 1243 1358 1357 1803 1428 726 1031 1939 1388 1329 861 2162 1591 1571 1556 1065 1228 1978 2129 1404 1459 1422 1011 2297 670 669 822 1351 1336 2294 1339 1986 1860 1183 782 1615 839 1325 1130 855 2068 2260 939 2119
594 1350 1410 870 1334 525 805 617 1085 1012 960 1839 1058 1148 1571 645 682 818 685 1184 895 952 1248 1166 360 1628 579 779 1627 577 1531 1778 1227 748 613 1061 650 1746 1469 629 655 967 760 974 1327 1055 662 1140 397 943 584 634 867 720 1187 881 1290 1642 944 1104 1406 1006 1260 939 1050 1309 608 738 1041 1551 894 629 1591 688 655 632 1537 1097 945 953 680 582 1466 1216 796 942 1679 1151 1769 838 1396 726 1602 1721 1264 621 669 864 1545 792 1213 988 841 652 1282 792 1627 671 1518 634 963 450 1277 537 1342 652 1147 1029 846 790 1042 744 816 756 1131 1112 614 697 1305 835 447 1427 1137 1030 1309 1540 542 910 660 1009 1586 1199 533 594 1003 593 1207 820 595 777 1327 695 397 837 882 703 1246 866 652 924 499 1154 1274 1553 1363 927 500 620 894 514 1383 1758 1222 652 600 897 704 1706 955 563 821 998 1691 1120 449 651 584 1029 1029 477 1188 712 914 1052 1171 1314 1297 736 693 1319 1152 1377 981 593 912 799 1398 603 810 1466 1713 637 1222 924 824 1513 979 876 817 818 941 871 1385 791 1378 492 1242 902 623 1267 1297 676 1257 1049 1785 1676 1154 966 1243 872 734 735 1204 712 588 1319 1131 1098 663 1169 1389 1038 605 1272 598 1149 802 477 961 788 880 1247 652 1234 851 1117 906 604 596 1043 1087 1254 1346 594 1265 923 659 1138 1448 996 1553 1428 725 571 1264 1663 598 714 836 709 1662 856 938 710 663 690 1502 1106 1320 1462 601 919 809 1465 663 644 813 1414 1466 1499 1672
1296 1840 873 1595 753 1495 1564 1399 1627 1601 1224 1084 932 1841 1362 1760 1819 2069 1492 1140 1196 1461 843 2264 1628 360 1416 1457 1132 1778 569 1221 1454 1248 1693 2046 1358 828 1496 1360 1355 1143 1313 1084 1288 2250 1526 895 1612 1895 1507 1361 1656 1272 1372 1362 1513 1315 2180 1692 1791 2110 1115 1114 961 2215 1865 1625 1100 1380 1505 1369 1335 1366 1353 1364 1416 2073 1322 1050 1314 1845 1741 2003 1596 1191 1772 2386 1128 1316 1636 1265 559 839 1682 1882 1326 1917 991 1392 2310 1124 1470 1355 840 1246 1668 1322 2239 1405 1289 1631 882 1626 1797 1337 1019 1131 1849 1982 1158 1417 1665 1941 2396 1946 1881 1367 1715 1163 1572 1735 2063 2242 736 2185 1686 1878 1398 2051 568 801 1602 1394 2231 1750 2086 1792 1393 1216 759 1299 1631 1332 1411 1290 2212 2119 1358 1751 1658 2002 2375 467 2141 2194 1729 1526 2163 1561 874 1457 1308 1897 1549 1178 1286 1818 1051 1454 1373 992 1557 2138 1694 1720 1693 2034 962 1736 2417 1301 2151 2315 951 973 755 1313 1440 1218 838 1161 2239 1508 1635 1587 2021 1386 2014 933 759 1456 1217 1507 1168 1122 1580 1116 1524 1210 1107 2139 794 1266 1066 1554 2121 2035 1389 1704 2552 1356 1157 2218 1549 461 2350 2222 2353 1349 1378 1973 1265 1653 1735 771 1012 1458 1354 938 721 2206 1435 1802 1444 868 2067 1706 1812 1230 2043 958 1698 1931 1256 1383 1085 1428 1394 1320 918 2454 2228 1626 1964 1239 1347 1906 657 1973 1597 1437 1560 1455 770 809 1485 1278 1210 1616 393 2010 1956 1914 1334 1326 1067 1383 669 982 1476 2168 1407 2295 1346 1510 2070 575 1577 2249 853
379 1389 1243 808 1114 522 739 419 1004 932 848 1630 843 1221 1397 745 801 1037 591 1063 687 929 1029 1292 579 1416 360 661 1426 775 1312 1580 1183 529 683 1214 435 1568 1321 451 440 758 565 757 1153 1265 594 951 574 993 510 480 833 503 1125 820 1255 1459 1132 1041 1325 1128 1062 723 857 1369 827 718 896 1465 792 409 1412 594 438 413 1372 1170 778 734 506 789 1365 1229 845 740 1559 1340 1564 660 1281 510 1383 1503 1175 826 450 1026 1395 642 1402 778 728 436 1063 646 1495 496 1532 456 788 577 1059 662 1271 440 935 824 908 949 917 703 797 909 1340 1223 833 609 1218 645 554 1330 1193 1205 1113 1534 649 1046 586 1104 1386 995 572 414 1187 771 1338 947 426 560 1137 476 593 758 744 485 1402 1064 437 1011 662 1273 1404 1345 1476 1146 675 558 1109 591 1168 1585 1054 843 563 686 491 1591 736 419 665 791 1536 1211 638 721 734 1186 824 695 1373 495 1102 1259 954 1104 1103 616 561 1215 938 1259 1184 612 959 746 1377 398 1018 1254 1494 512 1039 921 607 1384 896 660 730 601 774 1083 1206 584 1243 506 1375 1033 417 1183 1498 474 1141 1203 1621 1468 1323 1186 1376 805 665 922 1029 716 760 1100 973 968 452 952 1199 1191 449 1213 451 930 1021 681 1062 569 1078 1087 783 1317 734 967 703 438 443 879 889 1467 1400 624 1352 730 442 1138 1253 1142 1415 1273 670 431 1068 1445 596 527 622 691 1449 996 1017 873 443 475 1364 956 1110 1253 493 1115 766 1508 448 566 1015 1202 1428 1520 1455
