140 706 1396 880 1298 823 1172 766 217 726 889 773 1249 549 640 795 545 1385 937 301 880 802 925 222 1184 760 252 1028 965 1060 1297 293 287 1113 339 1290 447 1367 333 309 1060 621 294 348 1048 1011 741 585 739 912 418 687 202 387 537 1377 1076 254 696 304 213 1354 1154 543 1085 1076 1153 503 216 435 1334 479 904 994 995 1320 694 1268 893 689 1266 1369 1309 750 446 690 1129 1079 1270 804 1302 1220 588 571 820 675 818 1394 398 627 711 280 1192 392 1323 712 661 937 1018 1165 374 1122 1287 475 1327 430 437 314 1237 1292 250 424 922 819 471 599 576 709 1067 1350 1052 233 396 1105 792 796 1168 982 996 927 975 484 1098 905 728 310 985 326 1313 1323 666 204 640 1038 368 1306 396 289 917 332 433 1387 595 292 730 734 663 892 1098 991 1291 704 646 1301 728 476 822 1161 1134 589 1311 784 718 356 1161 1042 529 849 1114 1328 217 1359 320 655 232 1282 616 1184 292 841 344 896 682 422 1097 1191 313 278 904 1364 1271 268 640 333 1152 1026 838 614 897 349 751 1358 806 732 310 360 795 866 524 241 432 256 1143 469 346 989 1017 1028 232 333 1119 619 1045 468 334 1342 320 705 1192 812 1034 645 870 285 874 1345 1289 1254 1093 468 1290 1090 887 979 439 881 233 1052 1046 314 1016 270 525 856 855 385 479 1243 620 511
806 360 1719 1531 1963 502 1658 1315 851 386 1447 1280 1375 1132 984 841 1034 1054 1460 771 1435 859 1232 881 1273 666 918 1423 1318 877 1929 936 851 1674 831 979 1017 1101 746 769 1164 678 931 929 1289 718 1303 1219 867 874 747 758 869 975 1010 1943 807 849 1317 824 876 1044 1165 761 1412 1731 1147 1032 881 767 1676 1120 1571 1561 670 1839 1095 1434 1536 1024 1350 1913 1895 1162 1037 1265 1313 1243 1572 1416 1180 1883 1175 582 1117 1015 934 1606 1058 1265 431 791 1166 845 1882 1335 609 1046 818 1579 767 1780 969 941 1174 873 1058 754 1299 1933 818 1071 576 1138 1030 763 511 1319 1255 2017 1717 833 1062 1617 1275 837 904 1407 1452 1131 1642 715 1546 652 831 777 1652 959 1646 1406 1263 869 1049 1306 886 1347 1063 935 1583 754 918 1475 772 957 1369 542 1218 1246 1517 1575 1036 1081 423 978 454 642 1423 1111 1151 1241 1832 884 999 845 923 1537 864 612 1661 1682 880 1693 985 1304 866 1615 1283 1819 779 1351 924 821 996 644 1657 1831 979 910 1551 1087 1145 916 1038 1000 1217 1286 511 1257 1106 1010 804 1200 1084 1052 941 1025 979 1496 1033 898 874 878 817 797 1001 1048 1420 922 896 844 1100 533 1218 624 897 1968 772 1320 848 1102 1181 504 1507 909 1501 1151 1116 1919 1250 918 1948 1707 1106 1646 1090 1508 897 1464 1643 910 1628 889 1103 1210 842 1051 655 1159 1271 687
1496 1719 360 1435 1961 1701 2418 1105 1551 1744 1077 1040 875 1271 1996 1258 1212 1993 2178 1603 1071 1240 2279 1536 972 1977 1561 2353 792 2235 1451 1483 1643 2266 1438 2276 1325 2436 1628 1617 2396 1402 1622 1691 2404 1691 1981 1757 2061 1296 1738 1979 1557 1381 1218 2474 2156 1608 1850 1653 1564 1885 2460 1346 2430 1524 1163 1832 1559 1764 2664 1405 1696 2162 1764 941 1062 785 1389 1090 960 2510 2374 1005 1748 1926 2483 889 508 1938 2533 1694 1842 1511 972 1103 2144 648 1609 1769 1657 1545 2482 1385 2445 1299 1878 2269 2177 2470 1454 1942 2253 1282 1467 1786 1381 1591 1013 2173 1575 1436 1851 2173 1790 1325 1598 1259 2420 1906 1646 1561 1561 2331 1002 1263 2250 801 2289 955 1683 1417 755 2011 1250 1515 1688 1454 443 956 1878 1551 1991 774 1390 2630 1548 1487 1635 1637 1787 940 1318 1530 1818 1879 1932 867 2404 1137 2380 2056 1707 2252 1808 1502 1211 2437 1125 1701 2496 2101 2073 1415 2278 2295 1274 1971 2292 2654 1543 402 1563 1740 1588 474 1566 1416 1598 1002 1413 2141 1110 1603 1054 2103 1563 1483 1880 1784 2498 1502 1992 1549 1029 794 1857 1383 976 1595 2046 2559 2161 1051 1635 1576 2138 1930 1859 1524 1787 1499 1832 1808 1611 2307 753 1362 1566 1436 1194 1549 2396 1537 1687 1432 1639 1275 2066 985 2380 1575 1355 1475 1306 2510 1502 1945 892 1823 2049 1285 2240 1651 1442 1945 1566 2366 1192 1661 2082 1621 1811 2205 2131 1566 1741 2501 1420 1429
980 1531 1435 360 923 1627 1445 750 1053 1554 721 840 1597 791 1324 1405 935 2166 1234 1142 730 1400 1519 1021 1593 1592 996 1489 1140 1889 787 958 1093 1247 1063 2130 890 2206 1174 1150 1775 1331 1014 1061 1665 1778 1079 889 1512 1532 1242 1495 1039 920 961 1417 1917 1077 919 1122 1035 2112 1907 1214 1609 560 1667 1104 1028 1247 1778 771 626 1164 1787 1036 1021 1563 409 1104 1657 1466 1313 1005 1020 1040 1775 1443 1382 963 2102 731 1008 1346 1171 1097 1576 1595 898 868 1519 1107 1959 1061 1397 584 1498 1672 1852 1557 1129 867 2126 1000 1941 1183 835 1153 1660 1097 1091 821 1746 1440 1064 1257 1386 622 1722 915 599 1073 867 1352 886 1409 2008 1031 1383 1320 608 1212 1040 1746 1334 1115 614 932 1362 1701 986 1037 1268 1294 1012 2025 861 960 559 1172 1149 1741 1247 949 852 1575 1078 1115 1502 675 2129 1326 1476 2139 1565 1259 597 1942 1633 819 1474 1557 1413 1052 1998 1345 1117 1690 1283 1759 1024 1393 937 812 1053 1342 674 676 1133 832 969 1711 1128 1253 794 1027 943 983 836 2087 2075 980 1278 918 1597 1297 1672 634 1300 931 1550 2169 1467 1126 1014 908 1524 914 1131 1002 1183 1016 1927 1263 948 1740 1083 1662 1018 1049 1655 1404 1717 1269 1084 839 1158 611 2020 1177 1727 1436 440 983 489 2169 1927 896 1460 1183 987 634 1566 578 803 927 1017 1481 660 1055 1043 1049 1029 1429 1658 880 1317 2032 621 1246
1398 1963 1961 923 360 2082 1317 1314 1475 1982 1272 1404 2160 1321 1556 1937 1470 2641 1211 1552 1282 1934 1631 1446 2156 1934 1406 1501 1702 2206 959 1402 1475 1077 1532 2507 1396 2542 1578 1554 1948 1830 1393 1408 1766 2261 1179 1128 1781 2066 1606 1805 1456 1405 1494 1097 2278 1474 1065 1504 1448 2603 2107 1719 1642 796 2223 1366 1443 1599 1712 1251 757 1072 2252 1462 1577 2125 959 1655 2220 1181 994 1566 1317 1176 1883 2006 1926 1013 2351 644 1218 1817 1731 1646 1820 2146 1266 1084 1969 1537 2171 1548 1113 1136 1859 1880 2183 1494 1596 579 2512 1515 2484 1504 1322 1570 2223 671 1506 1285 2178 1593 1344 1769 1835 1178 1847 487 685 1492 1262 1235 1449 1940 2358 1585 1370 1880 702 1697 1572 2118 1863 1559 693 1388 1894 2264 1143 1457 1477 1857 1496 2175 1263 1403 766 1571 1459 2305 1760 1371 991 1956 1234 1679 1466 1185 2463 1512 1902 2529 1972 1723 1158 2173 2190 1089 1244 1820 1630 1528 2333 1278 1635 2063 1128 1685 1446 1919 1338 1032 1457 1877 1047 935 1544 1393 1442 2010 1676 1680 1271 685 1345 1429 815 2597 2331 1417 1490 1325 2158 1861 2085 1141 1860 1313 1842 2433 1645 1681 1385 1299 1748 913 1382 1431 1504 1457 2399 1594 1323 1956 1636 2195 1428 1517 2208 1870 1857 1722 1439 1013 1553 1165 2443 1736 1885 1900 998 1432 1043 2457 2464 407 2024 1480 490 1041 1738 716 1263 910 1427 1471 1129 1420 899 1436 1278 1547 1943 1273 1697 2268 1109 1731
923 502 1701 1627 2082 360 1801 1376 967 501 1507 1331 1314 1211 1127 803 1097 922 1602 894 1494 822 1370 995 1206 781 1036 1564 1324 932 2011 1043 979 1815 924 944 1100 1094 873 894 1279 696 1056 1061 1419 575 1443 1349 999 800 886 891 985 1066 1071 2084 820 973 1451 953 994 904 1262 804 1549 1827 1060 1171 999 907 1812 1218 1686 1702 533 1877 1129 1381 1627 1048 1278 2055 2035 1193 1171 1403 1437 1199 1552 1551 1238 1987 1311 642 1120 1041 1061 1560 1179 1395 472 904 1254 926 2023 1421 742 1167 872 1720 858 1904 925 1008 1047 1012 1151 874 1223 2064 937 1172 511 1278 1167 787 607 1400 1380 2130 1824 950 1179 1759 1319 798 911 1428 1595 1106 1754 781 1568 702 815 884 1764 1062 1633 1331 1399 985 1192 1287 974 1444 1178 1042 1694 882 1057 1400 798 1071 1499 655 1357 1255 1659 1640 1039 1223 562 929 568 727 1498 1195 1070 1367 1975 1012 1139 934 944 1680 913 683 1802 1819 995 1679 1103 1431 988 1603 1396 1902 902 1399 1018 920 1017 764 1712 1962 1097 1016 1679 944 1203 1026 1181 1116 1146 1267 536 1352 1085 1131 931 1243 1222 1068 1067 1144 1112 1629 1173 1011 1014 986 682 939 1124 1160 1434 820 1014 938 1012 584 1342 721 1029 2046 900 1403 768 1105 1302 550 1596 1014 1585 1181 987 2038 1203 1059 2072 1783 1239 1755 1193 1641 1015 1605 1713 1040 1765 1014 1239 1351 954 1168 795 1231 1371 747
1272 1658 2418 1445 1317 1801 360 1675 1346 1662 1735 1737 2371 1513 1036 1923 1609 2320 602 1357 1736 1931 873 1341 2314 1451 1298 654 2018 1613 1779 1361 1271 599 1471 1977 1489 1932 1357 1348 1184 1732 1239 1188 948 2017 805 1023 1217 2032 1294 1305 1330 1447 1615 736 1752 1299 928 1283 1319 2333 1349 1673 772 1510 2283 1035 1320 1267 756 1378 1203 642 1962 2119 1770 2380 1493 1796 2395 662 767 1807 1087 860 1048 2200 2320 849 1626 1497 957 1648 1922 1782 1201 2484 1195 1008 1705 1392 1420 1521 672 1493 1436 1183 1619 557 1503 1119 1996 1578 2429 1172 1417 1380 2369 1046 1347 1358 1818 919 1062 1728 1606 1528 1041 1442 1376 1349 1238 453 1777 1923 1797 1976 569 2047 1273 1607 2046 1645 1858 1430 1275 1379 2335 2452 903 1335 969 2128 1485 1346 1251 1359 1278 1345 1137 2513 1725 1307 969 1544 871 1957 564 1746 1858 940 1601 2019 1609 1569 1604 1449 2266 1076 554 1232 1044 1486 1750 490 1658 1605 548 729 1335 2376 1264 1039 1304 2308 1216 1696 1355 1778 1438 1430 1797 1460 1872 995 1266 1375 983 2385 1619 1353 980 1270 2284 2120 1706 1397 2018 1225 1298 1720 986 1838 1223 1237 1122 891 1021 1342 1170 1377 2102 1228 1215 1253 2025 2136 1305 1463 2248 1674 1069 1544 1211 1840 1330 1513 2017 1917 1114 1686 1508 1383 1552 1778 2382 1278 2215 1121 1203 1712 1032 1309 1346 879 1305 605 1744 1221 798 1265 1009 841 1355 1237 1374 1536 1362 1626
866 1315 1105 750 1314 1376 1675 360 929 1341 492 449 1206 577 1337 1065 640 1871 1438 1011 480 1056 1596 903 1204 1466 907 1635 754 1763 1018 834 1009 1521 867 1935 683 2045 1043 1023 1779 1047 957 1025 1733 1488 1245 1020 1464 1186 1143 1412 926 741 666 1734 1747 979 1107 1030 928 1802 1879 933 1728 915 1288 1140 922 1161 1945 689 979 1416 1517 914 653 1175 718 745 1266 1766 1637 622 1049 1192 1828 1053 1023 1193 2022 1102 1117 1100 787 742 1543 1221 902 1028 1282 956 1918 836 1702 559 1363 1659 1715 1740 920 1240 1924 734 1576 1142 695 1010 1271 1467 965 734 1516 1497 1095 959 1164 516 1768 1300 990 947 854 1587 495 1070 1844 668 1559 934 989 961 733 1578 1001 944 996 800 1025 1310 1142 921 1310 905 806 2028 841 838 930 1047 1127 1351 948 863 1072 1411 1206 724 1677 624 1973 1376 1272 1932 1374 1033 521 1887 1252 960 1750 1509 1423 847 1849 1556 824 1524 1546 1931 909 1063 882 996 953 999 821 920 1002 463 793 1614 774 1078 703 1387 884 847 1142 1759 1991 858 1315 863 1209 907 1466 638 917 903 1476 2073 1501 757 966 880 1513 1185 1168 885 1143 876 1643 1194 922 1714 719 1312 921 857 1280 1157 1751 1056 1033 1043 1041 532 1785 795 1747 1191 678 842 639 2051 1569 1286 1070 1166 1374 782 1592 964 733 1201 921 1643 700 1002 1340 973 1099 1513 1579 862 1187 1968 674 992
317 851 1551 1053 1475 967 1346 929 360 871 1054 934 1397 713 805 940 702 1528 1111 449 1045 947 1092 391 1331 910 429 1198 1119 1211 1468 460 452 1289 487 1437 609 1516 482 459 1220 764 470 520 1213 1154 917 762 897 1056 573 842 379 549 693 1553 1224 417 873 464 390 1497 1312 688 1254 1249 1298 675 393 591 1504 649 1080 1170 1138 1484 849 1418 1064 841 1414 1545 1486 906 620 865 1293 1228 1424 981 1456 1395 763 714 971 826 977 1546 575 804 854 423 1348 541 1499 882 811 1097 1168 1337 519 1299 1434 629 1471 595 604 460 1384 1469 398 594 1067 985 644 744 720 877 1230 1526 1227 379 572 1279 952 941 1316 1140 1169 1077 1151 628 1258 1053 873 453 1160 492 1468 1471 842 377 808 1190 521 1465 571 457 1092 482 601 1534 740 466 907 882 838 1046 1269 1158 1440 872 791 1447 874 619 989 1317 1280 766 1486 941 882 505 1311 1216 677 997 1290 1498 389 1514 496 832 402 1437 791 1356 440 1002 502 1049 833 567 1263 1368 490 442 1081 1507 1425 435 807 509 1298 1177 983 785 1046 526 907 1511 970 884 485 537 956 1044 696 411 596 414 1286 628 523 1147 1174 1171 409 482 1264 762 1208 611 503 1512 472 873 1337 963 1196 788 1041 447 1044 1497 1433 1431 1242 634 1467 1260 1051 1155 611 1058 410 1223 1214 486 1193 441 700 1024 1010 561 629 1398 792 654
826 386 1744 1554 1982 501 1662 1341 871 360 1473 1306 1396 1157 986 863 1060 1041 1466 790 1461 881 1228 901 1293 651 938 1422 1344 853 1953 958 868 1682 854 953 1042 1074 764 787 1150 704 948 944 1281 716 1313 1234 860 892 758 751 888 999 1036 1950 780 867 1331 840 896 1036 1147 788 1408 1753 1164 1042 901 777 1672 1142 1590 1570 662 1865 1121 1456 1559 1051 1370 1919 1905 1188 1050 1276 1303 1266 1597 1428 1157 1905 1187 609 1143 1042 925 1629 1076 1280 451 811 1147 870 1889 1359 602 1034 794 1579 791 1796 943 967 1182 883 1081 773 1318 1947 837 1093 556 1136 1042 789 536 1343 1245 2037 1738 852 1082 1622 1301 859 877 1433 1455 1155 1662 741 1572 626 855 799 1671 981 1672 1425 1275 889 1053 1331 911 1329 1082 956 1604 771 929 1494 798 978 1384 525 1228 1272 1517 1600 1009 1083 440 953 436 667 1447 1091 1169 1258 1837 875 997 869 897 1541 891 589 1668 1678 900 1718 1005 1320 885 1641 1303 1843 798 1377 947 803 1022 664 1683 1846 998 931 1567 1083 1122 938 1042 1020 1237 1311 485 1280 1130 1028 795 1175 1081 1078 958 1044 972 1510 1042 919 884 900 807 805 1019 1034 1446 936 915 868 1117 559 1207 648 912 1992 789 1344 827 1128 1170 529 1531 931 1525 1125 1123 1937 1273 927 1965 1731 1099 1666 1112 1522 916 1464 1668 926 1640 906 1115 1209 827 1070 665 1138 1294 713
989 1447 1077 721 1272 1507 1735 492 1054 1473 360 546 1259 700 1447 1182 772 1995 1504 1137 373 1171 1696 1026 1272 1595 1026 1719 796 1893 906 956 1129 1563 997 2067 811 2177 1170 1149 1894 1176 1073 1138 1836 1613 1319 1097 1585 1298 1267 1537 1049 868 798 1760 1879 1101 1171 1152 1050 1922 2000 1063 1820 849 1376 1242 1044 1284 2026 795 979 1466 1645 794 767 1216 678 859 1327 1799 1658 722 1151 1268 1935 1119 1020 1246 2149 1034 1202 1231 879 859 1662 1235 1004 1098 1414 1084 2040 968 1733 603 1493 1776 1846 1815 1052 1229 2056 866 1674 1258 814 1137 1339 1459 1090 845 1647 1601 1198 1087 1296 574 1875 1242 948 1072 957 1645 578 1186 1976 672 1634 1017 970 1093 683 1709 1120 1073 976 923 1002 1366 1216 1044 1414 954 937 2144 944 960 919 1173 1240 1400 1076 980 1125 1543 1289 788 1754 499 2105 1480 1404 2064 1507 1166 495 2010 1338 1032 1794 1631 1535 978 1980 1621 954 1656 1593 2011 1032 1034 994 1057 1075 980 881 817 1129 497 920 1742 890 1209 571 1386 997 972 1167 1874 2118 981 1420 975 1286 961 1598 710 1005 1011 1601 2201 1609 864 1080 987 1629 1224 1271 1007 1260 1001 1770 1316 1030 1833 723 1422 1042 987 1372 1288 1861 1189 1149 925 1166 587 1915 889 1859 1323 641 967 592 2181 1672 1250 1136 1278 1347 673 1702 940 840 1239 1041 1723 580 1118 1371 1091 1193 1611 1704 966 1315 2093 739 1123
873 1280 1040 840 1404 1331 1737 449 934 1306 546 360 1117 600 1360 995 611 1809 1497 1009 533 984 1628 910 1114 1453 922 1681 668 1746 1091 846 1019 1591 854 1899 685 2017 1040 1022 1793 996 978 1047 1762 1429 1301 1076 1471 1111 1144 1410 933 745 632 1811 1720 987 1169 1037 937 1735 1885 886 1768 1003 1202 1173 932 1165 1992 729 1065 1484 1464 923 580 1087 807 672 1176 1839 1716 538 1084 1246 1852 963 948 1260 2015 1190 1165 1060 701 672 1551 1139 940 1088 1242 952 1920 815 1777 643 1350 1670 1696 1792 899 1327 1886 706 1494 1158 718 1004 1181 1554 967 766 1474 1527 1129 906 1130 599 1791 1389 1079 950 891 1651 406 999 1817 599 1611 846 1077 924 690 1552 933 934 1085 812 958 1220 1198 928 1340 816 794 2039 877 849 1018 1045 1148 1262 895 882 1140 1389 1255 635 1728 686 1947 1406 1241 1893 1346 1002 609 1886 1165 1020 1820 1515 1444 832 1825 1615 778 1500 1614 1980 917 999 907 1061 963 930 889 997 1001 431 792 1607 703 1061 741 1471 909 854 1221 1687 1983 868 1344 890 1121 818 1432 706 830 933 1476 2061 1525 679 988 912 1527 1258 1201 894 1159 879 1585 1202 951 1721 647 1236 933 845 1195 1116 1772 1029 1050 1112 1041 614 1739 710 1765 1150 767 848 727 2034 1489 1376 980 1186 1463 856 1613 1054 770 1275 933 1691 767 1021 1416 987 1141 1548 1576 897 1179 1964 744 953
1349 1375 875 1597 2160 1314 2371 1206 1397 1396 1259 1117 360 1260 1818 898 1133 1501 2130 1414 1248 881 2109 1396 472 1671 1436 2236 823 1883 1771 1370 1484 2273 1270 1851 1250 2026 1428 1427 2146 1095 1498 1557 2211 1246 1928 1725 1815 874 1527 1716 1411 1286 1122 2518 1772 1451 1835 1482 1421 1389 2173 1095 2281 1748 662 1712 1419 1557 2537 1383 1816 2158 1332 1352 981 451 1562 937 446 2531 2431 968 1647 1873 2267 532 754 1940 2190 1934 1774 1210 819 951 1896 629 1538 1752 1305 1365 2180 1217 2475 1394 1587 2020 1823 2375 1254 2080 1823 1153 952 1615 1329 1395 497 2302 1406 1388 1452 2002 1678 1050 1293 1350 2205 2140 1835 1400 1499 2297 1071 901 1858 960 2205 684 1834 1172 1040 1652 931 1327 1841 1352 850 467 1836 1405 1839 665 1247 2353 1487 1373 1774 1439 1633 507 1049 1424 1830 1554 1860 841 2307 1378 1982 1899 1384 1818 1470 1243 1362 2126 631 1689 2491 1847 1878 1252 1897 2242 1079 1623 2286 2534 1403 878 1467 1745 1440 834 1596 1701 1413 1129 1293 1833 934 1362 1353 2215 1465 1357 1948 1279 2154 1379 1836 1461 536 659 1487 1429 713 1506 1778 2198 1972 897 1513 1495 1912 1964 1733 1393 1617 1359 1370 1605 1516 2040 917 896 1432 1275 702 1227 2173 1278 1541 1771 1449 1365 1625 820 2147 1244 1522 1349 1479 2134 990 2133 516 1662 2219 1555 2031 1811 1404 1980 1432 2261 1455 1523 2125 1479 1723 2052 1842 1497 1496 2174 1468 1168
649 1132 1271 791 1321 1211 1513 577 713 1157 700 600 1260 360 1122 979 509 1738 1271 797 691 975 1388 686 1230 1257 689 1443 865 1556 1159 617 791 1385 665 1748 475 1847 830 809 1562 903 741 809 1523 1351 1071 850 1247 1107 927 1196 709 528 533 1620 1551 761 951 813 711 1681 1662 785 1528 988 1269 933 705 944 1754 494 939 1273 1366 1131 639 1250 781 701 1304 1639 1531 659 844 1016 1615 1091 1167 1049 1809 1162 930 929 802 691 1325 1335 700 868 1109 745 1701 647 1580 572 1155 1441 1509 1558 726 1199 1740 569 1523 925 479 798 1294 1413 749 526 1342 1287 889 826 981 548 1554 1336 1016 731 651 1430 631 982 1646 833 1378 948 978 791 930 1380 906 737 987 583 1188 1355 970 704 1100 986 606 1810 638 620 914 832 912 1407 816 646 935 1210 1020 807 1493 811 1774 1167 1083 1750 1182 850 651 1670 1239 801 1609 1292 1208 649 1647 1388 685 1325 1403 1743 692 1231 668 851 736 1159 696 1050 788 661 582 1401 719 876 910 1322 670 631 1048 1656 1778 641 1104 651 1220 981 1280 541 922 693 1260 1862 1287 734 751 671 1296 1064 960 668 926 661 1502 977 711 1496 878 1237 704 653 1251 988 1536 868 816 1196 825 551 1614 803 1531 1021 748 626 733 1843 1504 1285 1108 950 1353 934 1377 965 531 1081 703 1455 874 785 1226 755 902 1308 1364 657 976 1752 576 825
740 984 1996 1324 1556 1127 1036 1337 805 986 1447 1360 1818 1122 360 1312 1145 1647 857 766 1441 1324 651 820 1740 791 799 804 1565 1020 1749 877 713 1084 924 1355 1039 1358 750 752 813 1109 741 672 768 1342 754 813 587 1404 654 643 799 980 1137 1345 1122 747 851 705 791 1657 943 1083 824 1489 1673 579 796 624 1085 1012 1222 983 1285 1881 1294 1848 1354 1282 1823 1304 1315 1350 666 742 852 1653 1870 911 1161 1581 704 1008 1412 1268 626 1985 807 850 1036 819 998 979 1281 1229 761 708 1006 958 926 1341 1368 1074 1776 570 1003 784 1786 1430 784 962 1144 543 620 1131 951 1242 791 1646 1412 796 851 1002 1384 1311 1187 1579 828 1506 1309 1007 1689 989 1259 855 1317 908 1913 1882 772 804 443 1632 966 1064 863 873 1269 739 571 1948 1131 837 929 870 684 1492 895 1525 1279 456 929 1388 933 946 1351 989 1663 876 1216 624 449 946 1153 919 1108 943 1061 1085 813 1959 815 910 767 1882 1009 1640 769 1423 943 822 1272 827 1643 1333 812 874 1100 1710 1138 856 429 833 1699 1618 1031 1115 1475 795 659 1239 526 1325 731 819 561 1010 553 833 568 856 1426 577 776 779 1615 1494 791 924 1632 1023 774 914 670 1803 730 1233 1357 1403 772 1028 1345 881 1367 1261 1724 1508 1666 533 1499 1581 615 1330 966 1016 791 842 1562 699 1096 736 659 598 751 841 713 1082 1101 1016
895 841 1258 1405 1937 803 1923 1065 940 863 1182 995 898 979 1312 360 830 1182 1691 927 1168 378 1599 951 802 1132 997 1748 901 1356 1724 954 1011 1867 823 1379 904 1537 932 938 1611 564 1050 1095 1690 819 1497 1327 1283 488 1018 1181 958 907 805 2129 1262 984 1442 1001 969 1102 1635 612 1776 1597 722 1247 969 1048 2038 1053 1548 1749 878 1489 775 953 1389 682 883 2125 2057 824 1201 1445 1738 762 1109 1550 1661 1777 1343 676 704 683 1363 1125 1131 1365 772 891 1642 783 2078 1181 1049 1485 1296 1896 781 1801 1357 783 911 1123 983 905 839 2000 936 1030 952 1493 1221 555 756 1146 1676 1955 1635 935 1105 1859 968 365 1354 1024 1737 663 1595 676 1163 1126 434 853 1604 950 1192 941 1420 953 1347 846 831 1815 1096 955 1531 944 1151 1009 561 1004 1461 1017 1418 841 1829 1322 1483 1400 846 1358 935 726 1217 1589 710 1313 2067 1313 1362 814 1385 1793 666 1092 1870 2038 956 1237 1049 1378 980 1162 1273 1625 928 1052 886 1295 651 845 1365 1903 1044 931 1615 1053 1625 952 1341 1050 753 825 965 1156 644 1087 1242 1676 1456 681 1065 1086 1385 1600 1263 955 1125 919 973 1095 1091 1503 1020 618 985 834 685 689 1643 758 1072 1747 957 1155 1177 688 1614 705 1352 925 1325 1619 886 1900 769 1173 1961 1488 1507 1584 1051 1616 986 1779 1402 1062 1757 1020 1280 1551 1304 1099 972 1640 1188 659
645 1034 1212 935 1470 1097 1609 640 702 1060 772 611 1133 509 1145 830 360 1606 1367 767 760 825 1426 685 1094 1203 708 1509 784 1495 1281 631 793 1500 606 1654 480 1768 797 781 1561 772 770 839 1552 1219 1164 953 1233 958 904 1166 706 530 386 1745 1470 759 1062 807 713 1543 1645 656 1580 1130 1122 983 708 927 1819 612 1087 1385 1242 1174 521 1133 922 559 1170 1758 1660 567 903 1109 1635 962 1092 1166 1765 1307 1014 819 675 547 1315 1236 775 979 1001 709 1677 565 1702 712 1099 1437 1445 1635 648 1347 1643 455 1374 936 556 760 1156 1557 731 615 1235 1321 942 689 884 680 1572 1484 1165 715 731 1531 617 833 1567 797 1458 813 1128 680 919 1302 758 687 1137 603 1129 1223 1068 700 1138 879 548 1804 718 634 1064 803 935 1279 678 679 1057 1138 1103 715 1568 903 1697 1204 993 1651 1096 754 765 1640 1093 915 1720 1276 1224 584 1575 1481 548 1250 1514 1811 691 1174 716 972 737 1098 832 1176 760 682 561 1358 573 810 982 1464 715 630 1185 1513 1733 649 1139 705 1079 870 1186 690 786 751 1232 1810 1311 597 783 736 1298 1192 1009 672 937 649 1373 968 765 1483 831 1088 714 599 1102 876 1550 779 835 1312 802 687 1504 672 1539 910 886 623 864 1783 1355 1434 978 971 1502 1049 1393 1115 630 1209 714 1526 976 808 1354 768 972 1353 1330 732 931 1716 724 711
1485 1054 1993 2166 2641 922 2320 1871 1528 1041 1995 1809 1501 1738 1647 1182 1606 360 2139 1457 1982 1196 1845 1555 1392 1232 1598 2058 1709 1188 2526 1600 1542 2360 1473 904 1635 1092 1436 1457 1662 1195 1619 1622 1858 747 1994 1912 1471 1088 1440 1376 1547 1610 1579 2627 1013 1536 2011 1516 1556 479 1579 1313 2015 2365 1199 1724 1560 1459 2266 1765 2245 2249 749 2309 1591 1590 2160 1499 1430 2591 2585 1645 1731 1957 1840 1466 1850 2110 1426 2533 1869 1186 1523 1498 1508 1771 1742 1957 1035 1465 1542 1466 2564 1950 1245 1580 1146 2213 1407 2466 866 1529 956 1565 1696 1437 1370 2626 1499 1723 863 1770 1724 1276 1168 1924 1796 2685 2374 1512 1740 2289 1786 1177 1035 1843 2111 1444 2310 1315 1978 1051 1236 1442 2319 1615 1944 1464 1957 1546 1721 1616 1517 1743 1738 1598 2248 1444 1610 1517 1287 1631 2061 1136 1909 1657 2157 2134 1095 1741 1117 847 1078 1279 2011 1478 1232 1930 2503 1466 1637 1480 1098 2206 1417 1081 2342 2278 1556 1983 1665 1994 1550 1919 1954 2422 1464 1871 1566 1301 1467 1327 2185 2524 1658 1572 2242 614 1398 1584 1709 1677 1330 1596 975 1895 1436 1693 1391 1379 1706 1503 1630 1705 1578 2190 1723 1570 1566 1544 602 1484 1686 1544 1833 994 1576 1488 1162 1131 1755 1278 1590 2555 1463 1929 708 1508 1707 1101 2126 1569 2109 1284 896 2598 1461 1608 2635 2292 1695 2309 1744 2202 1577 2104 2212 1602 2322 1577 1797 1847 1364 1729 1347 1466 1917 1280
1037 1460 2178 1234 1211 1602 602 1438 1111 1466 1504 1497 2130 1271 857 1691 1367 2139 360 1129 1504 1698 799 1104 2074 1288 1060 650 1776 1492 1598 1120 1041 589 1234 1843 1246 1825 1133 1121 1129 1504 1003 955 922 1816 562 781 1068 1803 1081 1139 1094 1205 1373 848 1612 1067 692 1055 1083 2142 1295 1439 790 1324 2049 808 1084 1057 907 1137 1013 510 1768 1899 1528 2138 1280 1554 2155 813 822 1564 851 618 1038 1958 2078 630 1561 1341 716 1427 1680 1540 1073 2241 953 769 1500 1160 1364 1283 785 1261 1255 1090 1488 683 1269 995 1858 1337 2207 956 1174 1153 2130 998 1115 1115 1635 797 829 1495 1393 1294 1009 1327 1201 1115 995 528 1536 1691 1670 1737 522 1806 1092 1375 1810 1486 1624 1198 1096 1137 2095 2212 661 1099 779 1886 1246 1336 1008 1118 1085 1121 916 2272 1491 1067 744 1365 633 1714 633 1525 1747 771 1399 1880 1421 1343 1375 1380 2031 838 738 1094 891 1248 1629 477 1419 1440 564 886 1099 2137 1023 806 1070 2068 983 1507 1127 1540 1198 1298 1555 1240 1651 918 1026 1136 804 2185 1548 1114 792 1029 2046 1877 1524 1161 1777 984 1147 1651 862 1596 987 995 992 699 797 1104 954 1139 1912 1022 974 1167 1784 1911 1069 1226 2015 1458 1025 1321 980 1659 1105 1279 1855 1675 1061 1472 1291 1143 1332 1695 2163 1167 1974 906 1117 1506 936 1126 1104 692 1068 625 1529 988 675 1031 771 731 1223 995 1167 1472 1127 1397
401 771 1603 1142 1552 894 1357 1011 449 790 1137 1009 1414 797 766 927 767 1457 1129 360 1128 937 1057 481 1340 822 509 1185 1171 1122 1558 549 451 1321 525 1348 687 1426 393 374 1156 735 521 538 1169 1090 944 817 825 1034 497 762 463 629 754 1588 1134 438 924 434 468 1432 1238 683 1226 1338 1289 682 474 521 1483 739 1160 1203 1067 1564 901 1442 1154 880 1423 1573 1527 963 651 896 1241 1248 1472 1028 1371 1481 797 663 1008 866 907 1579 646 862 782 418 1271 578 1532 971 722 1030 1079 1330 520 1370 1345 683 1438 560 692 383 1389 1531 411 684 986 949 661 736 651 965 1178 1607 1312 429 652 1297 1023 927 1227 1204 1170 1100 1233 611 1327 964 866 449 1242 580 1521 1481 882 465 785 1228 578 1396 654 546 1175 396 583 1547 734 553 966 793 861 1096 1263 1245 1350 844 710 1359 787 574 1077 1237 1275 832 1508 868 834 548 1221 1227 702 907 1317 1480 478 1568 575 897 455 1490 874 1445 369 1078 578 964 867 490 1348 1430 569 528 1145 1450 1340 525 782 591 1302 1214 898 875 1069 598 827 1424 926 922 533 614 895 1099 696 501 562 497 1216 564 590 1076 1235 1141 487 529 1252 703 1152 555 510 1602 396 962 1254 998 1137 725 1131 532 1134 1409 1396 1507 1261 609 1538 1349 999 1238 700 1113 488 1214 1302 511 1242 480 728 997 928 640 540 1317 882 629
980 1435 1071 730 1282 1494 1736 480 1045 1461 373 533 1248 691 1441 1168 760 1982 1504 1128 360 1157 1692 1018 1259 1586 1018 1717 784 1883 920 948 1121 1566 987 2055 801 2166 1161 1140 1887 1163 1066 1132 1832 1600 1318 1095 1577 1284 1259 1528 1040 859 785 1764 1868 1092 1171 1144 1042 1908 1992 1050 1817 860 1362 1237 1036 1276 2024 789 985 1468 1632 801 753 1205 686 846 1315 1803 1663 708 1146 1267 1929 1106 1012 1248 2140 1046 1200 1219 865 845 1654 1226 999 1097 1401 1075 2032 957 1737 603 1483 1769 1835 1814 1041 1236 2044 854 1661 1251 806 1128 1327 1466 1081 839 1635 1596 1193 1074 1284 571 1870 1253 957 1063 952 1646 564 1173 1965 662 1633 1004 978 1081 679 1698 1107 1063 984 914 995 1354 1215 1036 1409 942 926 2137 939 951 926 1164 1234 1389 1063 973 1126 1532 1287 775 1752 513 2094 1475 1392 2052 1495 1154 500 2002 1325 1031 1796 1623 1528 967 1970 1621 941 1645 1595 2009 1023 1028 988 1057 1067 974 881 830 1120 484 911 1732 877 1198 582 1393 991 963 1171 1860 2109 973 1415 969 1273 949 1587 708 991 1005 1592 2192 1603 851 1073 981 1622 1227 1266 999 1253 992 1756 1308 1024 1825 714 1408 1034 977 1359 1276 1855 1177 1142 939 1157 585 1903 876 1853 1310 650 958 601 2171 1658 1260 1123 1272 1356 686 1696 948 834 1242 1033 1721 594 1111 1375 1084 1190 1607 1696 961 1306 2084 738 1111
902 859 1240 1400 1934 822 1931 1056 947 881 1171 984 881 975 1324 378 825 1196 1698 937 1157 360 1612 957 787 1149 1003 1759 884 1374 1714 957 1019 1873 829 1398 903 1556 942 947 1626 578 1057 1103 1703 835 1504 1332 1298 492 1030 1197 964 908 801 2134 1280 992 1446 1010 976 1114 1652 619 1788 1591 712 1256 976 1060 2050 1052 1546 1754 895 1474 764 935 1383 671 868 2131 2061 812 1208 1452 1753 744 1091 1554 1679 1771 1350 691 688 673 1378 1107 1135 1369 790 899 1660 786 2083 1175 1065 1501 1315 1906 789 1800 1375 782 912 1133 982 914 825 2001 944 1031 971 1506 1229 562 772 1140 1691 1950 1631 943 1108 1866 956 383 1372 1009 1747 645 1592 685 1147 1144 435 860 1601 953 1173 926 1425 960 1357 827 833 1832 1099 958 1528 954 1160 994 567 1008 1464 1034 1426 825 1839 1311 1501 1412 863 1376 953 738 1209 1607 699 1316 2074 1329 1375 819 1403 1801 666 1110 1876 2049 962 1218 1053 1380 988 1144 1273 1616 937 1041 889 1313 641 858 1352 1903 1049 935 1617 1062 1644 956 1352 1054 738 807 983 1153 625 1092 1258 1694 1469 669 1072 1090 1399 1603 1272 960 1135 924 989 1107 1096 1519 1004 622 991 839 677 705 1658 770 1080 1737 967 1149 1195 673 1630 723 1345 929 1318 1638 889 1897 751 1183 1960 1479 1521 1580 1052 1618 992 1789 1391 1070 1761 1027 1287 1563 1321 1102 985 1658 1185 669
1025 1232 2279 1519 1631 1370 873 1596 1092 1228 1696 1628 2109 1388 651 1599 1426 1845 799 1057 1692 1612 360 1104 2031 974 1078 582 1849 1101 1930 1155 1000 1013 1214 1467 1316 1418 1041 1044 689 1395 1017 948 506 1582 825 990 736 1685 943 840 1084 1258 1421 1238 1246 1034 976 995 1076 1873 856 1374 540 1658 1957 816 1080 913 805 1267 1361 950 1513 2126 1579 2139 1556 1572 2113 1173 1240 1633 906 849 619 1945 2156 987 1126 1716 872 1290 1702 1558 699 2276 1054 1012 1292 1110 925 1269 1171 1465 987 669 1111 730 1218 1411 1488 1361 2042 859 1270 1075 2075 1438 1073 1223 1355 467 860 1421 1225 1485 576 1738 1557 1084 1102 879 1656 1598 1286 1855 680 1798 1448 1297 1959 1156 1548 1146 1454 1185 2196 2172 899 1090 649 1922 1253 904 1115 1152 1422 1030 852 2238 1421 1111 1055 1085 803 1777 681 1758 1344 582 1184 1511 1164 1234 1588 946 1949 1060 1067 739 598 1235 1237 796 1400 1124 973 810 1097 2241 1081 1071 1053 2165 1213 1826 1060 1688 1226 924 1562 1114 1881 1354 1080 1156 1188 1942 1115 1137 646 1097 1988 1908 1244 1351 1767 1055 814 1218 508 1615 1004 1077 627 1083 787 1115 858 1141 1643 865 1037 740 1894 1768 1072 1213 1915 1298 587 1201 952 1987 1022 1473 1525 1693 621 1299 1555 1164 1584 1270 1986 1584 1958 817 1548 1789 519 1476 1223 1083 1072 632 1785 978 1108 1018 864 450 852 1094 990 1036 1329 1305
322 881 1536 1021 1446 995 1341 903 391 901 1026 910 1396 686 820 951 685 1555 1104 481 1018 957 1104 360 1333 941 407 1203 1105 1241 1436 430 469 1276 489 1468 585 1548 514 490 1242 781 462 522 1228 1179 907 743 921 1069 601 870 382 525 677 1539 1256 436 856 487 388 1522 1337 698 1262 1218 1306 676 383 618 1510 618 1051 1158 1166 1457 835 1414 1033 833 1415 1534 1470 890 614 855 1310 1226 1411 964 1484 1364 753 737 964 819 1001 1538 552 784 882 450 1375 539 1487 851 842 1119 1199 1339 532 1272 1465 617 1486 611 574 491 1387 1446 429 563 1097 998 642 755 748 847 1248 1496 1196 411 544 1272 930 951 1348 1120 1168 1074 1121 643 1236 1085 882 474 1131 463 1453 1472 829 378 818 1181 511 1488 543 427 1062 513 611 1535 749 436 886 914 831 1033 1271 1129 1472 882 821 1478 905 642 959 1344 1287 743 1477 966 899 504 1342 1211 677 1029 1279 1503 366 1499 470 809 412 1422 762 1324 471 978 483 1078 827 597 1235 1345 464 416 1057 1530 1454 405 818 481 1302 1169 1014 753 1044 504 934 1540 986 876 477 511 977 1023 698 379 613 398 1313 652 503 1171 1156 1186 395 481 1273 787 1226 637 512 1481 502 843 1368 956 1216 814 1009 422 1013 1527 1449 1403 1240 647 1440 1229 1068 1124 579 1038 396 1225 1184 489 1175 445 692 1033 1038 534 660 1426 761 671
1284 1273 972 1593 2156 1206 2314 1204 1331 1293 1272 1114 472 1230 1740 802 1094 1392 2074 1340 1259 787 2031 1333 360 1572 1375 2165 844 1777 1800 1314 1414 2227 1205 1739 1206 1915 1352 1353 2053 1004 1435 1491 2127 1133 1874 1677 1725 766 1447 1624 1346 1236 1079 2477 1663 1383 1790 1411 1357 1280 2075 1018 2204 1755 553 1647 1355 1477 2464 1346 1799 2110 1219 1412 952 558 1562 894 442 2485 2394 951 1586 1819 2180 513 840 1896 2084 1942 1719 1118 790 907 1805 741 1486 1707 1202 1294 2080 1153 2432 1382 1491 1928 1717 2308 1182 2063 1710 1101 857 1541 1287 1320 427 2282 1337 1345 1342 1923 1615 969 1199 1339 2117 2144 1833 1332 1449 2242 1070 805 1748 990 2141 642 1823 1093 1087 1546 843 1256 1832 1299 938 501 1785 1341 1766 689 1188 2256 1438 1316 1762 1363 1562 568 969 1367 1790 1453 1802 844 2240 1398 1871 1824 1285 1705 1368 1158 1364 2025 519 1646 2441 1756 1796 1189 1788 2183 1015 1519 2237 2461 1339 970 1412 1705 1374 918 1565 1723 1339 1137 1237 1733 885 1278 1386 2192 1408 1298 1918 1173 2049 1320 1762 1407 423 677 1380 1405 668 1451 1685 2090 1890 857 1451 1442 1825 1926 1667 1331 1543 1296 1257 1525 1460 1945 953 783 1369 1211 590 1131 2085 1192 1473 1805 1374 1353 1512 787 2057 1145 1522 1290 1481 2025 889 2127 496 1589 2208 1577 1946 1803 1362 1942 1369 2192 1478 1458 2088 1413 1664 1976 1745 1447 1410 2071 1443 1085
860 666 1977 1592 1934 781 1451 1466 910 651 1595 1453 1671 1257 791 1132 1203 1232 1288 822 1586 1149 974 941 1572 360 958 1186 1557 660 2014 1011 858 1515 960 936 1144 977 788 811 859 945 937 900 1005 981 1174 1165 598 1178 710 508 920 1088 1184 1776 704 876 1238 829 922 1259 862 991 1148 1782 1452 931 929 706 1406 1199 1564 1413 905 2016 1305 1724 1608 1253 1651 1731 1746 1372 977 1151 1015 1530 1834 1318 924 1909 1083 830 1365 1242 645 1890 1060 1209 737 872 871 998 1711 1432 463 745 619 1340 915 1729 944 1109 1469 791 1154 819 1601 1844 872 1144 741 897 950 1013 743 1428 960 2009 1737 891 1085 1427 1460 1129 784 1621 1242 1405 1646 922 1754 558 1109 882 1654 1043 1899 1707 1167 924 872 1570 1021 1043 1091 1008 1595 788 835 1776 1019 1006 1306 486 1095 1481 1284 1707 898 878 647 963 576 836 1540 821 1455 1209 1638 598 767 981 767 1342 1073 513 1491 1416 937 1947 1014 1262 901 1868 1299 1901 831 1525 1035 525 1230 753 1807 1745 1009 990 1489 1332 891 986 858 1034 1518 1552 632 1332 1378 1022 520 967 834 1288 939 1044 707 1411 919 961 791 959 1029 701 1006 742 1644 1228 937 970 1406 804 921 802 872 2060 799 1424 927 1351 881 787 1588 994 1594 946 1408 1887 1538 814 1894 1810 829 1658 1158 1420 938 1231 1765 899 1516 902 1018 975 535 1072 641 884 1335 907
352 918 1561 996 1406 1036 1298 907 429 938 1026 922 1436 689 799 997 708 1598 1060 509 1018 1003 1078 407 1375 958 360 1167 1132 1258 1415 437 464 1230 534 1496 599 1570 540 515 1232 828 422 490 1205 1223 862 695 919 1116 611 877 410 541 704 1492 1280 441 808 490 402 1567 1334 745 1232 1190 1352 639 397 622 1476 603 1012 1111 1208 1459 864 1452 1010 868 1457 1487 1423 916 570 809 1292 1265 1439 916 1492 1331 707 783 998 854 996 1572 506 737 924 492 1374 582 1440 837 862 1112 1218 1300 580 1229 1495 650 1534 596 572 525 1430 1400 460 547 1134 973 602 802 789 837 1230 1459 1162 446 503 1228 945 998 1371 1139 1128 1113 1084 691 1251 1110 928 521 1093 469 1477 1514 782 412 789 1215 549 1480 504 434 1026 536 588 1576 796 408 839 940 787 1061 1233 1122 1493 855 858 1509 937 688 950 1346 1332 697 1432 965 882 547 1363 1168 720 1054 1233 1468 404 1523 427 763 417 1447 724 1303 500 987 510 1088 865 634 1232 1299 420 440 1011 1576 1462 419 791 442 1345 1203 1048 734 1083 457 938 1551 965 912 437 467 967 976 663 404 597 439 1356 650 456 1167 1177 1234 382 526 1319 832 1210 681 488 1462 522 832 1403 991 1203 858 989 448 996 1541 1497 1362 1280 625 1397 1213 1051 1089 560 991 381 1188 1173 460 1127 425 648 1004 1044 492 681 1431 737 719
1128 1423 2353 1489 1501 1564 654 1635 1198 1422 1719 1681 2236 1443 804 1748 1509 2058 650 1185 1717 1759 582 1203 2165 1186 1167 360 1932 1324 1874 1240 1111 826 1325 1689 1391 1639 1176 1173 891 1547 1104 1040 658 1779 769 983 947 1845 1093 1044 1186 1339 1509 1026 1468 1144 929 1114 1176 2081 1057 1509 501 1599 2110 887 1179 1063 671 1312 1290 791 1715 2135 1668 2256 1531 1676 2248 956 1040 1715 966 814 766 2067 2240 900 1332 1628 878 1450 1806 1661 919 2380 1103 989 1478 1231 1127 1379 960 1478 1186 890 1334 516 1343 1286 1710 1457 2221 985 1331 1206 2215 1273 1189 1277 1563 649 926 1560 1395 1505 750 1618 1482 1195 1151 676 1715 1747 1509 1917 492 1916 1372 1435 2007 1373 1690 1269 1377 1266 2269 2306 868 1192 761 2022 1354 1067 1165 1238 1359 1165 963 2371 1559 1190 998 1289 790 1864 459 1760 1566 710 1370 1734 1363 1383 1599 1155 2098 1050 848 955 786 1344 1460 600 1516 1337 780 661 1196 2313 1152 1040 1156 2239 1206 1777 1185 1734 1317 1146 1670 1265 1886 1201 1153 1248 1090 2144 1325 1227 767 1165 2128 2011 1450 1369 1885 1119 1027 1426 712 1719 1090 1137 843 983 864 1209 983 1241 1850 1018 1103 959 1960 1938 1168 1321 2071 1467 777 1353 1055 1934 1152 1492 1744 1798 821 1473 1537 1256 1574 1484 2169 1457 2080 936 1404 1763 742 1404 1272 978 1168 409 1775 1074 963 1118 901 573 1073 1146 1157 1242 1341 1449
1065 1318 792 1140 1702 1324 2018 754 1119 1344 796 668 823 865 1565 901 784 1709 1776 1171 784 884 1849 1105 844 1557 1132 1932 360 1827 1316 1055 1211 1887 1005 1908 901 2053 1196 1185 1965 1001 1194 1262 1973 1360 1575 1355 1630 981 1306 1551 1126 954 788 2114 1764 1177 1456 1221 1133 1617 2033 927 2004 1285 974 1407 1129 1332 2243 999 1374 1776 1418 966 630 782 1102 663 893 2138 2020 577 1326 1519 2051 692 667 1552 2119 1471 1429 1101 563 675 1713 833 1192 1373 1262 1113 2057 953 2078 951 1457 1838 1771 2055 1023 1635 1888 850 1290 1354 964 1159 910 1862 1143 1021 1475 1743 1366 915 1186 907 1988 1677 1376 1130 1146 1935 622 906 1860 508 1876 631 1382 994 630 1609 869 1083 1390 1028 710 930 1474 1120 1562 518 958 2200 1132 1059 1325 1204 1357 964 907 1104 1435 1466 1519 435 1989 916 1992 1627 1298 1891 1402 1081 903 2014 934 1306 2113 1671 1641 983 1881 1892 846 1565 1907 2234 1112 757 1139 1353 1157 678 1187 1240 1166 668 983 1720 687 1176 904 1780 1139 1053 1527 1543 2084 1073 1563 1127 867 527 1464 1008 634 1173 1617 2150 1730 629 1208 1156 1706 1559 1433 1094 1356 1068 1513 1376 1188 1878 484 1084 1137 1003 982 1145 1964 1115 1257 1321 1207 923 1715 579 1948 1175 1063 1045 1018 2108 1300 1676 708 1393 1767 1094 1808 1357 1031 1575 1136 1948 994 1231 1718 1190 1393 1777 1706 1149 1312 2081 1046 1010
1160 877 2235 1889 2206 932 1613 1763 1211 853 1893 1746 1883 1556 1020 1356 1495 1188 1492 1122 1883 1374 1101 1241 1777 660 1258 1324 1827 360 2313 1311 1156 1720 1256 727 1442 698 1089 1112 848 1193 1234 1192 1070 1071 1414 1442 792 1371 1008 763 1221 1387 1474 1967 534 1176 1502 1128 1223 1252 751 1260 1245 2077 1631 1201 1229 1002 1472 1499 1848 1631 978 2310 1587 1946 1907 1527 1850 1909 1953 1654 1259 1401 1029 1759 2089 1570 666 2198 1348 1086 1629 1516 778 2121 1354 1484 943 1171 717 1291 1900 1733 761 796 420 1466 1207 1996 751 1400 1576 1076 1454 1118 1795 2090 1173 1444 814 1060 1226 1273 1001 1728 994 2288 2026 1191 1382 1608 1750 1352 546 1903 1411 1648 1932 1199 2039 591 1348 1180 1940 1343 2161 1904 1426 1224 1103 1823 1317 919 1388 1308 1883 1088 1117 1972 1280 1306 1575 722 1343 1753 1422 2006 618 1088 889 776 787 1113 1840 653 1642 1492 1806 760 964 1276 497 1522 1352 624 1689 1489 1237 2208 1313 1540 1201 2130 1592 2200 1131 1818 1334 558 1500 1046 2105 1994 1307 1291 1754 1357 631 1287 1089 1332 1718 1804 756 1632 1623 1318 724 683 993 1558 1235 1341 859 1668 1184 1261 1076 1259 1051 990 1302 740 1922 1388 1237 1266 1584 1046 954 1083 1166 2360 1099 1725 840 1614 904 1020 1887 1294 1894 648 1510 2159 1764 1091 2156 2111 941 1946 1458 1675 1238 1373 2065 1194 1755 1200 1289 1136 630 1369 941 665 1634 1179
