140 766 346 221 201 665 1053 264 593 230 506 1016 702 395 771 1013 1191 673 704 887 503 263 250 702 1016 837 1234 573 455 1040 369 853 503 209 1209 454 835 1270 1131 1117 1322 1350 1239 258 1350 868 366 534 959 324 632 573 344 815 1176 676 1307 384 961 1032 1043 691 794 638 1376 668 997 1238 1187 1315 1240 264 226 1099 1138 1276 927 922 942 751 322 872 769 1262 1059 1193 395 1101 1012 1375 456 303 1329 1051 301 918 1307 660 666 940 1251 1329 538 422 1035 427 412 1374 282 1325 989 1050 249 1254 319 494 1149 274 1122 1173 1365 1029 646 297 1205 479 1245 507 448 1274 1361 1300 736 1305 467 857 658 223 827 208 516 406 229 345 1383 485 840 1327 613 735 887 1058 800 1002 1243 663 1046 230 837 916 1129 1195 757 610 276 1025 791 494 1065 481 309 984 933 1235 1093 1037 1268 456 833 749 947 1292 768 272 1259 380 282 218 758 1307 991 1267 1360 1121 1139 1371 347 685 1158 488 1196 943 1321 275 887 796 981 436 529 872 639 297 353 548 303 625 1302 840 977 439 489 1306 395 949 899 687 1086 1300 715 887 424 1306 767 471 904 479 513 1007 239 1251 1165 1038 491 566 303 1251 379 339 1287 739 985 507 431 1215 445 270 664 704 691 946 1375 909 594 735 1066 845 1236 693 1317 546 557 828 787 872 1388 341 1161 721 1354 542 561 225 715 975 1000 729 801 1215 1297 663 430 593 1322 776 1259 1297 1192 804 532 447 972 728 1215 1271 1048 1018 1194 530 1040 1249 732
866 360 922 919 927 1194 1681 927 1290 940 664 1742 1354 1065 1460 1087 1916 803 1124 919 1170 907 920 925 1405 1081 1653 555 819 1565 970 1091 1218 917 1510 1094 1178 1717 826 1836 1021 1004 1833 924 1852 1336 1072 938 1621 810 1352 1279 863 1188 987 1389 1095 1068 879 762 1678 1196 1177 673 1385 632 1706 1935 1324 1219 1795 951 934 884 1840 1921 1433 1504 1484 729 885 1578 474 1985 717 1716 1120 1598 1488 991 1172 990 923 891 926 1576 1414 920 1245 1511 1812 1924 621 774 1252 729 1134 2090 886 1438 1603 643 966 1945 930 633 940 878 1151 1870 1613 1298 1307 856 1374 1203 1820 802 1119 1767 980 2027 1448 1955 1159 1508 1378 914 1078 934 1017 1099 955 1005 1942 1192 534 1377 998 1133 589 1655 393 680 1315 465 1752 937 1316 1592 1698 1354 1430 622 966 1337 861 777 1189 1003 904 1290 694 1941 1107 1763 1562 701 1376 1279 1312 2013 416 966 979 1098 933 922 1431 1016 588 1962 1019 1472 1322 1909 786 440 1534 1173 1745 1668 1193 905 1425 1440 814 1066 810 478 1363 1011 776 1227 848 1328 1908 1428 734 688 684 1588 792 1669 1009 559 1812 1656 1360 581 728 1951 1128 808 1247 668 1027 1095 936 1472 1816 1231 1154 1133 1011 1975 1075 797 1332 1423 1468 655 1027 916 1172 926 862 866 1172 556 1828 1124 1087 1269 1792 1459 1567 1393 2043 1272 647 486 1463 497 987 894 1798 1424 1986 1117 1205 948 711 1314 1699 1244 1328 1380 1909 1184 1055 1287 1070 425 1941 1552 900 1465 745 1166 1220 1393 1051 1605 648 1621 1901 737 1699 1230 853
446 922 360 485 506 700 1139 570 858 535 728 1220 797 505 1033 1038 1398 939 720 1154 607 445 455 725 1322 852 1261 728 732 1086 676 868 672 508 1224 534 849 1575 1337 1338 1533 1546 1526 448 1395 896 646 549 1229 501 865 722 420 830 1413 834 1367 513 1212 1118 1322 721 809 716 1654 756 1146 1373 1203 1575 1298 455 483 1168 1278 1373 1230 985 1242 813 405 1017 954 1436 1251 1241 609 1404 1046 1492 712 604 1471 1110 606 1019 1323 681 966 999 1311 1615 664 512 1332 553 606 1532 437 1342 1276 1198 490 1383 624 676 1214 454 1149 1418 1379 1043 927 456 1219 711 1310 555 557 1576 1475 1492 978 1405 745 954 832 485 1122 504 534 689 519 450 1676 639 956 1348 913 1040 994 1129 954 1199 1262 817 1191 480 867 1031 1422 1210 1027 709 579 1329 1058 759 1352 501 609 998 1020 1471 1122 1223 1573 581 879 1053 963 1510 910 461 1475 643 427 524 870 1388 1150 1513 1557 1139 1435 1667 581 844 1465 768 1493 1151 1365 575 933 887 1215 506 803 1012 825 502 535 827 460 769 1380 903 1194 608 602 1610 657 1173 924 795 1279 1319 805 1082 554 1577 781 521 919 614 533 1288 546 1551 1265 1053 781 608 492 1458 526 505 1569 1004 1019 629 737 1301 661 437 942 979 998 1115 1409 924 616 775 1262 1134 1253 832 1509 767 782 955 901 1004 1548 638 1253 973 1444 586 647 500 959 1280 1246 763 1105 1230 1580 695 733 859 1547 948 1381 1600 1403 907 789 629 1270 833 1269 1577 1184 1091 1339 784 1309 1521 768
321 919 485 360 381 809 1205 444 770 411 668 1185 855 545 948 1152 1361 843 844 1058 655 402 390 841 1196 975 1377 725 627 1186 550 991 665 383 1349 602 975 1451 1292 1288 1484 1510 1419 399 1496 1010 544 673 1137 472 804 732 483 955 1342 838 1449 536 1129 1176 1222 833 934 781 1550 812 1158 1398 1326 1485 1388 410 376 1242 1298 1430 1108 1071 1123 893 461 1032 926 1427 1218 1339 561 1283 1156 1524 631 484 1481 1192 480 1072 1446 799 847 1088 1399 1509 686 564 1212 573 576 1537 421 1464 1169 1202 407 1412 499 648 1291 415 1261 1348 1505 1168 825 439 1344 650 1394 647 600 1455 1509 1468 910 1460 645 1010 821 364 1004 382 657 584 404 491 1563 644 988 1466 791 915 1034 1208 952 1162 1382 815 1207 379 980 1072 1309 1334 934 755 457 1205 962 664 1240 622 487 1124 1078 1408 1233 1203 1448 602 979 930 1087 1464 919 421 1422 555 423 398 913 1452 1145 1442 1520 1262 1317 1552 507 838 1339 666 1377 1112 1462 452 1033 948 1146 583 701 1023 804 456 503 727 445 784 1453 988 1139 591 634 1486 563 1121 1038 833 1253 1441 866 1046 570 1484 906 611 1044 627 654 1181 420 1429 1319 1177 671 710 459 1420 534 487 1462 916 1129 653 612 1360 613 410 837 876 872 1101 1519 1048 735 880 1234 1025 1376 852 1485 716 719 977 942 1022 1543 518 1314 896 1507 687 711 391 881 1154 1174 873 982 1354 1477 806 611 770 1486 931 1417 1476 1354 958 700 609 1150 882 1357 1451 1199 1168 1355 697 1218 1422 871
301 927 506 381 360 824 1211 425 753 390 668 1175 861 554 931 1173 1350 834 863 1048 662 422 410 862 1177 996 1393 735 617 1199 530 1012 662 370 1368 612 994 1430 1293 1276 1484 1512 1399 418 1509 1026 526 694 1118 485 791 731 504 974 1337 835 1467 543 1123 1192 1203 850 953 798 1538 829 1156 1397 1346 1476 1398 423 385 1260 1297 1435 1087 1081 1102 911 482 1031 930 1421 1221 1352 554 1262 1171 1536 615 463 1490 1211 462 1076 1467 820 826 1099 1409 1489 699 583 1196 588 571 1533 442 1485 1149 1211 408 1412 480 655 1309 434 1282 1332 1524 1189 806 457 1364 638 1403 667 607 1434 1522 1459 895 1464 627 1015 816 383 988 366 675 565 388 503 1543 644 1001 1487 774 896 1048 1217 961 1164 1403 824 1205 389 996 1074 1289 1355 916 771 436 1186 953 656 1226 640 470 1143 1094 1394 1253 1195 1429 617 992 909 1106 1451 929 430 1420 539 441 379 916 1468 1152 1426 1521 1280 1301 1531 509 846 1319 647 1356 1102 1482 436 1046 955 1142 595 690 1033 797 456 514 708 463 784 1461 999 1138 601 649 1467 557 1108 1059 848 1244 1459 873 1048 585 1465 926 631 1064 640 672 1168 400 1412 1324 1198 651 725 462 1409 538 500 1449 898 1144 668 591 1376 604 429 826 865 852 1107 1534 1068 753 894 1225 1005 1395 852 1476 705 718 989 945 1033 1550 502 1320 880 1513 701 719 383 876 1135 1159 888 961 1375 1457 822 590 752 1483 938 1418 1458 1353 963 694 605 1133 887 1376 1432 1209 1176 1353 691 1199 1411 892
765 1194 700 809 824 360 858 888 1028 848 1062 1196 608 652 1169 960 1366 1280 504 1495 602 777 781 723 1616 721 930 1019 1072 747 984 733 732 831 944 589 627 1834 1643 1344 1841 1838 1704 771 1054 564 895 616 1370 839 970 711 749 587 1743 785 1409 672 1549 1255 1482 395 567 905 1995 953 1004 1176 1032 1914 968 761 799 1255 1100 1099 1487 670 1480 939 745 887 1253 1321 1546 902 785 1652 707 1667 903 896 1693 1176 925 787 1151 694 1220 677 983 1785 938 800 1660 856 756 1377 777 1163 1461 1441 786 1174 943 994 1285 794 1069 1480 1114 814 1126 797 1023 863 987 752 625 1813 1647 1418 1076 1136 965 721 821 810 1452 820 542 933 823 683 1869 698 1167 1210 1237 1351 1186 821 1222 1500 1125 1097 1033 795 533 827 1627 1022 1188 937 881 1642 1399 1100 1689 567 935 752 1168 1505 1061 1159 1880 875 544 1319 683 1494 1165 755 1789 869 747 844 697 1487 1411 1569 1852 841 1765 1875 922 1127 1755 988 1705 1145 1348 901 597 654 1545 596 1143 1257 844 758 870 1034 801 720 1074 598 1512 927 879 1920 998 1202 869 1018 1225 1007 601 1386 860 1702 581 748 668 907 535 1628 860 1873 1003 879 1021 461 744 1423 692 840 1909 1155 679 908 1031 1420 808 761 1282 1320 1290 1390 1070 780 466 437 1215 1337 956 742 1434 876 1115 1185 725 1238 1794 967 975 1097 1157 484 551 808 1295 1588 1325 423 1365 1035 1739 372 1014 1033 1868 1236 1156 1915 1713 699 1130 744 1596 654 1296 1875 1411 789 1169 1124 1443 1862 818
1153 1681 1139 1205 1211 858 360 1261 1188 1222 1504 1029 710 1019 1239 1382 1143 1685 973 1896 909 1190 1185 1211 1856 1157 913 1496 1466 649 1324 1163 949 1222 1116 969 1026 1993 2115 1182 2312 2320 1738 1177 809 814 1191 1111 1398 1277 1074 875 1197 986 2186 826 1864 1028 1974 1747 1519 866 980 1402 2368 1450 722 746 1358 2326 633 1156 1190 1733 715 601 1673 563 1635 1435 1183 707 1728 984 2025 681 1067 1804 760 2161 1136 1236 2191 1651 1292 517 1455 1187 1439 574 629 1800 1420 1272 1980 1324 1035 974 1200 1458 1539 1937 1163 727 1305 1454 1757 1215 1475 1372 1272 1125 1290 1229 1320 1075 600 1243 965 1935 2142 1122 1127 638 1205 560 877 1208 1791 1205 1024 1210 1196 1077 1913 946 1665 1546 1572 1647 1684 459 1711 1975 1471 1580 709 1186 812 565 1712 1331 1286 1430 1236 1920 1802 1507 2043 1038 1310 1064 1663 1353 1481 942 2134 1347 702 1540 971 1272 1657 1143 2254 1152 1157 1229 671 1964 1903 1441 2332 1005 2087 1942 1347 1609 1977 1220 1794 1023 1772 1281 674 616 1989 994 1539 1751 919 1118 1312 1236 1234 830 613 620 1972 1386 1359 2175 1408 1112 1318 1513 1002 1055 698 1859 1327 1656 1022 1233 1011 1381 1014 2000 1234 2166 511 1236 1266 908 1109 1183 1034 1283 2274 1248 749 1388 1343 1905 1049 1169 1669 1710 1558 1878 918 1191 962 791 1007 1461 1075 773 1136 1036 1557 1681 651 1734 2291 1342 477 1173 666 924 855 1189 1726 1862 1273 823 1572 1331 1740 870 1313 1196 2325 1717 690 2186 2182 616 1546 1002 1912 689 1749 2106 1909 450 779 1542 1448 2252 1308
364 927 570 444 425 888 1261 360 729 400 646 1178 910 610 905 1229 1349 784 929 995 713 485 474 919 1112 1058 1458 741 565 1260 466 1074 693 421 1433 672 1059 1370 1265 1269 1453 1488 1353 483 1570 1091 505 756 1085 515 785 766 560 1039 1296 864 1504 596 1076 1219 1163 914 1018 834 1479 860 1183 1428 1407 1425 1455 487 450 1293 1327 1480 1028 1138 1047 951 541 1061 917 1436 1200 1412 575 1204 1235 1547 604 424 1490 1249 396 1121 1527 878 771 1156 1466 1443 720 625 1131 617 599 1554 500 1546 1105 1210 463 1445 415 654 1345 488 1337 1312 1589 1253 768 505 1426 640 1458 718 660 1377 1534 1465 882 1507 598 1063 839 444 924 428 741 536 426 565 1493 682 1017 1544 709 831 1067 1271 960 1141 1461 827 1233 454 1061 1115 1239 1416 884 799 399 1121 901 610 1165 706 409 1208 1121 1378 1306 1206 1363 643 1053 850 1171 1446 935 492 1387 532 506 406 960 1496 1147 1405 1496 1345 1236 1479 500 847 1254 616 1304 1103 1527 383 1107 1004 1103 656 638 1038 815 503 533 675 510 819 1512 1056 1107 611 678 1401 520 1102 1115 870 1252 1524 924 1028 613 1430 991 682 1129 661 737 1109 388 1346 1368 1260 610 788 514 1409 587 530 1389 871 1207 691 530 1401 619 494 770 810 788 1098 1597 1130 818 957 1231 959 1460 887 1481 710 692 1000 988 1042 1541 442 1367 861 1560 764 774 440 835 1070 1139 952 903 1437 1415 886 535 727 1446 930 1454 1392 1323 1008 651 635 1068 933 1416 1367 1213 1229 1380 650 1166 1355 943
693 1290 858 770 753 1028 1188 729 360 729 993 852 896 769 537 1528 1008 1032 1133 1203 786 803 787 1217 1028 1319 1560 1110 858 1304 684 1335 659 760 1613 816 1274 1186 1574 915 1746 1801 1043 789 1592 1218 587 1031 731 876 482 706 885 1241 1550 722 1858 748 1319 1585 828 1063 1220 1191 1602 1222 967 1215 1667 1616 1440 769 760 1652 1113 1354 850 1148 824 1302 858 878 1265 1144 1528 1435 621 998 1326 1916 505 665 1850 1601 725 1030 1789 1172 614 1174 1443 1128 1088 975 1181 980 642 1283 828 1805 795 1570 737 1243 719 1020 1702 825 1640 942 1783 1472 465 849 1671 526 1422 1049 770 1151 1902 1141 526 1371 491 997 670 774 1021 748 968 553 725 784 1203 690 1387 1827 830 852 1436 1237 1323 1467 1741 1193 1020 760 1188 993 959 1666 530 1163 692 1101 1123 910 1270 938 746 1415 1487 1011 1617 908 1306 1008 1126 713 1351 1090 1303 758 1675 576 798 749 887 1861 1503 1036 1807 1506 1287 1207 868 1211 1150 477 1037 777 1863 749 1170 969 1376 826 908 1404 628 715 900 434 856 735 1435 1080 1409 980 1042 1348 860 752 1415 1238 937 1660 914 1361 977 1079 1211 1013 1329 1029 957 1252 728 1347 1245 1512 507 938 726 1065 725 892 1502 507 1297 1058 642 1768 583 795 987 1025 750 1449 1658 1391 1014 1067 914 669 1620 777 1156 522 1028 1369 900 1410 1890 757 1266 494 1444 920 841 740 1122 1042 770 1080 744 1683 1087 1033 608 368 1715 1285 1269 1361 1621 943 954 645 1114 888 1764 1278 1578 1195 1148 958 811 1512 1266
330 940 535 411 390 848 1222 400 729 360 670 1161 872 569 906 1204 1335 822 891 1034 674 453 440 892 1147 1026 1418 750 604 1219 501 1042 661 392 1396 631 1023 1400 1294 1258 1483 1514 1370 447 1529 1051 501 724 1092 507 773 733 534 1002 1331 833 1494 556 1113 1216 1175 874 981 824 1520 853 1153 1397 1377 1464 1415 448 412 1285 1296 1443 1056 1097 1072 939 512 1030 937 1413 1225 1371 547 1231 1194 1555 595 433 1504 1238 437 1084 1497 850 795 1116 1425 1459 720 610 1172 611 568 1528 472 1516 1120 1224 422 1413 455 667 1336 463 1313 1310 1553 1218 778 485 1395 622 1418 697 620 1403 1540 1447 875 1471 601 1025 811 413 965 390 703 539 386 524 1513 647 1021 1518 749 869 1069 1231 974 1167 1433 838 1203 416 1020 1080 1259 1385 890 794 405 1159 939 646 1205 668 450 1172 1117 1373 1283 1185 1401 639 1012 879 1133 1434 945 452 1419 519 470 380 923 1492 1163 1404 1523 1307 1277 1501 516 860 1289 621 1326 1087 1510 419 1066 966 1137 615 677 1049 790 464 532 681 491 785 1473 1015 1137 617 673 1439 551 1091 1089 870 1233 1485 885 1053 607 1438 955 661 1092 661 699 1150 372 1386 1331 1228 622 747 473 1394 548 523 1430 873 1166 689 561 1399 594 458 810 850 822 1116 1556 1099 779 916 1212 975 1422 853 1463 691 719 1007 952 1050 1560 482 1329 858 1522 724 734 399 870 1108 1137 911 931 1405 1429 845 559 728 1479 947 1420 1431 1353 971 686 604 1108 896 1404 1403 1224 1190 1350 684 1173 1395 922
606 664 728 668 668 1062 1504 646 993 670 360 1461 1156 846 1159 1191 1630 605 1045 807 958 675 682 928 1151 1093 1600 529 517 1449 669 1107 970 657 1516 894 1144 1452 984 1545 1176 1204 1535 689 1755 1245 785 840 1317 588 1066 1040 673 1139 1044 1143 1343 842 847 1024 1374 1077 1122 725 1315 722 1464 1705 1409 1213 1666 713 684 1126 1605 1734 1147 1354 1191 841 683 1339 633 1722 914 1605 857 1317 1399 1296 885 703 1217 1105 635 1376 1518 900 943 1367 1679 1625 577 634 1062 579 878 1838 663 1539 1300 938 714 1720 636 456 1182 648 1283 1569 1650 1312 1004 635 1444 925 1678 725 903 1490 1284 1750 1155 1764 864 1313 1122 664 859 675 882 806 692 787 1650 952 796 1508 718 862 853 1498 696 856 1433 583 1513 687 1218 1379 1402 1429 1127 662 684 1110 716 483 1043 855 612 1284 935 1643 1244 1492 1350 574 1245 984 1275 1721 689 727 1114 816 707 656 1219 1296 869 1660 1213 1450 1152 1622 520 591 1289 875 1454 1386 1406 622 1298 1249 847 870 529 782 1100 763 553 927 629 1092 1748 1272 832 504 593 1382 492 1379 1087 691 1537 1637 1167 742 573 1647 1081 705 1219 554 887 964 663 1290 1624 1282 852 976 767 1689 841 583 1239 1122 1374 578 723 1197 904 696 637 663 882 816 1759 1155 965 1138 1515 1156 1559 1160 1766 995 413 765 1249 795 1259 596 1616 1127 1809 954 1008 692 594 1074 1399 1123 1035 1452 1608 1055 752 989 1182 652 1725 1357 1046 1262 470 913 1013 1187 1276 1378 951 1459 1661 460 1395 1173 902
1116 1742 1220 1185 1175 1196 1029 1178 852 1161 1461 360 955 1081 753 1791 538 1524 1338 1692 1015 1203 1189 1512 1410 1555 1556 1550 1341 1273 1164 1568 910 1185 1704 1087 1461 1443 2062 516 2238 2289 1109 1186 1478 1312 1036 1335 807 1297 756 877 1269 1419 2041 776 2204 1069 1810 1978 914 1229 1401 1576 2060 1616 670 836 1862 2097 1300 1161 1170 2019 758 1077 1192 1118 1127 1666 1242 706 1734 666 2010 1347 985 1267 1350 2347 935 1118 2305 1953 1186 909 1978 1471 1059 1146 1292 1157 1508 1367 1626 1393 978 819 1227 1988 967 2026 1140 875 1186 1469 2061 1231 1902 703 1875 1633 901 1256 1845 898 1257 1409 1043 1357 2331 650 688 1076 966 929 757 1189 1494 1169 1244 1018 1147 1129 1280 946 1809 2045 1318 1316 1852 1119 1776 1949 1960 1639 700 1168 1290 843 1123 1848 811 1567 1139 1515 1615 1394 1733 1228 1209 1568 1880 689 1891 462 1673 1423 1182 1132 1481 659 1745 1146 2166 1006 1184 1180 878 2244 1965 772 2295 1587 1724 1322 1316 1661 1496 961 1201 435 2169 1201 1201 958 1868 1113 1397 1849 755 1098 1328 926 1263 847 1210 1092 1898 1416 1452 1714 1329 491 1691 1651 450 1689 968 1840 1391 994 1417 1379 1489 1451 1230 1727 1166 1752 996 1712 998 1152 1101 598 1053 1311 1959 787 1327 1474 1132 2160 932 1187 1480 1516 1209 1916 1586 1617 1245 1188 426 956 1683 814 665 830 1503 1802 860 1848 2359 1228 1044 735 1165 1148 1027 1154 1611 1459 637 1217 1138 1857 1093 1207 1096 859 2208 1748 922 1742 2111 907 1438 951 1561 914 2098 1622 2024 1088 753 1441 827 1985 1589
802 1354 797 855 861 608 710 910 896 872 1156 955 360 670 998 1209 1121 1334 753 1546 559 841 836 960 1547 970 1031 1163 1116 768 978 981 614 871 1126 624 866 1722 1774 1107 1970 1983 1532 828 1061 724 850 814 1188 931 803 550 857 824 1837 567 1654 678 1624 1478 1307 638 808 1100 2023 1147 758 952 1267 1976 921 806 840 1490 866 937 1384 614 1360 1158 840 639 1391 1074 1689 902 725 1533 800 1882 811 889 1887 1415 942 582 1382 925 1131 639 928 1607 1093 940 1645 988 691 1138 854 1392 1303 1622 813 956 956 1113 1524 868 1317 1258 1299 1038 1001 883 1250 754 915 930 615 1682 1863 1169 892 968 881 516 615 858 1450 855 718 874 846 729 1704 603 1361 1450 1230 1316 1389 725 1386 1637 1365 1250 791 836 699 600 1476 1252 1030 1117 887 1598 1452 1157 1700 720 960 973 1386 1273 1310 912 1822 1014 605 1233 888 1251 1336 793 1910 812 809 878 450 1723 1581 1344 1995 1012 1753 1720 998 1279 1677 899 1557 910 1596 931 641 453 1641 651 1189 1435 651 768 968 927 889 523 961 544 1627 1046 1030 1863 1058 977 1117 1203 978 1143 378 1520 991 1502 828 913 893 1048 704 1653 883 1840 827 1117 943 600 759 1177 684 939 1929 994 772 1059 1002 1650 716 821 1320 1360 1234 1550 1122 1027 683 593 970 1198 1118 511 1186 733 1210 1370 480 1422 1975 992 819 925 1012 608 510 838 1376 1540 1114 621 1272 1262 1555 620 975 903 1979 1385 948 1868 1839 470 1195 660 1578 406 1542 1803 1601 683 933 1192 1255 1904 1050
495 1065 505 545 554 652 1019 610 769 569 846 1081 670 360 934 1122 1260 1028 729 1242 471 531 525 816 1324 909 1221 870 811 1010 696 925 531 563 1227 423 870 1549 1467 1205 1662 1680 1452 517 1320 856 604 629 1135 624 749 577 562 840 1526 689 1490 382 1315 1257 1238 683 819 856 1730 898 1001 1231 1258 1670 1205 496 531 1299 1135 1247 1201 887 1200 945 539 873 1090 1291 1386 1162 509 1369 992 1636 629 606 1616 1236 645 889 1380 771 933 906 1216 1537 809 658 1375 696 489 1387 545 1396 1203 1342 507 1243 661 809 1342 558 1235 1300 1392 1069 856 576 1264 606 1209 687 416 1535 1619 1350 863 1277 682 826 689 548 1171 548 558 643 543 420 1610 496 1100 1418 952 1060 1138 1023 1098 1332 1331 959 1047 526 825 895 1361 1258 939 853 595 1351 1147 849 1414 529 660 1015 1159 1346 1214 1080 1588 725 805 1029 961 1375 1054 484 1601 581 499 572 734 1523 1293 1394 1691 1129 1481 1609 688 986 1463 706 1436 1014 1473 628 858 763 1330 419 884 1157 686 469 661 758 582 624 1268 805 1318 743 747 1628 748 1043 1011 940 1137 1299 681 1216 697 1481 805 658 931 757 547 1360 582 1585 1137 1103 734 551 457 1320 404 634 1639 911 964 774 739 1438 549 510 1019 1059 997 1256 1352 981 610 714 1121 1069 1244 688 1367 648 900 1100 764 1150 1691 692 1130 868 1323 528 525 532 1066 1297 1131 713 1077 1275 1497 652 722 773 1668 1088 1243 1624 1531 776 886 499 1310 700 1388 1582 1330 982 1195 883 1214 1604 878
871 1460 1033 948 931 1169 1239 905 537 906 1159 753 998 934 360 1696 880 1169 1285 1317 930 981 964 1387 1027 1481 1669 1284 1016 1400 851 1496 798 938 1748 973 1425 1115 1718 773 1882 1946 897 966 1670 1346 765 1201 562 1054 559 824 1062 1390 1672 798 2036 913 1441 1763 673 1205 1369 1369 1667 1400 955 1186 1825 1710 1506 946 938 1830 1090 1370 817 1239 764 1479 1035 899 1428 1059 1681 1517 789 927 1438 2089 681 841 2017 1779 898 1085 1947 1343 669 1267 1506 976 1265 1152 1233 1158 804 1210 1006 1962 666 1738 914 1219 891 1194 1879 1003 1809 769 1920 1621 524 1027 1825 687 1480 1225 925 1056 2076 1026 472 1380 666 1067 745 952 1105 926 1131 729 903 955 1066 834 1562 1990 945 926 1613 1304 1493 1619 1903 1366 1004 938 1317 1035 839 1822 418 1341 869 1125 1246 1067 1341 1103 919 1561 1664 844 1787 833 1298 1186 1241 739 1491 943 1476 935 1809 754 975 927 966 2039 1668 861 1949 1637 1332 1081 1042 1383 1126 649 921 687 2038 924 1280 1056 1509 987 1058 1576 707 890 1077 593 1034 835 1472 1180 1553 1156 1220 1339 1028 629 1584 1416 843 1780 1016 1517 1154 907 1366 1190 1476 1206 1119 1338 905 1366 1268 1670 667 1087 900 932 891 1070 1566 399 1411 1236 799 1946 744 972 1117 1151 819 1612 1750 1552 1169 1198 819 586 1748 857 1039 654 1191 1544 970 1583 2050 926 1299 433 1461 1071 978 918 1266 1068 599 1215 747 1837 929 1176 767 538 1841 1452 1255 1363 1760 1019 1110 800 1168 979 1941 1255 1749 1263 1110 1114 640 1594 1440
1113 1087 1038 1152 1173 960 1382 1229 1528 1204 1191 1791 1209 1122 1696 360 1964 1432 816 1609 1149 1111 1126 672 1957 599 1072 1040 1305 1136 1332 588 1275 1172 848 1089 718 2234 1526 1934 1705 1649 2204 1120 1329 927 1324 856 1897 1085 1510 1283 1029 760 1713 1375 849 1142 1597 857 1996 931 771 829 2102 844 1600 1748 597 1946 1353 1132 1155 776 1683 1605 1897 1179 1916 726 1051 1487 1197 1918 1407 1244 1267 2072 1021 1246 1383 1276 1352 692 1258 1363 690 716 1639 1168 1375 2292 974 973 1894 1006 1251 1962 1091 713 1953 1193 1167 1739 1276 1095 776 1101 473 2053 905 667 1604 1083 652 1368 1401 873 1137 2246 1224 2018 1624 1645 1422 1303 1402 1150 1690 1174 927 1367 1193 1103 2354 1236 945 679 1521 1664 917 1308 1095 1389 601 1052 1626 1153 931 1414 2100 630 1698 894 1249 1934 1530 1299 1867 953 1252 705 826 2089 461 1759 2178 995 1048 1719 786 2090 1033 1140 1680 1319 1103 1187 1297 981 1211 2146 1668 866 1983 2344 1154 1073 2099 1445 2170 1735 752 1224 1067 1243 1541 1071 1350 1064 1416 1176 1087 1504 1079 1305 1522 1143 1460 1065 966 2211 1228 1783 474 903 1824 1016 1201 1306 1013 2243 742 907 733 1003 939 1780 1211 2122 1533 552 1459 1000 1164 2021 1165 1073 2041 1672 1017 975 1399 951 1312 1111 1469 1493 1647 1229 1252 551 908 989 1814 1812 919 1338 2035 1408 1224 991 1324 1029 1493 1271 1489 1630 1635 1007 1125 1175 1383 1894 1888 956 1772 656 2255 948 1403 1530 1778 1153 1710 2188 1600 1292 1300 1259 1845 1254 735 2199 1134 1295 1753 1291 1976 1950 653
1291 1916 1398 1361 1350 1366 1143 1349 1008 1335 1630 538 1121 1260 880 1964 360 1679 1509 1837 1192 1380 1365 1689 1502 1727 1688 1725 1505 1408 1328 1739 1088 1359 1853 1266 1628 1487 2222 479 2394 2450 1111 1363 1583 1470 1206 1513 870 1473 924 1055 1447 1586 2190 952 2382 1247 1959 2157 953 1398 1569 1754 2177 1794 784 867 2027 2230 1404 1338 1346 2197 819 1140 1280 1260 1207 1845 1420 856 1904 613 2175 1465 1161 1326 1494 2524 1105 1288 2479 2131 1355 1044 2141 1648 1190 1287 1393 1139 1685 1545 1739 1570 1155 764 1404 2150 1026 2199 1316 908 1354 1642 2239 1408 2075 657 2022 1795 1041 1433 2007 1072 1354 1587 1222 1388 2508 513 842 1130 1130 1076 935 1365 1625 1344 1421 1184 1321 1308 1270 1124 1986 2211 1464 1446 2029 1239 1949 2114 2127 1813 795 1344 1450 978 1158 2011 935 1744 1310 1617 1764 1557 1855 1406 1378 1729 2058 593 2064 573 1751 1599 1338 1250 1640 491 1920 1323 2321 1177 1361 1354 1039 2423 2137 688 2455 1737 1832 1323 1489 1835 1571 1123 1229 608 2345 1372 1351 1114 2022 1291 1557 2023 934 1275 1504 1081 1440 1023 1288 1244 2058 1591 1629 1790 1498 617 1866 1828 506 1825 1132 2006 1568 951 1588 1558 1653 1627 1407 1858 1339 1845 1080 1879 1156 1327 1279 420 1231 1487 2075 918 1473 1651 1291 2338 1108 1364 1631 1666 1338 2086 1700 1787 1420 1353 512 1052 1828 985 523 1004 1670 1978 1018 2023 2530 1395 1134 881 1221 1324 1203 1330 1770 1563 689 1383 1247 2018 1074 1378 1256 1014 2358 1919 962 1825 2269 1061 1601 1129 1677 1078 2275 1692 2199 1213 787 1604 861 2111 1767
773 803 939 843 834 1280 1685 784 1032 822 605 1524 1334 1028 1169 1432 1679 360 1280 575 1136 867 867 1173 962 1338 1833 754 578 1664 739 1352 1112 825 1759 1085 1386 1276 910 1579 1075 1137 1435 876 1974 1472 882 1077 1284 802 1134 1186 892 1379 883 1276 1535 1017 656 1203 1313 1299 1361 963 1078 953 1588 1837 1653 1002 1871 894 857 1320 1735 1903 1016 1554 1078 1074 894 1472 710 1810 887 1819 990 1170 1624 1394 971 816 1271 1313 754 1545 1760 1145 887 1571 1882 1523 818 874 825 821 1019 1942 863 1782 1227 1015 881 1857 743 701 1376 847 1520 1562 1895 1557 1004 842 1689 1025 1877 969 1081 1334 1387 1813 1198 1931 923 1487 1244 841 636 840 1107 883 848 975 1525 1104 971 1746 597 706 1029 1692 824 825 1673 769 1640 861 1444 1537 1292 1674 1123 898 811 895 479 540 798 1076 735 1527 1126 1647 1480 1574 1126 819 1457 886 1515 1751 849 904 1002 921 899 816 1384 1459 934 1646 1141 1691 910 1485 718 761 1091 924 1329 1450 1618 763 1511 1428 703 1065 505 913 1213 926 775 958 839 1238 1935 1472 745 747 839 1155 642 1422 1330 908 1608 1877 1347 743 814 1582 1321 947 1460 800 1109 719 810 1052 1791 1527 886 1186 935 1734 1010 804 997 1129 1598 823 754 1359 1024 886 423 424 772 869 1987 1401 1190 1354 1585 1095 1801 1305 1828 1091 567 928 1411 939 1271 704 1791 1158 1984 1163 1194 856 470 870 1403 1342 928 1697 1518 1274 791 1026 1044 756 1870 1124 951 1433 511 1054 784 1357 1481 1164 1051 1651 1782 518 1354 942 1146
804 1124 720 844 863 504 973 929 1133 891 1045 1338 753 729 1285 816 1509 1280 360 1491 716 806 814 598 1678 577 914 969 1086 803 1032 590 848 868 865 677 501 1916 1586 1484 1783 1768 1815 805 1089 571 969 564 1488 840 1089 841 752 472 1707 924 1269 751 1529 1133 1596 477 450 817 1997 864 1147 1312 901 1896 1035 803 839 1122 1239 1212 1568 773 1569 827 758 1032 1198 1465 1482 951 876 1738 725 1549 997 952 1590 1041 965 922 1022 579 1300 772 1054 1898 884 770 1692 826 851 1517 797 1036 1568 1351 834 1308 984 964 1149 814 925 1614 1025 700 1224 809 899 966 1066 694 722 1904 1529 1562 1199 1250 1052 858 956 844 1481 861 547 1010 870 739 1976 811 1072 1074 1274 1400 1083 921 1149 1441 988 1036 1175 835 552 967 1729 896 1298 862 932 1690 1397 1106 1706 582 970 646 1052 1643 917 1303 1932 838 634 1394 602 1637 1088 803 1736 950 782 882 841 1354 1330 1705 1783 778 1794 1978 926 1065 1819 1076 1805 1285 1204 936 674 793 1512 670 1154 1171 975 820 865 1128 810 856 1167 715 1466 902 833 1971 1008 1339 725 934 1368 960 745 1330 832 1826 441 703 562 867 552 1636 903 1912 1123 746 1103 559 806 1566 774 837 1917 1268 704 859 1088 1291 909 794 1292 1327 1351 1317 1077 639 479 545 1358 1437 892 884 1579 991 1096 1096 869 1148 1700 999 1089 1215 1261 574 679 853 1278 1639 1455 512 1443 911 1855 492 1078 1137 1820 1173 1285 1960 1658 840 1129 848 1631 799 1155 1934 1315 896 1308 1122 1563 1858 696
987 919 1154 1058 1048 1495 1896 995 1203 1034 807 1692 1546 1242 1317 1609 1837 575 1491 360 1349 1082 1082 1370 942 1536 2045 932 791 1880 939 1550 1317 1039 1963 1300 1592 1252 828 1730 949 1039 1490 1091 2189 1686 1081 1287 1400 1016 1314 1392 1106 1587 716 1477 1649 1231 495 1316 1406 1514 1570 1144 868 1125 1783 2033 1837 790 2086 1108 1071 1442 1930 2112 1064 1769 1139 1244 1109 1671 807 1988 854 2034 1195 1188 1838 1426 1163 1022 1270 1450 964 1754 1940 1345 1013 1786 2097 1572 1007 1082 714 1027 1226 2125 1079 1962 1314 1054 1095 2055 951 898 1498 1062 1689 1687 2093 1757 1155 1057 1878 1220 2092 1172 1294 1334 1423 1978 1364 2138 1108 1697 1441 1055 616 1054 1321 1076 1060 1190 1550 1313 1093 1917 734 775 1148 1905 929 802 1848 921 1835 1076 1658 1743 1343 1861 1265 1078 1020 835 455 755 630 1290 945 1731 1254 1778 1647 1751 1027 1021 1673 981 1723 1897 974 1118 872 1121 1114 1030 1592 1547 974 1765 1037 1898 767 1499 932 904 1043 1105 1363 1619 1753 975 1727 1640 594 1280 717 1007 1408 1139 988 1129 1054 1444 2148 1687 689 952 1037 1047 858 1581 1513 1069 1779 2085 1559 771 1021 1663 1529 1153 1667 999 1323 535 1023 919 1999 1720 1062 1401 1148 1889 1222 1017 794 1278 1812 1018 941 1449 1226 1101 588 547 872 909 2201 1596 1404 1569 1756 1201 2006 1510 1992 1283 761 1045 1619 1040 1233 914 2001 1318 2193 1379 1408 1070 587 835 1541 1557 1009 1886 1578 1489 977 1195 888 858 2071 1004 844 1643 724 1261 703 1568 1610 1084 1106 1864 1975 731 1462 727 1333
603 1170 607 655 662 602 909 713 786 674 958 1015 559 471 930 1149 1192 1136 716 1349 360 643 636 858 1392 920 1151 976 918 921 789 935 492 672 1187 438 855 1597 1578 1150 1773 1790 1463 629 1228 796 673 681 1132 735 733 497 667 819 1637 603 1549 478 1425 1337 1242 637 799 941 1831 986 901 1125 1257 1778 1104 606 640 1367 1031 1136 1251 787 1240 1019 647 773 1199 1200 1496 1068 553 1413 918 1726 664 698 1715 1299 746 778 1379 816 986 808 1114 1545 911 758 1465 801 520 1289 656 1393 1219 1444 614 1135 761 919 1407 670 1262 1264 1357 1050 884 686 1255 621 1105 769 415 1573 1709 1270 843 1166 729 715 618 658 1264 655 589 706 648 531 1627 456 1195 1428 1044 1142 1228 917 1202 1443 1341 1065 945 636 765 784 1385 1252 946 947 693 1430 1254 958 1512 574 763 991 1241 1300 1246 1001 1662 828 721 1087 925 1313 1156 594 1712 641 611 679 623 1596 1398 1357 1801 1081 1572 1633 799 1092 1528 751 1463 953 1518 733 772 653 1441 467 991 1258 628 570 772 794 693 533 1159 706 1430 853 849 1702 858 995 1043 1034 1062 1241 571 1326 802 1470 797 745 906 862 575 1461 686 1668 1025 1102 788 517 560 1251 486 744 1739 914 889 876 822 1515 567 622 1124 1164 1070 1363 1270 989 604 646 1047 1095 1196 589 1287 636 1011 1198 654 1249 1795 795 1019 859 1212 503 424 639 1177 1374 1101 655 1131 1267 1500 607 799 791 1780 1196 1133 1702 1642 664 996 503 1398 589 1443 1651 1429 876 1093 993 1207 1708 934
363 907 445 402 422 777 1190 485 803 453 675 1203 841 531 981 1111 1380 867 806 1082 643 360 376 799 1237 933 1343 712 654 1158 591 949 670 423 1309 581 934 1493 1297 1311 1490 1511 1459 377 1468 976 580 631 1172 457 829 733 443 915 1356 842 1414 527 1148 1148 1260 800 895 749 1578 783 1161 1397 1284 1507 1364 403 405 1209 1299 1418 1150 1048 1165 858 419 1034 923 1438 1218 1312 579 1325 1124 1503 661 525 1467 1158 520 1061 1404 757 889 1064 1376 1548 664 532 1248 549 587 1543 384 1422 1208 1189 427 1410 539 642 1258 389 1220 1377 1464 1127 863 412 1302 674 1372 608 587 1497 1488 1484 938 1449 682 998 830 400 1038 423 619 622 442 472 1604 646 966 1424 828 955 1010 1188 941 1163 1340 802 1209 404 947 1065 1350 1292 970 727 498 1244 986 686 1272 584 524 1083 1049 1436 1192 1217 1487 579 951 972 1048 1486 904 418 1429 587 392 439 905 1422 1135 1472 1522 1223 1352 1593 517 827 1380 703 1418 1132 1424 490 1005 934 1159 559 727 1008 816 465 493 764 420 784 1436 966 1147 580 609 1525 584 1145 996 809 1269 1404 852 1046 547 1520 866 572 1005 607 617 1210 462 1466 1308 1135 711 680 464 1440 530 470 1491 950 1097 630 654 1331 632 380 865 903 914 1094 1488 1006 698 850 1250 1065 1338 851 1500 737 728 958 935 1005 1534 554 1301 927 1494 657 694 425 897 1194 1204 841 1024 1312 1515 773 653 804 1497 925 1412 1514 1360 947 720 618 1186 872 1321 1492 1183 1149 1357 716 1253 1448 832
350 920 455 390 410 781 1185 474 787 440 682 1189 836 525 964 1126 1365 867 814 1082 636 376 360 814 1227 946 1348 725 653 1159 580 962 658 413 1318 578 944 1480 1305 1296 1498 1520 1443 369 1469 981 564 644 1155 470 813 722 459 924 1361 830 1431 519 1151 1164 1243 805 904 765 1576 799 1150 1387 1297 1508 1363 391 389 1226 1289 1412 1136 1047 1150 874 435 1023 933 1425 1228 1313 564 1311 1128 1518 645 510 1480 1174 511 1055 1417 771 874 1063 1375 1532 679 548 1242 564 573 1531 401 1436 1192 1203 410 1401 529 653 1275 402 1236 1361 1474 1138 846 427 1314 658 1370 624 581 1483 1503 1469 921 1443 665 992 817 390 1033 409 627 606 427 468 1588 635 981 1439 821 945 1025 1186 954 1172 1354 815 1198 387 951 1057 1335 1305 953 743 485 1235 987 687 1268 592 516 1093 1065 1419 1207 1203 1478 594 952 958 1057 1470 918 406 1437 570 393 428 897 1438 1148 1455 1531 1231 1346 1578 522 840 1369 687 1403 1117 1440 482 1006 929 1164 558 726 1022 803 451 505 747 435 774 1432 964 1154 592 624 1516 585 1129 1012 825 1255 1411 847 1056 562 1503 876 588 1014 622 624 1208 450 1459 1302 1148 695 683 451 1425 520 483 1489 933 1100 646 641 1348 617 380 863 902 902 1106 1491 1019 705 852 1236 1049 1346 841 1486 722 734 973 927 1019 1546 547 1296 910 1489 659 690 409 901 1185 1188 844 1011 1325 1499 777 639 787 1503 936 1404 1506 1367 941 722 605 1179 865 1337 1481 1197 1146 1346 718 1236 1447 848
802 925 725 841 862 723 1211 919 1217 892 928 1512 960 816 1387 672 1689 1173 598 1370 858 799 814 360 1659 526 1088 806 1017 1031 1024 539 977 861 957 790 613 1929 1391 1648 1585 1558 1891 808 1299 796 1011 546 1587 782 1205 996 719 630 1538 1097 1056 835 1384 895 1684 707 622 612 1876 653 1358 1540 853 1748 1265 820 843 891 1462 1451 1588 1012 1605 592 740 1236 1015 1673 1280 1173 958 1763 939 1310 1071 965 1355 814 951 1151 970 404 1328 1010 1284 1979 725 676 1622 719 944 1738 780 990 1641 1126 854 1538 968 833 923 791 784 1754 1083 748 1291 775 881 1059 1299 573 838 1936 1290 1758 1319 1489 1109 1085 1116 839 1413 863 629 1054 881 792 2041 938 845 985 1229 1368 850 1160 945 1245 901 852 1391 841 782 1190 1788 867 1387 671 938 1647 1283 1020 1611 649 946 729 813 1796 760 1492 1892 715 873 1410 747 1811 881 827 1545 1006 791 877 1050 1124 1113 1848 1574 909 1717 2032 858 880 1802 1132 1857 1451 1020 917 912 1017 1349 769 1071 953 1125 864 790 1191 772 1026 1403 952 1288 788 694 1927 937 1491 558 726 1555 1094 957 1142 726 1934 572 604 682 733 643 1531 901 1848 1360 716 1147 726 852 1748 857 772 1804 1362 923 712 1090 1056 1004 798 1201 1230 1343 1108 1265 587 637 780 1542 1499 1008 1069 1775 1104 970 875 1081 926 1470 968 1328 1323 1500 726 847 862 1145 1603 1586 748 1463 890 1943 710 1092 1219 1634 982 1519 1908 1465 1059 1030 955 1567 1006 946 1907 1085 1134 1530 1021 1666 1729 457
1116 1405 1322 1196 1177 1616 1856 1112 1028 1147 1151 1410 1547 1324 1027 1957 1502 962 1678 942 1392 1237 1227 1659 360 1807 2182 1320 1015 1948 1006 1823 1293 1174 2183 1386 1811 675 1410 1383 1508 1612 948 1235 2248 1820 1082 1508 994 1236 1146 1357 1307 1789 1256 1390 2129 1303 1072 1801 943 1647 1768 1507 1063 1511 1616 1852 2152 1183 2103 1234 1200 1912 1755 2019 581 1800 657 1627 1292 1541 1313 1715 1433 2088 1199 621 1950 1987 1096 1086 1845 1896 1077 1698 2270 1621 777 1825 2107 1019 1360 1345 647 1310 1232 1869 1251 2290 852 1608 1203 1885 1058 1241 1968 1237 2058 1269 2341 2005 928 1249 2176 1153 2088 1448 1354 751 1982 1655 1124 2034 1027 1662 1338 1197 699 1178 1490 1046 1167 1300 976 1312 1568 2277 797 653 1626 1901 1427 1379 2196 1358 1667 1204 1789 1661 805 2164 969 1449 1106 494 939 1030 789 1455 1077 1960 1719 1367 2022 1498 637 1323 1754 676 1919 1518 1448 1235 1433 1111 1258 1158 1551 2061 1526 1324 1607 2090 711 920 1163 1356 502 1007 802 1351 2197 1109 1804 1629 1176 1381 982 1516 1296 1221 1230 981 1251 1394 2103 1726 1269 1256 1354 679 1089 1279 1846 1483 1500 2263 1564 1325 1303 1150 1743 1415 1880 1320 1485 844 1136 703 1911 2009 966 1515 1235 1541 1284 1247 965 1001 1921 1350 949 1961 1194 1246 902 901 687 1460 2301 1878 1563 1674 1476 814 2206 1443 1665 1181 1138 1527 1566 1541 1816 1052 1934 1072 2109 1492 1456 1185 1065 468 1172 1677 646 2186 1039 1617 962 1019 1423 1359 1918 696 1418 1607 1042 1255 614 1546 2066 618 1649 1858 1777 1052 1025 1042 1664
937 1081 852 975 996 721 1157 1058 1319 1026 1093 1555 970 909 1481 599 1727 1338 577 1536 920 933 946 526 1807 360 943 972 1175 934 1164 376 1050 997 792 867 494 2067 1546 1699 1737 1703 2001 939 1172 708 1131 662 1683 933 1289 1052 860 530 1701 1140 1067 930 1550 983 1787 692 537 773 2043 809 1361 1515 711 1914 1163 946 975 945 1447 1388 1722 953 1733 725 876 1248 1176 1679 1432 1062 1058 1896 828 1398 1177 1096 1468 859 1092 1127 833 553 1458 945 1184 2087 891 833 1782 880 1038 1726 917 850 1752 1260 980 1507 1110 999 963 931 708 1824 917 581 1403 918 728 1155 1205 732 916 2067 1377 1779 1402 1427 1224 1066 1169 974 1572 996 710 1174 1011 901 2157 1012 983 869 1382 1519 977 1090 1099 1401 782 1014 1387 972 705 1176 1906 718 1488 834 1071 1802 1448 1181 1776 741 1090 569 918 1856 700 1520 2047 879 817 1545 607 1853 1034 950 1700 1120 919 1013 1057 1171 1256 1916 1720 752 1879 2153 1014 1042 1950 1247 1979 1500 989 1059 843 1005 1514 853 1232 1097 1186 979 946 1303 916 1071 1319 910 1450 951 860 2083 1094 1551 520 881 1586 935 961 1301 887 2026 503 759 541 898 721 1697 1036 2008 1309 561 1268 767 966 1783 953 925 1970 1460 818 878 1228 1121 1098 929 1364 1394 1486 1257 1123 432 676 751 1576 1615 845 1101 1796 1189 1136 1019 1085 1067 1594 1115 1268 1413 1425 777 891 993 1312 1756 1662 718 1597 738 2046 709 1225 1322 1792 1141 1481 2066 1620 1053 1193 1041 1727 1015 952 2058 1212 1072 1517 1185 1761 1895 589
1334 1653 1261 1377 1393 930 913 1458 1560 1418 1600 1556 1031 1221 1669 1072 1688 1833 914 2045 1151 1343 1348 1088 2182 943 360 1516 1634 642 1555 937 1263 1400 622 1157 835 2384 2119 1712 2313 2284 2202 1339 627 726 1460 1119 1857 1391 1474 1214 1301 827 2256 1234 1546 1240 2083 1551 1977 903 841 1340 2551 1382 1264 1286 935 2451 722 1330 1368 1487 1268 1045 2040 802 2024 1308 1303 1210 1738 1537 2009 615 1343 2197 594 1955 1454 1466 2044 1401 1495 1007 992 1094 1777 773 744 2275 1431 1325 2230 1381 1311 1515 1339 987 1975 1843 1356 1259 1513 1518 1489 1356 1121 1890 738 765 1664 1355 876 1404 783 1244 1187 2351 1933 1676 1562 1081 1520 991 1285 1378 2021 1389 1088 1496 1394 1254 2374 1237 1566 1100 1807 1921 1560 814 1674 1974 1047 1575 1259 1364 757 1073 2147 895 1701 1395 1452 2212 1951 1657 2254 1120 1504 741 1496 1885 1147 1479 2449 1392 794 1878 701 1818 1610 1325 2273 1431 1314 1413 1071 1692 1838 1967 2301 566 2334 2391 1477 1604 2319 1542 2228 1533 1407 1470 750 980 2063 1166 1703 1678 1322 1328 1417 1581 1357 1194 910 850 2011 1456 1384 2489 1557 1614 1070 1454 1543 504 1013 1868 1387 2157 888 1257 766 1420 1087 2188 1430 2444 1026 881 1580 1031 1315 1732 1259 1389 2469 1665 622 1409 1601 1663 1355 1328 1842 1878 1857 1836 542 924 1005 867 1545 1866 555 1174 1690 1398 1650 1600 1076 1649 2174 1535 968 1597 1034 1055 1088 1378 1833 2158 1766 867 1922 883 2220 932 1583 1567 2361 1708 1211 2485 2193 1025 1682 1291 2166 1052 1436 2441 1795 835 1329 1675 1920 2412 1169
673 555 728 725 735 1019 1496 741 1110 750 529 1550 1163 870 1284 1040 1725 754 969 932 976 712 725 806 1320 972 1516 360 679 1400 799 984 1022 725 1403 902 1045 1621 984 1649 1182 1183 1691 729 1697 1179 886 770 1455 615 1164 1083 668 1048 1100 1193 1175 872 938 861 1521 1026 1034 571 1433 558 1510 1741 1265 1302 1626 755 740 958 1645 1734 1312 1326 1354 679 690 1382 593 1790 889 1553 926 1484 1333 1166 984 805 1115 935 745 1385 1369 788 1096 1336 1642 1782 444 584 1219 535 939 1894 691 1392 1452 837 771 1751 753 452 1013 683 1125 1692 1525 1193 1137 660 1306 1012 1647 635 924 1657 1152 1833 1264 1768 979 1319 1183 721 1021 741 838 917 763 810 1812 996 641 1352 887 1031 695 1476 589 841 1280 450 1557 742 1155 1399 1562 1289 1258 506 779 1275 850 651 1186 820 725 1174 769 1760 1085 1568 1514 509 1204 1146 1180 1825 555 770 1130 909 737 731 1238 1136 784 1785 1195 1350 1304 1786 601 476 1458 994 1617 1477 1237 721 1255 1251 907 873 698 658 1168 816 581 1051 652 1133 1729 1248 857 494 499 1545 628 1481 941 522 1619 1537 1170 726 533 1792 988 631 1119 475 847 1100 747 1447 1628 1149 980 950 816 1784 879 601 1366 1248 1311 471 862 1038 978 731 797 817 1048 747 1685 1028 914 1096 1599 1306 1452 1198 1850 1080 548 619 1270 660 1182 722 1613 1242 1802 932 1013 755 705 1242 1520 1074 1198 1313 1761 1010 886 1107 1212 581 1749 1517 1054 1273 637 970 1174 1201 1106 1544 834 1441 1705 628 1534 1284 761
