140 394 493 1221 454 1260 916 471 578 781 557 344 948 432 1200 385 525 612 279 1084 574 898 1232 376 897 584 1028 881 1149 472 775 1246 311 851 814 457 383 1099 739 461 711 1133 694 594 1327 1229 473 573 584 699 237 1249 1013 1257 347 1277 523 1382 1305 309 1244 409 751 1004 457 960 1239 440 251 362 495 588 574 570 486 989 1388 1066 1209 980 1224 675 1274 1203 1157 1292 1317 436 343 352 1193 1003 1060 795 492 518 1006 1152 613 606 741 771 1214 676 826 1353 1336 1228 889 495 236 370 1005 1073 575 1202 564 1054 285 424 1302 277 412 1245 337 802 1101 1194 836 260 956 1176 368 753 1275 506 355 1034 1387 287 440 639 1291 502 884 1082 528 645 800 1353 1166 631 358 1389 681 642 472 706 735 985 221 281 815 771 748 1126 709 837 592 557 1188 846 875 1095 1046 373 1168 805 1160 707 765 456 754 671 933 708 1198 983 1355 706 874 820 344 639 1268 745 381 649 455 716 706 773 1399 926 1228 1331 1186 752 1098 1264 309 840 837 597 644 320 913 352 644 616 973 1236 995 407 583 359 486 1221 1022 1178 662 222 218 648 1123 1327 954 1376 756 512 387 308 954 1190 499 1012 689 526 929 520 863 648 1059 342 1099 840 1347 343 455 459 278 692 1097 754 922 1239 1326 972 1092 1008 1080 426 282 255 317 1228 381 1011 1322 878 599 921 390 646 1190 281 1302 497 1097 979 630 428 258 320 532 1115 1121 891 602 876 572 226 1018 550 1369 520 1090 968
494 360 506 1337 713 1323 886 557 726 762 910 551 1294 749 1178 483 787 590 520 1050 918 875 1586 633 1240 833 1003 1082 1342 771 1057 1596 663 1139 1165 649 652 1078 863 626 826 1310 993 834 1451 1204 573 912 591 1015 518 1395 1030 1240 595 1631 632 1703 1317 575 1321 462 774 1185 713 1183 1420 406 556 482 770 869 639 694 695 1294 1401 1385 1544 1146 1560 783 1251 1510 1441 1406 1308 776 411 580 1361 995 1317 950 601 545 972 1271 956 674 854 1122 1319 863 1166 1581 1641 1194 909 816 590 618 1047 1067 875 1327 626 1113 625 766 1656 624 765 1556 441 1070 1087 1259 1076 614 1260 1524 717 1019 1259 501 643 1099 1368 635 674 992 1352 560 1156 1194 725 734 877 1475 1466 850 399 1489 968 610 706 1035 720 1325 558 574 1083 828 1036 1183 1038 1156 615 897 1339 1004 1086 1139 1229 605 1522 812 1361 1056 1118 633 729 1018 969 908 1523 1126 1417 784 1089 1052 608 798 1622 1098 723 902 807 683 777 1047 1673 1253 1297 1635 1153 1026 1199 1243 523 1187 1098 915 638 582 943 677 998 957 1238 1473 1318 753 890 665 479 1327 1119 1152 668 572 535 654 1476 1677 956 1471 1011 823 413 538 1066 1190 726 1059 921 499 945 515 895 960 1127 507 1076 1008 1679 486 483 672 499 1032 1306 945 1266 1561 1556 1029 1438 995 1182 455 631 597 490 1539 628 1364 1674 1212 940 1046 727 707 1156 587 1625 475 1389 960 740 641 520 436 702 1180 1187 1108 872 1045 564 574 1002 649 1378 560 1440 960
593 506 360 1460 701 1176 868 696 630 788 984 694 1338 875 1177 629 929 498 649 998 1027 772 1660 642 1278 978 1001 993 1485 904 1198 1692 761 1279 1221 796 662 1083 739 568 700 1451 985 788 1317 1193 482 1026 680 1145 626 1269 889 1125 734 1694 526 1700 1366 615 1175 605 857 1081 699 1104 1311 493 630 628 910 1009 762 833 649 1280 1451 1385 1662 1286 1677 914 1146 1495 1405 1269 1184 889 542 722 1500 870 1259 1089 506 660 931 1396 1002 536 725 1182 1438 777 1201 1498 1776 1140 766 842 687 758 900 1101 875 1454 748 1209 736 822 1723 703 842 1690 583 1214 969 1357 1222 707 1247 1569 820 1163 1142 598 670 953 1371 740 818 1082 1205 435 1300 1317 664 861 735 1340 1445 788 515 1348 1107 612 851 1058 604 1438 647 631 1227 682 1176 1036 1059 1285 469 940 1474 893 1233 993 1124 747 1601 675 1264 1112 1207 780 745 1070 1052 1055 1649 1261 1510 644 1236 985 631 700 1695 1188 784 1047 877 624 635 1189 1625 1377 1151 1615 1115 1169 1317 1244 661 1233 1051 1042 511 717 1023 798 1075 1069 1190 1398 1324 816 896 793 398 1187 979 1054 742 675 636 516 1539 1775 822 1583 1157 953 559 579 1191 1227 687 1148 1068 555 804 399 979 967 981 652 971 902 1693 517 611 819 576 1145 1452 1090 1374 1689 1475 882 1542 876 1043 592 736 706 541 1526 770 1426 1732 1330 984 1176 842 565 1115 646 1626 434 1361 974 873 787 642 541 848 1278 1040 1254 847 1186 638 678 887 531 1423 419 1538 993
1321 1337 1460 360 1635 2221 1293 1143 1703 1174 1578 1238 1949 1287 1265 1233 1143 1437 1306 1467 1419 1577 2036 1554 1929 1092 1241 2051 749 1237 1148 1895 1401 1186 1801 1126 1564 1219 1837 1596 1799 671 1856 1774 2415 1327 1551 1388 1147 1297 1361 2369 1858 1873 1240 2128 1609 2465 1001 1483 2242 1238 1004 2161 1638 2139 2396 1330 1429 1249 1180 1166 1059 1016 1651 2128 1023 2172 1678 677 1694 916 1832 2327 2317 2364 1981 1364 1337 1230 630 1744 2239 797 1579 1160 1394 429 1694 1636 1825 1759 415 1834 1882 2534 1502 1540 1769 1649 1388 1221 1931 1073 1744 409 1073 703 1353 1552 2128 1438 1496 1490 1301 1091 1775 634 979 1405 2097 2129 1390 1090 1902 1222 1537 2018 1319 1375 1160 1550 2247 1530 1111 503 1688 962 1827 2438 2304 1805 1358 2432 1169 1285 1138 1817 1534 1581 1403 1460 1090 1763 1172 2081 1822 1348 1549 1662 542 1982 871 2018 2205 1213 1954 1664 2331 1731 1626 1125 1213 1718 860 930 1574 618 690 1741 883 2000 1521 1775 2068 1602 1521 1072 1534 1393 1730 1117 2564 1434 2207 2456 1447 1117 512 1279 1276 1857 2017 1289 1512 1265 893 1315 1613 1413 2150 2418 2096 1530 1745 1282 1422 2279 2072 1725 1107 1373 1376 1550 2002 1941 1754 546 1051 1264 1288 1462 631 1057 1673 777 1005 1271 1786 1443 909 1798 2048 1251 1705 1985 2386 1443 1215 1133 1408 1436 828 882 1589 1579 2507 1942 1720 1715 2136 1241 1375 1360 1431 2346 1212 1923 2192 1471 1690 660 1346 1661 1460 1462 2380 1390 2249 1170 961 1158 1329 1368 1050 655 2099 884 1782 753 1193 1371 1704 1624 1046 1520 1775 1089
554 713 701 1635 360 1269 1207 867 568 1107 722 757 1012 793 1512 775 919 837 688 1337 848 1088 1363 443 948 980 1336 791 1555 845 1137 1435 635 1202 913 872 431 1416 719 506 704 1544 646 499 1271 1531 592 863 944 1023 634 1180 1105 1408 760 1382 594 1361 1670 513 1235 784 1125 920 365 865 1151 748 566 755 885 963 968 981 443 945 1754 1045 1461 1393 1474 1085 1443 1161 1088 1245 1443 753 685 767 1604 1143 973 1210 583 890 1272 1566 692 689 732 879 1626 602 871 1258 1648 1478 985 524 614 783 1057 1417 534 1617 956 1451 663 563 1416 572 622 1551 709 1175 1252 1595 1227 605 911 1241 682 1129 1419 854 460 1051 1705 646 851 844 1299 651 1251 1495 477 1050 824 1298 1115 541 676 1353 1045 939 881 723 919 1233 593 535 1188 827 1106 1148 723 1146 742 633 1602 780 1278 1137 960 787 1313 934 1068 806 953 871 1069 763 1317 1117 1478 1397 1755 747 1276 725 474 598 1396 941 551 1040 632 965 756 1142 1323 1215 1230 1285 1455 1123 1509 1579 719 912 750 929 827 734 1293 724 808 894 890 1143 983 573 556 747 723 1185 1001 1364 1021 625 619 809 1231 1520 1077 1787 1140 866 742 541 1367 1541 425 1403 1089 846 1030 740 1244 627 1070 746 1276 768 1352 587 824 872 594 962 1497 1165 1157 1522 1232 1003 1309 1163 1053 792 644 646 585 1191 793 1118 1414 1150 673 1335 730 725 1456 533 1286 755 1036 1302 1040 843 666 649 947 1515 1133 1291 519 1289 917 628 1179 618 1730 681 1287 1309
1360 1323 1176 2221 1269 360 1354 1508 1065 1419 1628 1504 1819 1651 1594 1446 1735 1153 1448 1288 1752 1036 2207 1291 1749 1788 1473 1043 2298 1692 1995 2322 1503 2072 1769 1612 1302 1547 910 1170 925 2259 1391 1200 731 1566 1148 1763 1446 1912 1408 819 739 967 1539 2197 1097 1919 1917 1327 445 1421 1578 960 1263 1134 1004 1306 1376 1444 1710 1807 1555 1643 1189 1547 1991 1681 2369 2092 2382 1711 1047 1695 1524 663 894 1637 1353 1531 2303 885 1323 1896 1128 1454 1305 2165 1571 1018 896 1747 2189 1058 1680 1315 2547 1348 812 1417 1446 1564 650 1653 1364 2225 1542 1916 1503 1472 2239 1432 1528 2453 1395 2019 925 2055 2037 1454 1527 2015 1562 1969 950 1388 1334 586 1747 1497 1629 1752 390 1131 2103 2083 1151 1653 820 732 1627 1144 1325 631 1902 1297 1663 1539 1047 2141 1405 1357 2032 855 1969 502 1536 2043 1069 1521 2267 914 2050 564 969 1556 2175 917 1077 1678 1855 1597 1375 1636 1744 1871 2386 2055 2184 914 2053 1158 1311 1032 2237 1846 1455 1857 1541 1189 915 1991 1616 2120 405 1764 1404 1971 2070 1646 1467 1745 1270 1811 1079 1518 1710 1572 1710 1798 1332 1300 1663 1480 1390 1579 1207 599 643 1073 1476 1442 1410 1046 2062 2407 845 2310 1966 1731 1376 1314 1967 1763 1204 1842 1883 1331 799 1176 1682 1431 561 1465 1016 944 1989 1282 1420 1633 1347 1869 2268 1906 2065 2430 1311 653 2212 928 619 1406 1493 1475 1307 1732 1576 1959 2210 2058 1552 1964 1601 980 1394 1369 1878 1228 1536 1506 1674 1600 1434 1341 1664 1984 499 2071 1277 1996 1399 1446 949 1070 1952 1125 2182 1573
1016 886 868 1293 1207 1354 360 887 1116 530 1434 1011 1820 1222 672 920 1189 740 1022 565 1411 678 2104 1139 1765 1205 500 1460 1493 1221 1435 2091 1181 1519 1690 1028 1160 584 1164 1076 1126 1429 1493 1295 1630 684 988 1398 733 1457 1039 1629 975 940 1057 2153 1018 2208 931 1094 1396 884 705 1517 1205 1581 1725 840 1082 941 1192 1278 835 945 1158 1788 1010 1892 1999 1275 2016 936 905 2004 1909 1566 1048 1273 933 1036 1450 836 1753 1114 1008 801 477 1250 1482 970 1138 1647 1249 1260 1691 1959 2019 695 925 1335 1111 1068 1080 660 1380 1310 832 956 1134 1292 2177 1150 1289 1953 942 1422 846 1081 1375 1137 1755 2050 1227 1377 969 780 1159 1190 864 1150 1085 1505 1374 931 1504 1171 1169 885 1080 1647 1953 1288 925 1602 1367 636 1103 1555 733 1796 1083 1098 1433 1004 1427 1225 1557 1591 870 1422 1389 1328 1329 1152 1558 1050 2036 840 1706 1582 1629 1006 532 1545 792 1179 1953 1205 1196 1032 1338 1477 1121 1177 2140 1607 1250 1261 1332 613 1014 1413 2121 1697 1351 2123 634 1395 1143 738 1008 1713 1553 1369 784 1059 760 1169 1519 1443 1690 1871 1829 1279 1399 1145 844 1476 1291 796 682 1091 1058 821 1999 2168 869 1343 1352 1280 890 1056 1085 777 1195 880 1242 750 923 829 752 1471 1219 973 772 1347 2196 993 840 1062 1025 1514 1501 1185 1749 1984 1939 1119 1923 799 1349 862 1146 1112 1008 2035 1073 1888 2199 1674 1466 1107 1224 967 640 1112 2133 812 1868 512 928 1047 1031 963 1019 1019 1255 1356 1355 1208 720 1093 784 1011 975 903 1936 581
571 557 696 1143 867 1508 887 360 920 725 951 505 1356 700 1132 452 666 730 552 1082 892 985 1597 784 1311 694 972 1268 1150 694 928 1567 703 1014 1213 504 798 1032 1060 813 1023 1115 1125 1001 1649 1171 770 876 513 931 600 1592 1191 1351 543 1656 829 1810 1200 714 1511 455 647 1377 869 1362 1613 563 668 472 666 756 463 497 871 1420 1281 1496 1473 950 1490 587 1348 1634 1586 1603 1433 760 553 521 1164 1130 1480 753 798 447 995 1076 1031 870 1051 1168 1128 1050 1244 1760 1520 1220 1077 926 653 547 1225 981 1006 1132 453 945 648 848 1675 705 818 1445 520 928 1207 1087 911 677 1387 1577 731 879 1374 495 776 1287 1311 669 558 998 1536 757 1014 1000 906 544 1071 1673 1597 1027 574 1684 850 652 579 1133 860 1269 649 697 940 1018 915 1366 1136 1067 800 979 1142 1199 906 1317 1421 528 1525 973 1549 1112 1119 482 714 1082 822 728 1433 928 1248 979 910 1226 753 991 1632 1096 807 758 863 769 971 911 1826 1172 1484 1762 1160 892 1008 1193 525 1248 1258 841 797 554 803 660 1027 921 1396 1647 1423 829 1014 630 662 1522 1315 1241 579 633 619 824 1504 1642 1105 1284 862 753 505 687 872 1093 896 901 759 555 1107 692 753 1080 1316 488 1177 1202 1768 660 448 538 633 989 1120 759 1223 1467 1734 1215 1396 1120 1378 464 667 637 650 1659 550 1397 1706 1147 1019 849 714 901 1167 704 1729 639 1527 910 543 520 573 585 523 1008 1374 929 1024 850 532 632 1122 846 1264 753 1412 883
678 726 630 1703 568 1065 1116 920 360 1055 930 856 1197 959 1428 834 1064 737 788 1211 1046 933 1562 587 1130 1122 1255 723 1679 1005 1307 1642 804 1379 1111 975 596 1338 522 477 500 1656 787 562 1109 1437 515 1058 943 1210 738 1038 904 1222 877 1575 464 1481 1636 633 1037 825 1124 819 563 834 1053 741 688 821 1033 1123 1006 1053 485 1057 1720 1175 1667 1496 1681 1148 1265 1265 1155 1073 1248 935 728 876 1712 959 996 1304 487 910 1158 1637 894 517 530 1080 1686 507 1053 1228 1843 1345 789 728 756 903 849 1368 707 1692 993 1473 813 768 1610 733 822 1748 767 1338 1070 1621 1374 758 1025 1421 861 1290 1231 855 629 844 1621 803 973 1052 1096 555 1419 1560 454 1101 615 1135 1208 536 706 1172 1214 879 1006 903 775 1439 719 664 1351 623 1279 941 902 1339 607 837 1697 639 1409 928 862 900 1516 755 997 1008 1162 966 1011 964 1320 1237 1680 1486 1776 542 1409 720 609 432 1595 1150 749 1188 837 863 553 1308 1364 1414 1029 1378 1337 1288 1566 1495 815 1104 799 1111 697 852 1292 882 1017 1092 934 1128 1125 775 733 895 666 1004 808 1195 1010 758 733 665 1426 1728 888 1837 1294 1037 775 631 1432 1494 508 1415 1226 822 834 663 1246 795 865 828 1105 641 1495 626 850 986 677 1163 1631 1280 1364 1724 1205 795 1518 984 865 822 799 788 644 1298 914 1315 1602 1352 875 1410 903 540 1336 672 1414 704 1120 1236 1104 953 769 700 1043 1541 928 1426 641 1393 904 761 1003 465 1692 579 1495 1261
881 762 788 1174 1107 1419 530 725 1055 360 1294 858 1690 1065 778 770 1022 689 878 735 1256 762 1956 1032 1639 1036 609 1415 1339 1059 1265 1932 1040 1349 1555 863 1052 677 1135 992 1095 1279 1392 1212 1657 810 910 1241 572 1291 904 1638 1047 1082 902 2010 952 2105 940 978 1449 738 546 1490 1107 1530 1711 721 956 793 1028 1111 666 775 1071 1692 1024 1787 1833 1120 1850 768 1057 1909 1829 1598 1183 1120 804 881 1306 930 1687 951 934 642 646 1124 1354 928 1114 1511 1136 1202 1566 1920 1849 864 970 1219 974 910 1132 673 1275 1185 663 857 990 1164 2032 1018 1152 1783 804 1252 967 996 1205 1000 1659 1917 1080 1207 1110 635 1045 1231 966 1007 921 1356 1443 860 1333 1043 1091 716 1079 1676 1862 1215 802 1648 1198 536 938 1438 742 1633 952 976 1263 1005 1258 1282 1440 1424 825 1296 1251 1299 1162 1214 1533 892 1886 869 1677 1449 1479 841 407 1413 685 1009 1785 1057 1132 1011 1171 1413 1010 1123 1992 1457 1121 1091 1196 596 996 1243 2052 1530 1409 2032 797 1225 1022 843 861 1582 1477 1205 754 907 651 1017 1377 1286 1617 1823 1720 1149 1292 990 755 1508 1310 946 512 954 924 796 1857 2008 942 1250 1181 1118 754 940 943 799 1107 783 1072 623 980 752 625 1362 1261 824 907 1313 2081 883 691 897 901 1355 1341 1017 1589 1815 1898 1156 1762 901 1372 717 1004 970 892 1938 915 1748 2058 1510 1339 958 1072 936 805 989 2027 719 1782 557 758 884 891 837 850 925 1305 1189 1263 1047 570 955 892 952 996 836 1778 565
657 910 984 1578 722 1628 1434 951 930 1294 360 806 765 655 1712 885 795 1116 775 1601 549 1396 1037 725 726 845 1543 1066 1391 701 894 1078 614 933 621 862 708 1611 1078 848 1066 1403 709 800 1593 1744 914 578 1089 739 754 1485 1458 1741 771 1080 938 1251 1787 729 1590 916 1238 1204 727 1088 1412 957 719 862 759 780 1048 999 805 922 1866 954 1101 1283 1114 1098 1768 1111 1124 1577 1788 577 861 791 1471 1479 1102 1142 918 1019 1523 1509 485 1036 1094 577 1585 939 667 1425 1315 1744 1336 573 682 774 1418 1573 652 1547 1041 1491 665 527 1105 647 505 1214 851 948 1585 1617 1034 657 894 986 581 915 1756 1019 685 1413 1897 647 807 485 1659 965 1002 1454 839 1090 1186 1621 1093 857 873 1691 819 1159 818 611 1227 874 712 713 957 1186 860 1510 616 829 1062 488 1495 1111 1119 1499 1237 791 977 1271 1305 523 592 876 1269 501 1400 1007 1127 1320 1777 1107 1112 957 721 956 1073 579 561 876 466 1229 1114 911 1371 877 1589 1239 1704 897 1483 1776 795 659 909 679 1133 757 1386 657 451 584 1007 1300 877 529 632 691 987 1526 1355 1678 1164 702 735 1127 925 1163 1420 1753 941 675 903 764 1336 1684 785 1465 941 1043 1380 1018 1337 641 1431 833 1594 1090 1189 827 963 839 777 630 1313 1057 796 1173 1397 1366 947 1492 1402 936 650 684 805 1128 776 814 1125 804 489 1289 608 1074 1707 697 1167 1007 1050 1490 1059 828 763 835 927 1543 1493 1122 739 1189 1084 701 1505 966 1852 991 927 1472
444 551 694 1238 757 1504 1011 505 856 858 806 360 1210 573 1272 453 595 778 429 1197 760 1057 1458 677 1166 644 1107 1179 1183 584 865 1440 558 947 1068 479 686 1171 1011 739 978 1161 994 896 1603 1308 724 747 647 830 484 1534 1221 1424 407 1514 782 1669 1344 606 1496 490 793 1298 760 1262 1534 586 551 437 578 677 605 586 780 1285 1425 1355 1367 1004 1383 692 1431 1497 1458 1564 1497 622 512 389 1218 1185 1364 815 749 576 1112 1169 887 847 1008 1023 1230 968 1099 1656 1450 1338 1100 790 516 426 1234 1126 876 1220 597 1075 503 707 1534 569 673 1367 471 879 1273 1213 892 539 1252 1432 586 829 1445 592 659 1279 1453 525 484 858 1534 733 965 1098 820 665 1050 1629 1463 930 540 1655 776 752 518 992 910 1153 525 582 892 1008 844 1365 995 971 803 836 1210 1132 915 1326 1341 413 1388 1004 1459 967 981 474 840 936 963 741 1339 1002 1374 954 916 1122 644 922 1494 958 667 713 718 852 951 855 1701 1070 1476 1626 1285 835 1114 1334 400 1103 1141 732 829 409 946 518 883 793 1277 1539 1282 687 882 493 671 1489 1284 1328 720 499 498 846 1361 1518 1147 1392 823 640 508 591 970 1238 798 1037 739 636 1136 707 896 945 1305 405 1256 1129 1624 592 531 491 539 865 1137 784 1101 1376 1629 1211 1274 1183 1345 514 523 495 572 1521 436 1254 1564 1035 875 937 574 884 1291 584 1587 665 1396 1049 647 458 451 524 551 1135 1366 934 906 900 651 497 1188 805 1409 740 1285 1026
1048 1294 1338 1949 1012 1819 1820 1356 1197 1690 765 1210 360 1052 2108 1286 1180 1476 1174 1974 890 1740 752 1057 430 1222 1936 1152 1709 1091 1194 920 1014 1198 509 1265 1036 2008 1303 1159 1308 1737 790 1006 1679 2137 1242 921 1489 1029 1146 1550 1740 2057 1176 741 1246 887 2192 1089 1762 1315 1643 1274 1016 1107 1418 1340 1097 1262 1147 1143 1453 1402 1089 732 2271 667 1088 1640 1092 1499 2096 821 922 1685 2086 975 1248 1196 1807 1793 1011 1524 1236 1420 1901 1882 698 1339 1328 553 1962 1136 504 1312 1403 2117 1627 856 1076 1179 1669 1976 850 1914 1446 1891 1068 888 780 1032 899 1302 1245 1254 1903 2012 1359 1050 726 590 986 1237 2068 1414 1028 1631 2296 1048 1209 759 1847 1300 1279 1834 1105 1494 1435 1706 838 1053 1255 1808 1147 1544 1217 655 1570 924 1098 1082 1260 1459 1163 1726 655 1042 1394 759 1845 1264 1458 1736 1291 1196 735 1585 1295 603 696 1280 1662 636 1805 1381 1173 1690 2170 1378 1449 1030 1067 1190 779 716 931 1236 855 1598 1391 1220 1136 1023 1775 930 2084 1213 1868 2173 1196 467 927 1019 1476 1161 1791 1062 702 896 937 1195 609 901 825 1095 1351 1660 1535 2017 1566 1096 1125 1461 604 998 1725 2130 1272 1051 1296 1127 1722 2089 1055 1867 1303 1432 1672 1376 1742 764 1641 1234 1929 1235 797 1191 1362 1241 1155 884 1622 1427 853 1218 1285 1603 893 1814 1565 1333 1050 1083 1174 821 1181 516 764 946 715 1672 1012 1372 2087 1068 804 1376 847 1887 1462 1232 1160 1217 1328 1941 1698 1455 923 1555 1481 1096 1831 1269 2257 1329 828 1873
532 749 875 1287 793 1651 1222 700 959 1065 655 573 1052 360 1472 666 506 979 589 1410 552 1263 1259 736 1019 564 1312 1220 1138 415 708 1228 518 781 903 579 733 1372 1122 845 1096 1137 943 925 1700 1511 866 535 852 629 611 1613 1402 1629 525 1322 914 1547 1508 686 1632 704 973 1352 798 1277 1580 790 635 649 468 530 782 713 850 1202 1585 1247 1156 1003 1172 807 1639 1400 1395 1669 1696 438 700 546 1203 1382 1339 850 883 782 1325 1218 767 998 1127 859 1292 1034 963 1652 1264 1551 1278 741 565 514 1398 1313 841 1259 778 1198 508 640 1339 587 576 1175 668 742 1475 1322 796 560 1171 1261 476 696 1648 805 699 1426 1648 515 520 667 1682 894 820 1160 893 806 1191 1727 1377 973 724 1771 615 965 524 890 1109 940 606 656 755 1163 680 1518 894 769 980 736 1216 1211 858 1488 1391 532 1185 1190 1489 816 782 598 1050 796 1118 722 1135 1031 1481 1097 855 1136 710 1013 1294 758 621 613 609 1063 1098 710 1643 864 1619 1529 1497 690 1188 1532 587 950 1124 527 1022 529 1108 439 710 581 1246 1529 1170 619 836 443 861 1603 1407 1538 919 569 604 1032 1173 1306 1338 1460 707 440 715 697 1041 1417 853 1176 670 849 1318 897 1059 880 1450 615 1464 1200 1483 735 744 552 669 652 1072 772 888 1174 1624 1364 1061 1383 1464 727 519 537 708 1419 510 1071 1376 824 762 995 426 1038 1502 646 1463 863 1325 1250 771 549 593 694 637 1249 1512 868 902 904 862 566 1391 942 1574 909 1073 1219
1300 1178 1177 1265 1512 1594 672 1132 1428 778 1712 1272 2108 1472 360 1187 1409 1052 1296 667 1664 943 2369 1442 2056 1410 536 1770 1556 1460 1624 2332 1458 1703 1973 1259 1462 460 1471 1386 1434 1481 1799 1605 1903 422 1298 1646 985 1678 1322 1915 1223 1069 1314 2426 1330 2514 711 1391 1648 1155 871 1822 1511 1892 2023 1134 1373 1210 1421 1493 1053 1147 1467 2096 770 2197 2210 1352 2228 1099 1004 2312 2220 1836 1182 1532 1221 1292 1483 1070 2065 1238 1319 1055 659 1243 1772 1282 1445 1929 1212 1572 1984 2266 2181 663 1202 1633 1392 1319 1343 564 1684 1297 1055 930 1407 1581 2446 1436 1570 2127 1223 1598 1037 1003 1528 1418 2063 2336 1496 1560 1097 1054 1458 1460 553 1425 1320 1770 1610 1243 1671 1178 1480 1065 1379 1917 2262 1600 1217 1856 1571 934 1331 1853 1037 2023 1370 1392 1607 1304 1623 1478 1855 1802 1182 1714 1406 1634 1458 1402 1862 1301 2297 1131 2011 1867 1891 1238 808 1831 826 1341 2149 1266 1063 1338 1469 1789 1421 1488 2405 1868 1538 1454 1614 925 1320 1597 2433 1909 1600 2433 573 1582 1135 427 1278 2000 1864 1600 1095 1321 809 1430 1793 1691 2002 2181 2132 1567 1702 1402 1151 1746 1574 920 913 1372 1342 1132 2273 2405 1124 1254 1528 1517 1172 1353 1136 580 1504 867 1420 1038 1189 1138 836 1774 1487 1240 947 1655 2496 1293 1109 1292 1317 1756 1588 1333 1986 2175 2247 1394 2157 1027 1629 1135 1421 1388 1305 2343 1322 2164 2475 1898 1757 1177 1485 1277 586 1405 2438 1117 2178 582 1109 1285 1309 1254 1229 970 1514 1485 1664 1314 988 1373 1005 1323 729 1214 2179 620
485 483 629 1233 775 1446 920 452 834 770 885 453 1286 666 1187 360 674 694 471 1104 852 969 1546 692 1238 716 1019 1178 1219 675 945 1533 631 1029 1147 527 706 1086 979 724 943 1190 1036 909 1570 1221 687 840 563 921 511 1509 1147 1336 500 1600 747 1728 1279 622 1444 397 726 1289 777 1270 1524 506 578 384 663 761 553 579 779 1333 1362 1412 1459 1026 1476 677 1341 1548 1496 1526 1411 712 465 480 1242 1102 1388 831 714 494 1020 1165 955 796 972 1102 1219 960 1168 1668 1534 1246 1028 840 572 516 1169 1050 917 1220 541 1036 580 768 1621 622 746 1453 428 954 1187 1179 954 598 1300 1511 670 904 1358 500 686 1223 1371 598 559 946 1475 682 1041 1090 815 635 1000 1594 1510 935 489 1611 859 658 589 1052 827 1247 562 606 967 952 927 1306 1055 1061 738 901 1224 1113 963 1261 1332 500 1477 929 1458 1043 1070 510 749 1010 909 785 1429 1012 1340 906 966 1134 661 904 1582 1048 726 784 791 760 900 933 1735 1162 1420 1676 1194 912 1100 1250 450 1178 1166 824 752 499 888 608 966 886 1305 1555 1341 750 927 586 600 1448 1241 1237 640 552 531 773 1446 1611 1068 1376 893 732 430 595 961 1166 804 990 799 543 1062 634 838 993 1251 413 1167 1114 1691 570 439 553 541 958 1183 822 1194 1465 1642 1152 1368 1097 1303 421 595 562 559 1574 525 1337 1648 1128 942 936 664 831 1199 614 1648 587 1438 964 632 523 489 495 579 1100 1310 984 932 924 561 551 1102 766 1343 683 1377 947
625 787 929 1143 919 1735 1189 666 1064 1022 795 595 1180 506 1409 674 360 1009 646 1387 654 1282 1348 853 1153 421 1261 1351 998 453 630 1285 648 714 1030 522 854 1311 1225 946 1195 993 1088 1056 1812 1454 949 626 816 630 689 1733 1457 1649 556 1421 1003 1685 1406 793 1723 710 898 1479 924 1414 1711 819 735 667 397 449 718 622 967 1347 1480 1389 1170 857 1187 697 1651 1544 1541 1777 1726 581 747 567 1058 1416 1483 707 971 754 1299 1074 911 1076 1226 987 1150 1155 1101 1794 1219 1524 1335 885 671 531 1468 1235 984 1114 719 1077 617 784 1433 707 721 1141 707 644 1501 1193 670 675 1317 1380 618 594 1671 796 820 1509 1575 633 475 783 1765 964 730 1019 1009 711 1277 1839 1522 1101 774 1874 545 957 447 1035 1141 974 705 762 657 1240 612 1597 1039 762 1039 882 1070 1329 719 1560 1520 542 1270 1239 1624 951 883 544 1017 936 1017 576 1126 886 1350 1182 716 1273 823 1124 1383 858 761 483 755 1069 1180 620 1789 868 1705 1673 1460 599 1050 1465 629 1081 1267 554 1064 577 1011 556 838 663 1390 1672 1312 762 980 532 906 1707 1505 1545 870 666 691 1081 1277 1356 1382 1318 591 489 740 793 903 1329 975 1063 529 850 1372 942 966 1026 1535 639 1478 1321 1615 814 737 488 751 717 937 626 939 1160 1766 1443 1108 1412 1565 732 635 638 790 1562 520 1181 1478 850 907 854 569 1115 1467 757 1601 899 1471 1192 670 512 661 754 540 1123 1597 731 1041 758 839 662 1416 1029 1472 974 1134 1149
712 590 498 1437 837 1153 740 730 737 689 1116 778 1476 979 1052 694 1009 360 750 860 1145 646 1794 780 1416 1049 877 1089 1510 1000 1279 1818 883 1363 1358 858 801 961 806 699 766 1467 1120 915 1345 1063 610 1141 653 1246 740 1316 820 1009 824 1830 638 1834 1268 750 1166 660 802 1161 835 1207 1382 551 758 702 995 1094 764 858 781 1412 1351 1520 1774 1301 1790 918 1022 1626 1528 1290 1078 1004 639 807 1510 767 1374 1107 628 664 794 1377 1140 599 785 1318 1408 882 1339 1593 1867 1001 709 981 808 844 864 996 1012 1437 751 1156 851 958 1858 832 972 1785 671 1288 856 1302 1281 830 1379 1707 940 1237 1029 600 808 941 1245 859 894 1210 1180 552 1374 1296 789 860 758 1366 1574 907 617 1354 1193 521 924 1197 492 1554 771 763 1300 688 1261 1011 1198 1386 496 1078 1474 969 1276 955 1203 830 1734 604 1348 1248 1335 839 642 1207 989 1099 1754 1262 1448 684 1281 1098 769 800 1829 1316 918 1117 1010 489 669 1267 1741 1483 1134 1744 978 1247 1288 1119 753 1371 1172 1145 435 812 957 907 1207 1185 1310 1499 1460 950 1033 895 488 1203 999 925 691 793 755 473 1675 1900 735 1542 1225 1054 629 713 1176 1122 818 1088 1127 540 737 459 919 1104 971 733 847 984 1830 650 643 886 701 1261 1487 1128 1493 1792 1572 866 1664 765 1062 639 854 822 671 1658 854 1562 1869 1442 1122 1171 955 607 978 779 1761 476 1488 860 884 858 748 652 894 1225 1024 1300 979 1207 607 796 771 631 1321 523 1663 890
379 520 649 1306 688 1448 1022 552 788 878 775 429 1174 589 1296 471 646 750 360 1199 760 1035 1442 607 1126 700 1127 1109 1250 615 911 1440 521 991 1036 548 617 1195 945 671 914 1230 934 827 1537 1328 663 753 674 857 414 1466 1178 1400 451 1493 719 1618 1390 537 1437 500 836 1229 691 1192 1464 563 482 447 623 721 656 653 710 1228 1472 1303 1384 1073 1400 758 1412 1441 1396 1499 1466 618 471 447 1288 1153 1298 885 686 606 1117 1238 843 790 944 992 1297 899 1057 1587 1487 1341 1055 733 461 476 1183 1162 815 1289 646 1134 472 657 1515 512 634 1401 442 930 1246 1275 952 486 1195 1400 565 880 1419 603 591 1222 1482 488 545 843 1478 678 1015 1166 750 726 991 1563 1405 861 495 1592 819 752 578 941 879 1165 458 513 943 954 887 1311 944 997 756 789 1279 1063 980 1274 1271 471 1375 964 1390 931 968 544 854 898 1015 808 1364 1071 1436 895 981 1053 575 854 1478 947 615 768 679 839 893 904 1638 1093 1419 1569 1294 883 1181 1360 390 1067 1075 756 793 429 996 517 858 798 1211 1471 1231 639 822 505 632 1425 1222 1311 751 441 429 805 1338 1520 1110 1459 878 665 493 521 1038 1277 728 1093 800 634 1093 668 945 887 1248 424 1236 1060 1579 528 547 557 471 873 1203 852 1107 1403 1561 1156 1280 1154 1282 521 485 451 506 1466 488 1229 1540 1052 830 1006 569 828 1299 517 1537 634 1336 1074 712 524 382 469 621 1196 1310 998 839 969 668 440 1162 743 1454 689 1284 1058
1184 1050 998 1467 1337 1288 565 1082 1211 735 1601 1197 1974 1410 667 1104 1387 860 1199 360 1596 661 2277 1279 1915 1407 588 1525 1691 1414 1638 2277 1353 1723 1851 1226 1300 638 1221 1196 1187 1625 1617 1405 1605 638 1107 1585 931 1654 1208 1626 921 779 1244 2320 1124 2328 1006 1244 1344 1067 909 1559 1335 1649 1746 1004 1242 1123 1389 1477 1038 1149 1276 1904 1073 2016 2196 1474 2213 1141 727 2115 2004 1537 892 1455 1101 1223 1643 767 1834 1319 1121 995 449 1430 1636 1055 1192 1809 1420 1345 1839 2006 2224 503 914 1480 1280 1257 1045 774 1512 1489 1034 1124 1310 1449 2346 1314 1455 2156 1117 1627 731 1233 1581 1305 1872 2204 1403 1581 808 964 1305 1163 825 1324 1280 1681 1304 1048 1709 1354 1279 1091 1112 1618 2060 1388 1087 1552 1568 807 1301 1697 796 1989 1248 1253 1638 1040 1629 1175 1698 1790 967 1574 1577 1378 1534 1098 1597 1239 2212 861 1746 1741 1807 1203 731 1702 972 1384 2154 1401 1326 1088 1543 1561 1266 1261 2313 1786 1408 1464 1496 735 1070 1617 2200 1894 1295 2230 491 1599 1321 718 1189 1868 1649 1562 876 1243 943 1351 1689 1630 1781 1930 1958 1439 1533 1330 983 1448 1285 627 885 1262 1226 905 2165 2356 826 1495 1556 1472 1065 1206 1277 857 1314 1049 1447 925 896 959 944 1604 1190 1156 640 1402 2329 1142 1026 1260 1184 1703 1703 1391 1939 2186 1989 1101 2112 722 1337 1044 1320 1285 1161 2148 1264 2053 2362 1868 1619 1303 1406 1040 486 1268 2257 957 1971 656 1134 1242 1205 1125 1221 1180 1212 1561 1474 1411 911 1264 700 1110 1032 1017 2121 738
674 918 1027 1419 848 1752 1411 892 1046 1256 549 760 890 552 1664 852 654 1145 760 1596 360 1431 1067 820 870 692 1504 1237 1207 573 705 1041 626 746 741 770 809 1564 1205 944 1186 1225 896 954 1752 1703 989 392 1044 552 764 1651 1540 1791 714 1133 1027 1406 1694 796 1722 889 1165 1374 854 1269 1589 962 760 832 625 612 974 899 924 1106 1769 1125 996 1114 1011 986 1808 1285 1310 1730 1850 501 867 736 1294 1537 1290 994 1000 973 1512 1352 674 1120 1216 699 1431 1085 828 1614 1160 1738 1415 732 699 705 1518 1505 825 1385 971 1371 654 649 1148 691 585 1063 842 760 1636 1487 851 681 1078 1085 566 730 1809 992 778 1529 1840 647 709 491 1782 1029 813 1303 963 992 1296 1779 1273 1010 887 1840 634 1149 706 798 1269 771 740 769 769 1282 671 1625 803 658 1123 672 1323 1262 941 1605 1409 724 993 1336 1486 676 592 789 1240 673 1303 850 996 1160 1643 1208 933 1134 804 1086 1102 568 658 707 583 1240 1212 723 1556 728 1715 1411 1686 710 1337 1725 766 797 1094 495 1178 712 1295 604 555 405 1196 1489 1048 635 810 626 1020 1673 1489 1710 1112 712 751 1181 986 1120 1486 1600 759 524 893 820 1193 1607 913 1355 774 1031 1457 1054 1247 828 1551 799 1632 1245 1327 873 931 739 810 479 1128 897 708 1039 1585 1475 880 1543 1541 912 651 682 847 1299 702 888 1188 669 678 1142 551 1161 1691 755 1322 1029 1235 1442 954 741 757 852 819 1417 1614 942 906 1026 1051 709 1553 1056 1759 1050 885 1411
998 875 772 1577 1088 1036 678 985 933 762 1396 1057 1740 1263 943 969 1282 646 1035 661 1431 360 2072 1045 1676 1317 802 1227 1721 1281 1550 2103 1169 1635 1630 1124 1065 880 923 942 891 1667 1354 1133 1321 929 857 1426 863 1528 1026 1332 657 727 1104 2103 859 2054 1245 1027 1078 932 941 1257 1085 1352 1446 833 1041 980 1272 1370 986 1094 1017 1630 1322 1748 2060 1503 2075 1127 736 1837 1716 1256 808 1290 925 1086 1699 527 1540 1320 865 904 644 1527 1409 776 894 1591 1538 1057 1599 1704 2141 780 618 1244 1094 1124 764 978 1258 1588 976 1254 1137 1233 2133 1115 1254 2062 954 1553 582 1388 1533 1115 1599 1969 1226 1503 749 849 1078 878 1120 1145 1167 1494 1057 800 1639 1445 1012 1069 810 1336 1778 1109 903 1285 1467 699 1195 1451 530 1840 1055 1043 1565 739 1534 908 1452 1668 705 1347 1649 1078 1513 834 1295 1108 2014 559 1444 1520 1619 1103 725 1478 1083 1342 2036 1448 1510 792 1519 1271 1040 975 2107 1600 1196 1382 1290 577 774 1535 1905 1767 1033 1947 793 1515 1425 1003 1036 1637 1365 1428 624 1095 1049 1192 1487 1471 1492 1630 1696 1228 1282 1180 772 1165 990 641 861 1079 1041 639 1949 2186 550 1647 1487 1336 909 992 1341 1090 1053 1178 1384 792 608 739 1028 1351 907 1012 560 1103 2066 930 905 1155 985 1547 1711 1363 1779 2073 1687 811 1950 502 1045 909 1140 1108 953 1871 1133 1836 2138 1727 1390 1351 1241 754 788 1059 1987 762 1688 830 1103 1129 1034 938 1146 1320 939 1538 1208 1420 824 1082 498 839 1285 770 1948 897
1332 1586 1660 2036 1363 2207 2104 1597 1562 1956 1037 1458 752 1259 2369 1546 1348 1794 1442 2277 1067 2072 360 1389 821 1370 2205 1544 1725 1278 1248 603 1284 1214 810 1477 1370 2268 1681 1505 1682 1773 1176 1381 2070 2406 1581 1088 1745 1112 1429 1940 2105 2408 1415 468 1595 1059 2395 1405 2152 1581 1872 1665 1367 1496 1801 1633 1397 1524 1325 1281 1681 1604 1445 1100 2468 997 861 1719 856 1685 2440 1111 1260 2076 2446 1196 1536 1436 1841 2144 1384 1654 1579 1674 2198 1975 1030 1691 1704 844 2061 1516 887 1663 1207 2421 1988 1199 1356 1410 2045 2212 1218 1994 1678 2056 1330 1198 452 1324 1183 1123 1522 1304 2252 2157 1416 1332 1102 632 1237 1309 2421 1685 1354 2014 2547 1315 1416 960 2236 1635 1293 1945 1467 1696 1809 2097 1154 1432 1550 2200 1242 1833 1411 1030 1902 827 1389 1390 1305 1825 1226 2110 1032 1048 1732 1090 1898 1653 1525 2115 1682 1428 442 1935 1678 916 837 1496 1936 960 2005 1506 979 1788 2305 1744 1513 1422 1392 1564 395 860 1236 1357 1144 1906 1755 1279 1429 973 2163 1180 2377 1281 1987 2430 1456 823 1319 1155 1807 1408 1999 1299 948 1046 1319 1555 967 1204 1192 1327 1665 2052 1923 2353 1816 1375 1411 1798 507 653 2080 2223 1349 1224 1574 1441 1853 2313 1414 2049 1418 1715 2033 1695 1952 1140 2026 1492 2268 1625 913 1504 1626 1446 1455 992 1631 1544 807 1014 1637 1981 706 2161 1956 1602 1318 1353 1483 1095 1407 608 534 926 1049 1797 1244 1728 2381 1375 1000 1685 1193 2146 1657 1448 1433 1512 1523 2095 2084 1512 1299 1655 1748 1373 2176 1621 2460 1663 634 2118
476 633 642 1554 443 1291 1139 784 587 1032 725 677 1057 736 1442 692 853 780 607 1279 820 1045 1389 360 996 913 1266 864 1484 786 1084 1443 579 1154 944 793 380 1344 749 485 727 1470 720 580 1323 1463 551 831 863 983 552 1239 1094 1379 684 1417 574 1432 1590 431 1265 701 1043 988 445 945 1222 672 486 671 820 904 885 899 474 1020 1674 1115 1449 1316 1463 1003 1410 1237 1170 1292 1423 708 603 689 1529 1116 1056 1131 552 808 1210 1485 723 671 757 906 1544 662 919 1340 1616 1422 971 560 542 707 1060 1340 603 1537 872 1368 596 557 1448 509 600 1521 626 1119 1223 1511 1163 538 987 1287 634 1071 1393 774 402 1069 1634 582 776 839 1322 606 1197 1413 517 966 835 1350 1193 614 596 1395 991 868 807 777 875 1220 515 455 1131 825 1055 1164 778 1112 702 661 1525 836 1208 1145 1030 709 1335 907 1144 835 956 791 996 793 1234 1044 1456 1318 1672 748 1207 806 392 636 1424 942 529 976 623 904 754 1086 1405 1189 1256 1362 1394 1067 1427 1508 638 953 834 884 781 657 1211 662 815 866 973 1225 1050 558 620 680 658 1227 1035 1325 940 550 539 768 1263 1528 1055 1704 1079 813 660 458 1285 1463 483 1320 1021 769 1015 680 1162 691 1090 664 1239 828 1416 509 741 796 510 939 1429 1090 1148 1500 1313 1014 1307 1131 1090 709 579 575 504 1266 718 1150 1453 1128 705 1254 677 710 1396 457 1356 687 1116 1229 957 765 585 567 867 1432 1153 1223 601 1212 838 554 1146 602 1651 634 1292 1232
997 1240 1278 1929 948 1749 1765 1311 1130 1639 726 1166 430 1019 2056 1238 1153 1416 1126 1915 870 1676 821 996 360 1198 1883 1084 1704 1061 1189 980 968 1201 495 1228 975 1956 1234 1094 1239 1728 720 937 1612 2084 1179 902 1440 1023 1095 1484 1671 1991 1134 811 1181 896 2150 1032 1692 1265 1599 1206 952 1041 1355 1285 1043 1214 1119 1122 1410 1365 1023 682 2230 639 1133 1625 1138 1464 2030 799 881 1617 2018 941 1195 1153 1798 1727 954 1499 1172 1372 1843 1861 644 1273 1258 531 1940 1066 437 1262 1438 2057 1559 795 1026 1139 1600 1928 783 1896 1403 1857 1022 834 851 981 853 1336 1194 1249 1837 1982 1351 1000 672 652 944 1228 2001 1364 969 1561 2245 1002 1173 741 1777 1237 1280 1810 1038 1455 1366 1640 807 984 1201 1740 1136 1489 1183 587 1507 955 1046 1027 1256 1391 1157 1656 588 1050 1330 703 1832 1194 1447 1666 1225 1155 800 1519 1234 563 700 1242 1609 589 1765 1359 1211 1670 2141 1310 1438 961 1008 1121 849 717 877 1218 807 1539 1323 1214 1106 1042 1705 917 2027 1205 1843 2122 1149 433 860 1003 1414 1118 1750 1022 676 882 876 1143 571 849 758 1056 1292 1591 1465 1952 1518 1047 1074 1397 674 1059 1658 2108 1261 1026 1244 1070 1696 2043 989 1831 1284 1378 1604 1316 1700 695 1571 1187 1864 1165 823 1133 1312 1206 1100 880 1619 1407 880 1257 1234 1533 939 1749 1496 1283 1004 1036 1117 805 1142 579 832 964 659 1647 974 1305 2029 1013 812 1318 804 1836 1425 1194 1110 1163 1293 1909 1628 1445 854 1536 1430 1047 1766 1204 2214 1267 879 1825
684 833 978 1092 980 1788 1205 694 1122 1036 845 644 1222 564 1410 716 421 1049 700 1407 692 1317 1370 913 1198 360 1268 1412 937 509 594 1292 709 680 1073 552 915 1314 1282 1004 1252 933 1147 1117 1871 1458 1004 662 837 630 746 1792 1502 1684 609 1447 1059 1732 1388 852 1778 749 899 1540 985 1476 1772 862 794 711 457 449 730 624 1027 1402 1459 1440 1161 800 1178 682 1682 1596 1597 1835 1763 636 796 617 999 1456 1543 662 1026 779 1318 1024 965 1130 1283 1030 1102 1216 1149 1855 1186 1540 1382 945 731 584 1518 1230 1044 1061 733 1047 678 844 1456 768 780 1112 755 598 1538 1157 612 736 1372 1416 678 547 1707 828 881 1562 1571 694 519 823 1818 1017 684 972 1069 706 1331 1897 1576 1162 824 1931 522 986 487 1089 1182 976 764 822 611 1292 582 1650 1094 752 1087 938 1013 1389 658 1610 1581 591 1290 1284 1685 998 914 573 1035 985 1001 522 1108 834 1312 1236 655 1334 883 1183 1404 890 821 428 812 1102 1233 578 1846 858 1759 1725 1473 558 1005 1465 680 1126 1327 575 1108 632 998 617 882 694 1450 1733 1363 822 1040 593 953 1764 1562 1575 883 725 749 1127 1307 1360 1424 1270 538 532 784 851 861 1318 1035 1040 468 885 1417 988 955 1084 1588 686 1511 1381 1658 869 771 522 808 738 876 571 948 1139 1827 1495 1114 1449 1622 771 696 698 845 1614 572 1215 1506 850 961 810 629 1167 1481 817 1648 943 1527 1197 662 552 716 806 546 1090 1650 670 1102 703 864 722 1452 1084 1453 1025 1145 1150
1128 1003 1001 1241 1336 1473 500 972 1255 609 1543 1107 1936 1312 536 1019 1261 877 1127 588 1504 802 2205 1266 1883 1268 360 1600 1485 1304 1491 2178 1288 1573 1802 1105 1286 444 1304 1210 1266 1415 1623 1429 1762 561 1122 1488 820 1531 1150 1765 1095 1006 1151 2259 1155 2338 804 1216 1519 986 735 1657 1335 1721 1864 959 1200 1042 1269 1348 902 1004 1291 1920 880 2021 2069 1271 2086 971 956 2136 2045 1697 1118 1369 1048 1129 1427 948 1891 1132 1144 891 532 1207 1599 1110 1279 1758 1193 1399 1810 2099 2063 667 1056 1458 1221 1158 1206 548 1508 1265 901 898 1239 1409 2281 1264 1400 2003 1052 1471 939 1004 1411 1247 1887 2164 1329 1429 1035 883 1283 1320 729 1256 1165 1605 1492 1067 1548 1133 1304 929 1219 1777 2086 1425 1043 1727 1430 758 1179 1678 872 1875 1197 1218 1480 1143 1486 1349 1680 1660 1009 1540 1358 1468 1352 1273 1698 1140 2135 976 1847 1696 1728 1084 634 1660 753 1218 2015 1193 1101 1172 1362 1615 1246 1316 2241 1705 1366 1318 1443 752 1154 1466 2259 1766 1473 2257 580 1450 1098 603 1110 1828 1689 1448 923 1156 727 1266 1625 1533 1827 2011 1956 1394 1526 1239 974 1606 1425 854 753 1201 1171 962 2106 2252 990 1267 1400 1362 1000 1178 1065 649 1328 824 1290 864 1050 962 737 1598 1349 1073 854 1487 2321 1118 940 1139 1143 1601 1504 1217 1833 2043 2079 1250 2006 907 1483 966 1252 1218 1130 2167 1162 1996 2307 1750 1584 1097 1321 1107 591 1231 2262 941 2003 438 974 1129 1139 1080 1083 952 1381 1379 1487 1218 819 1202 889 1149 842 1039 2024 516
981 1082 993 2051 791 1043 1460 1268 723 1415 1066 1179 1152 1220 1770 1178 1351 1089 1109 1525 1237 1227 1544 864 1084 1412 1600 360 1987 1273 1556 1688 1064 1614 1130 1297 859 1685 663 816 698 1974 747 655 898 1772 878 1259 1305 1425 1055 781 1081 1430 1189 1524 826 1255 1996 933 978 1176 1487 497 787 485 720 1101 991 1161 1315 1390 1361 1395 760 864 2080 998 1782 1821 1793 1495 1492 1028 874 895 1420 1170 1075 1193 2034 1194 680 1635 850 1268 1486 1983 969 851 692 1118 2037 579 1022 865 2021 1647 1007 864 1045 1212 971 1725 774 2036 1347 1834 1094 955 1568 1003 1024 1920 1109 1598 1299 1981 1656 1036 844 1336 1105 1554 1431 1216 891 892 1960 1077 1281 1188 1069 918 1669 1908 722 1452 785 926 961 610 1056 1017 1466 1240 1311 898 1095 1564 1020 960 1610 850 1523 976 895 1532 953 939 2029 518 1709 1009 533 1214 1522 1028 640 1059 1262 1294 1369 1022 1683 1548 1825 1821 2138 796 1707 483 897 653 1572 1259 962 1470 1014 1208 814 1564 1039 1583 998 1116 1655 1545 1917 1836 1139 1093 588 1340 1036 1162 1655 1155 1126 1279 658 771 979 973 793 1178 1030 867 768 1448 1373 1055 1043 998 1397 1771 1117 2192 1567 1288 1127 949 1780 1852 741 1777 1520 1185 1045 1025 1609 804 893 1161 1360 488 1311 968 1206 1301 1003 1336 1928 1595 1483 1872 843 894 1605 1231 784 1176 1075 1077 979 1065 1222 1301 1532 1509 955 1753 1155 853 1652 961 1205 1067 868 1589 1450 1270 1088 1043 1371 1902 940 1722 690 1717 1267 1058 1255 823 2050 940 1562 1619
