140 524 971 680 1322 664 386 896 1183 507 605 949 1092 839 1062 1002 1026 778 1260 867 618 265 385 347 1326 1281 1131 1315 1268 1073 527 311 405 532 1190 1368 623 825 474 266 692 1198 697 231 1193 508 1072 849 486 455 960 230 1212 230 1092 1047 1083 1036 523 307 463 889 504 1027 675 662 592 1364 1009 351 1211 754 691 388 654 1225 1193 1058 337 718 386 501 964 535 1313 710 642 1333 1332 822 1044 600 427 1093 1315 826 1184 980 604 1076 446 247 830 1289 789 828 942 1057 1012 320 1324 1058 366 1131 584 925 581 1283 915 414 573 532 560 280 322 923 206 468 254 956 1065 1084 1106 728 1321 1363 1060 1065 443 1247 280 1331 701 1011 565 732 1294 629 713 226 956 824 460 666 236 742 377 709 486 727 255 1115 1061 1003 1328 876 1270 826 1074 1333 1263 999 362 865 391 1367 287 230 677 547 398 1381 828 969 1100 1299 1066 1304 935 426 257 1345 561 1171 1243 557 1181 1110 1108 204 368 1256 719 1036 353 999 1338 218 410 374 380 462 338 451 894 1251 481 331 582 672 823 1240 1214 768 441 1033 1281 717 444 870 1312 760 1252 694 1103 410 424 1086 747 593 822 716 278 816 365 1124 991 1092 1047 687 984 965 1285 1057 292 1387 597 962 997 566 717 806 617 1076 377 1143 787 1177 874 809 242 584 224 604 1301 397 431 962 539 576 1325 1030 490 1354 899 1089 712 615 739 1359 1322 465 1189 1176 1242 1168 450 770 716 715 1017 1328 1059 1077 243 549 1339 407 699 1063
624 360 1440 1089 1786 744 545 767 1201 831 553 1432 1345 1319 1543 1047 1094 734 1379 744 748 677 868 566 1496 1146 1294 1154 1285 1556 609 761 601 777 1121 1482 1076 1110 775 629 534 1282 1021 683 1191 839 1554 1299 951 824 1385 715 1386 672 1570 1524 1288 1500 380 778 946 1347 873 1500 667 1127 1068 1658 948 835 1294 774 1176 777 756 1310 1052 910 567 1181 833 567 928 785 1212 715 1108 1374 1802 1193 1023 850 516 1515 1341 1059 1205 1339 941 1484 842 642 994 1736 624 979 1412 1225 1413 564 1749 1515 719 1178 733 872 554 1463 1339 898 450 922 654 737 570 1402 686 473 739 1066 1035 1522 1557 1211 1254 1839 943 940 877 1540 624 1170 1128 1379 653 583 1339 820 1140 708 807 1260 941 969 647 1227 776 627 772 1048 710 951 1279 894 1245 1207 1212 1288 1251 1746 1339 1103 831 727 707 1721 661 671 780 867 674 1217 822 1390 1028 1690 1331 1785 772 733 737 1184 434 1044 1647 685 1417 1595 976 688 525 1540 554 1194 617 1272 1551 695 557 558 840 851 807 456 1214 1129 598 554 1063 800 1095 1523 1611 826 707 950 1647 818 755 1185 1261 845 1097 991 1385 474 460 929 1227 431 675 724 724 846 832 1411 1240 1147 1124 652 1149 889 1706 1541 731 1567 465 1281 1267 703 1067 641 817 931 862 1589 1197 1619 762 1058 702 472 691 1014 1375 882 872 949 1016 525 1297 871 973 1279 927 1414 1112 945 738 1433 1164 932 1652 1193 1474 1289 809 730 1176 1069 1502 1323 986 982 713 499 1809 543 633 1345
1071 1440 360 1137 711 1546 1317 1827 1742 1261 1439 571 1678 793 810 1572 1857 1543 1612 1700 1485 1169 951 1278 1996 2090 1844 2233 1808 591 1439 1109 1225 1351 2104 1699 994 1060 1091 1174 1614 1993 980 1122 1784 1253 803 1015 991 1009 1161 1103 1894 1154 527 478 1326 989 1433 1026 913 478 977 903 1443 672 740 1269 1924 996 1646 1456 737 1171 1527 1653 2124 1908 1268 937 967 1423 1871 1137 2239 1449 928 1818 722 1276 1937 1125 1358 1244 1831 1168 1738 886 982 1284 978 1178 1292 717 1696 1313 388 1387 743 1242 1372 487 1211 1969 1449 1840 1410 1946 638 926 1461 1165 1460 1115 1230 796 1127 1399 1081 1439 1730 1160 1110 654 2002 765 1859 1997 927 1715 1209 2206 1087 861 1313 1659 2118 1448 715 1104 1816 615 935 1027 1164 715 1032 1531 1105 1340 1131 2027 1710 1933 2036 1392 2175 945 1779 871 2058 1474 971 1795 1116 1655 1195 1154 1543 1275 1154 2280 1531 650 1822 921 1179 960 1850 1106 1073 2217 1454 2102 1405 1443 1775 697 2040 1126 1298 1228 1626 1773 1190 1579 1460 1116 1336 1247 960 976 1058 1381 986 2181 1278 1249 863 1523 1089 1220 1411 1643 1297 1956 1554 1345 1092 1421 2212 1621 2177 1362 1150 1328 1341 1956 794 1511 1690 1622 1131 1700 969 1149 1613 1616 1867 1474 1724 1719 1362 588 1069 2032 1484 1001 1137 1266 918 1715 1433 1920 970 602 1155 1194 1805 1133 1103 1514 1117 834 2096 959 1077 1630 905 1423 1935 1907 849 2267 1530 1026 1165 990 1647 2147 2185 993 582 1741 1827 1547 1209 1532 953 1273 657 1897 1977 1839 1093 1481 1115 1271 1627 1605
780 1089 1137 360 1452 928 904 1324 1823 635 1228 989 908 757 952 1641 1133 1411 1875 1471 862 802 782 888 1219 1876 1070 1788 1907 1101 912 729 1046 729 1468 1982 506 1370 1081 903 1212 1239 1231 867 1833 625 967 606 599 1022 656 822 1117 829 1171 1146 1662 821 1098 842 705 1123 1051 858 1312 945 860 1846 1307 757 1839 1394 762 676 900 1852 1605 1638 891 571 896 929 1238 1151 1632 1349 569 1970 1433 525 1275 1203 935 785 1954 1408 1823 1420 1149 758 990 853 1445 1493 1328 1448 1112 1657 1376 928 1019 1261 731 1242 837 1233 1209 1169 1247 769 1167 527 899 760 947 820 844 984 808 1583 1704 798 844 847 1955 1424 1669 1460 936 991 850 1874 421 1431 1206 1228 1375 783 1092 837 1535 1147 679 1224 866 781 956 1329 1097 571 787 1613 933 1378 1956 626 1517 634 1005 1628 1302 1627 847 1313 1014 1055 805 830 904 614 1032 1890 1468 1297 1730 1642 1602 1166 1440 1043 832 1890 1152 1556 925 863 1005 1076 1511 840 934 1757 1266 1006 994 807 1897 845 894 1008 870 1006 712 993 1397 1615 1121 942 657 870 1379 1742 894 993 753 1361 965 1355 1054 647 1542 956 1704 612 1618 996 1012 1648 710 1138 1405 1030 765 1053 850 1633 837 1729 1135 1319 961 1593 976 1084 889 1258 1188 1455 1534 1204 1219 1339 771 1659 753 1373 468 896 1281 1383 863 1085 856 1058 1338 734 610 1602 638 1197 1965 1587 784 1618 1539 1559 396 1163 1052 1386 1878 616 1345 1816 1061 1785 641 1404 556 499 997 1969 1365 1699 852 1025 1130 1040 1103 844
1422 1786 711 1452 360 1895 1668 2177 1997 1604 1772 824 1975 1067 973 1840 2197 1859 1809 2026 1833 1520 1302 1629 2300 2403 2162 2576 2053 730 1790 1460 1565 1697 2454 1881 1317 1307 1418 1523 1961 2324 1264 1472 2045 1595 959 1285 1333 1342 1410 1453 2205 1505 642 666 1521 1187 1778 1376 1262 800 1304 1096 1765 1020 1091 1323 2274 1347 1869 1764 1068 1520 1875 1873 2473 2235 1619 1242 1313 1774 2220 1456 2590 1765 1250 2044 426 1573 2285 1432 1709 1461 2066 1424 1990 1061 1289 1514 1315 1529 1560 532 2039 1584 740 1604 894 1591 1528 637 1561 2308 1797 2191 1743 2250 869 1277 1802 1502 1810 1467 1577 1035 1478 1749 1432 1695 2015 1366 1298 993 2280 520 2174 2347 1269 1980 1560 2537 1396 1017 1638 2007 2454 1792 1028 1455 2146 908 1283 1318 1514 1035 1373 1859 1431 1661 1483 2370 2019 2284 2321 1692 2525 1220 2097 767 2389 1724 1321 2145 1454 1870 1546 1505 1891 1616 1492 2617 1835 841 2118 883 1352 990 2195 1440 1424 2546 1797 2453 1602 1793 2069 809 2390 1477 1647 1326 1970 2097 1533 1880 1586 1466 1688 1591 1308 1310 1408 1730 1205 2532 1612 1598 1201 1869 1339 1324 1620 1991 1646 2307 1773 1645 1424 1725 2561 1967 2523 1691 1303 1676 1688 2287 1101 1858 2024 1973 1482 2048 1318 1291 1921 1868 2205 1798 2050 2027 1533 744 1417 2330 1825 1193 1331 1586 1198 2058 1777 2245 1321 613 1450 1369 2156 1390 1452 1864 1467 1156 2426 1310 1423 1920 1246 1758 2194 2241 1201 2617 1817 1162 1476 1294 1997 2475 2512 1338 495 1996 2117 1760 1554 1849 1258 1591 846 2146 2328 2145 1443 1831 1182 1613 1978 1896
764 744 1546 928 1895 360 666 770 1583 670 938 1468 988 1282 1499 1431 731 1113 1759 1077 427 765 968 698 1112 1428 910 1233 1667 1593 513 802 908 569 923 1863 994 1423 1062 822 752 913 1307 849 1570 680 1514 1173 928 1070 1203 842 1003 794 1637 1599 1643 1389 764 925 992 1483 1121 1420 1051 1256 1173 1972 749 920 1678 1159 1199 735 388 1693 1039 1183 712 1102 1008 554 688 1101 1075 1099 1053 1757 1894 959 751 1171 646 1314 1723 1397 1588 1603 1215 1266 1068 783 1357 1886 861 1346 1518 1591 1635 773 1540 1649 697 831 459 669 937 1080 1533 988 831 790 468 804 803 1358 830 651 857 1444 1409 1352 1408 1265 1605 1908 1264 893 1067 1200 748 1361 986 1634 1020 737 994 510 1332 849 1089 1438 971 1267 806 1242 996 1002 1067 785 797 1079 909 810 1585 925 989 1192 869 1951 975 1483 976 771 974 1422 739 794 400 677 958 1351 1205 1587 1384 1922 1659 1727 924 1011 876 1379 816 987 1410 467 1049 1598 944 828 717 1859 825 810 887 931 1906 842 633 846 999 1083 851 684 1507 1048 945 777 1064 434 1414 1843 1367 464 609 796 1365 1192 1033 890 1026 464 1144 719 1704 749 752 1169 1205 739 984 463 789 515 980 1728 887 1531 756 1035 766 1249 1492 1576 914 1183 839 1575 1591 1059 1335 864 519 1207 944 1745 1016 1449 722 1389 865 655 847 1228 1012 950 835 1329 1015 909 1667 1108 1060 1083 1312 1705 933 1224 483 1071 1377 920 1769 1575 1104 1668 706 1110 1091 839 1509 1699 806 1323 868 606 1698 857 568 1007
486 545 1317 904 1668 666 360 872 1342 651 702 1283 1199 1149 1374 1174 1037 891 1477 927 638 512 726 399 1388 1332 1187 1304 1428 1409 515 590 605 615 1166 1584 895 1116 755 523 687 1218 1002 562 1340 658 1385 1115 775 769 1200 574 1275 522 1433 1389 1341 1319 554 654 788 1236 821 1324 804 1009 937 1666 985 685 1408 904 1018 592 665 1423 1170 1095 410 1001 729 481 944 795 1287 849 931 1508 1676 1012 1028 865 402 1329 1481 1092 1345 1304 911 1300 772 499 1062 1635 796 1053 1288 1296 1350 466 1564 1405 534 1136 611 901 690 1350 1258 754 624 737 558 571 496 1232 551 450 595 1163 1193 1337 1373 1064 1427 1705 1126 1040 784 1382 467 1347 942 1338 737 719 1300 684 1055 573 992 1169 778 960 517 1068 700 796 760 875 549 1110 1146 976 1422 1034 1248 1107 1136 1675 1281 1204 709 843 668 1546 489 522 689 690 651 1382 966 1311 1201 1635 1353 1615 930 704 604 1361 609 1145 1463 570 1279 1438 1084 551 413 1553 730 1088 581 1118 1604 563 393 543 726 786 641 449 1202 1224 654 471 896 696 1108 1536 1427 768 531 1007 1469 910 727 1016 1291 770 1236 823 1397 466 478 1111 1059 599 861 699 556 809 712 1421 1094 1272 1062 801 1038 1062 1521 1392 626 1455 645 1270 1285 766 1033 810 676 1116 712 1490 1012 1434 848 1083 581 567 564 940 1318 728 691 1099 848 670 1457 1051 831 1330 1059 1401 928 920 721 1377 1344 758 1536 1335 1338 1385 624 885 995 889 1345 1475 1033 1161 588 524 1629 560 672 1189
996 767 1827 1324 2177 770 872 360 1412 1051 883 1793 1356 1641 1865 1308 919 978 1670 845 829 1023 1239 910 1384 1082 1201 824 1486 1919 781 1095 1008 955 749 1762 1365 1503 1182 1015 606 1089 1425 1065 1380 1061 1878 1565 1268 1231 1609 1085 1293 1034 1946 1902 1641 1779 781 1161 1298 1742 1280 1799 977 1517 1449 2042 618 1197 1562 1072 1525 1067 799 1577 658 854 919 1475 1227 780 647 1185 808 1017 1414 1591 2188 1369 737 1247 830 1723 1545 1437 1419 1744 1347 1677 1247 1009 1347 2136 613 1327 1799 1561 1821 947 1950 1911 1011 954 849 586 903 1366 1744 1266 792 1169 786 1081 964 1722 1059 788 1107 1378 1213 1757 1808 1575 1335 2217 979 532 1277 1577 979 964 1378 1785 1027 550 1088 920 1544 1082 789 1663 1285 1371 1023 1574 1178 877 1178 1196 1061 674 1259 497 1297 1334 845 1573 1184 2154 1128 1407 1216 407 1114 1821 999 1034 806 1070 1082 941 1080 1796 1141 2097 1710 2101 556 1141 1113 982 789 638 1821 820 1396 1943 572 1060 889 1921 645 1115 1023 1318 1898 1071 856 964 1230 1257 1148 807 1613 722 995 941 1398 843 1484 1905 1777 758 948 581 1770 1161 1163 1298 899 801 740 1130 1769 866 856 813 1555 700 748 669 1066 723 1219 1797 1264 1403 954 943 1089 1031 1903 1903 1122 1459 778 1678 1650 1085 1473 598 928 878 1224 1990 1419 1854 414 1443 1085 674 1070 1420 1155 1240 1175 1166 1348 873 1437 759 1343 893 1194 1811 1334 1350 654 1207 988 1254 2044 1403 1443 1587 1065 981 1465 1247 1850 1491 626 1060 1094 707 2091 951 582 1392
1283 1201 1742 1823 1997 1583 1342 1412 360 1622 1008 1859 2180 1877 2064 545 1909 830 700 926 1589 1388 1435 1337 2335 973 2133 1453 445 1951 1449 1454 1139 1598 1793 753 1746 1050 1124 1283 1227 2096 1124 1316 422 1627 2067 1962 1607 1204 2091 1360 2226 1357 1910 1860 887 2115 1182 1351 1534 1624 1201 2077 899 1510 1519 1317 1668 1441 570 798 1698 1522 1597 580 1543 1005 1328 1821 1324 1407 1682 1053 1795 853 1744 539 2043 1964 1779 1023 1335 2225 499 936 370 1306 1145 2213 1243 1337 811 1866 1163 792 1724 781 1467 1274 2448 1739 1480 1976 1573 1618 1015 2303 1494 1460 1112 1673 1495 1423 1248 1951 1338 1307 1375 664 562 2200 2208 1678 681 2117 853 1526 1312 2364 1349 1233 1838 1354 980 1270 2126 1657 1394 1345 1010 1487 1548 1084 1320 1743 1247 942 1106 1850 1397 1300 2119 1540 744 2007 1889 1922 2092 1740 2147 632 1365 1367 1173 2509 1392 1357 1620 1662 1151 1376 739 1516 673 1626 1057 2287 1245 1150 1352 1229 1127 1593 2381 1525 2256 2036 1528 1342 1293 1213 1157 2034 1189 2100 1035 1337 1369 1185 1350 1232 1471 1279 1152 1672 1066 1261 1651 1642 1020 1202 2355 1655 1511 1633 2424 830 1145 1994 1943 1680 1478 1803 1125 1235 1225 1082 1791 1206 1024 1545 1420 1662 1363 1150 2075 488 1941 909 1989 744 2413 1941 1297 2406 1104 1175 1048 978 1185 1176 1652 991 1455 1744 1928 2287 1447 971 1320 1290 1327 1300 2179 1478 1572 615 1625 1039 558 1093 1496 1915 645 1252 1855 1133 1552 2235 1178 1586 1875 368 2314 667 1577 832 1823 1851 1957 516 1678 763 1331 1336 2382 1156 1427 2171
607 831 1261 635 1604 670 651 1051 1622 360 992 1164 945 971 1189 1447 958 1180 1724 1215 603 606 727 647 1190 1613 1002 1513 1707 1288 636 577 849 461 1230 1832 684 1284 941 710 939 1105 1151 698 1624 370 1203 874 630 912 929 665 1076 642 1338 1302 1550 1088 843 728 715 1211 956 1113 1089 993 904 1810 1059 680 1669 1183 898 485 645 1683 1337 1371 654 792 809 654 996 1002 1385 1131 743 1781 1598 722 1048 1067 674 1053 1758 1292 1624 1406 1059 1017 893 654 1295 1611 1056 1292 1233 1524 1406 707 1286 1372 505 1069 572 980 977 1145 1290 735 915 480 624 600 734 1048 673 720 665 1416 1481 1074 1120 970 1718 1606 1414 1193 865 1106 635 1600 687 1429 1004 953 1222 547 1100 679 1269 1190 690 1126 676 938 834 1087 953 588 614 1338 917 1113 1713 745 1291 885 941 1702 1171 1459 763 1038 858 1255 594 643 655 401 862 1614 1250 1344 1492 1689 1526 1419 1165 893 691 1616 900 1292 1177 591 1034 1289 1243 669 693 1707 997 912 804 853 1803 680 633 797 789 911 605 735 1341 1356 917 720 763 628 1285 1691 1140 754 483 1106 1178 1170 911 732 1323 725 1431 547 1557 755 768 1377 896 872 1142 766 593 813 767 1577 844 1542 970 1089 860 1353 1242 1271 749 1247 934 1407 1456 1018 1160 1066 533 1393 696 1475 738 1171 1009 1274 705 812 690 1021 1210 693 545 1385 717 960 1745 1316 795 1388 1336 1528 651 1071 790 1265 1605 627 1482 1615 1095 1632 422 1174 781 598 1200 1759 1116 1452 699 752 1400 825 829 919
705 553 1439 1228 1772 938 702 883 1008 992 360 1469 1533 1396 1614 853 1283 548 1190 629 940 788 923 706 1690 1040 1488 1179 1093 1587 800 868 582 955 1265 1292 1188 987 714 698 641 1472 927 749 1001 999 1622 1414 1051 790 1518 792 1580 766 1585 1536 1121 1601 534 825 1017 1334 828 1588 473 1134 1094 1518 1104 905 1102 581 1234 912 950 1117 1132 833 700 1284 850 758 1096 690 1330 521 1207 1180 1796 1350 1193 740 689 1650 1148 914 1012 1244 863 1627 821 739 826 1699 657 807 1412 1049 1343 660 1883 1495 861 1363 924 1036 388 1657 1291 954 470 1065 846 838 645 1478 763 658 814 880 851 1646 1671 1251 1088 1844 816 1046 876 1722 738 1127 1257 1288 510 697 1522 1008 1105 779 737 1227 1020 869 732 1285 773 464 703 1218 810 971 1471 1020 1088 1377 1360 1391 1445 1677 1527 915 867 837 684 1888 782 766 974 1032 646 1205 629 1337 862 1606 1187 1855 812 692 801 1138 483 1143 1793 876 1607 1641 1072 767 659 1398 602 1388 630 1456 1382 768 726 591 866 823 903 631 1101 1231 520 646 1141 994 966 1381 1760 1018 874 1092 1809 641 707 1359 1411 1038 1143 1165 1247 597 584 876 1303 576 612 913 830 1034 867 1274 1427 953 1314 460 1343 725 1842 1573 768 1761 472 1165 1128 570 983 678 1004 847 928 1553 1337 1741 896 921 762 654 760 976 1562 951 989 759 1100 392 1115 829 1019 1416 733 1296 1256 863 925 1620 1107 1030 1637 1001 1665 1101 958 543 1281 1229 1550 1135 1133 833 775 692 1901 558 809 1528
1049 1432 571 989 824 1468 1283 1793 1859 1164 1469 360 1511 604 604 1680 1746 1599 1766 1737 1403 1131 924 1247 1836 2142 1698 2224 1931 486 1382 1057 1247 1262 2031 1860 859 1202 1145 1164 1601 1865 1098 1109 1894 1155 599 827 899 1058 963 1078 1740 1125 542 523 1487 777 1429 1016 855 648 1040 691 1495 713 734 1473 1855 959 1786 1526 630 1098 1446 1794 2091 1942 1240 778 979 1375 1796 1203 2178 1509 793 1952 804 1109 1853 1209 1325 1037 1959 1300 1855 1074 1075 1081 1020 1153 1408 891 1696 1426 563 1536 945 1228 1160 691 1148 1857 1369 1774 1441 1786 827 894 1470 1054 1395 1072 1223 589 1107 1371 1054 1560 1821 951 899 581 2094 802 1912 1956 957 1528 1178 2229 932 1055 1362 1640 1998 1351 830 1084 1844 770 868 1135 1145 586 1056 1569 1161 1199 1094 2024 1555 1885 2121 1228 2095 759 1633 1075 1929 1599 966 1766 1146 1450 1154 1126 1458 1170 1184 2288 1605 850 1899 1132 1354 791 1844 1146 1055 2242 1461 2061 1196 1372 1606 538 2003 1105 1276 1425 1626 1635 1203 1416 1645 1097 1296 1254 964 1024 1005 1359 1149 2134 1311 1238 764 1433 1228 1415 1204 1558 1226 1896 1349 1427 1138 1261 2128 1530 2159 1232 1334 1317 1332 1980 639 1502 1712 1555 1087 1617 966 1336 1456 1737 1752 1521 1589 1784 1151 469 1068 1867 1494 1175 1305 1323 1044 1714 1337 1957 932 803 986 982 1764 1264 1090 1489 1101 919 1966 915 993 1717 813 1448 2044 1927 819 2191 1622 1219 1012 1086 1579 2014 2214 909 730 1856 1655 1694 1122 1589 794 1128 461 2016 1912 1905 1079 1447 921 1283 1580 1434
1192 1345 1678 908 1975 988 1199 1356 2180 945 1533 1511 360 1267 1406 2014 874 1718 2306 1704 962 1191 1280 1209 689 2053 622 1784 2265 1609 1097 1157 1427 945 1290 2414 1054 1863 1526 1293 1381 854 1727 1284 2175 944 1423 1053 1119 1492 958 1249 613 1227 1692 1674 2134 1209 1362 1305 1229 1670 1533 1286 1641 1490 1401 2372 1198 1241 2245 1743 1308 1067 966 2260 1555 1809 1220 1101 1380 1137 1127 1588 1466 1686 1116 2347 1948 763 1100 1652 1204 984 2319 1877 2183 1952 1636 916 1470 1237 1879 2033 1490 1875 1655 2109 1921 1280 1135 1804 1088 939 972 1162 1524 639 1793 1278 1436 954 1054 1182 1310 1306 1258 1235 1247 1996 2021 1072 1151 1393 2230 1924 1893 1419 1431 582 1215 1961 952 1968 1574 1365 998 885 1629 1264 1718 1692 1201 1707 1260 1323 1416 1613 1539 738 1199 1669 470 1335 2212 645 1293 1115 582 2175 898 2038 1331 1372 1443 859 1177 1228 948 905 1446 1925 1801 1843 2007 2190 2102 1562 1536 1479 1274 1979 1420 1481 977 1020 457 1560 1467 1255 1250 2275 1453 641 1386 461 2386 1266 1171 1371 1357 1487 1172 1261 1909 1506 1489 1292 1204 917 1865 2260 928 961 1036 1269 844 1745 1497 620 1293 921 1685 759 2129 1305 1315 1789 1244 1357 1612 1067 1178 993 1335 2147 465 2111 850 1633 642 1870 1089 1594 1333 715 1448 1972 2033 1596 1727 1491 888 1834 1248 1918 886 1140 1302 1858 1290 1277 1275 1576 923 1236 1079 1932 1179 1501 2283 1730 1313 1393 1898 2085 875 1649 1074 950 1984 1130 1879 2172 515 2214 1003 1714 1085 784 1497 2308 1248 1950 1284 1220 1447 1395 1191 448
939 1319 793 757 1067 1282 1149 1641 1877 971 1396 604 1267 360 585 1693 1529 1551 1839 1663 1215 1002 833 1117 1593 2076 1460 2091 1956 705 1220 919 1176 1073 1841 1940 648 1279 1120 1063 1476 1636 1153 1009 1904 962 597 583 734 1036 728 970 1499 1008 784 768 1579 607 1320 930 739 826 1036 559 1445 759 722 1643 1671 852 1838 1497 539 934 1257 1848 1936 1858 1113 547 925 1221 1607 1189 1997 1469 589 1994 1042 866 1654 1214 1189 821 1992 1357 1875 1220 1102 854 996 1037 1442 1134 1582 1454 775 1608 1123 1118 986 920 990 1638 1184 1592 1370 1543 992 803 1373 853 1223 942 1122 443 999 1239 946 1594 1807 748 719 583 2077 1027 1851 1795 927 1285 1054 2129 697 1213 1317 1507 1772 1151 917 980 1756 909 739 1174 1036 500 1007 1500 1138 968 968 1899 1313 1719 2095 984 1898 514 1396 1304 1699 1636 895 1620 1094 1227 1020 1008 1266 969 1127 2171 1577 1030 1867 1347 1471 826 1719 1106 956 2143 1361 1897 988 1195 1361 681 1844 997 1154 1577 1513 1402 1126 1172 1771 992 1154 1167 903 1006 871 1233 1257 1965 1249 1130 617 1237 1299 1565 988 1363 1055 1718 1125 1418 1105 1019 1927 1331 2017 1008 1465 1206 1222 1886 453 1383 1622 1376 955 1423 896 1472 1215 1763 1531 1465 1358 1741 966 689 989 1622 1397 1298 1412 1290 1113 1597 1138 1875 827 1035 742 806 1606 1324 994 1355 999 958 1735 805 825 1701 662 1370 2049 1829 748 1997 1616 1368 776 1116 1400 1782 2121 751 975 1873 1410 1758 941 1542 562 895 599 2033 1728 1858 982 1305 870 1199 1421 1189
1162 1543 810 952 973 1499 1374 1865 2064 1189 1614 604 1406 585 360 1881 1724 1763 1994 1882 1432 1227 1050 1342 1736 2294 1625 2316 2139 614 1444 1145 1392 1291 2054 2091 865 1429 1320 1285 1702 1817 1315 1230 2095 1179 376 723 960 1234 813 1192 1651 1231 716 728 1721 575 1544 1148 960 892 1226 485 1657 916 906 1717 1887 1073 2006 1702 740 1158 1474 2015 2159 2079 1338 757 1133 1446 1821 1386 2213 1678 811 2168 930 1024 1864 1402 1415 849 2171 1520 2061 1317 1279 904 1195 1261 1618 1084 1806 1634 806 1763 1189 1342 930 919 1215 1832 1402 1809 1587 1686 1071 1019 1595 1069 1445 1167 1344 503 1222 1464 1168 1771 2007 752 685 745 2280 888 2068 2018 1126 1381 1279 2353 890 1299 1526 1733 1957 1364 1055 1202 1977 1010 962 1345 1259 690 1215 1717 1338 1156 1193 2124 1469 1941 2301 1139 2107 678 1562 1292 1878 1811 1108 1845 1304 1256 1246 1232 1481 1183 1339 2397 1782 1094 2074 1363 1593 601 1944 1312 1177 2367 1584 2119 990 1416 1495 525 2067 1219 1379 1669 1738 1577 1343 1320 1887 1214 1380 1386 1113 1202 1096 1459 1385 2185 1463 1354 840 1451 1453 1659 1007 1576 1278 1936 1159 1615 1308 1179 2133 1542 2242 1204 1576 1430 1446 2109 676 1608 1844 1596 1180 1636 1108 1578 1371 1945 1724 1679 1537 1952 928 606 1205 1756 1619 1415 1542 1495 1266 1822 1351 2096 1048 1024 907 760 1829 1485 1215 1580 1221 1126 1912 1026 1050 1902 887 1588 2242 2052 957 2208 1812 1462 962 1291 1619 1955 2345 976 919 2060 1537 1919 1163 1753 769 1082 513 2220 1945 2070 1202 1530 684 1418 1645 1322
1102 1047 1572 1641 1840 1431 1174 1308 545 1447 853 1680 2014 1693 1881 360 1772 694 724 837 1431 1210 1249 1166 2183 1011 1981 1424 627 1776 1291 1273 960 1429 1696 814 1562 893 939 1104 1099 1960 951 1134 574 1452 1885 1777 1422 1018 1906 1178 2073 1178 1738 1688 798 1930 1027 1167 1348 1453 1017 1892 739 1329 1336 1245 1557 1256 615 633 1514 1344 1443 630 1478 970 1156 1635 1139 1248 1562 867 1719 692 1559 694 1883 1784 1660 839 1171 2040 673 776 544 1163 965 2030 1058 1159 641 1717 1054 618 1552 690 1318 1099 2263 1576 1304 1846 1412 1499 854 2150 1332 1275 961 1493 1338 1242 1072 1767 1157 1147 1193 514 557 2015 2022 1495 801 1954 832 1440 1127 2192 1172 1241 1655 1213 803 1147 2001 1494 1220 1163 946 1318 1363 907 1141 1559 1062 804 921 1676 1217 1248 1958 1442 849 1831 1792 1737 1937 1610 2014 505 1180 1261 989 2330 1215 1177 1467 1488 968 1374 592 1359 687 1503 948 2107 1161 965 1169 1241 975 1517 2197 1365 2092 1857 1449 1161 1123 1131 1035 1881 1010 1931 1005 1155 1203 1009 1165 1047 1289 1117 1005 1601 890 1087 1466 1485 862 1118 2172 1510 1340 1529 2243 646 959 1820 1846 1531 1433 1631 1019 1068 1058 1048 1606 1062 923 1403 1240 1523 1178 1046 1909 460 1803 757 1835 683 2228 1765 1114 2253 957 1038 924 796 1014 1070 1488 963 1270 1590 1745 2101 1336 810 1137 1144 1145 1121 2047 1293 1390 517 1440 882 724 1043 1311 1830 479 1132 1673 954 1413 2105 1193 1401 1715 540 2151 649 1401 693 1638 1673 1777 700 1574 756 1148 1185 2198 982 1291 2001
1126 1094 1857 1133 2197 731 1037 919 1909 958 1283 1746 874 1529 1724 1772 360 1442 2113 1364 767 1124 1310 1068 825 1642 656 1294 1990 1865 883 1144 1278 876 775 2215 1247 1794 1432 1191 1042 548 1677 1213 1888 965 1740 1366 1226 1438 1339 1201 742 1156 1925 1893 2011 1569 1114 1282 1313 1809 1488 1623 1396 1589 1501 2343 703 1261 2024 1504 1488 1062 734 2039 1057 1411 1082 1341 1366 923 642 1471 952 1444 1313 2087 2187 1081 591 1541 1016 1414 2048 1767 1915 1967 1584 1352 1432 1148 1722 2209 1124 1709 1830 1956 1988 1144 1608 1970 1040 471 802 695 1287 811 1879 1324 1173 1054 839 1153 1174 1594 1192 1016 1213 1800 1722 1481 1552 1565 1881 2188 1525 933 1425 1091 1114 1502 1195 1996 1382 1004 628 774 1683 1209 1336 1781 1287 1637 1172 1523 1362 1329 1438 929 1152 1211 764 856 1848 990 785 1406 660 2295 606 1837 1329 950 1345 1373 1099 1156 710 941 1329 1444 1540 1933 1673 2275 2030 1928 1115 1381 1234 1520 1160 979 1456 831 881 1849 977 1191 1088 2230 1114 594 1258 881 2275 1204 1004 1217 1353 1448 1187 1050 1876 995 1312 1148 1356 715 1785 2214 1407 631 952 774 1350 1551 1404 946 793 627 1193 881 2075 1117 1119 1373 1468 1069 1264 730 1141 608 1333 2099 814 1871 394 1375 596 1548 1559 1849 1278 900 1175 1944 1962 1425 1702 1117 789 1436 1282 2072 1184 1568 867 1760 1229 989 1210 1587 642 1283 1143 1654 1312 1257 1967 1319 1390 888 1652 2073 1121 1594 718 701 1535 1225 2078 1900 916 2023 1014 1441 1326 1002 1767 2010 745 1599 1229 956 1857 1226 842 939
878 734 1543 1411 1859 1113 891 978 830 1180 548 1599 1718 1551 1763 694 1442 360 1052 549 1121 969 1079 894 1865 907 1663 1167 913 1712 983 1046 739 1143 1367 1147 1362 986 816 873 765 1630 968 918 817 1187 1770 1587 1223 902 1697 963 1756 944 1698 1648 1043 1767 716 983 1177 1430 926 1748 466 1251 1227 1473 1224 1068 949 473 1382 1097 1128 964 1176 747 887 1453 989 941 1228 765 1403 453 1376 1006 1890 1537 1326 787 877 1831 970 888 835 1264 930 1810 938 919 765 1767 725 741 1518 952 1388 843 2062 1582 1047 1513 1107 1165 563 1833 1358 1108 643 1250 1028 1016 824 1632 936 843 983 763 663 1823 1844 1388 903 1946 676 1120 1003 1910 921 1052 1438 1313 597 813 1667 1193 1193 949 678 1311 1183 909 908 1432 908 472 800 1406 987 969 1653 1114 909 1565 1464 1560 1622 1714 1682 789 1016 931 819 2076 966 944 1151 1220 784 1157 462 1399 681 1628 1144 2001 849 813 966 1059 659 1205 1976 1059 1791 1775 1135 939 847 1352 701 1564 791 1643 1290 938 914 765 1010 936 1076 818 1109 1291 663 829 1301 1173 959 1337 1945 1185 1062 1198 1997 595 821 1548 1517 1209 1154 1354 1211 785 772 812 1459 736 607 1075 1008 1194 1015 1239 1613 792 1474 452 1520 549 2023 1699 924 1936 634 1164 1096 637 1031 742 1190 753 1089 1626 1520 1915 1004 907 929 819 929 1068 1715 1113 1168 576 1264 580 926 783 1166 1507 576 1287 1440 925 1084 1772 1019 1202 1725 822 1848 969 1145 370 1452 1417 1686 949 1243 667 941 866 2061 732 960 1716
1360 1379 1612 1875 1809 1759 1477 1670 700 1724 1190 1766 2306 1839 1994 724 2113 1052 360 1201 1749 1478 1456 1461 2504 1313 2302 1775 693 1838 1611 1525 1240 1725 2058 468 1771 925 1155 1373 1453 2301 1045 1389 762 1726 1994 1967 1640 1214 2110 1428 2392 1442 1777 1730 649 2085 1359 1393 1547 1497 1191 2032 1077 1444 1479 1007 1916 1477 490 971 1662 1608 1767 479 1841 1321 1449 1825 1341 1568 1917 1087 2083 1030 1753 625 1864 2031 2015 1031 1483 2240 671 842 689 1110 1104 2241 1248 1430 791 1660 1416 791 1599 591 1277 1387 2448 1578 1579 2193 1726 1855 1185 2467 1339 1475 1300 1747 1658 1496 1357 1902 1414 1468 1437 674 877 2199 2191 1621 1010 1947 1174 1804 1309 2468 1451 1568 1876 1152 1101 1504 2351 1801 1298 1413 1307 1362 1568 1029 1408 1699 1279 1159 1140 1947 1475 1607 2262 1804 1077 2095 2155 1915 2253 1498 2357 635 1389 1623 1230 2571 1490 1442 1791 1765 1222 1709 950 1346 1003 1374 818 2197 1525 1197 1411 1566 1312 1881 2406 1681 2391 1934 1813 1418 1424 918 1393 2202 1280 2217 703 1409 1509 1298 1367 1233 1527 1435 985 1965 1182 1376 1649 1806 901 911 2387 1845 1631 1890 2478 927 1183 2091 2209 1862 1791 1911 874 1377 1370 1399 1763 1405 1287 1742 1498 1864 1386 892 2203 638 2143 1102 2154 1039 2419 1831 1351 2572 1300 980 841 1072 1089 1432 1794 1310 1483 1558 1971 2276 1696 874 1387 1484 1399 1241 2392 1504 1630 876 1635 1215 859 1400 1489 2194 835 1015 1910 1090 1755 2450 1515 1621 1702 707 2451 452 1670 1049 1831 1932 1867 780 1935 1088 1395 1518 2319 1277 1638 2283
967 744 1700 1471 2026 1077 927 845 926 1215 629 1737 1704 1663 1882 837 1364 549 1201 360 1102 1041 1191 943 1810 773 1613 978 1000 1855 974 1124 852 1157 1227 1287 1445 1174 969 961 688 1547 1148 1014 894 1223 1891 1670 1311 1050 1765 1055 1707 1025 1850 1800 1225 1864 733 1094 1284 1591 1083 1854 623 1398 1363 1660 1103 1171 1085 662 1503 1155 1098 1101 1002 569 940 1545 1119 938 1120 930 1242 634 1469 1105 2053 1577 1216 963 901 1896 1059 1077 934 1451 1101 1867 1084 996 954 1942 601 928 1674 1129 1570 914 2130 1748 1099 1421 1097 1057 656 1784 1532 1222 664 1304 1013 1096 904 1746 1026 856 1078 936 727 1899 1929 1521 887 2105 559 965 1143 1908 988 872 1506 1498 747 720 1565 1186 1357 1044 489 1478 1285 1089 992 1554 1041 529 956 1429 1067 784 1627 974 868 1588 1323 1652 1580 1899 1594 956 1136 801 951 2102 1031 1024 1118 1251 913 970 631 1575 670 1815 1332 2123 684 955 1067 881 678 1040 2030 1049 1767 1910 972 1029 897 1539 614 1516 899 1639 1465 1032 941 856 1135 1084 1164 840 1296 1124 786 901 1407 1146 1148 1524 1995 1129 1091 1066 2030 784 967 1564 1377 1161 970 1371 1400 835 820 626 1570 711 460 1016 1086 1125 1136 1428 1600 926 1397 588 1477 546 2088 1841 1037 1884 642 1353 1285 800 1210 611 1185 580 1195 1799 1579 1995 883 1096 1029 788 1024 1230 1624 1218 1242 686 1365 653 963 594 1288 1355 735 1476 1495 1098 1018 1679 846 1291 1891 918 1821 1125 1192 558 1541 1453 1819 1010 1111 605 1041 846 2166 824 891 1713
718 748 1485 862 1833 427 638 829 1589 603 940 1403 962 1215 1432 1431 767 1121 1749 1102 360 717 913 665 1115 1466 913 1294 1673 1528 500 745 884 502 988 1855 927 1390 1029 785 784 943 1270 805 1579 613 1447 1107 864 1030 1140 794 1003 748 1573 1535 1620 1323 766 876 931 1424 1081 1353 1052 1198 1114 1937 815 864 1674 1158 1134 673 402 1689 1103 1221 679 1035 960 542 753 1073 1141 1099 986 1761 1831 899 812 1142 627 1253 1728 1371 1593 1559 1177 1207 1024 740 1339 1827 898 1330 1456 1574 1585 742 1481 1590 640 873 396 736 936 1079 1480 930 837 723 453 750 773 1291 785 644 807 1435 1422 1289 1343 1201 1627 1844 1293 958 1019 1167 707 1412 919 1589 1008 777 1035 452 1281 802 1124 1383 909 1232 765 1176 954 1013 1035 727 746 1134 892 876 1611 873 1053 1125 866 1898 1006 1474 925 826 941 1377 691 748 419 611 928 1408 1209 1534 1404 1872 1629 1660 973 977 827 1429 822 1053 1354 428 1030 1531 1009 783 692 1825 854 813 858 897 1883 797 605 822 948 1040 793 675 1469 1115 929 749 999 417 1383 1809 1311 518 551 863 1317 1181 1000 841 1088 502 1206 661 1671 732 738 1211 1139 755 1012 527 737 575 929 1694 858 1530 789 1039 765 1267 1434 1511 870 1183 848 1537 1560 1042 1294 902 458 1245 886 1687 952 1386 783 1361 821 674 803 1181 1045 892 771 1337 951 910 1682 1150 1001 1148 1312 1665 868 1187 549 1103 1425 856 1707 1581 1087 1658 641 1118 1024 777 1442 1710 873 1348 822 618 1633 837 617 972
365 677 1169 802 1520 765 512 1023 1388 606 788 1131 1191 1002 1227 1210 1124 969 1478 1041 717 360 577 476 1421 1453 1226 1456 1474 1256 634 444 609 627 1301 1586 763 1050 698 466 836 1294 922 455 1395 608 1238 989 633 680 1090 437 1307 396 1282 1238 1306 1185 680 520 636 1092 729 1182 869 864 789 1589 1120 534 1425 954 866 494 754 1439 1321 1224 471 865 603 615 1073 757 1430 907 792 1543 1527 935 1149 822 554 1223 1523 1049 1390 1202 829 1200 670 411 1049 1494 939 1046 1140 1278 1230 487 1455 1261 462 1230 682 1036 767 1379 1129 603 739 645 664 420 504 1085 431 601 452 1171 1262 1219 1247 912 1512 1554 1237 1190 662 1350 413 1488 829 1232 768 871 1392 724 928 445 1121 1036 627 891 430 916 602 891 709 830 397 1259 1157 1124 1515 982 1379 973 1169 1548 1359 1214 572 995 612 1480 386 397 775 647 615 1530 1026 1183 1289 1517 1291 1468 1079 649 470 1502 726 1295 1367 658 1279 1286 1235 428 512 1481 871 1131 561 1099 1562 442 528 566 594 686 491 592 1119 1373 682 501 747 769 1048 1465 1336 869 536 1148 1396 928 668 974 1420 859 1388 793 1328 568 583 1247 911 741 987 823 406 918 576 1349 1089 1302 1144 876 1079 1152 1414 1240 516 1482 762 1186 1222 776 941 955 712 1243 561 1350 910 1314 998 1033 467 719 449 824 1397 576 561 1161 699 757 1524 1189 680 1465 1103 1313 831 840 847 1455 1482 614 1389 1382 1339 1386 552 961 861 823 1193 1531 1172 1260 466 676 1492 597 818 1165
485 868 951 782 1302 968 726 1239 1435 727 923 924 1280 833 1050 1249 1310 1079 1456 1191 913 577 360 688 1551 1604 1368 1660 1517 1048 850 527 702 794 1517 1563 676 951 672 600 1037 1469 812 544 1454 723 1059 887 544 603 1020 515 1439 564 1067 1023 1239 1051 865 457 460 876 629 1029 972 648 571 1453 1336 408 1429 1031 672 609 953 1441 1536 1389 680 746 475 832 1286 744 1648 998 669 1569 1310 944 1358 788 768 1153 1559 986 1434 1040 727 1147 569 591 1030 1279 1132 1036 922 1236 1040 663 1373 1045 632 1420 877 1252 896 1505 928 391 909 685 874 526 659 915 542 812 491 1174 1344 1125 1135 703 1610 1339 1378 1407 515 1402 619 1670 780 1062 846 1078 1578 896 734 520 1289 831 474 802 581 724 547 1027 689 901 540 1459 1270 1342 1625 1026 1592 849 1305 1345 1534 1217 429 1209 626 1475 603 565 972 757 656 1724 1110 983 1396 1325 1186 1292 1279 645 491 1683 899 1512 1314 862 1375 1088 1451 541 713 1354 1062 1279 652 1181 1478 532 745 696 448 584 483 796 989 1590 776 673 583 959 958 1339 1292 1070 721 1366 1381 965 650 1032 1631 1054 1598 890 1209 753 767 1422 741 937 1155 1036 541 1124 431 1227 1188 1330 1326 991 1227 1268 1339 1033 515 1604 933 1052 1117 826 807 1149 882 1406 392 1137 875 1213 1215 961 527 929 536 657 1573 407 560 1238 551 898 1595 1368 465 1680 1160 1167 818 741 1061 1629 1658 525 1171 1429 1435 1368 665 1069 748 864 995 1587 1388 1385 515 891 1342 727 1036 1235
447 566 1278 888 1629 698 399 910 1337 647 706 1247 1209 1117 1342 1166 1068 894 1461 943 665 476 688 360 1409 1351 1209 1339 1423 1372 550 557 583 624 1205 1568 869 1085 724 486 719 1248 969 523 1338 653 1354 1092 746 734 1182 535 1295 484 1396 1351 1317 1293 572 614 753 1196 785 1295 802 970 899 1634 1023 648 1396 899 983 572 695 1411 1207 1117 373 974 690 518 982 767 1326 845 903 1500 1638 1003 1065 837 440 1313 1475 1066 1340 1268 877 1285 735 460 1041 1596 825 1034 1249 1275 1312 437 1547 1366 516 1169 635 940 690 1370 1219 716 639 722 590 536 468 1200 512 484 557 1148 1194 1317 1350 1027 1434 1667 1141 1078 745 1387 429 1374 923 1302 725 754 1333 702 1016 534 1014 1130 744 928 478 1033 662 804 730 874 513 1142 1161 1015 1431 1032 1286 1081 1156 1637 1311 1190 670 880 636 1542 456 483 719 687 622 1414 964 1272 1208 1597 1323 1583 962 673 565 1389 624 1184 1450 598 1291 1403 1122 512 407 1521 757 1110 552 1125 1578 524 427 523 687 749 607 476 1168 1263 640 445 863 722 1078 1505 1416 801 534 1046 1463 896 695 1017 1330 801 1272 825 1366 469 484 1136 1026 626 881 736 522 844 673 1390 1105 1262 1092 802 1060 1069 1505 1356 587 1474 660 1236 1255 749 998 840 693 1137 675 1451 996 1413 887 1055 542 602 525 902 1348 692 665 1098 815 674 1458 1077 793 1369 1053 1367 913 886 759 1407 1370 727 1497 1330 1351 1369 612 887 969 883 1310 1473 1072 1172 549 562 1602 545 711 1195
1426 1496 1996 1219 2300 1112 1388 1384 2335 1190 1690 1836 689 1593 1736 2183 825 1865 2504 1810 1115 1421 1551 1409 360 2106 562 1746 2418 1937 1254 1407 1632 1155 1190 2611 1364 2111 1758 1514 1482 687 1980 1517 2320 1192 1753 1381 1408 1739 1287 1490 474 1458 2018 1998 2364 1538 1516 1558 1515 1980 1785 1615 1804 1787 1697 2640 1163 1507 2429 1911 1621 1315 1100 2444 1507 1873 1421 1421 1639 1297 1107 1812 1352 1851 1428 2510 2275 1086 1041 1880 1381 1303 2475 2109 2340 2231 1887 1235 1722 1461 2090 2352 1575 2082 1971 2325 2215 1485 1428 2120 1321 823 1138 1160 1689 410 2091 1554 1584 1232 1207 1428 1517 1634 1492 1398 1493 2190 2157 1395 1475 1706 2334 2253 1981 1393 1694 795 1433 1965 1269 2251 1763 1451 792 1067 1916 1503 1794 1990 1487 1952 1485 1640 1661 1753 1768 1026 1438 1676 647 1319 2305 968 1159 1442 613 2485 691 2230 1593 1413 1671 1086 1402 1458 1076 1155 1666 1900 1958 2143 2121 2491 2353 1887 1579 1708 1519 1984 1569 1426 1270 1183 605 1889 1433 1490 1442 2537 1556 662 1599 780 2623 1502 1356 1571 1619 1740 1433 1430 2172 1425 1683 1494 1508 1059 2109 2521 1223 1042 1249 1232 1108 1936 1728 936 1141 1015 1645 1023 2386 1487 1494 1837 1564 1488 1711 1155 1420 1045 1597 2406 742 2283 791 1788 710 1990 1384 1921 1575 435 1591 2237 2283 1795 1990 1571 1076 1898 1519 2233 1210 1457 1331 2094 1527 1405 1511 1848 696 1511 1353 2080 1477 1661 2410 1782 1600 1246 2064 2357 1190 1899 1151 694 1999 1416 2201 2327 580 2413 1252 1862 1405 1085 1825 2447 1197 2051 1524 1359 1765 1589 1279 775
1381 1146 2090 1876 2403 1428 1332 1082 973 1613 1040 2142 2053 2076 2294 1011 1642 907 1313 773 1466 1453 1604 1351 2106 360 1921 896 1003 2257 1354 1537 1262 1544 1382 1363 1857 1495 1362 1375 1044 1808 1503 1427 913 1621 2303 2082 1725 1447 2172 1469 2014 1438 2245 2195 1449 2277 1138 1506 1697 1977 1474 2267 1009 1797 1768 1896 1322 1585 1182 999 1914 1563 1453 1194 1064 605 1350 1958 1526 1324 1365 1313 1322 1000 1882 1109 2436 1973 1447 1330 1301 2301 1051 1383 984 1777 1474 2269 1483 1409 1243 2304 928 1216 2065 1340 1915 1327 2536 2127 1506 1671 1469 1308 1067 2088 1898 1634 1073 1708 1386 1509 1318 2159 1440 1253 1492 1159 815 2309 2340 1928 712 2493 590 1113 1545 2268 1400 633 1914 1826 1141 1050 1789 1556 1739 1457 704 1856 1699 1446 1406 1965 1447 937 1347 1816 1480 822 1965 1165 646 1972 1467 2065 1900 2231 1843 1156 1547 1054 1356 2483 1442 1437 1469 1646 1319 782 930 1935 684 2133 1595 2535 887 1356 1480 625 1087 1136 2430 1424 2104 2317 1091 1443 1306 1782 978 1832 1311 2000 1639 1446 1342 1270 1544 1482 1577 1243 1616 1195 1193 1314 1821 1502 1465 1769 2392 1454 1489 1262 2417 1119 1365 1944 1518 1493 955 1754 1666 1246 1230 629 1983 1100 831 1346 1498 1433 1547 1694 1954 1053 1676 981 1801 737 2492 2244 1449 2182 1051 1662 1564 1185 1568 924 1559 581 1608 2165 1984 2405 1135 1410 1442 1165 1438 1615 1866 1631 1653 874 1779 1066 869 685 1698 1460 974 1770 1899 1468 1341 1914 574 1704 2270 966 2154 1269 1595 917 1954 1847 2227 952 1306 625 1454 1226 2580 1237 1222 2075
1231 1294 1844 1070 2162 910 1187 1201 2133 1002 1488 1698 622 1460 1625 1981 656 1663 2302 1613 913 1226 1368 1209 562 1921 360 1590 2217 1806 1052 1218 1431 959 1059 2408 1210 1917 1561 1316 1284 592 1788 1322 2119 1005 1641 1262 1236 1546 1192 1297 454 1263 1881 1856 2165 1441 1314 1368 1340 1818 1593 1510 1601 1616 1526 2451 999 1322 2226 1708 1467 1126 898 2241 1353 1684 1221 1280 1450 1095 936 1613 1232 1649 1276 2308 2142 960 886 1682 1179 1236 2273 1911 2138 2048 1695 1169 1531 1264 1889 2201 1380 1881 1818 2124 2040 1286 1397 1966 1127 692 936 984 1486 531 1919 1373 1382 1057 1004 1236 1317 1511 1298 1196 1302 1988 1957 1318 1396 1550 2138 2127 1788 1229 1507 816 1235 1794 1126 2070 1561 1255 735 867 1738 1309 1602 1818 1312 1758 1289 1491 1468 1552 1571 864 1245 1502 523 1151 2112 846 1049 1317 425 2321 635 2028 1405 1226 1474 1110 1206 1263 874 970 1467 1740 1756 1972 1923 2320 2158 1799 1394 1511 1327 1813 1367 1275 1239 981 597 1769 1273 1295 1241 2346 1358 460 1400 676 2425 1308 1155 1371 1431 1548 1247 1227 1981 1287 1481 1294 1347 857 1914 2330 1190 843 1052 1071 1105 1734 1532 806 1043 814 1490 848 2194 1285 1292 1652 1421 1287 1515 956 1227 851 1410 2215 616 2081 625 1586 509 1791 1350 1790 1381 633 1389 2048 2089 1594 1800 1377 877 1709 1336 2076 1082 1393 1147 1897 1333 1204 1316 1663 662 1330 1173 1879 1311 1459 2211 1596 1424 1146 1862 2170 1046 1706 954 695 1825 1242 2056 2125 622 2211 1065 1661 1264 931 1698 2247 1041 1855 1330 1157 1697 1388 1082 707
