140 1319 778 1232 1283 1131 1297 362 887 213 1046 930 303 1042 992 773 863 1375 990 250 229 268 1041 947 1303 298 1150 1283 707 1306 488 747 316 319 852 1347 1302 1052 281 214 749 273 657 981 1286 338 1210 1397 521 500 1108 554 1339 756 1038 1390 594 859 537 1106 1278 641 324 1002 1133 1021 561 1149 1223 1056 1388 743 797 734 937 1101 841 539 872 365 864 974 1345 679 789 461 914 739 1288 391 522 315 1306 1367 263 1141 577 1045 298 981 307 326 356 1211 607 249 326 671 415 601 827 262 454 625 430 742 554 250 545 1105 475 403 1010 1164 1322 787 851 1090 370 846 357 901 401 767 505 930 834 485 434 1399 1374 1078 747 283 351 226 1382 324 693 380 468 1208 346 892 351 859 862 562 1332 769 593 1343 723 489 469 695 1318 620 516 221 1354 617 1309 487 229 266 237 968 1371 246 392 1399 1205 677 367 377 647 539 398 500 856 716 442 690 557 306 1058 526 1066 1173 1393 705 809 495 359 1206 414 1008 976 724 294 1274 399 292 556 1013 250 303 1000 339 315 351 337 754 627 754 250 672 385 945 534 701 444 1044 1053 933 1178 596 865 349 1210 1205 309 1360 878 587 946 445 1206 1011 1209 222 1369 416 264 1276 544 970 899 1192 828 593 1300 1206 1399 1158 374 650 665 457 416 370 938 1080 1340 785 1007 1160 317 883 1385 1137 1384 722 593 300 753 1094 1131 265 364 507 608 744
1419 360 1086 1334 2021 1919 1266 1638 1081 1488 2255 1985 1445 2241 2136 1301 1937 1755 770 1437 1506 1412 665 750 1614 1575 1681 1022 975 2153 1707 1965 1394 1368 2123 1568 473 1823 1545 1487 2008 1546 1721 1616 2492 1546 2480 2028 1209 1763 1130 1393 2167 1219 1398 2600 1223 1961 1680 2086 2336 1784 1513 697 2399 1777 1702 1915 2329 1743 2345 1893 1642 1121 883 2062 1258 1183 942 1643 1567 2155 2611 1530 2029 1513 2194 1010 2531 1295 1169 1589 1877 526 1513 800 1655 1323 1570 1234 1578 1374 1384 670 1449 1430 1407 1939 1616 1089 1725 1490 1486 1629 1464 941 1189 1493 1160 2379 1382 1651 1899 2400 2486 918 1691 591 1534 1877 1472 2051 1298 1741 1302 2193 1263 1194 1713 2094 2329 1722 1268 1498 1507 1504 2293 1573 1596 1308 1386 1677 1553 1113 1624 2072 1393 1836 962 1964 1486 1821 975 1379 1397 1514 2177 1363 1200 1481 2439 1888 1360 1200 1475 1516 1473 1330 2068 1525 1427 1954 2472 1213 1533 1411 1289 1685 1354 1647 881 1989 1337 1041 1698 1373 2260 1777 1646 2275 2537 1923 1565 1716 1560 2466 1681 2166 2108 1288 1547 1847 1305 1543 1123 1924 1524 1440 2280 1612 1370 1595 1525 1970 1351 2025 1467 1614 1302 2034 1789 1039 1674 1961 1206 2179 1417 1083 1041 1614 1526 2355 1567 2634 1281 1323 803 1253 1576 2043 2091 1458 1561 1458 1433 2459 1450 2228 1152 2435 2091 1513 648 1716 750 1436 1404 1879 1510 1694 1386 1612 816 650 1241 1907 2125 2438 1365 1991 2242 2345 958 984 1819 1470 2018 1085 904 1522 1373 1261 1228 1921
878 1086 360 878 1896 1209 910 1092 475 939 1784 1641 854 1780 1726 580 1577 1835 968 888 967 892 930 718 1721 1006 1657 1398 735 1441 1224 1290 920 824 1490 1727 1125 1111 967 936 1362 1011 1354 918 1792 932 1915 1973 621 1233 705 1098 1991 1117 1436 1899 978 1581 1255 1801 2000 1366 1035 761 1746 1620 1280 1209 1954 1044 1621 1473 1410 406 1009 1336 1210 612 506 1092 849 1453 1952 1272 1364 1121 1594 496 1851 764 796 1012 1226 1203 936 1158 1272 734 1035 1300 1043 901 943 1146 1174 894 945 1393 1144 627 998 982 1099 1291 1068 745 588 977 624 1808 717 1141 1175 1894 1771 826 1469 912 902 1154 1027 1343 743 1437 648 1650 564 736 1140 1416 2070 1032 1146 1000 1048 963 2065 1061 873 848 1030 1048 1071 493 1084 1597 1312 1281 1402 1277 1189 1846 795 1039 731 1273 1463 646 856 927 1714 1338 949 692 917 938 954 689 1388 980 1013 1315 1914 1044 1074 987 1084 1007 745 976 578 1364 707 521 1276 856 1564 1262 1586 1902 1817 1443 1377 1068 937 1924 1148 1457 1394 1143 1030 1815 873 1028 719 1199 961 964 1663 1074 877 1088 908 1492 634 1395 900 894 768 1314 1157 876 1040 1236 1335 1664 1539 705 447 1019 955 1639 1047 2055 1253 1066 643 706 1640 1719 1372 925 1074 807 874 1750 1133 1693 520 1920 1550 1206 952 1710 1023 1536 786 1218 787 1195 993 1107 630 797 942 1510 1408 1809 863 1608 1530 1649 1435 571 1161 875 1380 682 1213 946 777 632 543 1229
1332 1334 878 360 2411 1116 479 1521 771 1389 2203 2121 1292 2205 2178 821 2055 2349 1405 1346 1419 1365 1326 1107 2231 1433 2175 1838 1240 1328 1676 1553 1407 1295 1793 2230 1420 1044 1394 1386 1663 1458 1840 848 1943 1335 2261 2491 1115 1657 577 1610 2499 1632 1947 2042 1496 2052 1728 2291 2471 1834 1507 1119 2000 2134 1753 1098 2412 939 1559 1934 1920 904 1477 1343 1725 1114 909 1519 896 1633 2182 1783 1636 1614 1927 1002 2048 1253 1313 1432 958 1493 1369 1580 1757 553 1479 1804 1486 1390 1438 1523 1686 1359 1433 1791 1608 1146 1099 1448 1595 1788 1563 1241 1084 1439 1133 2155 1121 1586 1178 2287 1875 1315 1979 1265 1294 1287 1512 1519 1225 1935 1089 2031 758 1247 1544 1195 2561 898 1663 1468 1526 1414 2562 1515 1071 1347 1537 760 1537 745 1518 2024 1830 1684 1820 1517 1698 2364 1298 1548 1130 1786 1354 981 1373 1376 1748 1739 437 1199 1366 1370 1418 634 1173 1426 1509 1015 2267 1562 1550 1482 1602 1312 1195 1300 1011 1692 1151 1037 1749 1335 1746 1693 2104 2363 1894 1879 1892 1409 1330 2290 1579 1612 1538 1661 1485 2333 1377 1484 1237 1211 1399 1445 1974 1511 1363 1541 1314 1925 972 1713 1345 1107 1254 1440 1503 1386 1402 1240 1831 2063 2043 1223 821 1424 584 1749 1498 2381 1767 1583 1006 1198 2153 2202 1304 1386 589 1201 1329 1880 1641 2077 719 2306 1939 1712 1070 2228 1043 2043 1219 1514 1020 1641 1495 1559 997 1092 541 1977 1535 2093 1347 2076 1406 1823 1841 1076 1471 1305 1689 622 1658 1378 1229 1100 995 1466
1383 2021 1896 2411 360 2354 2446 1395 2010 1453 1217 867 1544 1185 1030 1981 913 818 1620 1475 1427 1442 1736 1828 910 1459 720 1490 1581 2497 1242 1769 1385 1504 1661 1003 1933 2284 1486 1455 1670 1403 1011 2225 2156 1561 1583 521 1658 1332 2238 1160 531 1194 994 2229 1286 954 1140 727 923 1085 1319 1862 1856 636 1124 2375 1006 2297 2519 1058 854 1867 1504 2267 1131 1657 1913 1403 2108 1978 2004 989 1747 1184 1572 1788 2060 1529 1461 1472 2549 1950 1494 1601 1078 2242 1394 1151 1391 1398 1347 1737 1085 1457 1359 1360 1257 1631 2054 1381 1197 1018 1226 1595 1688 1393 1637 1551 1706 1317 2218 1369 2264 1553 796 1832 1603 2022 1292 1967 1559 886 1707 1395 2029 1523 1439 2624 770 2321 1150 1360 1292 1431 696 1349 1932 1430 1237 2449 1306 2030 1387 1186 997 1382 1580 1821 1076 701 1535 1224 1704 984 2504 1848 1400 1465 2387 1366 2484 1572 1473 1495 1408 2173 2598 1430 1278 2641 1556 1240 1277 1304 1182 1726 1611 1700 1836 1593 1653 1745 1127 1460 2000 1294 735 978 2350 1193 880 1631 1578 1502 1356 2033 2040 1141 1370 594 1397 1368 1539 2213 1464 1358 1657 1386 1428 1331 1571 1186 1851 1619 1493 1907 1529 2059 1588 1440 1594 2238 1195 1313 1034 1559 1967 1504 2433 2192 1368 1715 1102 1191 1896 1578 875 816 2397 1438 2583 1660 1494 2195 1134 1381 2052 1412 1364 1065 2178 708 2305 1002 1607 1696 1909 1281 1284 1320 1896 1947 2473 1004 2079 1779 1443 958 2565 2043 1628 1724 1672 1544 1646 2208 1506 1489 1581 1683 1784 1829
1231 1919 1209 1116 2354 360 1235 1319 1198 1279 1840 1923 1203 1854 1894 989 1857 2462 1801 1273 1300 1316 1777 1567 2382 1257 2241 2212 1519 593 1477 1055 1382 1275 1294 2415 1970 458 1234 1277 1189 1316 1704 665 1251 1159 1760 2479 1237 1401 1216 1637 2383 1791 2104 1337 1618 1833 1574 2112 2206 1643 1408 1608 1404 2104 1592 389 2117 543 806 1707 1882 1187 1816 613 1886 1258 1344 1311 720 1008 1543 1769 1127 1550 1447 1324 1387 1292 1453 1243 644 2048 1232 1991 1636 1000 1322 2013 1325 1378 1426 1993 1696 1294 1403 1449 1458 1358 663 1351 1545 1700 1521 1542 1230 1338 1292 1666 1086 1397 512 1862 1154 1624 1933 1760 1121 726 1448 916 1261 1828 1134 1614 1017 1367 1283 629 2358 579 1798 1370 1438 1297 2389 1368 805 1381 1548 743 1414 1166 1327 1701 1938 1376 2229 1000 1685 2434 1572 1568 1080 1786 618 996 1493 1269 1000 1415 1162 1317 1262 1231 1328 963 604 1294 1480 705 1774 1706 1447 1460 1703 989 1183 1014 1428 1253 1156 1319 1588 1315 1103 1441 2157 2079 1157 1597 1900 1090 1141 1817 1361 964 895 1781 1350 2364 1418 1352 1411 534 1260 1390 1454 1328 1349 1383 1155 1630 1002 1253 1245 820 1288 802 1153 1620 1122 536 2071 1677 2236 1428 1239 1210 906 1042 1349 1839 1928 1653 1486 1273 2287 2003 548 1302 1036 1090 1256 1175 1634 1660 1128 1865 1552 1684 1720 2297 1739 2221 1161 1080 863 1437 1495 1394 1472 1631 1297 1762 874 1523 1336 1848 682 1163 2268 1386 1077 1194 1221 1249 2030 1235 1200 1181 1135 963
1397 1266 910 479 2446 1235 360 1594 796 1455 2282 2180 1360 2283 2248 897 2115 2358 1381 1409 1484 1423 1293 1083 2235 1505 2194 1807 1249 1446 1744 1655 1461 1353 1892 2228 1359 1163 1466 1452 1761 1526 1896 965 2058 1411 2356 2518 1163 1732 568 1648 2541 1648 1955 2157 1523 2115 1789 2346 2534 1897 1567 1086 2106 2169 1814 1218 2480 1058 1678 2000 1960 943 1463 1462 1737 1158 910 1592 1006 1744 2292 1822 1738 1666 2022 1020 2160 1304 1344 1506 1071 1429 1439 1548 1813 648 1548 1806 1555 1442 1488 1479 1724 1420 1487 1873 1671 1175 1210 1509 1645 1838 1613 1246 1130 1502 1173 2249 1193 1656 1296 2373 1992 1314 2019 1223 1372 1398 1567 1629 1278 1984 1151 2118 829 1286 1623 1308 2615 1017 1682 1529 1584 1480 2613 1581 1172 1394 1580 876 1599 778 1590 2101 1849 1764 1782 1622 1739 2379 1305 1589 1203 1824 1473 1059 1405 1442 1867 1820 458 1241 1432 1440 1480 726 1288 1494 1559 1123 2360 1582 1609 1532 1629 1405 1258 1390 1006 1787 1214 1061 1810 1391 1857 1767 2126 2430 2012 1952 1926 1498 1409 2381 1652 1725 1652 1683 1551 2356 1422 1549 1266 1329 1468 1501 2073 1582 1416 1607 1390 2000 1049 1809 1412 1208 1307 1554 1593 1397 1488 1358 1827 2147 2043 1248 839 1502 699 1866 1564 2479 1778 1615 984 1248 2161 2260 1423 1449 664 1277 1393 1995 1683 2164 761 2393 2024 1756 990 2246 948 2046 1286 1612 1114 1710 1541 1626 977 1046 422 2041 1650 2196 1402 2140 1524 1936 1800 1090 1566 1375 1786 604 1631 1449 1292 1156 1051 1570
462 1638 1092 1521 1395 1319 1594 360 1197 517 1053 986 598 1051 1017 1060 918 1550 1296 571 494 587 1354 1269 1496 449 1317 1557 1024 1467 525 812 609 641 869 1551 1617 1251 488 519 782 452 745 1218 1333 550 1207 1524 840 501 1413 773 1428 1009 1253 1434 866 905 615 1171 1316 694 515 1323 1151 1151 633 1340 1251 1274 1517 780 936 1047 1233 1245 1080 859 1192 369 1102 1045 1362 845 836 631 917 1060 1318 714 833 450 1526 1680 516 1437 679 1330 428 1224 420 627 632 1516 802 572 603 668 503 924 1021 510 640 748 633 1058 872 506 867 1103 761 438 1183 1164 1387 1097 982 1408 594 993 572 991 722 869 809 928 1126 805 446 1589 1432 1302 988 509 539 496 1450 443 910 690 704 1453 489 1200 376 868 1072 559 1613 847 774 1503 1034 724 751 867 1476 900 816 527 1445 614 1599 810 536 514 525 1251 1563 476 626 1616 1202 938 529 627 891 691 706 665 1178 736 746 1012 630 627 1115 532 1232 1203 1463 718 973 602 560 1204 417 1087 1068 961 456 1421 701 460 875 1179 490 569 1007 388 627 439 568 765 909 775 552 881 708 1058 592 1001 559 1206 1300 933 1395 915 1179 471 1476 1279 438 1358 1112 827 1269 767 1398 1068 1368 542 1641 681 581 1334 741 968 1203 1191 825 762 1623 1372 1721 1371 670 717 907 485 666 440 1260 1403 1640 829 1104 1168 633 925 1539 1188 1666 1044 671 580 780 1402 1416 506 674 819 915 836
987 1081 475 771 2010 1198 796 1197 360 1047 1891 1756 959 1888 1837 593 1691 1938 1028 997 1076 1004 972 749 1821 1110 1765 1464 830 1432 1335 1363 1034 935 1573 1822 1135 1102 1071 1045 1444 1119 1469 896 1846 1030 2010 2085 735 1338 590 1212 2106 1221 1537 1952 1088 1695 1368 1916 2114 1479 1148 780 1822 1733 1393 1194 2067 1022 1627 1585 1524 513 1084 1351 1313 727 522 1197 849 1510 2024 1386 1440 1236 1684 591 1916 878 909 1115 1178 1213 1041 1215 1386 648 1143 1396 1151 1015 1058 1185 1288 1005 1060 1495 1256 739 1024 1094 1214 1407 1183 834 701 1088 739 1902 810 1250 1184 1997 1815 911 1583 936 997 1194 1142 1397 855 1552 749 1750 543 851 1241 1382 2185 1004 1253 1112 1162 1072 2180 1171 916 963 1145 988 1183 394 1190 1705 1420 1383 1459 1344 1304 1953 889 1154 823 1387 1456 712 969 1035 1742 1440 839 808 1025 1043 1065 624 1355 1088 1128 1262 2010 1151 1187 1102 1195 1083 851 1056 623 1452 811 628 1389 969 1622 1369 1695 2015 1856 1552 1490 1155 1033 2023 1254 1508 1442 1251 1140 1924 988 1138 831 1211 1067 1078 1750 1181 991 1198 1007 1600 700 1481 1007 942 882 1356 1246 976 1131 1248 1426 1767 1635 814 414 1119 874 1683 1156 2146 1356 1179 656 820 1742 1833 1372 1035 977 900 983 1800 1248 1794 435 2022 1651 1321 904 1817 956 1634 889 1297 834 1304 1108 1217 643 793 827 1623 1452 1891 977 1721 1520 1707 1488 665 1242 978 1464 568 1280 1051 884 740 642 1295
313 1488 939 1389 1453 1279 1455 517 1047 360 1204 1095 457 1200 1153 929 1028 1547 1160 413 389 439 1211 1114 1476 447 1322 1456 877 1453 649 894 489 484 1001 1520 1471 1201 428 362 897 431 824 1132 1433 485 1363 1567 684 656 1267 727 1507 930 1212 1538 767 1023 703 1271 1441 805 493 1169 1282 1191 726 1297 1385 1206 1535 905 967 895 1108 1248 1014 702 1035 519 1015 1121 1494 850 937 632 1066 903 1436 557 693 463 1457 1537 409 1313 744 1201 456 1155 464 499 529 1383 779 418 499 825 580 768 976 432 625 794 602 911 716 419 710 1258 630 562 1158 1320 1469 958 1021 1259 518 993 529 1048 565 935 663 1085 991 653 585 1547 1539 1228 921 452 521 385 1548 486 842 551 641 1360 512 1052 506 1018 1035 716 1505 916 765 1515 893 662 623 867 1465 775 688 373 1500 771 1466 653 383 412 409 1124 1520 401 565 1549 1359 850 536 550 820 686 557 647 1021 866 600 855 722 476 1205 683 1238 1335 1540 864 980 642 506 1361 570 1154 1122 897 456 1445 572 455 724 1160 398 476 1151 495 487 512 485 913 782 904 403 821 551 1092 682 873 591 1191 1227 1090 1351 764 1026 497 1364 1352 469 1513 1051 761 1112 610 1379 1176 1357 395 1524 568 425 1423 716 1125 1058 1348 983 764 1465 1378 1563 1331 530 798 816 617 590 531 1103 1247 1498 948 1154 1311 487 1047 1532 1284 1556 887 740 452 902 1254 1303 411 523 667 767 891
1146 2255 1784 2203 1217 1840 2282 1053 1891 1204 360 749 1291 392 552 1745 749 1603 1866 1256 1177 1258 1952 1920 1630 1141 1393 1982 1652 1905 926 1147 1250 1323 936 1717 2210 1803 1180 1207 1014 1133 910 1839 1360 1231 726 1379 1527 912 2106 1230 1131 1452 1517 1413 1396 705 935 850 775 831 1125 1971 1038 1146 913 1867 665 1859 1850 727 1086 1739 1773 1667 1469 1544 1876 1054 1733 1282 1156 1135 1085 1102 796 1741 1236 1391 1460 1138 2099 2260 1209 1955 964 2010 1108 1587 1100 1271 1246 2066 1189 1252 1230 775 1015 1591 1590 1168 1128 1005 1152 1683 1560 1171 1546 698 1451 1003 1688 529 1489 1696 1074 2025 1270 1473 1154 1320 1406 945 1502 600 1813 1463 1019 2090 978 1898 1409 1153 1122 1180 1043 1085 1531 1336 1229 2074 1086 1893 1060 548 1376 879 2060 1203 1148 1504 1642 1236 1440 1159 1903 1584 1419 1216 1653 825 2280 1482 1226 1208 1194 1930 2069 1163 1192 2178 700 1425 1095 1212 1350 1276 1399 1276 1849 947 1440 1691 916 1298 1260 881 1332 649 1575 702 1178 1168 1233 651 996 1341 1378 1381 1115 1388 1328 1118 1523 1669 1183 1201 853 1070 1285 1059 1252 653 1593 950 1243 1496 1386 1435 1080 1577 1165 1680 1665 524 1639 1561 1871 1140 2131 1450 1098 868 1476 1303 1937 1448 1547 768 1811 1220 2300 1365 1270 1416 1173 562 1895 573 647 1120 2287 1427 2394 1604 1363 1122 1557 951 1231 1039 1930 2056 2330 728 1414 939 1296 681 1950 1277 2116 1713 1138 1273 983 2095 1899 1199 1366 1511 1608 1237
1030 1985 1641 2121 867 1923 2180 986 1756 1095 749 360 1193 719 560 1664 428 1216 1579 1135 1065 1117 1679 1692 1240 1068 1003 1628 1420 2040 821 1288 1081 1187 1157 1327 1923 1864 1103 1098 1178 1029 647 1844 1650 1174 1110 1025 1381 882 1984 959 835 1137 1142 1722 1128 452 753 548 722 652 974 1739 1350 756 729 1947 704 1895 2038 576 726 1602 1474 1804 1131 1389 1702 992 1728 1483 1505 815 1256 882 1065 1566 1554 1237 1246 1075 2147 1964 1122 1637 730 1936 1011 1232 1005 1100 1059 1759 897 1122 1055 867 875 1404 1636 1033 907 724 937 1446 1414 1042 1381 1061 1365 910 1778 917 1759 1438 699 1762 1218 1570 974 1484 1262 604 1392 892 1724 1276 1003 2190 806 1926 1089 1013 956 1069 826 971 1535 1155 993 2079 944 1767 983 680 1020 911 1711 1342 862 1121 1395 992 1358 834 2044 1510 1193 1108 1889 883 2198 1311 1118 1122 1063 1859 2165 1060 990 2235 1086 1132 932 1016 1055 1299 1286 1282 1652 1100 1330 1516 732 1149 1498 841 943 650 1845 700 818 1194 1186 1041 934 1540 1555 1064 999 1007 1134 1000 1320 1768 1091 1039 1151 987 1125 946 1189 685 1517 1123 1139 1504 1234 1584 1132 1314 1167 1788 1306 813 1257 1353 1724 1097 2097 1691 989 1257 1130 1024 1732 1295 1158 442 1940 1095 2258 1297 1152 1689 905 883 1779 962 857 836 2065 1037 2182 1222 1265 1225 1533 860 1017 929 1727 1827 2220 521 1593 1278 1139 451 2101 1538 1767 1520 1213 1184 1152 1964 1568 1114 1252 1384 1489 1358
403 1445 854 1292 1544 1203 1360 598 959 457 1291 1193 360 1289 1248 832 1125 1619 1143 430 487 472 1181 1062 1540 511 1398 1470 847 1388 744 896 538 451 1038 1579 1438 1121 473 454 923 526 921 1040 1437 462 1429 1655 611 739 1176 793 1602 970 1268 1543 799 1120 800 1369 1538 902 587 1117 1314 1279 824 1220 1480 1119 1485 1001 1055 809 1105 1193 1060 633 961 598 923 1112 1526 932 951 720 1119 833 1455 514 683 518 1369 1506 442 1308 840 1104 547 1196 555 536 583 1365 854 450 559 899 677 716 901 524 709 887 683 881 640 513 648 1323 532 655 1089 1400 1460 939 1110 1220 466 942 613 1028 507 1030 571 1158 894 621 648 1469 1637 1139 968 545 612 483 1645 583 760 559 705 1266 609 961 591 1106 1097 788 1513 908 845 1592 873 724 526 946 1402 677 696 444 1473 845 1369 604 434 444 496 1026 1442 494 637 1462 1427 886 630 616 869 648 469 606 958 904 508 787 820 479 1205 770 1315 1430 1526 954 1061 639 480 1433 655 1139 1099 947 553 1527 592 552 693 1095 468 549 1199 582 510 608 444 1002 684 940 413 743 507 1057 704 871 592 1128 1264 1169 1405 731 942 532 1266 1337 565 1575 1100 814 1049 551 1444 1274 1293 465 1426 476 412 1419 792 1200 965 1426 1057 847 1401 1455 1493 1387 433 804 726 710 651 627 1039 1191 1405 1045 1128 1355 500 1144 1469 1287 1562 829 743 385 933 1163 1309 452 438 582 677 876
1142 2241 1780 2205 1185 1854 2283 1051 1888 1200 392 719 1289 360 521 1746 721 1572 1849 1252 1172 1252 1937 1909 1600 1139 1363 1958 1640 1924 919 1163 1241 1318 958 1687 2194 1816 1179 1203 1032 1129 890 1847 1389 1231 758 1346 1522 911 2104 1213 1099 1432 1490 1443 1380 679 921 818 748 816 1117 1960 1068 1116 899 1881 640 1870 1873 709 1060 1736 1755 1686 1447 1538 1870 1052 1740 1304 1188 1113 1104 1088 821 1734 1266 1384 1449 1137 2111 2243 1207 1935 947 2013 1104 1563 1096 1262 1236 2047 1170 1246 1220 782 1006 1582 1601 1161 1114 985 1139 1671 1555 1165 1540 730 1451 998 1702 557 1516 1682 1046 2011 1271 1488 1143 1340 1400 920 1500 623 1813 1454 1021 2106 949 1908 1388 1146 1113 1176 1013 1079 1538 1327 1215 2083 1078 1890 1057 543 1352 883 2037 1220 1129 1472 1629 1221 1440 1137 1922 1585 1407 1213 1679 829 2282 1474 1222 1206 1188 1932 2085 1159 1180 2191 732 1407 1086 1201 1331 1283 1396 1282 1841 962 1437 1684 902 1291 1285 878 1302 620 1602 696 1152 1175 1235 683 993 1363 1398 1361 1110 1357 1318 1113 1513 1685 1180 1193 880 1066 1278 1053 1252 647 1594 967 1240 1503 1379 1454 1088 1562 1170 1696 1640 544 1611 1551 1867 1141 2137 1476 1093 899 1453 1285 1928 1442 1518 736 1829 1215 2305 1366 1265 1444 1155 588 1894 602 662 1101 2277 1396 2385 1576 1361 1135 1562 945 1219 1033 1921 2045 2330 706 1435 970 1289 654 1970 1304 2093 1705 1149 1271 1000 2093 1877 1197 1363 1508 1606 1252
1092 2136 1726 2178 1030 1894 2248 1017 1837 1153 552 560 1248 521 360 1717 573 1410 1736 1201 1124 1193 1830 1821 1439 1106 1202 1817 1549 1985 864 1221 1171 1262 1047 1527 2082 1846 1144 1156 1096 1082 774 1855 1512 1206 918 1191 1465 887 2061 1102 957 1306 1339 1575 1272 538 837 666 672 725 1051 1870 1198 955 812 1920 594 1890 1956 614 914 1684 1637 1747 1312 1477 1804 1020 1743 1389 1335 983 1173 995 929 1666 1401 1323 1363 1107 2138 2127 1169 1809 844 1988 1060 1421 1052 1192 1158 1927 1051 1192 1148 805 941 1509 1623 1103 1021 867 1048 1578 1498 1109 1474 881 1417 952 1744 718 1632 1580 895 1909 1249 1530 1067 1409 1342 779 1457 737 1782 1380 1007 2154 842 1925 1260 1086 1041 1128 893 1027 1543 1253 1118 2092 1015 1844 1020 557 1209 884 1898 1277 1012 1311 1531 1121 1408 1005 1986 1558 1316 1166 1781 840 2256 1407 1176 1168 1132 1908 2131 1114 1096 2222 893 1289 1014 1119 1213 1292 1351 1284 1765 1021 1394 1617 816 1230 1385 849 1143 548 1719 666 1007 1183 1214 844 960 1448 1474 1234 1058 1196 1239 1060 1432 1730 1140 1124 1003 1027 1211 1001 1225 626 1566 1035 1196 1509 1318 1518 1106 1457 1168 1745 1497 652 1457 1469 1812 1120 2129 1579 1044 1061 1314 1173 1849 1381 1359 576 1888 1162 2295 1338 1216 1560 1045 716 1851 762 736 984 2192 1235 2305 1421 1321 1175 1555 898 1130 982 1843 1957 2292 589 1512 1112 1224 509 2038 1415 1954 1629 1177 1234 1067 2045 1746 1160 1317 1458 1560 1303
873 1301 580 821 1981 989 897 1060 593 929 1745 1664 832 1746 1717 360 1597 1976 1180 889 959 911 1148 938 1872 971 1780 1603 918 1220 1215 1149 960 844 1372 1887 1344 891 932 927 1241 998 1387 703 1616 875 1826 2075 691 1196 738 1185 2057 1261 1585 1722 1102 1592 1271 1837 2011 1375 1051 980 1608 1707 1295 989 1951 826 1404 1474 1487 560 1209 1122 1358 700 719 1058 629 1282 1806 1353 1229 1167 1494 700 1692 812 915 971 1024 1422 908 1371 1304 631 1018 1464 1026 945 995 1365 1259 903 986 1335 1149 774 791 991 1150 1341 1119 936 667 982 729 1718 660 1125 958 1836 1582 1019 1545 1132 835 961 1062 1168 782 1487 636 1582 430 836 1086 1201 2106 818 1282 1011 1073 955 2111 1055 685 912 1105 863 1079 570 1057 1565 1443 1227 1613 1125 1265 1973 977 1119 669 1360 1243 521 971 916 1509 1283 898 782 906 909 961 555 1173 966 1065 1116 1829 1180 1095 1039 1204 879 740 859 799 1259 695 704 1291 885 1395 1232 1702 1902 1622 1418 1471 965 871 1848 1118 1278 1210 1273 1026 1928 945 1025 851 983 938 994 1552 1050 916 1081 854 1465 511 1285 885 714 812 1123 1060 1044 951 1021 1509 1609 1701 853 621 965 812 1450 1037 1955 1402 1172 860 765 1785 1745 1153 929 962 740 871 1568 1208 1627 546 1857 1487 1276 1137 1835 1187 1693 759 1092 606 1180 1057 1099 847 1010 948 1518 1220 1686 900 1616 1310 1479 1648 768 1042 844 1264 742 1419 917 773 658 562 1075
963 1937 1577 2055 913 1857 2115 918 1691 1028 749 428 1125 721 573 1597 360 1235 1534 1068 998 1051 1631 1637 1248 1000 1014 1604 1364 1977 753 1228 1017 1121 1108 1333 1879 1797 1035 1030 1121 961 586 1776 1606 1106 1098 1068 1316 816 1919 906 895 1097 1128 1681 1077 406 686 615 783 584 907 1684 1312 770 662 1880 753 1828 1978 512 701 1538 1431 1741 1099 1325 1641 924 1660 1428 1475 773 1199 821 1024 1504 1516 1173 1187 1007 2080 1922 1054 1599 667 1869 943 1207 937 1036 996 1719 848 1055 991 810 807 1343 1569 967 846 670 876 1392 1349 975 1318 1040 1298 842 1712 918 1711 1387 685 1713 1150 1506 909 1425 1197 566 1326 861 1657 1215 936 2124 874 1858 1050 947 890 1002 893 903 1467 1092 935 2011 877 1702 915 648 995 848 1685 1282 811 1145 1341 935 1291 794 1981 1443 1135 1041 1836 823 2132 1248 1051 1054 996 1792 2100 992 928 2168 1075 1086 866 953 1009 1232 1219 1215 1593 1044 1263 1455 666 1084 1447 775 947 699 1797 642 794 1127 1118 1035 866 1484 1497 1024 932 1035 1072 932 1260 1703 1023 974 1114 919 1060 878 1122 633 1450 1068 1071 1437 1170 1523 1067 1262 1100 1724 1283 787 1250 1294 1661 1029 2029 1640 921 1249 1100 974 1674 1231 1162 510 1877 1028 2191 1229 1086 1642 852 858 1714 962 816 784 2010 1052 2126 1215 1198 1163 1465 792 956 862 1669 1772 2155 456 1535 1247 1074 427 2038 1490 1741 1460 1148 1116 1096 1900 1534 1046 1185 1319 1423 1296
1475 1755 1835 2349 818 2462 2358 1550 1938 1547 1603 1216 1619 1572 1410 1976 1235 360 1397 1549 1529 1506 1512 1664 502 1586 596 1135 1470 2640 1434 1986 1440 1550 1939 572 1652 2379 1601 1549 1914 1522 1218 2273 2447 1671 1966 715 1645 1539 2150 1185 986 1079 762 2532 1233 1282 1325 1141 1372 1321 1426 1682 2175 825 1320 2479 1443 2368 2707 1344 986 1818 1289 2429 984 1635 1808 1560 2161 2213 2348 1066 1985 1285 1884 1707 2376 1547 1420 1603 2609 1650 1596 1315 1250 2207 1523 918 1523 1445 1396 1448 1127 1528 1419 1627 1409 1573 2160 1478 1286 1173 1305 1471 1668 1490 1606 1915 1750 1482 2345 1767 2534 1405 956 1609 1705 2174 1379 2176 1579 1103 1724 1736 2007 1501 1618 2727 1228 2382 1054 1460 1395 1532 1152 1480 2018 1450 1274 2475 1430 1965 1537 1522 894 1610 1221 2029 1144 477 1413 1254 1753 1045 2652 1874 1365 1556 2624 1615 2415 1555 1562 1598 1497 2151 2700 1539 1343 2704 1942 1156 1392 1362 1134 1865 1650 1830 1713 1843 1685 1674 1321 1509 2259 1510 680 1407 2617 1476 937 1790 1691 1895 1530 2262 2253 1062 1490 588 1413 1487 1488 2347 1571 1433 1979 1531 1475 1473 1672 1487 1874 1876 1578 2002 1549 2249 1776 1322 1744 2378 918 1662 699 1493 1887 1642 2421 2443 1496 2112 942 1175 1751 1581 556 1198 2543 1521 2549 1732 1566 2471 1190 1733 1996 1812 1679 1150 1966 546 2094 684 1664 1898 1973 1465 1327 1469 1755 1758 2372 1302 2290 2120 1488 1297 2718 2317 1261 1633 1859 1628 1897 2113 1211 1594 1628 1688 1773 2024
1090 770 968 1405 1620 1801 1381 1296 1028 1160 1866 1579 1143 1849 1736 1180 1534 1397 360 1115 1172 1081 477 658 1261 1248 1291 795 663 2027 1336 1680 1046 1055 1801 1234 705 1703 1226 1160 1698 1206 1323 1523 2220 1246 2115 1640 956 1407 1189 996 1761 809 1013 2327 830 1560 1295 1676 1927 1394 1155 659 2082 1370 1315 1805 1923 1646 2184 1500 1233 980 475 1888 851 930 868 1302 1441 1893 2295 1123 1733 1129 1851 839 2235 989 827 1264 1835 754 1196 550 1262 1316 1228 847 1235 1029 1026 582 1046 1103 1054 1581 1247 822 1550 1145 1103 1229 1084 632 950 1150 898 2018 1138 1294 1742 2017 2238 564 1281 574 1246 1666 1106 1800 1003 1335 1064 1826 1173 882 1378 2021 1919 1638 858 1148 1143 1171 1884 1221 1403 969 1002 1653 1193 1063 1280 1688 986 1485 793 1691 1084 1448 629 992 1150 1106 2047 1174 839 1157 2227 1533 1457 909 1153 1199 1134 1290 1993 1191 1056 1923 2105 807 1167 1044 884 1419 1076 1377 765 1666 1076 841 1312 1046 1989 1414 1249 1869 2299 1544 1155 1423 1263 2093 1330 1915 1867 879 1200 1460 955 1196 812 1761 1199 1087 1943 1268 1034 1240 1228 1588 1166 1704 1151 1410 996 1809 1480 657 1375 1798 839 1803 1061 777 974 1296 1541 2111 1219 2273 877 924 758 965 1207 1635 1949 1127 1629 1192 1117 2200 1053 1857 1102 2055 1726 1112 930 1332 1058 1073 1124 1587 1323 1330 1013 1255 767 724 1382 1510 1891 2104 1033 1589 2116 2071 828 774 1527 1168 1703 1145 612 1203 1085 1016 1030 1655
350 1437 888 1346 1475 1273 1409 571 997 413 1256 1135 430 1252 1201 889 1068 1549 1115 360 439 405 1162 1062 1472 498 1328 1423 827 1455 697 931 471 430 1050 1512 1422 1191 470 412 942 483 858 1110 1471 503 1417 1585 631 710 1219 724 1536 909 1202 1577 742 1065 742 1308 1485 847 522 1116 1329 1209 766 1290 1432 1190 1547 951 985 844 1068 1257 997 649 982 573 993 1154 1542 861 978 651 1118 849 1480 504 648 512 1439 1488 440 1272 776 1160 508 1136 516 472 515 1338 783 380 489 879 622 714 971 461 639 820 612 862 664 453 656 1312 594 613 1158 1373 1502 912 1040 1208 524 1004 543 1075 511 964 618 1139 948 602 638 1539 1577 1210 904 482 546 436 1583 533 831 511 635 1334 550 1003 560 1069 1029 769 1469 949 774 1522 847 655 590 876 1469 739 650 404 1525 825 1423 600 398 444 432 1084 1512 454 567 1532 1412 827 566 546 805 703 511 662 967 914 555 801 762 429 1242 736 1244 1381 1571 915 990 674 524 1415 623 1184 1148 883 503 1457 537 500 674 1162 447 479 1202 549 450 560 494 964 745 952 397 813 497 1112 725 832 624 1195 1205 1143 1340 714 975 540 1329 1382 518 1566 1036 748 1058 556 1376 1216 1360 400 1487 547 378 1458 722 1179 1011 1402 1036 777 1412 1384 1510 1321 493 835 796 667 582 579 1049 1194 1452 992 1179 1361 446 1090 1536 1322 1520 834 776 440 949 1204 1266 448 477 617 719 920
329 1506 967 1419 1427 1300 1484 494 1076 389 1177 1065 487 1172 1124 959 998 1529 1172 439 360 453 1225 1135 1461 438 1302 1457 893 1471 619 893 490 508 989 1506 1487 1223 433 392 889 404 795 1159 1430 502 1341 1543 711 631 1297 713 1479 925 1199 1533 766 993 673 1242 1412 775 468 1189 1270 1167 697 1319 1356 1230 1548 875 943 923 1116 1262 1006 728 1061 497 1042 1122 1482 829 932 609 1048 928 1428 580 706 456 1482 1551 427 1320 716 1231 429 1148 437 504 526 1393 762 438 494 802 550 790 997 411 604 768 583 927 743 398 734 1237 660 534 1177 1294 1470 971 996 1276 539 1008 509 1052 590 907 693 1061 1021 672 568 1569 1510 1254 913 429 497 364 1519 456 866 562 630 1388 484 1081 482 990 1022 693 1508 918 745 1494 906 650 653 847 1483 805 696 402 1506 748 1496 676 412 429 401 1153 1542 379 551 1574 1336 847 509 539 812 699 586 662 1045 854 629 880 693 493 1203 656 1218 1305 1542 836 960 646 522 1338 544 1157 1128 888 426 1423 578 425 742 1178 402 466 1135 470 497 483 505 885 811 892 433 843 574 1101 677 881 594 1208 1221 1064 1340 782 1054 494 1393 1354 440 1492 1043 751 1135 634 1363 1147 1374 408 1553 596 453 1422 699 1101 1087 1323 959 743 1489 1359 1588 1319 560 796 843 588 580 502 1127 1269 1528 918 1160 1295 501 1017 1549 1281 1560 910 740 480 892 1282 1307 425 552 695 796 895
368 1412 892 1365 1442 1316 1423 587 1004 439 1258 1117 472 1252 1193 911 1051 1506 1081 405 453 360 1132 1042 1428 526 1286 1380 799 1500 693 971 426 429 1081 1467 1393 1233 506 439 977 494 836 1146 1511 548 1434 1548 631 720 1230 680 1508 864 1157 1616 696 1051 725 1286 1471 834 503 1096 1361 1173 750 1332 1422 1229 1593 940 949 851 1029 1302 951 645 977 591 1030 1196 1574 823 1016 618 1142 842 1516 492 614 543 1477 1458 480 1234 753 1181 520 1090 528 426 470 1303 742 386 446 893 611 698 1014 450 604 790 575 834 665 447 648 1330 624 615 1202 1381 1545 879 1006 1182 569 1050 511 1119 509 936 636 1152 968 578 662 1582 1556 1248 858 467 521 452 1559 533 872 471 592 1367 538 1012 574 1070 984 786 1428 991 735 1480 814 611 622 836 1514 767 610 437 1570 840 1441 585 435 483 424 1107 1554 472 527 1571 1428 782 545 504 759 749 532 708 955 945 576 793 746 400 1283 742 1203 1370 1614 916 951 716 569 1428 634 1228 1193 837 503 1417 494 500 648 1207 478 443 1229 561 408 559 539 965 772 983 442 856 487 1157 761 793 666 1240 1159 1152 1294 688 978 576 1357 1426 522 1585 990 703 1045 550 1332 1197 1405 406 1513 587 420 1500 681 1191 1023 1411 1050 740 1398 1343 1499 1276 526 875 834 667 538 579 1037 1176 1464 979 1223 1389 408 1077 1581 1362 1479 820 817 485 982 1212 1225 486 500 627 732 964
1141 665 930 1326 1736 1777 1293 1354 972 1211 1952 1679 1181 1937 1830 1148 1631 1512 477 1162 1225 1132 360 584 1375 1298 1409 874 694 2006 1410 1714 1106 1097 1852 1345 622 1679 1272 1210 1743 1263 1416 1489 2252 1284 2188 1757 969 1473 1109 1088 1876 918 1130 2359 918 1655 1378 1783 2031 1481 1221 567 2132 1484 1399 1778 2023 1614 2175 1589 1339 949 592 1882 966 942 810 1360 1416 1919 2344 1225 1772 1211 1912 813 2276 1027 881 1314 1789 686 1241 614 1350 1255 1286 964 1294 1087 1092 576 1143 1153 1117 1649 1320 837 1542 1204 1185 1324 1163 660 956 1208 913 2088 1151 1360 1730 2100 2260 619 1389 457 1278 1672 1177 1822 1035 1436 1073 1899 1131 921 1434 1985 2029 1602 967 1210 1213 1224 1996 1284 1400 1024 1083 1600 1261 1007 1340 1771 1101 1549 853 1720 1180 1565 681 1076 1164 1210 2028 1166 905 1205 2236 1599 1374 938 1200 1245 1190 1237 1957 1245 1130 1875 2179 907 1238 1115 984 1444 1102 1403 713 1717 1095 827 1396 1095 2019 1484 1366 1969 2318 1624 1264 1459 1300 2169 1393 1937 1885 986 1261 1577 1015 1257 849 1751 1248 1150 2001 1327 1088 1305 1264 1670 1156 1754 1196 1411 1034 1820 1524 735 1414 1788 954 1881 1175 810 920 1342 1478 2131 1280 2344 993 1018 683 994 1323 1737 1933 1179 1554 1215 1161 2226 1145 1932 1047 2136 1798 1207 814 1449 942 1188 1151 1624 1317 1400 1087 1321 694 617 1289 1602 1907 2161 1084 1685 2096 2102 878 760 1563 1207 1751 1064 701 1250 1115 1026 1022 1681
1047 750 718 1107 1828 1567 1083 1269 749 1114 1920 1692 1062 1909 1821 938 1637 1664 658 1062 1135 1042 584 360 1533 1199 1529 1090 632 1799 1357 1576 1035 991 1740 1516 770 1469 1167 1113 1622 1177 1412 1273 2102 1162 2117 1871 821 1401 891 1095 1953 994 1266 2210 929 1654 1348 1821 2054 1458 1158 414 2014 1561 1372 1566 2031 1399 1977 1569 1386 744 743 1688 1066 795 588 1273 1207 1765 2225 1256 1641 1186 1819 621 2142 918 819 1212 1566 848 1134 834 1337 1030 1202 1106 1210 1014 1034 796 1163 1057 1052 1576 1267 707 1349 1127 1159 1328 1132 606 800 1127 775 2013 992 1292 1530 2055 2097 634 1441 554 1147 1492 1126 1661 916 1458 912 1834 914 825 1340 1767 2080 1385 1038 1137 1158 1133 2057 1211 1214 947 1063 1377 1199 784 1256 1733 1195 1469 1076 1574 1193 1701 661 1062 1007 1247 1821 979 864 1106 2056 1523 1158 821 1099 1137 1106 1013 1740 1153 1088 1652 2111 953 1185 1067 1021 1295 967 1257 499 1607 948 651 1368 1002 1870 1420 1473 1977 2150 1580 1325 1328 1174 2109 1316 1777 1719 1049 1183 1697 951 1180 759 1553 1148 1082 1901 1244 1005 1235 1140 1628 968 1643 1089 1229 924 1647 1404 752 1288 1591 1115 1828 1336 719 698 1234 1253 1966 1203 2268 1103 1035 460 871 1469 1760 1730 1087 1333 1069 1056 2070 1147 1871 824 2087 1731 1218 732 1575 850 1343 1017 1491 1128 1339 1051 1253 470 496 1085 1592 1738 2057 997 1683 1888 1955 1102 595 1431 1088 1634 847 910 1144 988 871 841 1531
1403 1614 1721 2231 910 2382 2235 1496 1821 1476 1630 1240 1540 1600 1439 1872 1248 502 1261 1472 1461 1428 1375 1533 360 1523 597 994 1351 2568 1395 1942 1362 1466 1917 454 1510 2295 1534 1478 1880 1458 1194 2179 2423 1601 1986 835 1545 1502 2029 1109 1082 971 646 2513 1134 1295 1288 1194 1440 1301 1362 1550 2164 844 1287 2397 1500 2279 2647 1340 959 1707 1154 2363 874 1532 1686 1506 2069 2173 2347 1013 1948 1226 1875 1590 2363 1456 1317 1541 2516 1508 1525 1173 1214 2095 1462 789 1463 1364 1317 1306 1060 1451 1343 1606 1359 1463 2081 1409 1222 1136 1238 1350 1565 1422 1502 1927 1662 1433 2270 1798 2502 1281 942 1471 1633 2109 1311 2128 1487 1090 1629 1740 1899 1400 1570 2644 1317 2290 952 1393 1332 1463 1246 1422 1936 1361 1196 2374 1371 1849 1482 1530 804 1578 1081 1982 1083 593 1292 1176 1665 989 2581 1779 1265 1483 2579 1589 2295 1454 1489 1528 1426 2042 2616 1472 1270 2610 1963 1052 1332 1287 1040 1799 1562 1763 1589 1812 1594 1560 1287 1426 2226 1476 662 1460 2583 1465 893 1732 1622 1921 1483 2219 2205 965 1428 676 1324 1425 1381 2275 1503 1360 1972 1475 1393 1417 1600 1482 1778 1847 1504 1922 1459 2193 1727 1205 1684 2306 781 1672 560 1383 1769 1581 2312 2405 1436 2136 830 1088 1622 1485 458 1235 2472 1448 2436 1651 1488 2441 1123 1743 1881 1842 1675 1093 1828 574 1955 550 1581 1851 1886 1423 1250 1416 1627 1623 2248 1304 2240 2120 1405 1313 2648 2289 1122 1515 1808 1552 1865 1990 1070 1525 1542 1590 1671 1973
398 1575 1006 1433 1459 1257 1505 449 1110 447 1141 1068 511 1139 1106 971 1000 1586 1248 498 438 526 1298 1199 1523 360 1356 1535 964 1417 608 815 569 567 914 1572 1559 1184 399 448 811 424 814 1138 1351 466 1282 1582 759 588 1324 781 1501 1000 1267 1455 844 989 686 1251 1403 775 520 1254 1195 1206 706 1277 1340 1200 1483 866 986 961 1194 1203 1080 779 1111 447 1022 1045 1407 881 853 660 980 981 1350 641 780 379 1453 1625 429 1398 741 1242 425 1222 428 582 603 1470 823 505 572 748 563 852 955 481 661 803 645 999 790 470 790 1176 672 518 1127 1248 1393 1046 1036 1346 510 948 573 978 645 934 721 1007 1037 740 500 1527 1514 1227 986 492 551 438 1529 470 835 638 701 1372 517 1112 446 956 1088 637 1586 842 802 1546 981 722 662 901 1428 812 773 453 1433 694 1510 737 459 427 479 1162 1500 419 621 1544 1278 924 554 613 886 639 620 606 1102 778 659 933 703 563 1125 621 1271 1291 1465 807 1012 572 480 1283 506 1082 1054 961 456 1470 656 458 812 1126 410 542 1064 440 573 488 481 854 820 816 470 808 634 1032 599 958 522 1155 1296 1018 1409 852 1093 419 1390 1278 452 1430 1115 824 1193 690 1425 1150 1319 480 1554 592 503 1344 760 1049 1114 1275 906 796 1546 1412 1642 1387 581 718 825 570 654 501 1184 1331 1551 914 1087 1223 575 1011 1493 1203 1638 970 664 492 815 1314 1386 419 589 734 828 821
1250 1681 1657 2175 720 2241 2194 1317 1765 1322 1393 1003 1398 1363 1202 1780 1014 596 1291 1328 1302 1286 1409 1529 597 1356 360 1129 1306 2413 1198 1750 1221 1335 1704 687 1587 2159 1373 1324 1678 1293 982 2064 2212 1445 1751 708 1448 1303 1985 968 887 906 643 2298 1041 1061 1089 960 1212 1086 1198 1555 1943 607 1083 2258 1267 2154 2474 1114 750 1635 1177 2199 823 1440 1647 1327 1950 1977 2120 835 1749 1056 1653 1534 2144 1339 1228 1373 2399 1600 1370 1251 1014 2022 1293 807 1292 1228 1178 1388 904 1307 1199 1392 1175 1390 1938 1251 1058 937 1079 1314 1473 1264 1414 1694 1538 1248 2119 1561 2298 1258 721 1506 1480 1945 1153 1941 1371 869 1519 1510 1816 1304 1384 2508 1107 2170 872 1233 1167 1306 1043 1249 1799 1240 1056 2273 1200 1789 1304 1298 705 1374 1220 1794 917 555 1253 1038 1539 816 2424 1668 1170 1331 2388 1379 2244 1357 1338 1372 1272 1961 2480 1311 1121 2493 1728 973 1162 1141 936 1636 1438 1602 1559 1606 1475 1497 1085 1293 2023 1274 445 1225 2381 1243 704 1558 1465 1684 1295 2026 2018 873 1260 528 1203 1258 1301 2121 1344 1210 1749 1299 1259 1240 1447 1257 1668 1640 1355 1781 1341 2015 1541 1159 1512 2150 841 1440 675 1312 1716 1411 2230 2206 1265 1900 785 968 1607 1378 527 998 2315 1298 2366 1513 1345 2235 966 1511 1817 1605 1450 920 1860 416 1988 642 1448 1662 1758 1230 1109 1236 1609 1637 2214 1074 2055 1893 1272 1079 2490 2082 1268 1463 1625 1406 1661 1950 1153 1368 1414 1486 1577 1790
1383 1022 1398 1838 1490 2212 1807 1557 1464 1456 1982 1628 1470 1958 1817 1603 1604 1135 795 1423 1457 1380 874 1090 994 1535 1129 360 1052 2431 1540 1990 1327 1379 2061 930 910 2115 1524 1456 1979 1479 1440 1945 2527 1565 2289 1455 1340 1633 1621 1164 1655 917 869 2630 1052 1642 1464 1666 1929 1537 1402 1080 2340 1305 1477 2218 1956 2065 2571 1624 1263 1405 755 2274 876 1316 1303 1565 1857 2217 2547 1209 2028 1320 2077 1266 2515 1328 1152 1554 2264 890 1500 619 1407 1752 1496 756 1502 1316 1292 716 1175 1406 1323 1792 1464 1213 1944 1416 1300 1347 1295 1030 1343 1426 1283 2204 1512 1528 2139 2148 2565 947 1290 950 1577 2037 1345 2138 1351 1399 1447 2005 1602 1229 1643 2443 1862 2061 950 1411 1380 1458 1806 1474 1793 1273 1215 2086 1432 1498 1540 1828 968 1718 450 2012 1216 1223 999 1197 1522 1184 2451 1576 1134 1456 2583 1753 1887 1272 1456 1504 1416 1724 2415 1475 1291 2354 2273 979 1397 1290 1036 1759 1432 1717 1200 1931 1444 1259 1476 1355 2301 1627 1128 1906 2635 1707 1170 1737 1586 2247 1574 2248 2210 980 1462 1278 1246 1458 1171 2154 1494 1355 2175 1529 1333 1485 1553 1744 1569 1970 1461 1793 1335 2165 1774 966 1686 2191 682 1962 819 1148 1410 1592 1977 2446 1479 2448 865 1097 1191 1324 986 1660 2348 1421 2063 1547 1431 2519 1214 2026 1537 2189 1914 1242 1280 1148 1399 849 1472 1893 1718 1548 1250 1494 1200 1126 1802 1614 2238 2337 1337 1669 2519 2378 501 1195 1836 1493 1977 1576 545 1506 1430 1399 1436 1984
807 975 735 1240 1581 1519 1249 1024 830 877 1652 1420 847 1640 1549 918 1364 1470 663 827 893 799 694 632 1351 964 1306 1052 360 1740 1095 1382 778 762 1517 1352 954 1422 938 876 1408 931 1139 1257 1921 950 1865 1638 654 1148 1041 823 1696 759 1068 2028 662 1381 1078 1551 1782 1187 899 681 1797 1308 1102 1525 1758 1374 1887 1298 1121 729 657 1590 847 629 700 1029 1164 1591 2009 989 1438 914 1581 601 1942 692 554 980 1583 1021 906 843 1065 1109 956 925 963 759 770 882 893 819 792 1324 1003 522 1255 875 888 1055 862 394 652 878 596 1763 835 1036 1450 1791 1935 466 1178 744 946 1364 861 1497 703 1187 763 1579 928 586 1101 1752 1813 1373 797 882 895 891 1793 957 1106 693 791 1416 939 859 1009 1466 962 1221 1073 1390 922 1490 419 789 847 982 1759 884 593 871 1924 1272 1305 607 866 910 858 1064 1724 912 819 1675 1857 701 921 800 761 1116 774 1075 615 1382 773 578 1098 761 1689 1162 1242 1704 1996 1315 1067 1125 966 1852 1066 1612 1563 801 932 1470 690 928 514 1466 914 825 1668 997 756 980 931 1362 877 1420 861 1110 699 1505 1189 507 1079 1504 960 1567 1165 476 778 1008 1331 1808 952 2019 889 767 679 663 1274 1488 1658 845 1446 889 826 1899 874 1614 893 1825 1476 946 1005 1357 1122 1164 822 1290 1028 1080 781 997 677 768 1267 1320 1588 1828 751 1410 1828 1772 1115 525 1230 872 1416 1005 871 915 784 714 743 1353
