0.750000000 0.250000000
0.869321950 0.555306901
0.688090788 0.540104194
0.664489403 0.592250336
0.770989532 0.087151286
0.128278235 0.599088566
0.669954272 0.810866962
0.155806220 0.806669445
0.306764624 0.218586619
0.671757238 0.194315394
0.013582137 0.315175793
0.645269534 0.070830146
0.528299735 0.739882776
0.761231767 0.048290567
0.833455717 0.205446194
0.407412753 0.817419030
0.938537709 0.792211639
0.623863463 0.737975892
0.860066860 0.689215741
0.137685033 0.047066808
0.259044667 0.200664490
0.406410111 0.062089961
0.236909461 0.922544630
0.031410434 0.329593051
0.431485909 0.262640237
0.217466301 0.243833875
0.659447675 0.412732418
0.423347715 0.403675699
0.697638926 0.755128242
0.051090754 0.763777697
0.521518043 0.356679031
0.436018672 0.108515077
0.365270817 0.547104058
0.433004680 0.670525974
0.488164218 0.870434839
0.117399496 0.611863495
0.297876544 0.543367031
0.968404022 0.852750953
0.836960346 0.492996258
0.737369392 0.280774008
0.732222857 0.149141109
0.196066673 0.074055816
0.214000637 0.066024607
0.826477915 0.798130354
0.766675957 0.075227925
0.766848606 0.624731312
0.289276967 0.931495795
0.499380695 0.373456041
0.165383605 0.388064123
0.684160840 0.668500991
0.600727556 0.646836497
0.988271648 0.044655095
0.879098168 0.664918081
0.669358832 0.528096316
0.044280638 0.502050048
0.949921812 0.955679284
0.760012260 0.595009088
0.744218786 0.161490027
0.632741248 0.544367210
0.470952757 0.535465915
0.669508686 0.162705515
0.141415166 0.815393155
0.480030636 0.545684214
0.080678102 0.320141869
0.004728646 0.613478919
0.828593336 0.845013066
0.391141816 0.355306143
0.296799437 0.140395938
0.396133963 0.580382616
0.702871098 0.296248150
0.295748734 0.640915564
0.790967941 0.555775713
0.078750834 0.093431643
0.891989870 0.981407102
0.794633536 0.187254119
0.829782474 0.340072188
0.617537069 0.550424784
0.124264027 0.795718360
0.372929437 0.949968993
0.483760495 0.280076845
0.472081972 0.205848579
0.794051878 0.861667845
0.173941360 0.789933598
0.199647064 0.623150925
0.874080056 0.892138317
0.728105278 0.080185070
0.034795904 0.888669217
0.023768248 0.554846723
0.851221747 0.156248767
0.821542276 0.185326075
0.526870165 0.050453271
0.353030158 0.658017954
0.772620285 0.793375083
0.574754367 0.411814375
0.030667704 0.717372558
0.075442406 0.133632350
0.339393460 0.799652560
0.633589423 0.268454366
0.526177422 0.488209461
0.347543983 0.098276343
0.497764449 0.354078257
0.558959608 0.676602261
0.798684061 0.438088495
0.066047592 0.476867913
0.030852840 0.482769503
0.945207746 0.559556572
0.384852885 0.215406036
0.269914998 0.679037773
0.291167508 0.960949720
0.746350088 0.134559029
0.506873024 0.515668252
0.412240464 0.340249197
0.801256658 0.232019538
0.326852339 0.521408936
0.001121728 0.399964422
0.497016947 0.713685034
0.126013953 0.635455143
0.198574343 0.565341768
0.952106339 0.555769598
0.192425696 0.969536949
0.974395017 0.009697897
0.714552419 0.729925272
0.449317585 0.551851012
0.723987057 0.030130223
0.722748554 0.303497380
0.555902971 0.287359459
0.742590211 0.365862959
0.532018975 0.903678774
0.756718666 0.319961468
0.422796616 0.272034426
0.249244613 0.739018218
0.476210215 0.405932052
0.677537910 0.038930151
0.695458139 0.014270486
0.022374305 0.798670700
0.350025381 0.906554867
0.436173742 0.871978358
0.147108256 0.672564244
0.017756722 0.341699138
0.707911617 0.193229032
0.092695191 0.968797826
0.672972337 0.097532542
0.318366221 0.130214140
0.631215126 0.804951941
0.801085850 0.904999484
0.443206717 0.013113791
0.094214267 0.544001116
0.342949958 0.119051268
0.749134950 0.344881044
0.156103100 0.439312725
0.967011391 0.513675539
0.207294982 0.239050513
0.189426990 0.241410682
0.406530007 0.218384566
0.446749736 0.900319905
0.416624169 0.863755958
0.869671930 0.384628341
0.644142906 0.818955445
0.081120540 0.393272008
0.502715926 0.689179636
0.002697334 0.167080663
0.193837720 0.239891764
0.318294849 0.726388393
0.833707090 0.770736325
0.732160905 0.402715299
0.086237123 0.913365158
0.506140789 0.040083239
0.576367523 0.502183067
0.563475021 0.801466991
0.547461831 0.480937488
0.398004055 0.070926196
0.632051251 0.961219165
0.118212845 0.972622719
0.943856659 0.460688989
0.945346746 0.323839390
0.317065031 0.381449966
0.196257782 0.312724077
0.964300436 0.700123089
0.911396705 0.055077586
0.693940619 0.133357799
0.823865115 0.603824775
0.990068912 0.844205238
0.364811962 0.229363776
0.588949031 0.596156940
0.008897208 0.008884040
0.900066389 0.246988545
0.073795562 0.959328716
0.626449319 0.096507466
0.999500822 0.950733381
0.188437995 0.194551235
0.035867646 0.218448369
0.109189522 0.589898955
0.211659613 0.864214009
0.582140180 0.303897549
0.518211665 0.312351874
0.286877160 0.098966264
0.802627611 0.283748040
0.760552267 0.135616110
0.534271478 0.654789081
0.414872732 0.681954091
0.983224809 0.844014259
0.461104265 0.296235088
0.485988453 0.188528231
0.729740943 0.354996909
0.752625793 0.713082275
0.755779831 0.263193045
0.274305064 0.675809796
0.572430201 0.100093997
0.937690530 0.912077773
0.267615211 0.508254260
0.803691333 0.958741317
0.758384130 0.557586405
0.787540967 0.499055530
0.055762687 0.274165739
0.691665026 0.296093998
0.049531785 0.745934521
0.480655199 0.421874461
0.588079470 0.709456463
0.205206331 0.793880621
0.571860938 0.282650017
0.794787071 0.677330549
0.783276761 0.067372701
0.227352600 0.177450650
0.652791956 0.841662072
0.013919255 0.144207302
0.335435068 0.147711825
0.435082279 0.798209648
0.589009567 0.858438190
0.656145592 0.220414704
0.063645969 0.466992598
0.954699564 0.948676821
0.582805556 0.162527662
0.975692877 0.363041932
0.658665731 0.146405504
0.052933671 0.790532730
0.000778645 0.408918924
0.531948175 0.218380741
0.580137448 0.798269105
0.938878460 0.458673668
0.870395669 0.314753640
0.093452548 0.380994809
0.171814058 0.781263517
0.972377741 0.954359972
0.730685377 0.854762145
0.871110490 0.834238490
0.812753591 0.900520478
0.859607931 0.939105350
0.520022550 0.806836423
0.398967265 0.718336345
0.169560887 0.982843933
0.141626185 0.044622909
0.003674170 0.638729925
0.866938250 0.388592820
0.430654266 0.806143656
0.434748979 0.601283949
0.367881923 0.043658714
0.295679549 0.366982944
0.205972652 0.366647798
0.563097257 0.544937614
0.745556185 0.344124709
0.460962853 0.524139512
0.892308909 0.777120474
0.306282151 0.016945010
0.736700173 0.058457803
0.084116821 0.857806023
0.224465393 0.714041717
0.054916114 0.635381607
0.608523077 0.790913648
0.916705236 0.301849717
0.814117258 0.424598809
0.484810406 0.959507813
0.293872612 0.052905085
0.823170894 0.639808789
0.443712152 0.723715272
0.915226480 0.135046653
0.024967675 0.808862295
0.212822217 0.132734247
0.748068333 0.397931125
0.061395253 0.895974627
0.968710643 0.074434141
0.383694521 0.217955890
0.175070794 0.933488007
0.412590252 0.609322700
0.687201940 0.146995485
0.959000888 0.501615519
0.560225233 0.940962185
0.470778769 0.457967187
0.256684038 0.271970477
0.383814919 0.902833783
0.137535497 0.389402249
0.143614013 0.455308625
0.077575518 0.633199844
0.782236470 0.842903905
0.317407250 0.234648636
0.230117043 0.183545044
0.514951748 0.118134125
0.834767331 0.168215933
0.480581646 0.590314759
0.615091318 0.477001614
0.965438676 0.766129007
0.246010339 0.579469936
0.334421403 0.489978637
0.941841853 0.351668867
0.077323925 0.224784644
0.005760488 0.282307141
0.142422335 0.122399740
0.008498441 0.258640929
0.257286317 0.383139768
0.614988392 0.607314137
0.895386599 0.560542482
0.895974289 0.130592124
0.167017173 0.933500548
0.751199679 0.971585935
0.640171199 0.401999644
0.965483825 0.341868868
0.085276528 0.648014899
0.631239655 0.427602765
0.753725609 0.099847855
0.849637651 0.211585760
0.377656831 0.714538307
0.269041873 0.022054210
0.949343174 0.233089601
0.906603386 0.465569699
0.827671755 0.899050198
0.187573776 0.083260212
0.828406312 0.117829128
0.414208269 0.601900649
0.169049916 0.257112751
0.986216800 0.923106209
0.391451832 0.323509124
0.677624876 0.606250388
0.354093519 0.034908006
0.372029211 0.054814648
0.700772921 0.490875533
0.778683448 0.900586847
0.445978672 0.362411177
0.277326211 0.531428933
0.608611037 0.815361009
0.857990664 0.771260393
0.428299742 0.350291853
0.388034785 0.522702740
0.968868092 0.625507768
0.421405025 0.151573910
0.894612912 0.608305877
0.074106956 0.600248929
0.611817074 0.341862394
0.874760824 0.365454229
0.233196476 0.448075893
0.602313665 0.664658073
0.022162019 0.807496699
0.270585227 0.057764139
0.154322173 0.565249840
0.514869302 0.172010057
0.436809933 0.180599170
0.402515182 0.275423595
0.516863329 0.310218206
0.582641290 0.429219152
0.659480782 0.347160980
0.898103169 0.590181582
0.629715970 0.446907553
0.357965884 0.200664799
0.624994801 0.199534516
0.353082101 0.323512656
0.802916924 0.783477837
0.124830841 0.887073919
0.647108244 0.968847223
0.308901190 0.431015454
0.618827098 0.075022834
0.075498805 0.048338982
0.288048662 0.159110836
0.953965810 0.630610277
0.436319222 0.639021880
0.246684676 0.340404679
0.576099520 0.803402841
0.305622161 0.709388314
0.458136526 0.725194771
0.456129183 0.902146351
0.742165450 0.141859376
0.987431019 0.147973130
0.586561319 0.280741485
0.526756066 0.160951723
0.649984072 0.538433713
0.380258598 0.085426941
0.159076637 0.735164985
0.830973013 0.533617972
0.324713180 0.527158257
0.723609126 0.088865257
0.023111061 0.135153940
0.069538232 0.698278076
0.067095655 0.844568229
0.636712191 0.072768079
0.940649618 0.328305919
0.795259572 0.868975087
0.442185247 0.316470838
0.854843563 0.819745710
0.017539872 0.082765103
0.897988584 0.519312311
0.455282708 0.038340602
0.829596777 0.091539778
0.259144966 0.305725884
0.059576673 0.727289856
0.055296132 0.119238997
0.009285730 0.468038197
0.714417936 0.122879853
0.188368179 0.147914417
0.601566736 0.878757645
0.946987764 0.455586700
0.373834914 0.587717804
0.528531391 0.973024571
0.448334190 0.539390933
0.854035586 0.520060132
0.246022965 0.411800377
0.692116567 0.693311130
0.538491290 0.186517628
0.629164176 0.133074903
0.342070551 0.233114877
0.785607613 0.586606855
0.535112179 0.896603033
0.574575522 0.576771036
0.051926809 0.352691483
0.543116220 0.604131662
0.502516414 0.258504080
0.014010750 0.012334079
0.187699954 0.614066292
0.482205284 0.634579339
0.687703846 0.514632970
0.155839242 0.835740093
0.683667325 0.393588156
0.898981514 0.150114320
0.025175433 0.827124184
0.929777429 0.761337045
0.183428507 0.330016665
0.758460665 0.454612509
0.319385471 0.819265369
0.282206725 0.163863893
0.663520069 0.989682189
0.051530254 0.815315899
0.334704394 0.492550821
0.466081682 0.269246328
0.723340597 0.830839432
0.770226552 0.408497946
0.048050700 0.159894975
0.039178489 0.939236281
0.972241239 0.281911018
0.372875003 0.788391866
0.051998873 0.284541719
0.920120396 0.684835533
0.141143879 0.758378733
0.351138540 0.450733087
0.487876464 0.220162573
0.710242150 0.819056466
0.030515193 0.439958692
0.725385166 0.761143172
0.087670609 0.020797823
0.219787453 0.319962481
0.065233909 0.818072666
0.919107154 0.071531433
0.000946681 0.879282734
0.867221752 0.301372492
0.955805909 0.307494967
0.056463363 0.627420895
0.684643955 0.789219911
0.650421936 0.253440964
0.795932861 0.833853975
0.301083735 0.849453358
0.498221394 0.145285082
0.592073345 0.732094825
0.687742888 0.146234529
0.203730717 0.032527657
0.547220108 0.445371402
0.758699847 0.820898083
0.625063794 0.446763773
0.649215989 0.974603602
0.114421043 0.331705808
0.006561630 0.838179641
0.022721580 0.500483099
0.051068003 0.383779743
0.657571473 0.460211743
0.796685916 0.940729739
0.008711812 0.646820254
0.990772695 0.752483761
0.240901194 0.962904764
0.375132870 0.761708908
0.686988789 0.942823759
0.978638800 0.191841781
0.772286089 0.318218664
0.874411826 0.828107630
0.008981498 0.539527111
0.835753581 0.565802953
0.354293391 0.165074488
0.564707616 0.617124660
0.005400335 0.170730745
0.660811012 0.429655546
0.256696700 0.887817367
0.411030908 0.517300539
0.170428119 0.177204229
0.416075845 0.265903471
0.507983250 0.021250559
0.271096990 0.175051198
0.555639238 0.483083551
0.159615806 0.780434666
0.470125845 0.262123472
0.890062080 0.306844392
0.106318193 0.558539005
0.521990190 0.515449039
0.959339133 0.655616832
0.724535490 0.111800701
0.787179747 0.233415624
0.652004985 0.392791373
0.239041034 0.411585692
0.363887967 0.502705919
0.233117416 0.681368856
0.152597940 0.815510263
0.463283348 0.741213383
0.697670768 0.898827994
0.677779011 0.620611712
0.477706198 0.072757005
0.313553621 0.522019931
0.105669003 0.463490731
0.798392456 0.626251600
0.039847316 0.264770172
0.624095785 0.561663339
0.946648021 0.895788628
0.243068689 0.389218292
0.571365521 0.528436914
0.902284870 0.328181028
0.551773347 0.806673128
0.707123699 0.050030059
0.103113787 0.654864936
0.984403014 0.935281336
0.899341657 0.979081109
0.911479188 0.357855581
0.443790903 0.563585393
0.907520632 0.055563980
0.382648498 0.159057576
0.479201745 0.768774070
0.665604465 0.445432700
0.247083330 0.811101550
0.109543925 0.002469192
0.427976711 0.463714875
0.395729693 0.793101223
0.606414931 0.680139962
0.754013927 0.332522965
0.585191140 0.856020429
0.190932898 0.510884146
0.040302529 0.953807484
0.703324659 0.897596450
0.021638243 0.011884682
0.119344413 0.177866171
0.390715320 0.195098616
0.769465626 0.419776234
0.416466168 0.841560419
