140 2433 1979 2006 951 2370 2541 756 2449 685 2065 447 633 1063 978 1702 729 1521 535 3014 693 822 2370 1160 2225 2094 2037 2783 2468 1376 2312 2166 1549 1586 1212 1463 1359 2524 1731 2411 2000 474 867 992 1893 2001 2128 1615 1834 1573 2009 944 1500 1070 2111 1802 1185 2257 878 1512 2927 2582 1221 876 714 2769 625 2199 401 2543 1623 2028 1022 2570 2055 1947 2095 1563 1968 1497 2172 2064 765 889 1199 999 1553 1352 2248 1366 1898 760 2495 1536 1342 1252 2926 2681 1956 1833 2261 1929 1790 1255 2429 524 2460 665 467 1254 2408 853 2340 3055 919 1159 1435 2431 3079 1875 1163 2489 881 1782 2151 2068 1856 1295 2628 2007 2017 1700 778 2387 2477 1342 1113 1642 604 1303 572 2479 1851 2040 2590 1950 2638 2571 891 925 2830 2232 1843 2451 1886 1266 902 1181 1543 1535 991 1247 826 845 1852 990 2821 1795 1588 1362 1297 2871 429 1575 1781 908 2228 2180 1137 1422 2261 2737 1339 1813 2848 1096 728 2309 2394 471 1372 513 945 2017 878 1015 2532 2353 2895 1970 688 317 1984 1039 1760 821 909 2137 2671 2177 930 2363 775 1535 1554 1704 506 1797 1170 1219 1361 1857 2479 1928 1764 823 2130 768 1671 1171 2175 851 1494 948 2439
2533 360 1087 1930 1845 698 1829 2518 494 2594 1549 2684 3020 3318 1916 1167 2124 1827 2259 1894 2744 2036 3805 1946 2336 743 1004 2428 757 2314 1027 1143 1422 1222 1959 2182 2319 1993 1834 1133 1107 2835 2292 2513 930 2596 2279 3222 1272 1441 2154 2966 2466 3122 2991 2921 1683 3114 2660 1412 2163 2781 1601 3242 2852 2456 2852 852 2392 1408 2354 1056 3290 2473 812 1313 2326 2188 1862 1705 669 2774 2029 2088 2798 3019 1263 1554 3010 3044 3596 2044 3062 2052 1565 2495 2175 2621 1261 3345 746 927 2598 2169 3854 2907 2743 2212 2753 2904 798 2994 1485 2055 3230 3439 1518 3870 1981 3083 1629 3069 2971 1557 2032 2570 965 2870 2514 965 921 3349 3162 550 1744 1881 1717 3418 2200 1653 2963 3097 1635 1079 2812 2396 2772 2415 3088 2099 2263 935 952 589 919 3284 2609 1979 1255 1572 2179 1889 2735 2019 1230 1892 2119 1088 3206 1927 3255 2220 2806 2937 3025 1917 2610 764 2179 1812 3362 2259 2906 1029 1951 2034 2147 3306 2276 2632 1884 2895 3224 1087 1919 2030 2885 3640 1996 2026 2825 2710 1318 2958 3129 2185 2291 1504 1233 3416 2324 2265 2555 1258 2042 1461 2894 1961 2504 1587 2975 1695 1943 3009 1132 2188 796 2025 1614 2474 1732 3030 2310 3049 745
2079 1087 360 2169 1412 832 2289 1924 1193 2286 1861 2166 2570 2744 1374 1175 1782 1859 1835 2494 2169 1714 3775 1804 2590 1052 444 2848 1402 2266 1534 1550 798 856 1306 2178 2264 2415 1965 809 1403 2407 2053 2313 1024 2726 2509 3095 554 1455 2362 2356 2446 2836 3078 2923 1461 3221 2406 827 2683 3063 1341 2815 2513 2866 2481 627 1942 1951 2391 1371 2925 2815 665 595 2536 2222 2094 1718 791 2890 1591 1831 2626 2736 860 988 3137 2877 3465 1661 3255 2085 1426 2385 2691 2968 542 3260 728 1091 2656 2082 3830 2423 2994 1868 2238 2731 1401 2410 1931 2634 2682 2867 1442 3842 2582 3074 1248 3259 2376 830 2312 2727 1024 2717 2867 490 1205 3219 2667 1192 2198 1204 1438 3250 1800 1524 2486 3278 1836 1404 3090 2543 3074 2770 2746 1863 2732 1405 917 1264 968 3021 2369 1332 921 892 1984 1238 2130 1501 1423 1624 2615 608 3075 1241 3011 2710 2322 2862 2998 1431 2813 1197 1519 1793 3412 2699 2760 1086 2490 1871 1815 3385 2599 2255 1199 2409 2851 1396 1539 1427 3129 3649 2540 2237 2483 2251 1605 2703 3072 1914 1676 1855 1859 3426 1701 2580 1957 956 2084 1575 2444 2110 2365 1151 2822 1894 2360 3033 1202 1614 651 1592 895 2338 2068 2453 2306 2740 1377
2106 1930 2169 360 1795 2160 949 2494 1833 1825 748 2390 2448 3026 2045 1356 1679 863 1914 1461 2593 1608 2336 1218 782 1603 2144 1169 1635 1118 1316 1159 2071 1750 2343 969 1135 884 650 2523 1193 2260 1518 1545 1525 1052 711 1929 2213 1113 587 2866 1155 2148 1457 1481 1392 1563 1747 2007 1288 1254 1474 2560 2065 1166 2135 2154 2042 1195 974 1242 2452 1035 1944 2352 755 890 434 950 1928 1229 1853 1486 1671 2062 1778 1993 1452 1850 2267 1739 1492 848 1280 1347 1285 1184 2313 1974 2115 1472 1128 1141 2377 2455 1191 1715 2428 1754 1560 2804 957 1453 2873 3114 1200 2396 1506 1639 1678 1499 2820 2436 523 1010 1515 1690 1093 2070 1402 2046 2673 1753 918 2375 1492 2169 1835 1231 2475 1526 693 1214 1281 852 1265 1006 2244 1444 1184 1366 1617 1757 1577 2230 1686 2337 1697 2235 1380 2302 2679 2028 1116 1471 1181 1939 1924 2436 2166 1225 2381 1608 1610 1922 1039 1529 2488 974 1840 1095 1705 1446 1247 1271 1664 1766 819 2007 2403 2449 2417 1210 1702 2241 1330 2140 1287 468 2051 2254 974 1957 1743 1545 2417 815 1451 1927 2461 793 2534 1656 828 961 2356 574 1412 1771 1770 635 846 1532 1327 2243 2027 1842 2398 1387 640 2810 1028 2142 1623
1051 1845 1412 1795 360 1780 2218 1126 1870 1247 1707 1205 1543 1860 616 1166 752 1302 788 2630 1307 713 2868 1016 2136 1522 1461 2603 1916 1470 1807 1687 1008 994 946 1458 1461 2254 1507 1857 1503 1367 1078 1344 1324 2077 2037 2137 1292 1139 1890 1562 1651 1794 2333 2096 766 2487 1392 957 2633 2578 718 1778 1462 2601 1429 1615 910 2107 1680 1520 1873 2454 1464 1423 2030 1544 1734 1205 1580 2203 546 877 1658 1697 962 813 2435 1899 2490 617 2627 1444 905 1497 2636 2592 1421 2328 1672 1370 1927 1279 2926 1422 2473 830 1271 1754 1863 1555 1943 2706 1756 1976 1004 2934 2706 2223 580 2626 1546 1323 1958 2115 1288 1757 2513 1425 1473 2253 1676 1812 2139 1022 664 2256 748 927 1478 2631 1534 1539 2595 1948 2615 2434 1694 926 2586 1708 1261 1880 1310 1985 1366 932 952 1059 1068 928 1340 602 1378 729 2536 1210 2114 1075 1983 2606 1320 1961 2135 487 2250 1623 1057 1192 2600 2511 1803 1256 2509 1028 789 2606 2246 1203 1056 1409 1800 1517 515 810 2582 2783 2560 1803 1432 1228 1550 1677 2174 928 991 1760 2183 2572 1035 2217 1167 946 1455 1305 1416 1626 1449 628 1856 1564 2201 2221 1233 823 1540 544 1228 1428 1870 1583 1558 1693 1885
2470 698 832 2160 1780 360 2131 2374 831 2604 1796 2587 2963 3190 1796 1263 2111 1973 2208 2228 2613 2030 3950 2021 2577 916 749 2724 1088 2437 1326 1410 1242 1150 1771 2321 2440 2285 2020 796 1327 2788 2331 2573 1030 2795 2511 3322 1027 1562 2376 2813 2603 3149 3177 3073 1712 3309 2697 1254 2483 3036 1609 3199 2850 2749 2835 565 2329 1727 2513 1280 3279 2745 679 1029 2551 2343 2088 1838 606 2969 1966 2114 2874 3046 1179 1412 3211 3125 3697 2009 3288 2204 1626 2594 2494 2896 980 3465 471 1063 2769 2273 4002 2831 2987 2200 2658 2981 1120 2858 1777 2386 3118 3312 1604 4016 2315 3232 1582 3295 2828 1288 2278 2779 1055 2955 2790 744 1117 3449 3081 870 2043 1674 1721 3502 2160 1723 2891 3319 1843 1310 3066 2599 3033 2691 3087 2135 2571 1215 989 923 993 3323 2652 1795 1202 1360 2235 1701 2585 1914 1415 1908 2433 938 3304 1712 3303 2533 2729 3057 3166 1827 2836 1011 1987 1935 3537 2559 2995 1130 2274 2101 2139 3492 2540 2610 1670 2817 3209 1311 1882 1876 3128 3800 2320 2247 2822 2646 1547 2998 3258 2206 2132 1764 1567 3575 2159 2527 2408 1221 2197 1626 2836 2157 2591 1512 3061 1904 2233 3170 1253 2053 600 1965 1364 2562 1992 2899 2452 3064 1073
2641 1829 2289 949 2218 2131 360 2965 1703 2398 872 2911 3013 3565 2448 1564 2189 1381 2421 873 3095 2107 2808 1740 1099 1615 2241 961 1450 1707 1165 1101 2323 1982 2703 1556 1724 546 1179 2549 1252 2821 2078 2130 1632 1521 1111 2490 2388 1445 1092 3367 1737 2737 1903 2007 1818 1972 2331 2267 779 1415 1865 3138 2645 992 2710 2192 2557 810 1553 1279 3039 1064 2009 2507 1179 1479 958 1413 1942 1677 2315 2011 2259 2650 2022 2301 1850 2431 2810 2221 1788 1428 1673 1936 784 1194 2460 2511 2122 1561 1661 1717 2841 3005 1424 2239 2956 2340 1394 3320 719 875 3419 3659 1575 2862 918 2154 2055 1800 3330 2653 877 1449 1639 2274 1089 2169 1444 2601 3233 1638 451 2707 1919 2734 2340 1660 3029 1839 1057 1246 1448 1351 1383 998 2830 1977 803 1277 1747 1610 1687 2817 2270 2704 1946 2502 1935 2651 3165 2461 1282 1951 692 2102 2487 2768 2752 782 2924 2169 2142 2345 1394 1488 2878 1479 2280 789 2287 1593 667 1809 2181 2184 928 2567 2730 2997 3003 1256 2158 2640 1559 2593 713 1034 2630 2798 1081 2546 2281 2084 2850 832 1074 2397 2893 935 3006 1910 1408 1275 2915 1157 2001 2122 2351 1045 521 2032 1508 2682 2073 2305 2643 1975 726 3332 1616 2729 1452
856 2518 1924 2494 1126 2374 2965 360 2567 1383 2459 735 1197 1179 966 1924 1189 1990 965 3393 611 1249 3086 1643 2781 2241 1998 3300 2650 1983 2568 2452 1492 1663 1000 2034 1968 2984 2205 2307 2268 1133 1472 1661 2054 2622 2681 2330 1745 1901 2546 810 2133 1775 2781 2486 1510 2931 1579 1481 3374 3182 1483 1445 1426 3292 1328 2179 882 2873 2227 2282 1667 3118 2087 1824 2660 2133 2442 1922 2222 2709 1009 1394 1902 1711 1619 1327 2911 2080 2613 1115 3144 2071 1662 1905 3376 3244 1848 2548 2263 2108 2428 1825 3145 1002 3065 1181 790 1964 2604 845 2705 3462 1131 1302 1762 3147 3467 2571 1332 3139 814 1605 2652 2680 2019 2001 3178 1990 2222 2416 1186 2520 2889 1128 1411 2356 1036 1665 1070 3134 2270 2302 3193 2540 3231 3109 1578 1444 3310 2464 1971 2592 2029 1968 1594 970 1643 1406 1557 1061 579 892 2144 1384 3274 1805 2303 1122 2005 3337 932 2273 2477 1010 2833 2358 836 1880 2960 3227 2046 1999 3262 1609 1213 3000 2923 1185 1149 989 1591 2281 1167 858 3152 3065 3312 2482 1402 953 2315 1755 2465 1368 616 2517 2946 2884 606 2894 401 1652 2087 2062 1102 2302 1829 1322 2072 2292 2934 2613 1992 691 2142 1020 1491 1823 2608 888 2095 1652 2619
2549 494 1193 1833 1870 831 1703 2567 360 2581 1448 2714 3032 3358 1961 1142 2125 1766 2274 1760 2787 2034 3734 1913 2232 719 1113 2304 623 2257 907 1037 1496 1263 2029 2120 2264 1870 1755 1266 1027 2843 2271 2482 920 2508 2179 3170 1371 1397 2059 3016 2404 3100 2906 2850 1672 3026 2636 1480 2032 2670 1601 3248 2843 2333 2848 973 2410 1277 2282 975 3282 2356 901 1424 2228 2120 1767 1651 763 2686 2050 2074 2758 2997 1307 1613 2919 3000 3543 2054 2961 1986 1544 2447 2043 2503 1371 3286 871 899 2521 2122 3782 2928 2636 2212 2781 2863 669 3038 1365 1921 3263 3476 1487 3799 1846 3013 1650 2969 3017 1661 1927 2478 956 2826 2396 1066 863 3298 3183 442 1620 1959 1716 3373 2211 1626 2981 2998 1550 994 2702 2307 2659 2298 3078 2080 2134 827 968 455 922 3257 2583 2048 1288 1655 2151 1960 2786 2056 1163 1883 1989 1162 3156 2008 3224 2090 2827 2879 2958 1950 2511 690 2248 1760 3281 2133 2861 1011 1819 2003 2145 3221 2163 2632 1964 2915 3219 1005 1931 2087 2779 3564 1863 1932 2816 2726 1228 2931 3066 2171 2348 1397 1098 3341 2382 2154 2605 1286 1975 1397 2906 1877 2462 1619 2929 1609 1822 2934 1098 2235 902 2045 1711 2431 1623 3072 2247 3033 613
785 2594 2286 1825 1247 2604 2398 1383 2581 360 1970 1089 986 1612 1398 1798 864 1394 886 2897 1337 935 2079 1075 1977 2222 2326 2555 2543 1114 2330 2164 1896 1822 1705 1232 1095 2349 1580 2735 2026 812 694 685 2025 1706 1884 1322 2178 1585 1784 1578 1206 910 1789 1477 1270 1933 556 1843 2753 2296 1359 1103 627 2536 672 2463 882 2483 1352 2065 1066 2321 2285 2311 1843 1328 1802 1419 2378 1754 1093 866 878 810 1802 1701 1928 1070 1641 990 2180 1337 1398 949 2750 2420 2308 1535 2503 2041 1487 1044 2138 1034 2171 779 1092 944 2474 1471 2257 2912 1447 1682 1467 2142 2953 1551 1399 2174 1508 2200 1953 1779 1989 978 2378 2281 2099 1421 1219 2508 2347 1822 1244 1393 880 1323 1035 2162 1746 2067 2301 1680 2356 2331 857 865 2632 2275 2008 2562 2034 1097 577 1679 1765 1937 838 1721 1471 1274 1867 1062 2646 2064 1296 1857 1096 2683 988 1251 1457 1276 1942 2275 1691 1319 1938 2532 1023 1929 2704 987 831 1984 2164 584 1855 1032 1009 2046 1108 1509 2232 2043 2747 1769 604 874 1952 793 1441 769 1485 2050 2654 1860 1516 2133 1408 1744 1357 1672 910 1611 864 1495 1053 1735 2311 1603 1847 1354 2371 1089 2098 872 2038 1458 1231 819 2516
2165 1549 1861 748 1707 1796 872 2459 1448 1970 360 2423 2564 3085 1935 1080 1702 935 1930 1309 2597 1615 2710 1273 1146 1242 1825 1354 1246 1367 928 771 1837 1499 2193 1209 1381 939 783 2180 833 2369 1638 1739 1198 1438 1091 2249 1933 933 976 2868 1456 2375 1842 1840 1309 1952 1935 1778 1291 1599 1352 2713 2229 1368 2281 1812 2069 883 1294 877 2647 1319 1609 2063 1141 1163 689 928 1574 1616 1810 1538 1929 2280 1535 1799 1840 2137 2604 1722 1873 1063 1161 1595 1295 1471 2019 2319 1762 1136 1491 1317 2753 2537 1554 1759 2472 2023 1171 2828 648 1364 2945 3184 1062 2771 1377 2001 1542 1881 2834 2183 843 1399 1197 1967 1368 1751 1045 2371 2774 1369 791 2202 1409 2481 1849 1154 2568 1910 583 846 1629 1237 1597 1270 2434 1510 1274 980 1304 1370 1253 2483 1874 2194 1456 2013 1493 2143 2661 1950 803 1454 1198 1650 2241 2263 2429 1277 2451 1933 1963 1833 1423 1153 2366 1014 2224 1220 1990 1137 1163 1352 1698 2154 1107 2117 2226 2529 2602 847 1652 2128 1696 2520 1213 852 2210 2327 617 2185 2089 1619 2338 444 1105 2304 2381 1092 2500 1418 1045 763 2458 848 1643 1612 2058 606 883 1903 1033 2170 1686 1800 2162 1614 567 2842 1308 2347 1234
547 2684 2166 2390 1205 2587 2911 735 2714 1089 2423 360 825 1028 1154 1999 1082 1896 854 3373 609 1168 2744 1535 2624 2367 2232 3175 2758 1781 2628 2491 1729 1824 1310 1862 1764 2903 2109 2579 2316 762 1268 1399 2169 2408 2526 1995 2004 1906 2404 857 1907 1412 2517 2206 1508 2662 1279 1702 3304 2988 1522 1078 1074 3163 969 2404 714 2885 2028 2340 1291 2968 2281 2102 2495 1963 2348 1859 2407 2472 1032 1264 1597 1356 1785 1540 2655 1749 2258 1073 2902 1928 1668 1660 3303 3082 2119 2214 2476 2213 2198 1652 2803 637 2866 1035 431 1645 2703 775 2692 3421 911 1138 1765 2804 3441 2275 1426 2897 797 1909 2539 2474 2133 1691 3027 2211 2311 2072 862 2657 2843 1442 1423 2001 934 1642 705 2887 2216 2355 2996 2353 3043 2967 1207 1306 3215 2538 2105 2725 2156 1601 1306 1278 1789 1681 1386 1359 749 1033 2176 1331 3199 2008 1968 1450 1643 3252 556 1974 2181 1127 2634 2466 1186 1793 2659 3123 1733 2098 3216 1478 1090 2710 2788 868 1469 623 1215 2333 1173 1129 2939 2739 3264 2359 1053 594 2322 1412 2153 1207 951 2491 2995 2569 959 2758 741 1788 1946 2048 726 2183 1577 1457 1751 2226 2857 2331 2063 928 2349 1038 1795 1578 2545 781 1898 1289 2728
733 3020 2570 2448 1543 2963 3013 1197 3032 986 2564 825 360 1022 1563 2273 1279 1996 1120 3504 1007 1373 2399 1651 2601 2675 2629 3181 3039 1739 2864 2710 2138 2178 1764 1859 1720 2972 2193 2999 2552 556 1294 1300 2473 2307 2510 1681 2421 2116 2411 1140 1816 1043 2329 2003 1744 2462 1117 2102 3376 2900 1795 615 803 3162 698 2792 994 3063 1973 2585 839 2944 2648 2530 2466 1955 2421 1999 2763 2333 1357 1395 1380 1022 2145 1942 2479 1458 1886 1338 2743 1961 1896 1558 3373 3038 2542 1898 2854 2506 2082 1667 2456 557 2773 1199 766 1392 2976 999 2848 3528 852 1072 1983 2454 3564 2036 1753 2735 1056 2353 2578 2385 2436 1454 3000 2600 2587 1735 597 2968 2957 1896 1682 1634 1180 1844 495 2718 2343 2593 2902 2299 2963 2955 814 1416 3258 2792 2428 3030 2470 1208 1168 1733 2134 2114 1437 1808 1150 1432 2399 1538 3269 2388 1656 1908 1266 3308 630 1742 1947 1501 2549 2754 1651 1910 2400 3158 1487 2390 3320 1571 1267 2471 2790 807 1924 569 768 2571 1461 1574 2823 2428 3364 2394 801 679 2514 1112 1887 1307 1416 2641 3212 2285 1425 2760 1196 2124 1980 2231 487 2233 1473 1811 1484 2339 2932 2118 2332 1375 2723 1360 2240 1486 2649 962 1855 930 3010
1163 3318 2744 3026 1860 3190 3565 1179 3358 1612 3085 1028 1022 360 1763 2662 1743 2544 1521 4035 936 1832 3018 2184 3223 3019 2817 3792 3416 2362 3295 3160 2310 2457 1814 2466 2344 3546 2754 3123 2984 1162 1874 1936 2823 2955 3128 2328 2565 2574 3018 784 2458 1681 2992 2666 2177 3124 1767 2296 3949 3547 2189 1110 1464 3776 1355 2997 1378 3553 2603 3007 1395 3568 2897 2640 3090 2565 2990 2518 3030 2990 1695 1913 2041 1676 2415 2139 3140 2114 2493 1742 3404 2550 2337 2200 3948 3671 2666 2541 3079 2871 2733 2262 3073 939 3421 1686 973 2054 3363 695 3357 4078 530 483 2433 3069 4101 2697 2080 3396 737 2412 3169 3030 2787 2117 3626 2807 2973 2370 796 3305 3500 1937 2092 2252 1601 2309 938 3379 2873 3023 3551 2932 3608 3574 1452 1949 3849 3203 2752 3375 2806 1819 1813 1785 2429 2225 2007 1877 983 1661 2844 1998 3844 2617 2303 1923 1889 3892 1006 2404 2608 1768 3194 3123 1626 2445 3057 3754 2149 2757 3871 2118 1747 3131 3402 1398 1954 943 1347 3001 1841 1677 3477 3067 3918 2986 1459 1132 2990 1772 2545 1843 1431 3155 3664 2936 1413 3371 1148 2432 2569 2715 1064 2815 2114 2098 2144 2880 3502 2781 2728 1497 2956 1702 2300 2124 3198 651 2480 1579 3386
1078 1916 1374 2045 616 1796 2448 966 1961 1398 1935 1154 1563 1763 360 1334 946 1556 879 2841 1188 936 3073 1270 2391 1634 1438 2851 2044 1716 1976 1873 937 1057 699 1711 1706 2493 1758 1796 1685 1412 1290 1548 1448 2330 2292 2330 1218 1362 2145 1416 1894 1925 2576 2329 1012 2730 1565 908 2866 2834 944 1813 1574 2851 1520 1611 952 2305 1931 1695 1951 2707 1496 1328 2286 1798 1982 1454 1627 2452 673 1108 1854 1834 1014 746 2682 2085 2671 807 2879 1700 1139 1725 2869 2846 1338 2529 1685 1505 2174 1527 3132 1409 2729 1005 1225 1944 1999 1437 2157 2925 1683 1884 1234 3139 2919 2449 756 2877 1416 1174 2208 2369 1415 1955 2767 1418 1622 2440 1653 1913 2366 794 912 2428 878 1173 1473 2881 1773 1717 2851 2204 2871 2686 1793 1160 2827 1867 1364 1985 1423 2121 1548 681 1036 919 1301 693 1186 493 1575 982 2770 1218 2306 839 2130 2843 1310 2178 2359 503 2505 1753 803 1446 2831 2755 2002 1398 2732 1277 984 2843 2498 1301 828 1396 1875 1696 751 556 2837 3001 2784 2056 1544 1245 1760 1831 2389 1143 775 1983 2357 2794 816 2470 1005 1046 1711 1532 1438 1880 1670 721 2050 1807 2439 2455 1402 635 1559 681 1066 1653 2107 1474 1807 1815 2014
1802 1167 1175 1356 1166 1263 1564 1924 1142 1798 1080 1999 2273 2662 1334 360 1356 1073 1528 1891 2113 1263 3047 1140 1775 786 1157 2074 1126 1534 1004 904 1120 779 1529 1418 1537 1658 1153 1559 714 2080 1488 1706 600 1923 1694 2428 1220 660 1546 2366 1700 2319 2290 2171 894 2428 1855 1063 1980 2249 841 2478 2061 2087 2071 1200 1670 1343 1615 721 2501 2013 985 1357 1721 1444 1281 936 1017 2092 1327 1291 1994 2215 818 1107 2337 2241 2803 1302 2443 1305 761 1699 1987 2166 1317 2563 1188 603 1875 1374 3098 2186 2178 1440 2061 2100 1066 2361 1230 1995 2550 2776 712 3113 1974 2329 952 2448 2352 1462 1503 1918 570 2069 2067 1085 674 2555 2441 1070 1474 1515 950 2617 1458 846 2234 2468 1022 744 2275 1735 2261 1972 2296 1297 1989 902 642 1125 630 2478 1803 1535 741 1298 1372 1470 2141 1392 642 1105 1897 943 2411 1575 2448 1984 2087 2156 2263 1274 1998 842 1724 1032 2641 1940 2106 498 1817 1227 1372 2603 1795 1859 1535 2175 2439 724 1188 1506 2313 2899 1869 1422 2035 1978 842 2152 2355 1389 1749 1096 1383 2674 1790 1775 1964 707 1300 760 2150 1297 1703 975 2174 1080 1601 2270 428 1601 1076 1320 1442 1672 1285 2388 1549 2250 1097
829 2124 1782 1679 752 2111 2189 1189 2125 864 1702 1082 1279 1743 946 1356 360 1179 595 2651 1274 454 2488 821 1952 1766 1823 2478 2120 1173 1948 1798 1396 1323 1280 1208 1160 2185 1394 2231 1635 1085 704 962 1565 1810 1852 1750 1676 1205 1718 1547 1340 1414 2015 1751 825 2168 1000 1341 2584 2356 884 1483 1099 2469 1088 1963 728 2174 1409 1666 1530 2289 1791 1811 1831 1305 1633 1136 1891 1912 635 564 1271 1314 1301 1204 2130 1509 2099 500 2346 1242 978 1147 2584 2414 1806 1945 2007 1592 1630 1002 2547 1211 2242 448 1130 1365 2057 1492 1973 2699 1607 1845 1067 2554 2719 1867 896 2343 1504 1715 1833 1861 1528 1372 2349 1779 1668 1863 1461 2057 2121 1380 768 1864 516 933 1252 2342 1493 1676 2369 1714 2403 2282 1336 616 2502 1873 1532 2117 1566 1600 974 1258 1268 1450 742 1280 1362 847 1485 621 2480 1562 1726 1425 1595 2536 1118 1592 1776 807 2011 1838 1326 1073 2251 2414 1419 1476 2493 780 398 2268 2097 868 1414 1201 1462 1654 604 1101 2335 2415 2541 1658 1070 999 1614 1287 1803 562 1174 1771 2303 2209 1215 2067 1227 1250 1257 1334 1158 1479 1087 991 1469 1504 2138 1879 1413 1006 1875 626 1618 1071 1823 1503 1279 1319 2091
1621 1827 1859 863 1302 1973 1381 1990 1766 1394 935 1896 1996 2544 1556 1073 1179 360 1414 1867 2093 1105 2342 721 1197 1450 1855 1671 1645 853 1371 1194 1668 1385 1868 715 862 1366 575 2267 1111 1803 1065 1170 1302 1230 1099 1768 1859 773 950 2366 999 1810 1580 1461 910 1721 1362 1601 1767 1653 1010 2138 1653 1666 1706 1913 1545 1454 901 1160 2072 1511 1699 2005 1101 731 814 501 1726 1391 1350 992 1389 1712 1401 1557 1637 1617 2139 1235 1771 591 834 1060 1766 1649 1974 1879 1902 1276 1162 752 2392 1983 1559 1222 1939 1490 1568 2310 1224 1896 2397 2638 784 2407 1927 1621 1212 1774 2323 2042 1023 1241 1278 1443 1571 1786 1266 1895 2213 1684 1322 1914 1006 1981 1334 759 2008 1789 712 1149 1674 1059 1684 1493 1859 955 1683 1356 1356 1716 1341 1931 1301 1860 1323 1815 920 1834 2176 1530 963 968 1662 1613 1755 1973 1883 1717 1902 1473 1559 1427 1349 1436 1999 471 1927 1597 1473 1202 1689 788 1167 1891 1304 1550 1945 1976 2026 1133 1200 1752 1680 2187 1734 861 1634 1776 965 1622 1661 1062 1917 1017 1648 1962 1961 1276 2030 1283 586 729 1895 683 1093 1316 1542 702 1320 1557 1079 1743 1790 1339 1987 1063 1015 2318 843 1776 1623
635 2259 1835 1914 788 2208 2421 965 2274 886 1930 854 1120 1521 879 1528 595 1414 360 2878 1038 674 2594 1056 2181 1919 1888 2712 2294 1379 2144 2002 1418 1419 1178 1429 1364 2420 1629 2276 1832 940 873 1093 1718 2018 2081 1840 1704 1413 1950 1311 1534 1406 2195 1913 1018 2347 1066 1373 2819 2576 1047 1350 1057 2703 1010 2044 504 2391 1622 1858 1450 2520 1891 1827 2058 1529 1868 1368 2004 2110 604 794 1375 1315 1389 1219 2319 1590 2167 586 2545 1473 1177 1317 2819 2643 1830 2048 2100 1754 1828 1220 2653 1018 2460 576 908 1456 2234 1259 2197 2930 1393 1627 1273 2658 2947 2015 992 2541 1269 1691 2068 2075 1681 1477 2580 1853 1843 1944 1273 2211 2352 1296 940 1920 440 1148 1067 2538 1724 1871 2588 1934 2626 2514 1280 842 2738 2061 1668 2275 1711 1602 1061 1152 1374 1432 952 1195 1128 750 1687 837 2715 1638 1815 1330 1613 2772 919 1726 1921 773 2228 2005 1175 1308 2403 2650 1524 1638 2725 1011 612 2432 2331 786 1329 1006 1376 1849 703 982 2548 2541 2773 1893 1027 812 1828 1317 1930 762 990 1997 2507 2345 1027 2300 1001 1364 1489 1553 994 1714 1246 1057 1564 1737 2373 2041 1590 839 1968 604 1585 1237 2056 1272 1490 1296 2264
3114 1894 2494 1461 2630 2228 873 3393 1760 2897 1309 3373 3504 4035 2841 1891 2651 1867 2878 360 3542 2565 3269 2219 1569 1803 2431 1204 1499 2220 1322 1354 2621 2287 3060 2067 2236 994 1676 2664 1540 3311 2572 2638 1886 2004 1599 2995 2627 1852 1599 3811 2250 3250 2368 2501 2245 2418 2839 2574 768 1779 2271 3640 3148 1249 3209 2339 3019 915 2065 1548 3548 1427 2192 2726 1668 1992 1466 1877 2092 2149 2748 2486 2773 3162 2331 2637 2295 2943 3307 2668 2188 1936 2091 2449 783 1513 2675 3006 2250 1812 2162 2221 3298 3485 1823 2709 3422 2853 1473 3776 1047 537 3894 4134 1990 3320 447 2643 2445 2201 3780 2912 1386 1927 1904 2787 1427 2365 1682 3104 3719 1718 911 3044 2342 3241 2798 2097 3514 2243 1524 1518 1811 1849 1728 1361 3339 2456 969 1453 2004 1665 1937 3330 2777 3066 2263 2803 2427 3002 3600 2872 1627 2402 812 2351 2994 3104 3265 883 3400 2676 2638 2753 1846 1656 3252 1957 2733 1046 2799 1879 610 2294 2647 2628 1367 3057 3063 3477 3510 1535 2591 3025 1942 3047 603 1548 3132 3275 1441 3059 2778 2565 3253 1241 1021 2863 3296 1384 3434 2233 1916 1693 3402 1667 2513 2494 2863 1525 1005 2517 1826 3092 2236 2739 2922 2487 1219 3791 2130 3240 1515
793 2744 2169 2593 1307 2613 3095 611 2787 1337 2597 609 1007 936 1188 2113 1274 2093 1038 3542 360 1350 2986 1735 2847 2453 2241 3388 2856 2015 2754 2628 1734 1884 1251 2087 1998 3098 2308 2557 2447 993 1499 1645 2261 2647 2748 2240 1993 2057 2622 632 2148 1644 2765 2455 1659 2911 1529 1719 3496 3223 1652 1241 1316 3378 1208 2421 914 3038 2262 2466 1486 3189 2321 2074 2721 2188 2547 2042 2454 2716 1159 1469 1846 1594 1842 1562 2902 1995 2493 1234 3147 2144 1817 1904 3496 3307 2097 2460 2502 2311 2440 1877 3045 811 3102 1241 625 1894 2806 610 2856 3600 880 1059 1916 3045 3613 2524 1523 3142 599 1856 2746 2711 2225 1940 3249 2230 2419 2314 953 2737 3024 1379 1566 2237 1118 1805 872 3133 2397 2484 3231 2585 3276 3186 1429 1515 3417 2655 2184 2808 2240 1828 1555 1221 1859 1655 1608 1311 506 1092 2315 1504 3393 2040 2213 1373 1875 3450 769 2223 2431 1205 2870 2563 1082 1986 2908 3328 1982 2199 3397 1686 1289 2960 3004 1118 1400 799 1414 2462 1313 1102 3178 2986 3446 2569 1297 839 2475 1655 2402 1422 867 2661 3128 2818 856 2974 588 1865 2161 2210 937 2392 1822 1531 1999 2413 3050 2580 2180 920 2379 1167 1742 1822 2732 646 2131 1521 2826
922 2036 1714 1608 713 2030 2107 1249 2034 935 1615 1168 1373 1832 936 1263 454 1105 674 2565 1350 360 2514 754 1896 1675 1752 2411 2027 1148 1854 1705 1342 1246 1275 1166 1136 2108 1320 2164 1541 1179 724 991 1474 1777 1796 1785 1617 1111 1658 1623 1322 1484 2003 1752 731 2156 1054 1284 2505 2311 794 1575 1181 2403 1175 1888 814 2083 1376 1572 1615 2230 1711 1755 1778 1260 1559 1053 1807 1888 643 532 1306 1383 1226 1155 2112 1549 2142 504 2319 1186 884 1149 2506 2358 1747 1974 1928 1500 1608 967 2572 1305 2199 537 1218 1404 1963 1574 1884 2615 1698 1935 974 2580 2633 1874 826 2317 1583 1674 1764 1824 1437 1404 2290 1705 1575 1902 1555 1966 2037 1366 678 1912 593 841 1345 2318 1409 1582 2325 1670 2356 2220 1418 585 2429 1779 1444 2025 1477 1666 1022 1256 1190 1409 725 1268 1431 854 1391 528 2402 1489 1762 1414 1657 2461 1211 1608 1785 793 1970 1745 1342 997 2254 2343 1451 1385 2410 728 471 2266 2034 958 1400 1294 1548 1560 558 1107 2297 2431 2458 1593 1152 1093 1522 1348 1821 575 1209 1684 2209 2221 1251 2004 1287 1169 1200 1244 1252 1413 1097 928 1504 1423 2060 1878 1320 1037 1796 632 1581 1078 1742 1587 1247 1395 1998
2470 3805 3775 2336 2868 3950 2808 3086 3734 2079 2710 2744 2399 3018 3073 3047 2488 2342 2594 3269 2986 2514 360 2330 2069 3431 3788 2503 3577 1876 3270 3098 3471 3279 3402 1989 1875 2645 2341 4210 3068 2355 2149 1886 3281 1655 2061 1117 3724 2747 2120 3172 1706 1716 1264 1244 2678 1216 1889 3408 2920 1921 2800 2267 2030 2459 2138 3873 2601 3161 1812 3120 1984 2230 3663 3870 1994 1976 2383 2472 3704 1491 2760 2356 1580 1753 3279 3298 1338 1368 888 2629 1511 2114 2712 1754 2908 2197 3852 906 3874 3258 1581 2053 419 2566 1837 2429 2720 1497 3501 3035 2931 3176 2856 3023 2714 427 3274 1082 2938 1496 3090 3822 2318 1720 3255 1479 2249 3725 3243 1031 2590 3652 2824 3507 2717 1126 2568 2614 2524 1452 2555 3102 1896 1846 1992 2289 1945 2312 2714 3292 3325 3675 3317 1559 1893 3377 3214 3560 2175 3407 3132 2964 2934 2544 2837 3528 1143 3550 1493 2802 2580 1276 1143 2936 1783 3407 3407 2374 899 2613 1432 3180 3019 2268 2450 1015 2262 2261 3542 2573 2030 3089 2713 3212 1753 593 3033 2228 2051 2510 2878 1693 1063 2299 3204 2785 3425 771 3235 2246 3105 3179 2123 2704 2424 2231 1786 3053 1389 2500 2650 1167 3059 3070 3755 2752 3733 1810 2609 3001 1859 1833 3560
1260 1946 1804 1218 1016 2021 1740 1643 1913 1075 1273 1535 1651 2184 1270 1140 821 721 1056 2219 1735 754 2330 360 1504 1564 1821 2017 1846 838 1617 1449 1519 1308 1602 803 833 1727 934 2243 1318 1455 741 928 1379 1422 1403 1663 1757 884 1264 2008 1023 1554 1697 1494 710 1849 1090 1453 2128 1930 833 1810 1342 2009 1380 1918 1185 1774 1026 1360 1776 1836 1715 1904 1389 887 1173 708 1778 1552 1020 631 1215 1452 1308 1367 1789 1465 2038 893 1972 796 754 941 2128 1965 1884 1818 1932 1380 1281 645 2385 1626 1821 860 1577 1322 1774 1949 1556 2254 2038 2279 788 2397 2281 1637 998 1971 1963 1885 1372 1458 1347 1294 1896 1760 1415 1789 1861 1836 1678 1670 768 1841 977 658 1655 1977 1054 1360 1945 1294 1971 1825 1564 597 2042 1570 1393 1882 1402 1704 1034 1588 1243 1634 604 1579 1822 1219 1159 648 2024 1558 1645 1725 1670 2077 1543 1417 1558 1131 1596 1593 1704 621 1994 1953 1334 1278 2047 451 806 1985 1639 1204 1703 1618 1723 1339 886 1459 1927 2211 2094 1198 1320 1418 1236 1380 1627 706 1594 1350 1939 1991 1637 1610 1682 1209 809 956 1544 1019 931 1115 1400 1056 1681 1611 1176 1419 1807 1009 1811 901 1374 1957 910 1499 1820
2325 2336 2590 782 2136 2577 1099 2781 2232 1977 1146 2624 2601 3223 2391 1775 1952 1197 2181 1569 2847 1896 2069 1504 360 2021 2566 949 2017 1223 1698 1555 2475 2162 2706 1122 1241 938 1015 2945 1609 2429 1717 1662 1947 798 460 1815 2629 1520 607 3116 1164 2181 1164 1301 1748 1234 1854 2409 1262 834 1844 2670 2181 924 2269 2576 2293 1486 991 1657 2514 704 2367 2769 495 1021 856 1316 2348 940 2164 1748 1687 2110 2187 2383 1113 1805 2105 2037 1093 1070 1659 1413 1253 822 2731 1803 2535 1894 983 1331 2101 2644 770 1969 2653 1745 1946 3038 1279 1497 3061 3299 1589 2122 1585 1436 2048 1102 3062 2843 664 717 1938 1673 763 2493 1820 1915 2836 2154 1123 2750 1843 2061 2106 1594 2651 1135 1114 1628 859 680 853 715 2321 1698 1083 1764 2039 2152 1999 2219 1797 2697 2106 2632 1600 2671 2949 2356 1538 1784 1165 2358 1817 2810 2145 1158 2582 1504 1438 2259 659 1939 2833 1305 1540 975 1673 1868 1322 1532 1929 1446 577 2185 2780 2640 2494 1626 2023 2586 910 1853 1342 717 2173 2457 1389 1998 1580 1785 2737 1195 1758 1659 2780 553 2819 2065 1055 1377 2527 877 1495 2149 1729 1055 941 1308 1748 2562 2449 2153 2800 1478 974 3036 1106 2203 2009
2194 743 1052 1603 1522 916 1615 2241 719 2222 1242 2367 2675 3019 1634 786 1766 1450 1919 1803 2453 1675 3431 1564 2021 360 994 2193 775 1933 841 875 1232 946 1743 1804 1938 1755 1473 1303 771 2486 1915 2132 561 2246 1954 2839 1188 1058 1820 2691 2089 2745 2633 2548 1313 2761 2282 1201 1996 2481 1242 2889 2484 2216 2489 939 2057 1258 1982 725 2923 2197 757 1283 1995 1815 1531 1324 693 2421 1699 1716 2414 2642 993 1313 2661 2660 3214 1697 2732 1677 1187 2112 2006 2349 1232 2965 880 544 2232 1786 3481 2575 2431 1853 2434 2521 745 2704 1255 1941 2918 3136 1135 3496 1890 2709 1301 2739 2687 1477 1722 2226 598 2486 2243 925 560 2966 2831 652 1524 1691 1357 3035 1855 1273 2627 2764 1288 756 2510 2047 2480 2145 2719 1723 2058 712 631 717 572 2904 2230 1758 958 1408 1799 1676 2461 1721 865 1524 1933 922 2823 1745 2873 2031 2474 2557 2649 1610 2280 508 1958 1430 2999 2035 2523 652 1799 1652 1786 2949 1989 2273 1702 2563 2859 755 1576 1776 2571 3271 1849 1691 2457 2372 991 2578 2750 1813 2034 1215 1181 3047 2071 1974 2280 949 1669 1088 2550 1607 2121 1282 2591 1350 1701 2639 748 1910 818 1694 1500 2090 1442 2736 1933 2675 745
2137 1004 444 2144 1461 749 2241 1998 1113 2326 1825 2232 2629 2817 1438 1157 1823 1855 1888 2431 2241 1752 3788 1821 2566 994 360 2806 1328 2275 1474 1500 867 877 1384 2181 2274 2372 1950 782 1360 2462 2084 2340 986 2717 2488 3118 638 1446 2342 2432 2453 2876 3075 2930 1482 3216 2441 890 2629 3038 1365 2872 2558 2825 2530 545 1998 1891 2391 1325 2974 2782 598 671 2517 2221 2070 1714 713 2884 1643 1862 2652 2775 888 1051 3130 2904 3490 1707 3241 2083 1436 2402 2638 2935 618 3279 644 1050 2655 2095 3842 2485 2972 1910 2303 2757 1331 2483 1881 2574 2752 2940 1444 3855 2519 3083 1287 3246 2451 914 2283 2715 991 2741 2833 433 1157 3242 2731 1115 2149 1285 1466 3278 1849 1534 2547 3265 1811 1359 3065 2531 3046 2735 2792 1891 2684 1346 887 1187 932 3059 2402 1410 940 972 2008 1316 2205 1563 1392 1654 2564 626 3098 1323 3047 2660 2384 2878 3009 1488 2796 1135 1599 1794 3415 2655 2784 1057 2433 1891 1855 3385 2568 2304 1281 2471 2902 1352 1583 1499 3109 3657 2483 2216 2528 2310 1568 2739 3086 1947 1752 1815 1790 3434 1777 2549 2031 972 2081 1557 2502 2095 2386 1197 2846 1871 2316 3037 1178 1684 570 1643 979 2358 2031 2525 2310 2783 1304
2883 2428 2848 1169 2603 2724 961 3300 2304 2555 1354 3175 3181 3792 2851 2074 2478 1671 2712 1204 3388 2411 2503 2017 949 2193 2806 360 2051 1803 1762 1679 2826 2491 3141 1687 1821 798 1459 3135 1805 3005 2279 2245 2184 1348 1034 2371 2927 1886 1134 3660 1753 2769 1632 1844 2198 1647 2440 2765 803 954 2274 3258 2767 405 2853 2773 2834 1406 1578 1841 3104 643 2581 3056 1084 1588 1228 1758 2525 1444 2661 2279 2276 2700 2526 2772 1528 2384 2629 2545 1373 1607 2079 2001 789 677 3011 2330 2709 2117 1559 1890 2524 3214 1025 2507 3209 2332 1995 3591 1306 1067 3633 3873 1991 2547 1181 1958 2477 1387 3611 3177 1008 1259 2185 2259 613 2733 2011 2461 3415 2237 1043 3166 2299 2616 2634 2037 3226 1431 1451 1808 984 1268 894 601 2911 2233 595 1868 2294 2211 2239 2802 2382 3137 2445 2999 2151 3098 3480 2837 1798 2279 756 2643 2377 3227 2726 683 3148 2073 1978 2730 1126 2075 3294 1782 1964 537 2257 2130 973 2062 2460 1848 751 2757 3192 3210 3084 1814 2511 3048 1123 2272 963 1179 2758 3022 1605 2587 2120 2329 3226 1353 1657 2112 3270 782 3339 2407 1589 1718 3103 1358 2081 2563 2309 1409 852 1823 2028 3052 2651 2650 3153 2064 1149 3593 1688 2793 2053
2568 757 1402 1635 1916 1088 1450 2650 623 2543 1246 2758 3039 3416 2044 1126 2120 1645 2294 1499 2856 2027 3577 1846 2017 775 1328 2051 360 2138 679 840 1643 1362 2159 1991 2147 1622 1598 1524 896 2846 2220 2408 956 2323 1972 3052 1564 1322 1862 3099 2269 3041 2725 2697 1656 2838 2576 1615 1769 2441 1607 3241 2810 2082 2827 1211 2435 1016 2132 849 3250 2118 1097 1637 2025 1978 1574 1547 975 2500 2086 2040 2665 2939 1409 1729 2727 2900 3421 2068 2750 1850 1510 2342 1781 2262 1584 3152 1116 905 2357 2022 3623 2952 2415 2203 2822 2768 436 3107 1123 1659 3310 3532 1436 3640 1586 2860 1695 2759 3092 1857 1713 2285 991 2725 2155 1271 812 3179 3207 580 1369 2104 1717 3266 2224 1579 3000 2790 1382 856 2473 2121 2426 2057 3040 2038 1876 649 1045 527 982 3186 2520 2174 1370 1814 2090 2091 2870 2125 1053 1866 1728 1321 3040 2157 3146 1829 2853 2750 2812 2011 2304 653 2374 1659 3105 1879 2756 1020 1556 1937 2135 3038 1932 2620 2114 2940 3190 874 1952 2191 2558 3397 1600 1738 2785 2745 1060 2864 2927 2137 2448 1184 838 3177 2485 1925 2690 1358 1837 1280 2916 1707 2367 1688 2826 1437 1575 2771 1067 2320 1121 2080 1893 2336 1403 3137 2112 2984 390
1476 2314 2266 1118 1470 2437 1707 1983 2257 1114 1367 1781 1739 2362 1716 1534 1173 853 1379 2220 2015 1148 1876 838 1223 1933 2275 1803 2138 360 1858 1680 1997 1771 2054 518 378 1630 943 2696 1604 1565 876 802 1771 999 1131 1274 2230 1238 1037 2278 545 1390 1224 1018 1186 1376 1001 1931 2027 1567 1309 1821 1326 1783 1409 2356 1470 1888 607 1654 1695 1567 2146 2378 1089 589 1115 968 2190 1100 1431 977 923 1303 1776 1845 1326 1133 1646 1291 1532 663 1199 590 2023 1669 2355 1392 2358 1754 819 554 1929 1782 1446 1164 1803 1016 2061 2189 1647 2210 2199 2436 1197 1943 2265 1168 1476 1530 2218 2364 1223 1057 1744 961 1624 2210 1755 1401 1973 2176 1672 2132 1246 1490 1314 1101 1788 1530 1157 1643 1576 933 1622 1577 1490 923 1891 1848 1809 2209 1804 1481 942 2037 1707 2112 791 2038 2128 1643 1456 1104 1921 2017 1262 2185 1423 1948 1724 984 1094 1573 1214 1927 2131 863 1516 1788 986 1669 2005 803 1142 1507 1412 1323 2166 1778 1664 1627 1325 1895 1529 1743 2043 1042 1317 1601 1450 1199 1181 978 1988 1452 2109 1520 2029 1382 2018 1670 681 1222 1664 914 654 1593 1055 1121 1599 1133 1551 1819 2238 1421 2289 630 1371 2184 478 1384 2116
2412 1027 1534 1316 1807 1326 1165 2568 907 2330 928 2628 2864 3295 1976 1004 1948 1371 2144 1322 2754 1854 3270 1617 1698 841 1474 1762 679 1858 360 538 1674 1350 2147 1707 1868 1326 1299 1749 672 2668 1998 2162 934 2006 1653 2768 1665 1109 1544 3009 1978 2802 2410 2393 1487 2520 2342 1632 1524 2127 1466 3050 2597 1789 2627 1401 2288 777 1833 647 3034 1809 1236 1765 1706 1684 1258 1291 1150 2184 1960 1839 2400 2702 1397 1715 2408 2628 3132 1918 2431 1562 1330 2072 1534 1956 1714 2857 1323 862 2048 1760 3314 2797 2097 2025 2688 2502 608 3000 818 1460 3176 3406 1241 3332 1409 2555 1595 2440 2993 1950 1394 1967 957 2454 1849 1406 731 2893 3049 836 1079 2115 1565 2988 2069 1381 2840 2471 1079 632 2158 1805 2113 1750 2822 1829 1604 490 1050 819 981 2936 2283 2157 1338 1855 1861 2084 2785 2036 825 1687 1468 1390 2757 2173 2891 1568 2701 2460 2511 1917 1984 699 2353 1402 2791 1594 2483 948 1321 1708 1957 2722 1618 2431 2130 2786 2979 655 1814 2144 2240 3085 1371 1421 2574 2586 767 2620 2630 1933 2391 865 740 2867 2431 1610 2609 1314 1547 1025 2746 1398 2104 1616 2552 1131 1276 2463 935 2245 1288 1953 1964 2073 1084 3025 1822 2754 670
2266 1143 1550 1159 1687 1410 1101 2452 1037 2164 771 2491 2710 3160 1873 904 1798 1194 2002 1354 2628 1705 3098 1449 1555 875 1500 1679 840 1680 538 360 1628 1292 2071 1528 1690 1241 1122 1816 549 2513 1831 1988 902 1843 1503 2590 1658 953 1386 2888 1800 2629 2245 2219 1343 2359 2170 1580 1493 1998 1335 2890 2431 1702 2464 1454 2146 800 1657 553 2866 1696 1268 1772 1553 1506 1096 1117 1206 2021 1830 1678 2223 2529 1336 1644 2249 2450 2955 1778 2284 1384 1184 1894 1502 1846 1723 2681 1390 829 1877 1583 3143 2650 1960 1872 2549 2324 764 2872 741 1470 3035 3268 1091 3160 1438 2381 1483 2292 2868 1933 1250 1807 916 2276 1740 1428 705 2715 2899 959 1010 2050 1427 2810 1926 1226 2690 2322 904 523 2029 1641 1990 1641 2653 1666 1545 569 1020 959 956 2760 2111 2078 1269 1810 1691 2011 2667 1922 675 1536 1425 1375 2579 2110 2715 1520 2555 2282 2336 1802 1834 759 2268 1228 2624 1520 2305 885 1308 1539 1805 2558 1495 2272 2069 2639 2812 541 1679 2050 2103 2916 1359 1260 2408 2438 589 2446 2454 1772 2289 721 865 2696 2330 1483 2494 1240 1370 853 2593 1226 1927 1517 2374 957 1187 2291 836 2136 1333 1822 1935 1896 949 2895 1645 2583 826
1649 1422 798 2071 1008 1242 2323 1492 1496 1896 1837 1729 2138 2310 937 1120 1396 1668 1418 2621 1734 1342 3471 1519 2475 1232 867 2826 1643 1997 1674 1628 360 701 898 1938 1993 2416 1821 1221 1448 1980 1700 1967 1100 2532 2384 2761 646 1317 2232 1930 2182 2443 2847 2653 1171 2997 2035 427 2738 2946 1049 2385 2108 2837 2068 1047 1515 2066 2162 1435 2508 2744 972 774 2398 2001 1999 1532 1114 2682 1177 1483 2283 2346 662 559 2926 2530 3122 1265 3079 1874 1196 2079 2745 2895 773 2941 1132 1172 2426 1805 3528 1987 2860 1478 1800 2384 1618 1977 1983 2739 2245 2433 1249 3538 2706 2794 893 3081 1946 733 2229 2549 1078 2379 2801 858 1303 2880 2229 1467 2233 823 1116 2894 1391 1282 2050 3093 1747 1466 2968 2368 2968 2709 2337 1523 2749 1547 984 1543 1053 2634 2004 919 741 541 1656 828 1702 1066 1402 1287 2656 694 2739 875 2631 2744 1887 2556 2712 1006 2657 1376 1117 1579 3154 2698 2424 1104 2568 1569 1432 3142 2526 1843 831 1973 2433 1449 1152 993 2986 3366 2620 2118 2078 1819 1602 2324 2769 1553 1249 1856 2042 3147 1276 2503 1525 779 1877 1475 2013 1964 2045 779 2481 1799 2360 2771 1175 1177 1016 1179 687 2021 2039 2019 2059 2341 1613
1686 1222 856 1750 994 1150 1982 1663 1263 1822 1499 1824 2178 2457 1057 779 1323 1385 1419 2287 1884 1246 3279 1308 2162 946 877 2491 1362 1771 1350 1292 701 360 1162 1689 1770 2077 1515 1298 1109 2000 1568 1823 781 2256 2074 2601 834 1002 1923 2113 1952 2370 2594 2430 965 2740 1928 647 2397 2635 848 2410 2063 2502 2044 1001 1544 1732 1906 1099 2489 2419 832 980 2093 1739 1677 1244 946 2415 1180 1347 2135 2268 407 729 2661 2386 2973 1218 2795 1605 934 1888 2404 2570 950 2764 1045 849 2172 1587 3333 2054 2556 1412 1893 2240 1325 2134 1642 2400 2368 2577 961 3346 2371 2579 791 2798 2113 1047 1904 2264 753 2224 2474 823 979 2726 2307 1217 1892 1124 950 2761 1369 1031 2111 2813 1421 1129 2660 2081 2653 2381 2299 1375 2409 1227 677 1290 743 2550 1888 1175 424 881 1491 1097 1882 1156 1061 1139 2315 611 2581 1182 2535 2403 1952 2365 2503 1056 2362 1077 1374 1309 2922 2359 2267 768 2228 1375 1353 2899 2201 1819 1140 2041 2419 1112 1092 1190 2686 3154 2280 1805 2034 1862 1262 2227 2575 1434 1449 1516 1726 2932 1485 2178 1701 462 1605 1149 2051 1661 1870 728 2329 1475 2021 2541 834 1331 912 1178 1022 1842 1702 2170 1816 2281 1332
