140 714 1888 2875 1266 976 1738 1716 653 690 1754 1118 2836 645 1512 1477 1767 2055 1277 634 2365 2055 645 2048 1977 1024 865 1996 2446 2079 2910 2520 2468 1489 2223 1728 1147 1952 2350 2595 1841 1977 1701 2938 2243 1320 2885 1060 1606 1268 1029 1390 1135 1408 801 2709 2776 1764 1460 1072 810 558 2447 2072 2158 962 2316 2045 2976 818 1174 2349 1012 2235 1490 1828 2864 1493 1177 1022 1026 777 340 2124 282 1805 2169 2350 414 854 1643 2192 1737 928 949 1005 1021 988 1720 761 1218 2056 1675 1442 2124 863 1996 884 2815 2406 2021 2175 2713 1064 1629 2155 2273 2052 1920 2389 933 532 2867 467 1235 1678 2614 628 2443 1994 2444 2271 1846 1263 696 2450 2261 1189 387 2938 736 1096 794 2137 2495 974 1806 1535 2383 1756 1846 2382 1811 2215 1904 832 2178 1968 2475 2253 2035 2048 1044 1515 1281 1645 1962 858 2097 1938 2935 2085 661 2099 2264 1092 2682 677 1453 1183 2455 1922 1072 1336 1092 350 1067 672 1004 1865 2305 1062 1412 929
814 360 2500 3546 1857 858 2403 2384 1095 1063 2416 1679 3506 1294 2179 2010 2433 2708 1895 1308 2886 2540 967 2678 2639 1697 555 2668 3104 2658 3582 3084 3134 2046 2743 2173 1646 2550 2661 3252 2474 2580 2375 3608 2768 1734 3558 1731 2173 1916 1469 2058 1595 1923 1468 3383 3443 2244 2131 1486 1443 648 3070 2457 2831 1633 2628 2699 3637 1130 1568 2903 1041 2900 2048 2502 3511 1993 1828 1510 675 1027 1007 2770 798 2347 2720 2972 800 1527 2176 2633 2317 1503 686 1679 1682 1623 2325 551 1817 2714 2251 2077 2523 1387 2658 1544 3440 2942 2573 2844 3384 1681 2148 2797 2882 2660 2481 3056 958 670 3505 607 1404 2338 3275 480 3116 2337 3112 2875 2419 1764 1367 3066 2730 1830 892 3601 1377 1742 1468 2685 3020 1565 2442 2099 3046 2395 2457 2843 2460 2763 2543 1452 2782 2635 3085 2924 2483 2695 1718 1875 1955 2223 2573 1514 2770 2445 3580 2709 1165 2695 2813 1739 3301 1352 1892 1845 3026 2539 1624 1619 1433 724 1401 1310 1633 2151 2843 710 2085 1549
1988 2500 360 2105 2065 2429 933 990 2277 1854 887 2143 2115 1606 1536 2356 1585 812 971 1710 2926 2853 2385 591 1738 1392 2572 1163 1150 657 2073 2839 1285 895 1032 2761 1312 479 3550 2165 545 2275 1245 2172 2829 1437 2014 1322 2281 1746 2407 1508 2409 1090 1703 1804 2122 2681 1112 1550 1878 2227 933 3158 1275 1586 3520 819 2378 1865 2558 966 2813 1095 889 1189 2479 1098 1113 2309 2808 1971 1967 785 2099 806 2666 2360 2244 1614 898 3087 2279 2072 2578 1460 1283 1842 2136 2600 2016 887 2268 1864 3159 1495 1751 1718 2656 1080 2568 1705 1963 1927 967 759 2405 2281 2464 1233 2243 2200 2586 2277 2895 872 2126 2451 1453 3198 1884 744 629 1224 1601 2472 3051 1799 2168 2338 1868 1173 1633 847 1193 1295 1958 2261 1928 617 402 3162 709 896 1964 1926 653 1648 2528 1701 2955 1965 1447 2823 1378 2247 2218 1412 1220 2699 2571 586 1705 594 2731 1177 2614 1681 1317 1619 993 2157 2160 2833 1697 2182 2593 1898 1244 3214 2811 2803 1205 1320
2975 3546 2105 360 2231 3719 1694 1675 2948 3149 1714 2428 434 2677 1729 2323 1479 1653 2336 2603 2192 2403 3107 1907 1297 2236 3698 1373 1429 2315 464 1896 1245 2530 2700 2600 2823 2194 3235 851 1947 1729 1567 429 2174 3046 522 2223 2116 2028 2786 1848 2695 2718 2438 679 536 2453 1855 3047 2491 3362 1927 2859 1216 2273 3219 1646 691 3228 2851 2507 3481 1375 2524 1476 967 2767 2235 2677 3849 3300 2898 1699 3115 2550 2017 1408 3131 2380 2610 2621 1985 2526 3767 2238 2314 2324 1858 3545 2236 1578 2035 1924 2807 2844 1282 2366 1297 2635 2039 1066 524 2307 2677 1753 1554 1653 2012 1265 3582 3331 1130 3300 3330 1788 779 3446 1016 3008 810 2107 2374 2791 2566 1440 2492 2125 3034 662 2546 2322 2440 2518 2728 2611 1617 2165 913 1941 2120 2543 1816 2529 1515 2500 2118 1279 1490 982 2577 1350 2198 2904 1958 2043 1683 2474 1282 2302 1034 1956 2962 2184 2009 2322 1380 2559 2976 2067 2398 1664 2483 3104 3202 3182 3003 2611 2461 3176 2083 3896 1865 2546
1366 1857 2065 2231 360 2203 1592 1537 1145 1798 1634 561 2174 1338 993 665 1169 1952 1635 1136 1489 1249 1301 2098 1298 1115 2043 1666 2230 2351 2295 1614 2164 1980 2658 1062 1903 2175 1847 1842 1917 1082 1346 2283 1368 2167 2292 1181 708 685 915 951 830 2036 952 2168 2092 1007 1323 1993 833 1783 2469 1463 1775 930 1817 1936 2239 1926 992 2664 1624 1981 1977 1488 2059 2133 1406 807 2116 1935 1296 2052 1504 2253 1272 1482 1417 989 2157 1449 830 714 2151 1044 1287 690 829 1793 420 1903 769 675 1476 1703 1313 864 1950 2767 1125 1544 2087 582 2186 2114 1385 1164 1018 2091 2147 1758 2030 1645 1463 1599 1882 1740 2020 1493 1780 2405 2187 1970 1204 1571 1464 626 1331 2208 909 1410 1027 2502 2877 1594 992 643 1683 1823 2034 1587 1791 2569 1100 799 2332 1339 1588 1639 1299 1266 1033 1152 1047 739 1078 1299 1740 1104 2118 2161 1652 2297 1366 1405 1806 1112 2223 807 2696 1048 619 1266 2095 1539 1132 964 1467 1526 1415 2190 1228 1482
1076 858 2429 3719 2203 360 2469 2463 1514 951 2470 2050 3688 1403 2393 2403 2644 2721 1869 1511 3291 2966 1418 2635 2864 1844 714 2767 3125 2526 3741 3456 3187 1916 2529 2617 1487 2452 3149 3486 2447 2912 2514 3785 3171 1477 3708 1855 2542 2186 1904 2267 2025 1751 1705 3517 3638 2671 2236 1268 1743 782 3000 2925 2935 1846 3115 2715 3853 924 2023 2727 1539 2951 1920 2621 3768 1797 1878 1924 954 818 1270 2765 1059 2180 3103 3278 1191 1736 2007 3082 2674 1862 603 1851 1770 1918 2655 1045 2154 2744 2611 2368 2987 1305 2883 1796 3740 2742 2955 3039 3555 2000 1963 2777 3206 2986 2855 3112 557 806 3782 950 1901 2389 3497 955 3216 2816 3308 2777 2289 1594 1521 3380 3166 2114 1256 3815 1668 1787 1674 2510 2804 1534 2728 2469 3261 2382 2387 3283 2472 2583 2822 1768 2685 2841 3407 3108 2927 2959 1891 2346 2128 2581 2896 1606 2870 2858 3843 2652 1131 2590 3197 1785 3611 1552 1643 2082 2870 2854 2001 2105 1156 1034 1871 1606 1654 2641 3236 876 2215 1564
1838 2403 933 1694 1592 2469 360 420 1994 1879 407 1711 1685 1471 997 1861 1012 724 1006 1482 2361 2312 2130 882 1169 1091 2520 681 1074 1226 1690 2266 1090 1212 1604 2263 1491 1051 3049 1648 749 1707 674 1763 2268 1712 1644 1042 1755 1267 2026 1003 1999 1390 1394 1439 1667 2167 661 1720 1536 2168 1236 2649 845 1237 3021 709 1918 1938 2159 1524 2558 856 1206 627 1966 1448 951 1917 2719 2024 1783 821 1968 1309 2102 1791 2056 1308 1320 2552 1735 1689 2562 1135 1082 1444 1586 2457 1553 693 1731 1344 2642 1544 1182 1371 2110 1645 2010 1166 1535 1503 1383 882 1832 1710 1910 1012 2310 2138 2056 2159 2559 454 1621 2327 1113 2710 1383 1198 1161 1457 1402 1903 2503 1341 1965 1876 1553 1042 1351 1420 1757 1307 1391 1747 1402 682 921 2610 588 1468 1392 1574 1139 1081 1959 1183 2428 1393 1105 2381 934 1713 1649 1250 778 2160 2057 950 1697 1133 2163 1043 2056 1443 1649 1174 1513 1588 1741 2443 1877 2047 2233 1602 1174 2759 2245 2741 744 1264
1816 2384 990 1675 1537 2463 420 360 1957 1875 467 1660 1662 1454 938 1804 954 775 1021 1455 2301 2253 2095 942 1115 1061 2505 669 1109 1284 1675 2208 1111 1246 1661 2205 1508 1109 2991 1609 807 1648 615 1744 2208 1736 1632 1016 1696 1212 1978 947 1949 1420 1359 1429 1640 2108 623 1733 1495 2154 1292 2591 837 1198 2963 760 1889 1939 2110 1583 2521 881 1241 583 1927 1481 945 1869 2699 2022 1757 874 1947 1358 2042 1737 2028 1274 1362 2492 1675 1642 2550 1101 1065 1397 1526 2432 1499 736 1671 1286 2583 1546 1129 1331 2063 1704 1950 1124 1514 1454 1423 937 1776 1651 1850 1033 2308 2123 2014 2139 2515 492 1585 2304 1113 2653 1349 1258 1214 1480 1379 1850 2443 1289 1936 1848 1515 1036 1319 1477 1816 1310 1332 1688 1362 737 977 2550 647 1526 1334 1531 1199 1030 1905 1146 2368 1338 1069 2327 887 1654 1590 1234 770 2100 2018 1010 1692 1193 2104 1037 2006 1414 1679 1124 1573 1529 1691 2393 1889 2025 2187 1566 1171 2704 2185 2724 700 1260
753 1095 2277 2948 1145 1514 1994 1957 360 1301 2021 954 2899 1086 1591 1274 1833 2346 1689 930 2152 1815 520 2397 2013 1273 1289 2192 2706 2509 2999 2349 2692 1967 2710 1463 1692 2360 2056 2601 2190 1863 1868 3006 2033 1898 2985 1334 1443 1279 751 1487 870 1926 960 2832 2825 1519 1694 1659 833 1101 2800 1788 2338 1119 2022 2333 2995 1432 884 2802 925 2473 1966 2010 2836 2019 1523 776 1334 1390 765 2429 859 2283 1984 2267 682 1048 2136 1928 1590 796 1410 1221 1354 985 1613 1010 1114 2327 1524 1405 1844 1413 2030 989 2735 2874 1838 2242 2793 1005 2135 2474 2167 1946 1747 2613 1515 1085 2814 923 997 1956 2633 975 2615 1702 2500 2659 2290 1799 1043 2354 2012 1182 635 2962 802 1466 1013 2600 2972 1453 1762 1369 2417 2096 2236 2129 2121 2677 1868 812 2570 2029 2369 2331 1773 2029 1249 1223 1446 1496 1862 1233 2286 1713 2898 2445 1244 2504 2078 1461 2590 955 2015 1259 2885 1833 897 1048 1697 849 776 752 1422 1572 2108 1412 1620 1373
790 1063 1854 3149 1798 951 1879 1875 1301 360 1879 1689 3122 862 1859 2051 2102 2130 1279 1029 2926 2646 1289 2053 2326 1292 1089 2181 2534 1979 3166 3040 2595 1363 2041 2343 948 1888 2995 2945 1860 2462 1941 3216 2804 1040 3130 1291 2146 1703 1664 1734 1760 1225 1228 2936 3077 2363 1657 788 1325 775 2428 2704 2350 1337 2961 2124 3301 493 1816 2209 1607 2360 1366 2041 3239 1291 1290 1642 1342 513 916 2176 826 1654 2709 2794 1039 1232 1481 2802 2258 1501 1083 1312 1194 1477 2210 1215 1741 2153 2202 1896 2751 719 2346 1323 3243 2243 2563 2484 2984 1578 1448 2190 2740 2526 2455 2520 793 755 3268 909 1874 1798 2951 1060 2629 2635 2751 2215 1740 1065 998 2902 2857 1648 1036 3261 1250 1199 1174 1991 2319 942 2238 2080 2713 1793 1812 2980 1881 2068 2323 1365 2122 2294 2935 2547 2644 2446 1351 2158 1578 2172 2436 1038 2284 2518 3319 2074 546 2030 2802 1198 3126 1062 1193 1576 2339 2387 1652 1986 770 879 1717 1203 1064 2513 2853 1321 1643 975
1854 2416 887 1714 1634 2470 407 467 2021 1879 360 1750 1707 1482 1043 1904 1059 689 993 1502 2408 2359 2155 836 1213 1113 2529 702 1053 1180 1707 2312 1081 1183 1559 2307 1476 1005 3093 1682 703 1754 721 1784 2315 1691 1660 1061 1801 1308 2061 1045 2036 1365 1421 1453 1693 2212 692 1708 1566 2177 1195 2694 861 1265 3065 675 1945 1934 2196 1477 2583 845 1177 668 2001 1419 956 1953 2732 2022 1800 783 1982 1269 2149 1835 2075 1333 1286 2598 1781 1723 2568 1160 1094 1478 1632 2473 1594 666 1777 1389 2687 1539 1226 1401 2149 1598 2057 1204 1557 1540 1349 841 1878 1756 1957 1004 2308 2146 2093 2173 2592 441 1654 2341 1121 2754 1414 1152 1119 1437 1418 1947 2550 1381 1985 1904 1580 1046 1375 1374 1710 1304 1438 1791 1438 639 876 2657 541 1421 1439 1605 1092 1125 2003 1216 2474 1438 1132 2421 969 1759 1696 1261 794 2207 2092 904 1699 1086 2210 1048 2098 1463 1623 1211 1466 1635 1779 2479 1864 2062 2267 1628 1176 2800 2292 2751 779 1265
1218 1679 2143 2428 561 2050 1711 1660 954 1689 1750 360 2373 1267 1151 722 1351 2075 1660 1055 1607 1318 1107 2199 1493 1139 1869 1819 2377 2419 2490 1769 2322 1998 2703 1053 1868 2248 1807 2043 2008 1268 1492 2481 1485 2123 2486 1209 855 821 719 1087 654 2029 901 2356 2291 1042 1425 1928 738 1628 2582 1448 1938 939 1775 2060 2440 1820 818 2731 1422 2130 1995 1638 2259 2127 1438 609 1928 1816 1157 2172 1352 2287 1412 1675 1243 963 2176 1489 997 550 1982 1065 1298 670 1021 1604 553 2034 932 866 1476 1641 1508 833 2143 2827 1264 1736 2282 575 2198 2231 1573 1352 1166 2248 2009 1605 2227 1478 1274 1706 2083 1560 2193 1442 1977 2499 2239 1947 1143 1761 1531 733 1162 2409 806 1425 985 2557 2935 1566 1194 781 1882 1912 2109 1654 1895 2627 1301 690 2420 1528 1775 1831 1332 1467 1067 1040 1143 903 1269 1273 1899 1189 2317 2259 1560 2377 1507 1420 1996 1041 2195 898 2776 1244 418 1100 2017 1378 939 846 1458 1431 1546 2006 1333 1457
2936 3506 2115 434 2174 3688 1685 1662 2899 3122 1707 2373 360 2645 1687 2260 1434 1665 2323 2566 2117 2330 3058 1922 1246 2204 3660 1365 1461 2333 537 1821 1275 2527 2721 2532 2810 2207 3162 777 1953 1660 1541 468 2100 3037 589 2193 2052 1980 2730 1807 2637 2713 2398 716 462 2384 1832 3031 2446 3327 1960 2787 1215 2233 3147 1656 645 3203 2791 2534 3428 1391 2521 1458 900 2764 2214 2621 3807 3274 2859 1716 3077 2558 1944 1335 3088 2342 2612 2548 1919 2474 3732 2203 2288 2277 1794 3502 2181 1587 1970 1869 2735 2822 1229 2324 1226 2662 1967 1022 512 2257 2679 1772 1481 1583 1942 1290 3554 3296 1062 3261 3272 1779 705 3405 1035 2938 759 2132 2384 2781 2533 1365 2418 2076 2991 610 2502 2300 2402 2537 2757 2591 1556 2102 852 1942 2128 2469 1817 2551 1453 2453 2140 1234 1415 942 2505 1287 2163 2839 1923 1978 1615 2445 1279 2231 970 1974 2935 2202 1935 2300 1307 2522 2971 2024 2429 1597 2428 3042 3186 3143 2946 2568 2439 3107 2009 3856 1838 2523
745 1294 1606 2677 1338 1403 1471 1454 1086 862 1482 1267 2645 360 1359 1617 1606 1775 996 572 2466 2217 1161 1763 1829 801 1411 1747 2169 1809 2701 2556 2201 1243 1986 1955 985 1674 2671 2450 1555 1969 1475 2743 2345 1224 2670 815 1683 1205 1351 1234 1414 1202 747 2484 2595 1948 1209 1021 888 1060 2162 2340 1913 835 2638 1765 2812 975 1514 2091 1578 1967 1243 1589 2740 1296 894 1292 1610 1015 723 1840 865 1561 2238 2292 997 734 1410 2396 1782 1097 1460 813 748 1008 1721 1365 1279 1779 1730 1400 2375 735 1848 840 2740 2157 2095 1997 2513 1116 1409 1871 2242 2031 1984 2123 1279 1029 2766 1054 1724 1404 2458 1225 2197 2304 2266 1989 1581 1083 499 2401 2432 1158 926 2773 824 811 680 1884 2252 727 1737 1621 2221 1470 1564 2555 1529 1961 1821 937 1897 1801 2436 2065 2239 1943 852 1844 1086 1700 1940 580 1850 2079 2819 1800 688 1821 2329 808 2624 587 1316 1074 2186 1890 1243 1744 1117 947 1474 802 721 2229 2385 1630 1177 655
1612 2179 1536 1729 993 2393 997 938 1591 1859 1043 1151 1687 1359 360 1234 614 1340 1290 1248 1761 1679 1748 1520 830 931 2338 1033 1598 1833 1773 1724 1532 1618 2186 1630 1711 1654 2414 1452 1366 1127 717 1791 1659 1977 1756 949 1118 693 1502 485 1445 1738 1072 1600 1624 1530 799 1882 1125 2012 1865 2013 1147 911 2386 1324 1825 1961 1609 2142 2143 1349 1613 856 1740 1824 1083 1389 2480 2012 1534 1443 1754 1825 1502 1340 1761 1022 1776 1916 1103 1194 2415 906 1069 968 960 2176 967 1284 1095 710 2004 1620 850 997 1761 2257 1394 1024 1570 977 1823 1509 1328 1154 1288 1458 2279 1982 1771 1936 2057 1030 1465 2077 1405 2081 1292 1835 1716 1733 1232 1455 1874 789 1664 1787 1177 1140 1083 2011 2369 1421 819 1111 1231 1280 1514 1985 1218 2069 868 1139 1772 815 1499 1107 1790 958 867 1783 653 1076 1076 1191 1108 1525 1819 1587 1676 1756 1574 1138 1659 1205 1976 698 2145 1015 1195 1890 2021 1818 1721 1242 1261 2147 1651 2530 719 1324
1577 2010 2356 2323 665 2403 1861 1804 1274 2051 1904 722 2260 1617 1234 360 1356 2213 1940 1408 1248 959 1413 2376 1430 1420 2203 1895 2462 2645 2398 1437 2377 2285 2960 764 2200 2469 1553 1887 2203 1018 1591 2367 1127 2461 2405 1486 574 970 933 1220 808 2339 1237 2307 2168 703 1608 2277 1092 1981 2736 1163 1984 1233 1524 2197 2279 2182 927 2959 1650 2213 2282 1726 2056 2436 1711 864 2236 2179 1518 2314 1708 2557 1070 1437 1583 1284 2462 1147 725 912 2322 1349 1592 981 825 1915 723 2158 662 883 1172 1988 1440 1156 1890 3064 924 1678 2193 869 2491 2380 1312 1108 840 2308 2369 1959 1999 1822 1403 1877 1939 1889 2205 1209 1882 2687 2487 2271 1487 1504 1174 927 1509 2253 1164 1715 1317 2801 3175 1892 1070 517 1770 2110 2327 1298 2069 2867 1169 1048 2617 1492 1506 1775 995 1332 1339 948 1338 646 1040 1597 1957 827 2102 2441 1918 2587 1163 1710 1734 1389 2522 1106 2984 1037 764 1148 2372 1729 1110 1207 1769 1280 1195 2322 1513 1780
1867 2433 1585 1479 1169 2644 1012 954 1833 2102 1059 1351 1434 1606 614 1356 360 1298 1459 1502 1713 1704 1991 1519 585 1170 2592 921 1479 1879 1526 1615 1382 1763 2254 1728 1910 1704 2490 1203 1402 1058 699 1539 1626 2170 1512 1178 1196 916 1710 738 1638 1905 1326 1368 1370 1608 927 2097 1372 2266 1818 2086 989 1165 2464 1282 1571 2200 1801 2175 2376 1234 1757 784 1499 1983 1275 1597 2733 2256 1788 1400 2008 1930 1456 1165 2013 1275 1906 1947 1134 1420 2669 1153 1292 1208 977 2427 1158 1227 1148 855 2065 1846 604 1250 1549 2298 1376 772 1321 1201 1960 1472 1187 1057 1284 1315 2526 2235 1542 2190 2265 1076 1213 2331 1213 2179 1038 1832 1799 1919 1482 1281 1880 1014 1916 1533 1427 1345 1337 2071 2409 1636 748 1212 978 1330 1570 1981 1240 2120 739 1383 1782 561 1332 858 1838 763 1113 1935 884 1138 999 1428 968 1557 1581 1588 1918 1784 1514 1343 1464 1459 2153 949 2155 939 1401 2075 2241 2072 1930 1493 1475 2276 1596 2783 878 1545
2155 2708 812 1653 1952 2721 724 775 2346 2130 689 2075 1665 1775 1340 2213 1298 360 1212 1816 2647 2635 2477 626 1398 1434 2810 770 763 1040 1621 2513 853 1288 1435 2611 1658 903 3394 1742 672 1993 988 1720 2563 1833 1562 1378 2094 1627 2390 1361 2363 1486 1746 1352 1676 2509 1021 1899 1895 2457 885 2992 841 1593 3366 376 1932 2168 2524 1289 2907 644 1282 874 2051 1515 1240 2281 3024 2265 2108 463 2280 1258 2392 2004 2386 1658 1334 2877 2059 2052 2838 1485 1394 1808 1905 2777 1914 444 2062 1691 2980 1776 1407 1729 2252 1418 2314 1311 1513 1868 1403 533 2071 1982 2221 791 2548 2427 2167 2469 2921 750 1697 2640 1000 3061 1457 908 1081 1594 1725 2110 2817 1704 2298 1891 1907 1326 1696 1247 1525 1547 1686 2092 1515 705 830 2919 609 1273 1666 1934 879 1303 2169 1290 2760 1630 1458 2742 1298 2047 1933 1557 796 2485 2142 688 1958 916 2445 1329 2227 1778 1733 1538 1235 1875 2106 2807 2054 2361 2596 1953 1442 3118 2528 3036 1108 1531
1377 1895 971 2336 1635 1869 1006 1021 1689 1279 993 1660 2323 996 1290 1940 1459 1212 360 1119 2657 2502 1786 1144 1672 883 1977 1327 1616 1179 2335 2652 1688 706 1408 2333 846 1038 3106 2239 944 2049 1180 2405 2546 1084 2290 815 1921 1358 1869 1202 1894 808 1155 2085 2298 2282 895 1074 1338 1628 1535 2735 1491 1081 3075 1207 2543 1316 2028 1473 2211 1455 703 1228 2554 894 590 1783 2205 1412 1359 1256 1488 987 2403 2258 1634 1072 882 2718 1964 1550 1995 956 725 1350 1849 1989 1578 1240 1934 1527 2751 924 1690 1195 2645 1553 2280 1750 2175 1453 914 1273 2257 2083 2167 1616 1696 1599 2622 1668 2321 914 2224 1842 1754 2742 1995 1353 963 828 1006 2374 2713 1376 1561 2502 1311 597 1075 1278 1655 698 1749 1882 1992 873 928 2833 964 1353 1795 1390 1261 1607 2422 1788 2572 1860 962 2325 1022 1908 2003 816 1424 2350 2642 1174 1113 1184 2483 603 2563 1097 1054 1206 1556 1942 1664 2291 1230 1571 2036 1329 635 2720 2555 2207 943 709
734 1308 1710 2603 1136 1511 1482 1455 930 1029 1502 1055 2566 572 1248 1408 1502 1816 1119 360 2266 2008 1035 1841 1717 755 1454 1726 2196 1939 2636 2371 2206 1408 2149 1742 1191 1791 2462 2339 1633 1793 1427 2667 2145 1435 2611 800 1483 1041 1150 1124 1206 1390 559 2435 2508 1737 1194 1233 676 1123 2244 2128 1887 697 2429 1804 2713 1153 1313 2233 1465 1977 1407 1556 2617 1487 960 1085 1619 1174 664 1892 872 1721 2043 2136 933 586 1582 2184 1590 885 1527 731 792 809 1540 1339 1078 1808 1535 1231 2163 948 1737 654 2593 2308 1898 1907 2441 914 1587 1931 2076 1860 1789 2128 1415 1093 2631 1061 1562 1430 2353 1217 2171 2095 2176 2093 1721 1283 475 2242 2222 980 843 2675 611 897 524 2033 2407 911 1582 1420 2120 1541 1669 2346 1580 2109 1673 725 2003 1702 2273 1983 2027 1808 770 1639 1007 1505 1769 663 1827 1872 2692 1886 876 1935 2136 892 2469 403 1522 930 2315 1722 1031 1555 1323 944 1290 595 855 2026 2189 1657 1141 816
2465 2886 2926 2192 1489 3291 2361 2301 2152 2926 2408 1607 2117 2466 1761 1248 1713 2647 2657 2266 360 749 2281 2873 1624 2180 3081 2250 2761 3223 2291 708 2620 3000 3585 1135 3002 3045 1452 1701 2747 1015 2047 2208 481 3270 2327 2233 1143 1674 1781 1823 1653 3093 2078 2321 2015 1020 2200 3113 1960 2870 3158 1148 2262 2026 1444 2631 2002 3055 1715 3525 2443 2538 2995 2136 1693 3186 2431 1736 3092 3059 2404 2748 2597 3225 619 1149 2468 2104 3166 853 1058 1797 3203 2117 2353 1818 1169 2776 1548 2572 1100 1491 1071 2824 1619 1987 1392 3645 739 1797 2124 1711 3207 2820 1014 1028 852 2572 3257 2847 1563 2708 2115 2413 1775 2766 2379 1340 1861 3186 3117 3054 2329 1114 695 1686 2396 1994 2035 2462 2150 3408 3757 2691 1329 1206 1736 2668 2907 714 2589 3462 1340 1921 3135 1719 1068 1873 899 1402 2094 1520 1997 1130 1074 2403 2268 803 1691 2942 2782 3134 564 2458 1242 2240 3307 1828 3508 1134 1652 1817 3222 2617 1905 2085 2548 1582 480 3184 2117 2579
2155 2540 2853 2403 1249 2966 2312 2253 1815 2646 2359 1318 2330 2217 1679 959 1704 2635 2502 2008 749 360 1932 2835 1678 1994 2735 2265 2811 3149 2495 1067 2692 2848 3488 749 2793 2970 1195 1916 2685 1065 2010 2430 663 3056 2522 2055 942 1504 1431 1708 1305 2918 1835 2479 2229 656 2104 2877 1692 2548 3159 820 2310 1817 1177 2619 2261 2778 1346 3459 2064 2573 2845 2123 1973 3014 2271 1402 2729 2771 2105 2738 2282 3102 760 1365 2135 1878 3022 603 938 1504 2861 1924 2168 1576 1090 2419 1309 2568 945 1353 764 2587 1680 1751 1708 3572 727 1894 2309 1465 3056 2809 1216 1123 787 2634 2948 2528 1864 2377 1728 2349 1985 2420 2474 991 2018 3151 3015 2858 2086 1370 575 1489 2072 2246 1763 2286 1914 3320 3684 2483 1324 980 1892 2598 2829 698 2536 3381 1376 1647 3090 1766 1340 1982 538 1490 1909 1131 1862 966 1122 2188 2302 514 1988 2903 2518 3075 807 2282 1549 1989 3111 1656 3464 1166 1354 1430 2972 2293 1533 1804 2353 1213 774 2825 2013 2371
745 967 2385 3107 1301 1418 2130 2095 520 1289 2155 1107 3058 1161 1748 1413 1991 2477 1786 1035 2281 1932 360 2516 2173 1402 1163 2338 2844 2605 3157 2490 2836 2044 2787 1567 1738 2463 2106 2761 2307 2016 2017 3165 2163 1924 3143 1460 1590 1438 861 1641 988 1986 1096 2988 2985 1636 1832 1677 985 1024 2919 1867 2487 1261 2072 2465 3156 1413 966 2892 791 2614 2044 2158 2995 2076 1636 909 1184 1356 807 2558 825 2362 2123 2422 615 1182 2208 2029 1740 956 1291 1355 1467 1143 1769 861 1272 2462 1673 1565 1929 1454 2190 1136 2891 2959 1977 2401 2952 1165 2202 2600 2321 2100 1891 2757 1443 1013 2971 834 949 2088 2793 848 2766 1763 2659 2768 2381 1850 1143 2509 2122 1342 620 3122 947 1572 1141 2685 3053 1525 1921 1516 2577 2215 2343 2237 2248 2763 2027 968 2678 2187 2522 2489 1877 2188 1386 1289 1593 1646 2017 1333 2434 1839 3057 2561 1264 2608 2216 1567 2744 1067 2052 1414 2983 1990 1049 1070 1696 790 816 890 1514 1607 2242 1268 1761 1456
2148 2678 591 1907 2098 2635 882 942 2397 2053 836 2199 1922 1763 1520 2376 1519 626 1144 1841 2873 2835 2516 360 1642 1489 2761 1026 920 775 1868 2756 1062 1121 1169 2779 1529 651 3567 2008 568 2218 1189 1973 2784 1666 1807 1424 2277 1772 2489 1516 2478 1318 1806 1598 1937 2688 1135 1770 1972 2412 763 3169 1107 1671 3539 638 2193 2073 2633 1030 2947 891 1116 1099 2317 1329 1241 2385 2990 2176 2116 568 2265 1025 2615 2256 2395 1716 1128 3074 2257 2150 2775 1551 1409 1911 2107 2767 2054 710 2254 1864 3164 1694 1653 1807 2517 1158 2529 1572 1771 1985 1197 529 2316 2213 2430 1016 2453 2384 2433 2448 3000 859 1963 2622 1250 3225 1723 675 846 1447 1739 2364 3025 1838 2314 2152 1971 1314 1745 981 1266 1481 1905 2267 1780 661 624 3131 666 1007 1896 2016 624 1548 2422 1554 2950 1873 1531 2877 1417 2236 2159 1556 1061 2683 2408 429 1895 650 2673 1318 2488 1808 1548 1662 995 2099 2223 2913 1919 2347 2686 2009 1407 3261 2756 2991 1230 1490
2077 2639 1738 1297 1298 2864 1169 1115 2013 2326 1213 1493 1246 1829 830 1430 585 1398 1672 1717 1624 1678 2173 1642 360 1395 2802 992 1502 2026 1357 1475 1374 1964 2411 1766 2131 1856 2495 981 1553 984 873 1353 1551 2388 1353 1404 1242 1095 1852 956 1767 2114 1536 1238 1172 1633 1136 2321 1566 2481 1898 2094 1000 1380 2472 1383 1358 2425 1926 2310 2543 1274 1959 909 1274 2190 1496 1742 2935 2480 1998 1496 2219 2111 1377 982 2213 1491 2100 1920 1143 1588 2883 1376 1517 1394 991 2624 1300 1319 1175 987 2062 2071 379 1455 1333 2436 1325 608 1149 1371 2157 1569 1033 955 1250 1318 2749 2451 1318 2398 2401 1245 996 2534 1160 2208 847 1946 1969 2136 1703 1094 1833 1191 2116 1321 1625 1568 1553 2225 2546 1860 731 1275 767 1491 1729 1923 1388 2268 662 1570 1906 455 1150 705 1830 591 1336 2018 1109 1174 924 1653 1003 1542 1356 1711 2142 1921 1419 1567 1258 1675 2365 1155 2273 873 1547 2190 2466 2281 2070 1692 1699 2333 1503 2989 1096 1770
1124 1697 1392 2236 1115 1844 1091 1061 1273 1292 1113 1139 2204 801 931 1420 1170 1434 883 755 2180 1994 1402 1489 1395 360 1833 1332 1806 1653 2263 2217 1812 1226 1924 1810 1185 1488 2583 2013 1284 1614 1041 2302 2064 1455 2234 430 1418 866 1375 809 1385 1284 677 2051 2154 1763 799 1327 846 1489 1890 2212 1494 560 2551 1422 2372 1390 1528 1962 1832 1583 1222 1164 2308 1380 659 1280 2010 1445 1059 1516 1259 1508 1933 1895 1327 587 1403 2203 1481 1043 1893 433 534 828 1386 1734 1057 1420 1442 1054 2229 1054 1414 686 2329 2053 1800 1556 2072 929 1430 1561 1863 1664 1687 1733 1718 1458 2343 1450 1871 1045 2019 1611 1779 2220 1824 1766 1462 1234 693 2008 2207 864 1235 2333 842 654 621 1781 2160 877 1347 1373 1782 1189 1354 2329 1208 1853 1419 894 1680 1362 2048 1624 2054 1526 445 1810 646 1414 1577 620 1433 1844 2389 1541 1107 1625 2019 649 2222 713 1487 711 2020 1520 1145 1801 1459 1334 1561 881 728 2205 2085 2043 748 770
965 555 2572 3698 2043 714 2520 2505 1289 1089 2529 1869 3660 1411 2338 2203 2592 2810 1977 1454 3081 2735 1163 2761 2802 1833 360 2797 3210 2708 3731 3276 3251 2092 2761 2368 1676 2613 2844 3419 2561 2765 2514 3762 2962 1726 3704 1860 2364 2087 1664 2215 1791 1952 1626 3524 3601 2439 2258 1489 1618 712 3145 2648 2962 1787 2811 2802 3801 1125 1762 2937 1203 3015 2095 2636 3684 2013 1935 1704 625 1013 1164 2866 943 2382 2912 3153 986 1678 2209 2828 2506 1690 497 1822 1799 1798 2510 712 2002 2821 2441 2253 2716 1439 2821 1708 3621 2967 2765 3000 3536 1861 2174 2888 3067 2845 2673 3173 862 743 3681 766 1579 2450 3439 675 3247 2525 3269 2939 2469 1791 1500 3249 2925 2003 1073 3764 1549 1846 1618 2719 3039 1640 2618 2290 3208 2486 2529 3039 2560 2795 2719 1630 2846 2793 3269 3077 2678 2868 1862 2067 2101 2412 2757 1630 2899 2640 3754 2787 1227 2756 3006 1844 3484 1498 1889 2007 3069 2721 1815 1806 1411 882 1593 1482 1727 2334 3037 592 2220 1640
2096 2668 1163 1373 1666 2767 681 669 2192 2181 702 1819 1365 1747 1033 1895 921 770 1327 1726 2250 2265 2338 1026 992 1332 2797 360 927 1430 1368 2105 865 1523 1823 2280 1813 1272 3049 1363 982 1600 689 1442 2171 2033 1323 1297 1751 1357 2161 1095 2113 1707 1606 1120 1352 2165 898 2040 1720 2447 1268 2645 528 1437 3023 755 1606 2247 2277 1696 2756 678 1517 543 1679 1760 1251 2048 2982 2329 2031 865 2230 1584 1998 1594 2295 1527 1618 2508 1695 1837 2847 1359 1361 1595 1538 2705 1639 688 1708 1373 2626 1855 999 1562 1855 1824 1930 907 1214 1630 1684 938 1662 1582 1842 789 2614 2416 1782 2421 2712 775 1327 2583 810 2732 1085 1319 1420 1778 1661 1699 2437 1448 2200 1564 1751 1342 1579 1635 1932 1619 1303 1759 1125 951 1165 2534 828 1669 1271 1748 1287 896 1758 898 2400 1222 1323 2455 1105 1696 1539 1529 463 2119 1770 1093 1997 1314 2046 1343 1822 1684 1966 1310 1646 1483 1859 2560 2197 2306 2378 1808 1479 2814 2130 3011 945 1567
2546 3104 1150 1429 2230 3125 1074 1109 2706 2534 1053 2377 1461 2169 1598 2462 1479 763 1616 2196 2761 2811 2844 920 1502 1806 3210 927 360 1286 1370 2573 545 1668 1651 2844 2055 1205 3609 1655 1057 2127 1245 1489 2693 2216 1303 1755 2314 1917 2711 1650 2670 1867 2108 1109 1501 2727 1372 2296 2243 2857 859 3205 862 1947 3584 769 1745 2572 2834 1443 3270 609 1663 1101 1932 1885 1636 2600 3420 2669 2494 734 2673 1583 2518 2040 2768 2022 1689 3055 2251 2380 3240 1849 1784 2135 2094 3166 2201 750 2267 1940 3182 2180 1504 2079 2190 1569 2465 1332 1321 2181 1758 751 2136 2095 2385 556 2952 2827 2072 2863 3256 1128 1594 3032 808 3296 1377 1046 1404 1985 2111 2131 2974 2004 2679 1708 2264 1724 2066 1478 1659 1951 1847 2325 1472 1106 1180 3065 1013 1478 1800 2277 1073 1410 2191 1273 2954 1718 1818 3021 1629 2257 2066 1950 870 2669 2019 947 2361 1153 2556 1726 2200 2156 2105 1854 1329 2014 2415 3117 2450 2753 2925 2315 1844 3381 2640 3435 1447 1932
2179 2658 657 2315 2351 2526 1226 1284 2509 1979 1180 2419 2333 1809 1833 2645 1879 1040 1179 1939 3223 3149 2605 775 2026 1653 2708 1430 1286 360 2272 3131 1450 976 755 3050 1400 538 3838 2421 837 2571 1540 2380 3126 1454 2209 1582 2575 2035 2668 1802 2678 1136 1956 2003 2351 2973 1406 1620 2135 2376 902 3448 1521 1851 3807 1052 2606 1966 2822 673 3027 1301 973 1476 2731 1105 1361 2573 2956 2077 2173 977 2281 725 2963 2646 2443 1868 887 3382 2576 2337 2698 1724 1526 2114 2434 2775 2300 1124 2564 2158 3451 1632 2038 1980 2925 783 2865 1977 2183 2204 943 922 2696 2576 2761 1414 2333 2350 2845 2449 3138 1169 2378 2622 1659 3483 2137 646 599 1292 1826 2756 3347 2084 2375 2566 2118 1406 1881 566 896 1466 2255 2554 2191 914 680 3459 999 602 2259 2185 580 1934 2814 1964 3249 2254 1716 3098 1666 2543 2514 1636 1473 2995 2822 719 1852 492 3027 1411 2891 1915 1306 1903 737 2453 2433 3093 1752 2363 2845 2142 1451 3491 3108 2940 1498 1515
3010 3582 2073 464 2295 3741 1690 1675 2999 3166 1707 2490 537 2701 1773 2398 1526 1621 2335 2636 2291 2495 3157 1868 1357 2263 3731 1368 1370 2272 360 1998 1189 2515 2652 2684 2821 2158 3329 950 1922 1816 1586 490 2271 3038 429 2246 2194 2080 2849 1888 2762 2705 2477 629 638 2538 1869 3049 2538 3392 1864 2951 1206 2309 3313 1614 783 3241 2919 2452 3537 1339 2509 1486 1069 2750 2245 2739 3888 3317 2934 1660 3149 2519 2113 1506 3173 2415 2587 2716 2066 2581 3796 2269 2332 2374 1935 3588 2297 1549 2114 1984 2900 2854 1342 2408 1401 2579 2131 1118 567 2362 2655 1710 1650 1742 2100 1217 3600 3361 1233 3336 3397 1783 876 3485 980 3097 877 2054 2342 2785 2595 1540 2589 2178 3075 757 2590 2334 2475 2473 2669 2620 1689 2240 988 1922 2090 2642 1797 2480 1589 2549 2070 1330 1591 1028 2669 1427 2229 2982 1989 2121 1768 2495 1273 2392 1135 1915 2980 2139 2107 2334 1484 2593 2962 2111 2338 1747 2545 3176 3205 3218 3067 2655 2473 3260 2181 3932 1886 2558
2620 3084 2839 1896 1614 3456 2266 2208 2349 3040 2312 1769 1821 2556 1724 1437 1615 2513 2652 2371 708 1067 2490 2756 1475 2217 3276 2105 2573 3131 1998 360 2418 2982 3509 1428 3041 2958 1799 1413 2655 964 1954 1905 763 3311 2041 2261 1275 1721 2004 1810 1876 3098 2174 2059 1720 1292 2154 3178 2085 3035 3004 1493 2088 2092 1792 2498 1680 3164 1964 3422 2700 2367 2978 2018 1363 3186 2436 1941 3313 3182 2551 2610 2757 3178 731 897 2652 2183 3139 1201 1145 1955 3391 2163 2385 1923 1197 2992 1666 2433 1205 1526 1418 2894 1466 2079 1049 3547 873 1601 1846 1827 3187 2683 802 930 963 2379 3402 3010 1225 2887 2396 2331 1489 2964 2163 1682 1611 3061 3053 3079 2417 825 1043 1758 2572 1675 2161 2480 2236 3326 3658 2735 1265 1348 1492 2585 2826 1051 2492 3374 1237 2054 3021 1570 769 1662 1233 1243 2134 1815 1994 1235 1009 2460 2105 1068 1354 2825 2882 3032 643 2477 907 2340 3328 1869 3388 1069 1822 2103 3300 2787 2155 2219 2583 1917 653 3399 2082 2627
2568 3134 1285 1245 2164 3187 1090 1111 2692 2595 1081 2322 1275 2201 1532 2377 1382 853 1688 2206 2620 2692 2836 1062 1374 1812 3251 865 545 1450 1189 2418 360 1781 1825 2749 2148 1353 3501 1476 1165 1997 1195 1306 2557 2326 1124 1768 2217 1861 2667 1600 2616 1979 2100 925 1315 2626 1372 2388 2222 2898 1045 3098 753 1934 3477 854 1559 2643 2781 1623 3257 596 1776 1049 1749 2007 1677 2554 3450 2735 2509 859 2698 1728 2383 1882 2779 2018 1820 2934 2142 2343 3289 1847 1813 2101 1986 3184 2140 809 2164 1862 3071 2249 1373 2062 2012 1750 2338 1183 1136 2135 1889 895 1985 1959 2264 438 3021 2868 1890 2890 3218 1161 1413 3056 627 3199 1202 1224 1548 2087 2131 1968 2846 1953 2687 1522 2250 1767 2067 1648 1842 2015 1733 2234 1303 1196 1310 2933 1087 1652 1676 2252 1243 1286 2029 1115 2840 1580 1813 2948 1605 2157 1937 1981 784 2553 1835 1100 2418 1318 2415 1769 2027 2165 2225 1815 1514 1888 2364 3062 2543 2777 2883 2305 1895 3297 2499 3472 1435 1985
1589 2046 895 2530 1980 1916 1212 1246 1967 1363 1183 1998 2527 1243 1618 2285 1763 1288 706 1408 3000 2848 2044 1121 1964 1226 2092 1523 1668 976 2515 2982 1781 360 1103 2676 788 898 3445 2495 976 2383 1454 2599 2890 907 2463 1159 2267 1705 2185 1539 2220 558 1477 2252 2516 2628 1197 1020 1660 1762 1451 3077 1673 1420 3413 1289 2768 1354 2346 1222 2454 1565 366 1469 2814 596 937 2105 2341 1464 1600 1294 1684 677 2744 2568 1859 1400 538 3065 2309 1877 2083 1298 1060 1688 2190 2169 1923 1343 2280 1872 3095 1019 1981 1527 2934 1277 2623 2009 2376 1793 568 1283 2578 2412 2511 1719 1725 1737 2896 1844 2604 1118 2472 2015 1905 3080 2235 1221 736 691 1292 2684 3060 1723 1800 2727 1625 933 1394 1008 1369 879 2078 2229 2249 955 857 3179 1078 1086 2116 1714 1130 1890 2734 2033 2918 2166 1306 2653 1363 2253 2335 1112 1609 2696 2904 1121 1240 1033 2822 938 2863 1393 807 1552 1339 2274 1997 2600 1164 1764 2338 1633 916 3047 2896 2324 1261 953
2323 2743 1032 2700 2658 2529 1604 1661 2710 2041 1559 2703 2721 1986 2186 2960 2254 1435 1408 2149 3585 3488 2787 1169 2411 1924 2761 1823 1651 755 2652 3509 1825 1103 360 3360 1457 915 4143 2816 1218 2938 1915 2764 3485 1412 2588 1854 2909 2355 2917 2140 2943 1182 2203 2385 2742 3295 1749 1632 2387 2455 1202 3762 1916 2124 4111 1446 2996 1997 3077 622 3192 1691 1104 1862 3126 1110 1624 2832 3021 2109 2341 1368 2411 787 3325 3033 2595 2121 939 3717 2922 2599 2729 1997 1774 2393 2786 2882 2604 1519 2905 2495 3771 1730 2424 2243 3319 578 3221 2370 2572 2491 957 1309 3077 2948 3114 1795 2331 2433 3240 2559 3348 1538 2772 2726 2045 3782 2531 967 833 1338 2033 3144 3692 2393 2540 2956 2357 1646 2122 548 637 1621 2622 2881 2586 1284 1043 3806 1382 533 2633 2439 941 2321 3201 2359 3578 2637 1997 3373 1988 2882 2883 1850 1868 3334 3217 1110 1951 880 3393 1652 3283 2132 1247 2213 794 2821 2710 3337 1733 2489 3077 2370 1654 3768 3473 2989 1837 1697
1828 2173 2761 2600 1062 2617 2263 2205 1463 2343 2307 1053 2532 1955 1630 764 1728 2611 2333 1742 1135 749 1567 2779 1766 1810 2368 2280 2844 3050 2684 1428 2749 2676 3360 360 2561 2873 1149 2133 2607 1233 1985 2637 1035 2815 2700 1878 891 1375 1072 1623 954 2718 1594 2626 2434 511 2013 2615 1428 2204 3135 761 2357 1616 1119 2595 2507 2477 967 3363 1676 2597 2673 2116 2245 2816 2105 1066 2349 2458 1790 2713 1948 2954 1076 1615 1785 1653 2854 825 986 1218 2498 1737 1977 1352 1134 2043 1116 2554 950 1280 783 2330 1773 1523 2017 3468 973 2006 2486 1244 2880 2780 1470 1314 960 2683 2613 2186 2156 2026 1340 2281 2194 2055 2561 811 2179 3091 2889 2640 1835 1649 918 1328 1730 2486 1491 2103 1678 3204 3578 2258 1395 881 2059 2515 2732 1030 2473 3271 1477 1377 3021 1840 1632 2101 670 1625 1731 747 1743 954 1277 1965 2336 722 2273 2845 2233 2992 1149 2098 1856 1731 2888 1508 3389 1298 1071 1042 2695 1950 1150 1520 2147 935 1138 2447 1918 2149
1247 1646 1312 2823 1903 1487 1491 1508 1692 948 1476 1868 2810 985 1711 2200 1910 1658 846 1191 3002 2793 1738 1529 2131 1185 1676 1813 2055 1400 2821 3041 2148 788 1457 2561 360 1326 3293 2715 1359 2437 1657 2892 2885 630 2775 1140 2230 1690 1976 1604 2037 637 1327 2569 2784 2540 1364 601 1495 1358 1877 2953 1976 1338 3260 1656 3028 926 2139 1621 2120 1920 792 1714 3028 710 994 1916 1930 1037 1293 1683 1325 1066 2758 2691 1522 1275 893 2987 2303 1712 1659 1245 1016 1579 2211 1785 1843 1699 2261 1880 2984 644 2149 1404 3100 1656 2623 2228 2662 1690 862 1683 2674 2482 2510 2079 1296 1335 3088 1463 2322 1399 2703 1628 2234 2926 2478 1650 1162 479 1088 2806 3008 1677 1480 2987 1439 930 1244 1403 1735 671 2157 2178 2469 1312 1271 3131 1422 1480 2218 1547 1558 2073 2850 2271 2833 2302 1270 2469 1420 2233 2397 964 1909 2647 3115 1538 857 1462 2844 932 3008 1194 690 1536 1753 2339 1852 2366 755 1399 2094 1426 818 2854 2909 1906 1394 783
2052 2550 479 2194 2175 2452 1051 1109 2360 1888 1005 2248 2207 1674 1654 2469 1704 903 1038 1791 3045 2970 2463 651 1856 1488 2613 1272 1205 538 2158 2958 1353 898 915 2873 1326 360 3662 2272 663 2394 1364 2261 2948 1423 2097 1418 2397 1858 2504 1623 2511 1083 1796 1888 2218 2796 1227 1559 1973 2272 913 3271 1377 1685 3632 912 2475 1888 2657 850 2889 1179 894 1306 2585 1075 1202 2408 2854 1997 2038 858 2159 739 2785 2477 2312 1708 862 3204 2397 2171 2612 1558 1370 1945 2255 2657 2126 983 2385 1980 3274 1533 1868 1815 2768 962 2686 1817 2056 2033 928 818 2523 2400 2582 1307 2263 2246 2694 2333 2984 991 2231 2507 1539 3308 1989 686 561 1229 1680 2588 3168 1909 2240 2434 1959 1254 1724 729 1074 1347 2077 2376 2037 736 501 3280 827 777 2083 2022 593 1765 2645 1810 3071 2083 1548 2928 1490 2364 2337 1490 1324 2816 2676 617 1748 506 2850 1259 2729 1764 1290 1728 891 2276 2263 2930 1700 2241 2686 1987 1313 3320 2931 2845 1320 1383
2450 2661 3550 3235 1847 3149 3049 2991 2056 2995 3093 1807 3162 2671 2414 1553 2490 3394 3106 2462 1452 1195 2106 3567 2495 2583 2844 3049 3609 3838 3329 1799 3501 3445 4143 1149 3293 3662 360 2746 3396 1896 2765 3260 1435 3535 3356 2652 1660 2164 1695 2411 1618 3473 2340 3314 3061 1245 2802 3317 2162 2770 3919 763 3113 2385 393 3377 3079 3126 1539 4151 2024 3364 3443 2892 2778 3571 2881 1740 2748 3086 2441 3496 2553 3731 1579 2191 2357 2409 3624 976 1719 1943 2981 2510 2745 2117 1876 2493 1899 3334 1701 2064 794 3043 2498 2280 2485 4255 1562 2720 3144 2014 3646 3564 2043 1957 1612 3439 3189 2760 2654 2579 1635 3069 2816 2554 3295 727 2853 3880 3673 3381 2566 2183 1121 2113 2330 3067 2214 2873 2425 3989 4365 3002 2129 1662 2727 3304 3520 1112 3261 4057 2194 2109 3810 2577 2145 2810 1028 2319 2507 1197 2531 1712 1952 2715 3098 1315 2782 3633 2914 3781 1600 2868 2334 2459 3624 2294 4178 1990 1811 1403 3377 2533 1651 2229 2904 870 1539 2857 2707 2896
2695 3252 2165 851 1842 3486 1648 1609 2601 2945 1682 2043 777 2450 1452 1887 1203 1742 2239 2339 1701 1916 2761 2008 981 2013 3419 1363 1655 2421 950 1413 1476 2495 2816 2133 2715 2272 2746 360 1986 1260 1419 874 1682 2963 988 2018 1675 1697 2391 1578 2290 2664 2154 1018 675 1983 1710 2918 2172 3101 2141 2374 1260 2001 2731 1730 757 3041 2437 2664 3106 1510 2489 1386 678 2729 2088 2288 3543 3099 2615 1817 2837 2585 1527 917 2821 2112 2608 2131 1533 2167 3502 1997 2127 1995 1423 3228 1858 1658 1590 1556 2320 2679 962 2071 895 2794 1555 848 795 1956 2671 1884 1063 1179 1536 1461 3370 3071 785 3014 2919 1739 436 3145 1208 2528 646 2268 2423 2707 2325 951 2000 1788 2725 727 2235 2166 2174 2628 2897 2461 1209 1731 607 1950 2168 2052 1830 2655 1102 2171 2255 1013 1004 826 2091 936 1957 2456 1727 1602 1220 2269 1308 1821 769 2070 2761 2298 1517 2165 929 2296 2921 1772 2586 1212 2101 2675 3067 2897 2602 2302 2301 2706 1591 3601 1689 2377
1941 2474 545 1947 1917 2447 749 807 2190 1860 703 2008 1953 1555 1366 2203 1402 672 944 1633 2747 2685 2307 568 1553 1284 2561 982 1057 837 1922 2655 1165 976 1218 2607 1359 663 3396 1986 360 2095 1063 2016 2652 1522 1866 1218 2117 1594 2290 1346 2283 1174 1601 1654 1955 2522 955 1600 1769 2211 971 3002 1104 1469 3367 674 2211 1887 2436 1138 2738 953 970 1004 2301 1202 1033 2188 2787 1988 1907 684 2058 966 2488 2175 2186 1511 1025 2921 2109 1952 2579 1347 1200 1715 1963 2560 1871 734 2100 1701 3000 1502 1565 1605 2472 1257 2392 1522 1800 1794 1094 690 2220 2099 2290 1104 2268 2182 2405 2243 2795 696 1949 2416 1303 3049 1707 850 798 1287 1530 2286 2880 1654 2105 2170 1766 1106 1538 1032 1369 1282 1778 2101 1747 456 542 2989 524 1078 1782 1814 774 1463 2342 1521 2792 1780 1330 2689 1231 2080 2037 1347 1046 2531 2393 616 1698 750 2551 1110 2429 1600 1420 1475 1142 1976 2030 2715 1753 2141 2484 1803 1202 3076 2632 2791 1049 1285
2077 2580 2275 1729 1082 2912 1707 1648 1863 2462 1754 1268 1660 1969 1127 1018 1058 1993 2049 1793 1015 1065 2016 2218 984 1614 2765 1600 2127 2571 1816 964 1997 2383 2938 1233 2437 2394 1896 1260 2095 360 1393 1764 931 2707 1835 1656 807 1125 1574 1207 1456 2495 1594 1779 1561 1084 1563 2578 1528 2495 2507 1504 1624 1497 1876 1977 1640 2582 1585 2871 2299 1895 2379 1481 1400 2584 1832 1485 2836 2607 2001 2094 2217 2590 758 779 2139 1594 2543 1303 653 1436 2871 1562 1780 1355 616 2513 1123 1919 718 929 1461 2297 984 1499 1239 2992 702 1190 1621 1272 2589 2167 664 449 646 1943 2841 2469 1340 2365 2062 1762 1321 2462 1772 1642 1321 2530 2474 2474 1829 854 1208 1173 2052 1617 1604 1875 1649 2759 3104 2132 676 876 1197 2018 2258 1298 1935 2811 689 1505 2481 1077 866 1277 1228 785 1532 1561 1390 739 421 1861 1624 942 1443 2287 2297 2481 816 1872 1089 1759 2724 1269 2853 479 1326 1799 2703 2257 1765 1666 1979 1807 898 2912 1486 2024
