140 1587 2246 423 1780 2265 1249 2527 1437 1570 431 987 930 2049 447 889 716 1017 2243 1965 2223 547 2228 2277 2190 996 2091 2572 1658 2327 2310 973 868 1365 1910 2776 2275 699 667 1033 2981 2529 2620 1133 2431 2366 586 2164 822 1019 2353 2336 2322 1530 1580 1327 1391 2527 2611 1716 631 2542 1150 2244 2402 2018 1181 1927 2981 2211 549 2532 1018 1471 2109 1459 1060 1339 485 849 1966 1452 2360 1196 1207 1185 1300 1483 1457 2722 611 1026 1588 1393 2277 3108 2533 2571 2420 2776 405 2827 2296 1484 1802 833 785 1535 780 641 2535 2482 1486 2998 2440 1848 2194 2354
1687 360 1803 1950 587 1215 2284 1645 1975 1586 1968 1891 1623 931 1527 1593 2070 1001 1076 3065 1119 1574 1751 2007 2364 2441 940 2555 774 1109 2880 2230 2047 640 1905 2635 1082 1400 1822 2455 2460 1746 2644 820 2633 3082 1849 1983 1201 2012 1569 3184 2739 1350 2697 1540 728 1334 2541 1750 1491 1702 797 1338 3161 2898 785 1383 2711 2371 2084 2566 1208 2756 2515 650 1914 717 1785 2384 1769 2565 1305 1271 2221 2433 2105 2687 1111 2245 1336 1099 1035 1579 1221 2793 2494 2161 1872 2285 1831 2816 2882 775 596 2181 1858 413 1168 2037 2313 2882 1159 2621 3165 627 2488 2729
2346 1803 360 2619 1679 1322 2107 1048 1532 1075 2516 1887 1741 1473 2334 1765 2909 2152 1589 2634 1432 2063 420 630 1249 3197 2183 1213 1388 2087 1950 2313 2167 1986 925 1219 2175 2405 2757 2637 1101 895 1314 1952 1442 2234 2199 715 1853 1984 860 2442 1708 1078 2409 1316 2113 2326 1169 1008 1974 987 1893 1068 2336 2275 1981 782 1268 1238 2590 1259 1609 2648 1560 1574 1842 1615 2222 2808 714 2326 1338 1414 2061 2405 1820 2503 1220 847 2126 1651 1178 1263 1334 1353 1151 725 560 898 2594 1440 1965 2198 1915 3031 2038 1797 2025 2373 895 1794 1173 1191 2305 1748 1434 1663
523 1950 2619 360 2149 2646 1481 2911 1753 1933 538 1285 1277 2426 784 1240 709 1353 2618 2135 2602 916 2603 2640 2517 938 2435 2910 2039 2682 2580 1163 1106 1716 2263 3122 2624 988 779 1132 3351 2911 2953 1492 2749 2609 865 2524 1205 1290 2736 2554 2615 1906 1763 1688 1729 2874 2953 2073 1006 2926 1514 2628 2635 2239 1535 2307 3335 2539 604 2866 1400 1604 2410 1836 1358 1717 790 859 2331 1645 2742 1574 1450 1354 1581 1645 1839 3092 981 1410 1972 1752 2658 3464 2874 2939 2796 3146 518 3160 2564 1814 2159 811 1076 1899 1149 826 2891 2773 1867 3359 2679 2214 2507 2652
1880 587 1679 2149 360 995 2386 1443 2021 1578 2154 1999 1731 708 1730 1708 2285 1223 850 3152 894 1738 1623 1904 2323 2655 904 2473 696 973 2886 2366 2181 868 1861 2530 985 1619 2042 2610 2297 1557 2567 1031 2586 3105 2006 1899 1362 2123 1388 3226 2724 1336 2796 1579 949 1221 2451 1727 1648 1505 999 1143 3189 2953 1004 1274 2582 2327 2268 2493 1319 2881 2506 720 2013 831 1951 2565 1698 2667 1083 1336 2322 2560 2183 2800 1112 2095 1529 1224 993 1606 1000 2655 2411 2025 1723 2131 2037 2728 2889 978 596 2399 1992 627 1360 2199 2205 2860 1151 2477 3188 454 2462 2707
2365 1215 1322 2646 995 360 2605 840 2117 1588 2614 2260 2015 648 2250 2010 2835 1815 644 3299 490 2155 1262 1590 2154 3190 1329 2176 967 1154 2815 2679 2498 1490 1724 2162 1262 2191 2610 2966 1772 995 2277 1605 2381 3076 2393 1641 1804 2384 870 3246 2603 1385 2989 1709 1582 1376 2131 1669 2057 916 1559 616 3172 3018 1595 1058 2145 2150 2719 2220 1661 3143 2417 1185 2250 1298 2365 3000 1506 2875 456 1575 2545 2841 2351 3033 1268 1617 2032 1612 1103 1704 374 2189 2113 1596 1279 1641 2557 2398 2825 1613 1182 2954 2319 1244 1873 2592 1847 2712 1273 2001 3155 1006 2326 2569
1349 2284 2107 1481 2386 2605 360 2656 937 1435 1303 755 1021 2508 1578 1053 1824 1974 2715 1151 2625 1225 2122 1998 1612 1908 2864 2035 2110 3000 1478 707 741 2188 1574 2285 2999 1833 1868 983 2726 2574 2046 1959 1779 1487 1025 1857 1499 641 2444 1447 1563 1588 773 1259 2275 3244 2102 1459 1254 2632 1935 2465 1516 1129 2021 1995 2544 1637 1279 1969 1436 908 1396 2029 732 1931 1131 1308 1753 641 2684 1421 423 673 647 787 1708 2481 1561 1546 1873 1276 2620 2684 2019 2315 2307 2535 1585 2243 1460 2392 2520 1907 863 2235 1653 1016 2150 1709 1695 2633 1558 2477 1533 1612
2627 1645 1048 2911 1443 840 2656 360 2108 1582 2849 2363 2153 1114 2548 2161 3142 2190 1114 3267 969 2379 999 1308 1937 3478 1809 1859 1307 1613 2637 2796 2628 1904 1578 1792 1731 2535 2940 3107 1311 547 1960 1975 2123 2918 2581 1403 2070 2477 574 3120 2397 1450 3003 1772 2011 1813 1798 1596 2281 445 1921 670 3019 2934 1978 1024 1728 1927 2943 1918 1875 3205 2244 1541 2335 1636 2574 3203 1348 2904 791 1733 2601 2928 2378 3074 1438 1192 2327 1862 1298 1744 842 1753 1799 1213 920 1205 2845 2046 2651 2057 1649 3264 2466 1665 2183 2775 1503 2481 1418 1562 2991 1470 2123 2351
1537 1975 1532 1753 2021 2117 937 2108 360 894 1597 835 897 2068 1666 946 2098 1860 2268 1542 2157 1283 1549 1423 1128 2282 2545 1536 1705 2623 1318 1190 1089 1960 998 1768 2647 1869 2053 1512 2155 2013 1568 1769 1356 1476 1250 1283 1365 879 1894 1568 1266 1096 1254 802 2072 2876 1590 886 1248 2078 1728 1947 1550 1293 1828 1460 2010 1151 1626 1483 1184 1476 1041 1690 764 1621 1325 1762 1177 1159 2187 1065 895 1243 650 1334 1278 1907 1549 1304 1427 783 2132 2148 1508 1741 1732 1961 1801 1775 1312 2190 2198 2205 1041 1933 1567 1362 1595 1426 1248 2081 1560 2115 1117 1288
1670 1586 1075 1933 1578 1588 1435 1582 894 360 1817 1175 1032 1566 1699 1060 2244 1674 1758 2074 1638 1382 1075 1067 1156 2507 2121 1438 1244 2152 1667 1606 1454 1650 735 1601 2194 1825 2124 1927 1784 1501 1509 1519 1430 1894 1489 957 1255 1278 1369 2037 1513 601 1785 606 1776 2408 1455 540 1303 1557 1465 1412 1983 1793 1568 926 1780 1167 1884 1423 1007 1984 1290 1297 1135 1265 1521 2094 758 1683 1655 804 1382 1715 1156 1852 834 1525 1515 1093 948 549 1603 1903 1387 1367 1269 1579 1928 1707 1671 1886 1784 2363 1323 1554 1456 1660 1333 1657 789 1788 1977 1670 1264 1503
531 1968 2516 538 2154 2614 1303 2849 1597 1817 360 1124 1148 2410 839 1116 883 1408 2608 1963 2579 830 2504 2521 2364 1055 2480 2764 2011 2711 2405 986 930 1753 2132 2982 2663 1083 947 981 3241 2837 2803 1518 2590 2431 708 2400 1171 1119 2666 2376 2447 1813 1588 1570 1782 2915 2810 1947 928 2858 1532 2576 2457 2061 1568 2227 3202 2387 478 2716 1333 1441 2245 1823 1197 1703 656 779 2215 1468 2708 1488 1273 1180 1412 1474 1771 2981 993 1362 1914 1632 2626 3333 2730 2825 2699 3036 667 3010 2389 1876 2186 976 916 1915 1160 648 2762 2603 1794 3235 2501 2225 2347 2485
1087 1891 1887 1285 1999 2260 755 2363 835 1175 1124 360 628 2140 1261 658 1633 1593 2349 1544 2269 880 1890 1834 1603 1807 2470 2009 1736 2612 1687 794 640 1794 1419 2237 2607 1498 1613 1112 2569 2304 2043 1566 1826 1769 779 1701 1109 485 2156 1780 1696 1272 1168 952 1883 2854 2061 1257 885 2350 1541 2144 1818 1465 1629 1699 2470 1626 1151 1958 1043 1250 1486 1640 433 1539 865 1304 1549 1034 2344 1051 692 941 678 1161 1353 2314 1201 1151 1518 991 2275 2606 1979 2150 2084 2368 1347 2250 1675 2000 2127 1736 568 1841 1274 889 2042 1855 1348 2525 1847 2089 1582 1729
1030 1623 1741 1277 1731 2015 1021 2153 897 1032 1148 628 360 1882 1130 408 1605 1362 2090 1807 2017 755 1735 1732 1624 1842 2202 2001 1474 2344 1840 1023 843 1535 1346 2207 2339 1332 1530 1317 2456 2112 2050 1313 1874 1961 817 1611 866 752 1954 2002 1803 1068 1435 786 1629 2585 2040 1158 711 2148 1284 1916 2020 1693 1376 1498 2418 1644 1211 1962 775 1513 1579 1372 654 1271 853 1429 1428 1302 2102 800 958 1197 879 1429 1108 2197 1014 884 1272 845 2030 2548 1963 2039 1930 2252 1295 2258 1832 1748 1859 1720 672 1573 1052 994 1975 1964 1111 2447 2042 1821 1643 1826
2149 931 1473 2426 708 648 2508 1114 2068 1566 2410 2140 1882 360 2018 1869 2592 1550 568 3239 548 1966 1414 1726 2229 2955 1084 2312 771 981 2851 2540 2357 1210 1776 2332 1062 1936 2358 2811 2014 1249 2411 1346 2476 3095 2220 1750 1600 2266 1096 3244 2660 1336 2907 1636 1297 1231 2277 1682 1870 1183 1304 834 3186 2994 1328 1121 2348 2229 2520 2345 1495 3031 2458 950 2141 1069 2179 2810 1579 2785 734 1449 2446 2718 2274 2933 1162 1835 1806 1426 1003 1645 653 2405 2249 1789 1474 1865 2327 2551 2859 1324 896 2709 2171 965 1641 2418 2008 2783 1183 2221 3176 718 2388 2634
547 1527 2334 784 1730 2250 1578 2548 1666 1699 839 1261 1130 2018 360 1083 954 933 2205 2328 2197 745 2310 2397 2387 1300 2013 2747 1643 2258 2585 1340 1209 1291 2061 2934 2200 624 785 1434 3075 2567 2803 1067 2642 2669 920 2295 847 1321 2386 2662 2569 1617 1939 1470 1309 2451 2777 1862 781 2571 1092 2254 2713 2343 1111 1982 3120 2406 956 2715 1084 1857 2347 1430 1329 1312 814 1253 2085 1806 2346 1283 1530 1558 1579 1856 1503 2819 581 1057 1616 1539 2261 3242 2703 2675 2496 2871 668 3010 2574 1399 1734 1076 1083 1476 737 1026 2672 2730 1539 3118 2746 1792 2414 2594
989 1593 1765 1240 1708 2010 1053 2161 946 1060 1116 658 408 1869 1083 360 1565 1317 2077 1841 2008 710 1757 1764 1669 1808 2172 2044 1459 2320 1888 1032 849 1498 1383 2247 2312 1283 1485 1317 2484 2124 2094 1273 1920 2008 794 1645 822 778 1963 2046 1852 1081 1466 814 1590 2559 2082 1193 663 2158 1246 1918 2066 1736 1336 1510 2455 1689 1184 2006 749 1533 1627 1348 692 1244 820 1412 1458 1332 2098 797 990 1214 924 1454 1105 2225 966 854 1268 875 2024 2584 2004 2068 1952 2280 1253 2301 1880 1708 1830 1680 669 1543 1005 978 2011 2013 1111 2480 2089 1797 1691 1874
816 2070 2909 709 2285 2835 1824 3142 2098 2244 883 1633 1605 2592 954 1565 360 1433 2771 2442 2775 1223 2888 2950 2859 736 2488 3246 2230 2764 2928 1496 1454 1807 2586 3452 2688 1031 626 1409 3648 3161 3292 1614 3094 2951 1213 2839 1439 1640 2980 2886 2965 2190 2083 2002 1789 2930 3286 2392 1301 3165 1650 2847 2974 2575 1644 2571 3657 2880 913 3204 1665 1892 2759 2010 1707 1896 1133 1061 2639 1971 2931 1855 1795 1672 1931 1953 2094 3389 1175 1649 2210 2068 2846 3784 3208 3241 3077 3443 676 3500 2912 1851 2253 482 1424 2022 1324 1168 3211 3122 2128 3672 3020 2337 2854 3001
1117 1001 2152 1353 1223 1815 1974 2190 1860 1674 1408 1593 1362 1550 933 1317 1433 360 1713 2761 1737 1128 2113 2287 2457 1807 1441 2748 1243 1697 2818 1817 1652 734 2047 2889 1632 762 1181 1973 2877 2251 2822 575 2729 2960 1393 2218 858 1693 2066 3004 2741 1499 2373 1511 736 1881 2758 1854 1080 2231 630 1880 3022 2693 581 1744 3025 2471 1526 2736 1053 2353 2510 1009 1643 921 1302 1825 1993 2237 1910 1236 1915 2036 1881 2321 1299 2634 803 946 1341 1574 1824 3130 2695 2516 2275 2682 1218 3018 2813 828 1180 1542 1481 955 680 1550 2589 2899 1349 2980 3042 1267 2533 2750
2343 1076 1589 2618 850 644 2715 1114 2268 1758 2608 2349 2090 568 2205 2077 2771 1713 360 3443 519 2169 1529 1852 2389 3137 1059 2441 978 869 3029 2749 2565 1356 1944 2438 979 2107 2530 3018 2055 1277 2540 1517 2627 3278 2425 1892 1799 2474 1154 3434 2829 1533 3113 1839 1426 1097 2399 1864 2074 1194 1480 895 3371 3190 1493 1278 2428 2387 2719 2480 1702 3239 2633 1144 2349 1264 2382 3011 1737 2992 684 1657 2653 2927 2479 3141 1368 1902 1996 1630 1206 1846 637 2473 2377 1877 1559 1925 2514 2669 3037 1433 975 2885 2379 1118 1829 2622 2120 2946 1387 2285 3359 822 2554 2800
2065 3065 2634 2135 3152 3299 1151 3267 1542 2074 1963 1544 1807 3239 2328 1841 2442 2761 3443 360 3337 2002 2665 2452 1885 2408 3645 2261 2858 3764 1352 1351 1483 2979 2069 2519 3772 2590 2550 1402 3112 3152 2228 2750 1917 1152 1768 2315 2291 1433 3053 939 1583 2276 750 1963 3067 4013 2345 2031 2040 3228 2726 3126 1104 792 2813 2635 2798 1908 1897 2177 2217 929 1556 2800 1512 2709 1873 1782 2290 885 3369 2176 1212 1142 1330 850 2438 2901 2339 2330 2596 1958 3314 2936 2272 2742 2826 2949 2268 2381 1326 3184 3299 2497 1641 3016 2441 1688 2500 1662 2416 2943 1173 3245 1725 1652
2323 1119 1432 2602 894 490 2625 969 2157 1638 2579 2269 2017 548 2197 2008 2775 1737 519 3337 360 2128 1371 1696 2242 3136 1199 2284 928 1028 2891 2679 2497 1398 1803 2279 1134 2122 2544 2958 1902 1125 2384 1532 2477 3146 2376 1739 1768 2394 996 3308 2686 1422 3017 1737 1483 1256 2241 1733 2031 1046 1489 736 3240 3071 1516 1134 2270 2240 2687 2324 1645 3157 2494 1127 2264 1245 2340 2974 1591 2899 555 1578 2564 2850 2380 3052 1278 1744 1983 1585 1113 1738 487 2316 2221 1718 1400 1769 2506 2511 2900 1506 1065 2893 2314 1154 1820 2574 1961 2800 1290 2128 3225 893 2410 2655
647 1574 2063 916 1738 2155 1225 2379 1283 1382 830 880 755 1966 745 710 1223 1128 2169 2002 2128 360 2047 2089 2019 1494 2127 2393 1560 2324 2200 1050 885 1405 1723 2592 2292 977 1135 1241 2796 2368 2443 1163 2268 2290 637 1977 736 954 2196 2295 2185 1351 1612 1139 1467 2545 2429 1529 458 2388 1158 2108 2338 1977 1222 1759 2794 2039 926 2355 864 1587 1964 1390 946 1271 574 1205 1779 1476 2248 1021 1171 1268 1197 1554 1301 2536 696 903 1445 1205 2168 2921 2352 2384 2240 2590 908 2651 2189 1577 1806 1341 723 1521 814 822 2348 2346 1324 2810 2368 1816 2036 2211
2328 1751 420 2603 1623 1262 2122 999 1549 1075 2504 1890 1735 1414 2310 1757 2888 2113 1529 2665 1371 2047 360 688 1299 3181 2125 1274 1336 2027 1998 2319 2169 1939 957 1278 2116 2373 2732 2641 1130 853 1374 1911 1498 2280 2191 765 1826 1990 805 2485 1758 1058 2432 1312 2065 2265 1230 1023 1957 941 1852 1008 2381 2312 1938 735 1321 1290 2580 1318 1585 2665 1606 1526 1847 1571 2211 2804 737 2346 1279 1393 2074 2416 1835 2523 1186 882 2100 1622 1135 1262 1274 1402 1211 771 555 931 2574 1501 2012 2148 1859 3010 2035 1746 1994 2369 955 1847 1141 1236 2352 1691 1484 1715
2377 2007 630 2640 1904 1590 1998 1308 1423 1067 2521 1834 1732 1726 2397 1764 2950 2287 1852 2452 1696 2089 688 360 999 3213 2424 948 1594 2344 1706 2241 2113 2163 784 988 2428 2499 2822 2566 1095 1143 1048 2099 1175 1995 2186 501 1932 1916 1128 2215 1455 1157 2260 1312 2293 2586 911 939 2009 1241 2041 1337 2098 2072 2135 990 1099 986 2582 990 1682 2523 1326 1756 1779 1778 2225 2775 672 2191 1608 1477 1959 2306 1712 2370 1349 844 2202 1745 1348 1249 1601 1210 885 678 764 898 2634 1187 1722 2385 2140 3070 2007 1994 2121 2346 667 1532 1298 1082 2064 1979 1188 1406
2290 2364 1249 2517 2323 2154 1612 1937 1128 1156 2364 1603 1624 2229 2387 1669 2859 2457 2389 1885 2242 2019 1299 999 360 3050 2867 783 1988 2847 1066 1925 1849 2446 822 1035 2910 2558 2794 2232 1588 1779 801 2313 633 1357 2016 894 2004 1638 1744 1584 819 1377 1767 1311 2572 3100 852 979 1966 1875 2260 1916 1460 1475 2363 1471 1304 385 2394 719 1770 2069 699 2079 1532 2058 2087 2517 1012 1732 2190 1581 1593 1922 1364 1905 1616 1391 2237 1871 1695 1246 2167 1445 770 1240 1404 1435 2555 1007 1083 2681 2544 2968 1809 2336 2211 2128 976 918 1566 1425 1424 2410 548 777
1096 2441 3197 938 2655 3190 1908 3478 2282 2507 1055 1807 1842 2955 1300 1808 736 1807 3137 2408 3136 1494 3181 3213 3050 360 2864 3455 2583 3140 3026 1561 1576 2181 2827 3676 3064 1405 1000 1373 3928 3484 3491 1983 3268 3007 1400 3094 1767 1782 3307 2907 3098 2484 2086 2260 2165 3306 3503 2641 1584 3496 2017 3189 3016 2610 2015 2883 3897 3074 1016 3405 1975 1838 2909 2368 1878 2252 1349 990 2905 1994 3286 2152 1894 1689 2073 1935 2412 3668 1519 1976 2540 2323 3201 4028 3423 3514 3374 3722 994 3697 3008 2227 2628 645 1603 2392 1677 1286 3457 3250 2442 3929 3069 2709 3021 3142
2191 940 2183 2435 904 1329 2864 1809 2545 2121 2480 2470 2202 1084 2013 2172 2488 1441 1059 3645 1199 2127 2125 2424 2867 2864 360 3002 1241 679 3428 2798 2617 1089 2404 3042 566 1828 2224 3007 2734 1961 3098 1329 3128 3642 2404 2430 1762 2590 1817 3754 3269 1879 3277 2106 1066 802 2975 2272 2050 1885 1328 1554 3724 3473 1274 1798 3070 2870 2598 3026 1789 3328 3050 1215 2495 1297 2330 2900 2236 3145 1383 1846 2801 3005 2685 3264 1650 2559 1851 1678 1538 2138 1326 3129 2939 2511 2197 2589 2298 3251 3431 996 708 2586 2429 989 1691 2584 2717 3405 1692 2945 3725 816 3007 3252
2672 2555 1213 2910 2473 2176 2035 1859 1536 1438 2764 2009 2001 2312 2747 2044 3246 2748 2441 2261 2284 2393 1274 948 783 3455 3002 360 2151 2932 1338 2346 2263 2681 1062 619 3013 2896 3163 2654 1272 1679 461 2582 720 1631 2416 933 2329 2052 1700 1883 1070 1616 2178 1641 2810 3175 448 1260 2331 1783 2525 1922 1732 1836 2625 1564 897 757 2800 446 2083 2485 1068 2287 1940 2289 2479 2934 1145 2149 2190 1882 2016 2345 1784 2321 1843 1138 2579 2171 1881 1572 2188 1037 423 1032 1298 1167 2937 630 1362 2911 2706 3358 2211 2536 2533 2538 723 1076 1790 1051 1681 2552 900 1003
1758 774 1388 2039 696 967 2110 1307 1705 1244 2011 1736 1474 771 1643 1459 2230 1243 978 2858 928 1560 1336 1594 1988 2583 1241 2151 360 1277 2552 2131 1947 981 1526 2223 1310 1597 2012 2400 2058 1376 2243 1028 2252 2775 1810 1577 1200 1861 1192 2904 2388 1003 2515 1264 1101 1532 2134 1391 1463 1349 975 997 2862 2638 1032 969 2296 1992 2119 2167 1084 2626 2171 594 1741 696 1772 2405 1370 2390 1063 1049 2048 2311 1888 2533 788 1836 1425 1017 657 1285 979 2379 2090 1747 1463 1878 1950 2410 2556 1175 918 2350 1760 769 1267 2008 1900 2523 822 2209 2858 786 2126 2371
2427 1109 2087 2682 973 1154 3000 1613 2623 2152 2711 2612 2344 981 2258 2320 2764 1697 869 3764 1028 2324 2027 2344 2847 3140 679 2932 1277 360 3454 2972 2788 1327 2391 2942 495 2095 2504 3204 2561 1783 3031 1553 3097 3687 2598 2372 1950 2736 1664 3821 3273 1913 3410 2181 1335 615 2895 2284 2239 1695 1540 1404 3775 3556 1507 1742 2938 2848 2828 2966 1930 3491 3065 1331 2627 1436 2534 3129 2199 3281 1183 1948 2936 3169 2795 3413 1705 2411 2078 1831 1566 2203 1146 2983 2869 2385 2067 2435 2554 3167 3460 1285 884 2867 2598 1163 1912 2786 2621 3399 1739 2795 3769 882 3002 3249
2410 2880 1950 2580 2886 2815 1478 2637 1318 1667 2405 1687 1840 2851 2585 1888 2928 2818 3029 1352 2891 2200 1998 1706 1066 3026 3428 1338 2552 3454 360 1825 1834 2900 1451 1582 3500 2808 2937 2061 2243 2483 1283 2721 978 655 2088 1595 2323 1653 2438 905 628 1909 1407 1710 3017 3710 1427 1530 2183 2577 2677 2590 759 923 2779 2118 1859 1080 2394 1251 2137 1733 758 2590 1616 2539 2184 2417 1674 1442 2861 1995 1497 1723 1370 1574 2137 2074 2494 2255 2255 1664 2829 1990 1366 1934 2110 2113 2664 1407 386 3134 3088 3018 1884 2844 2523 2125 1646 670 2095 2029 718 2978 877 694
1073 2230 2313 1163 2366 2679 707 2796 1190 1606 986 794 1023 2540 1340 1032 1496 1817 2749 1351 2679 1050 2319 2241 1925 1561 2798 2346 2131 2972 1825 360 544 2087 1819 2588 2953 1604 1569 684 2977 2738 2364 1847 2110 1819 788 2105 1396 689 2591 1751 1908 1706 967 1387 2156 3204 2407 1673 1113 2784 1836 2573 1838 1438 1908 2133 2838 1950 945 2284 1412 896 1733 2006 831 1896 889 963 1969 843 2765 1463 701 579 921 875 1771 2725 1378 1501 1935 1424 2693 2977 2324 2559 2511 2779 1285 2565 1807 2267 2466 1572 734 2178 1504 700 2425 2056 1771 2911 1885 2452 1863 1956
968 2047 2167 1106 2181 2498 741 2628 1089 1454 930 640 843 2357 1209 849 1454 1652 2565 1483 2497 885 2169 2113 1849 1576 2617 2263 1947 2788 1834 544 360 1910 1696 2498 2770 1468 1487 839 2849 2576 2291 1671 2055 1865 649 1980 1217 571 2424 1827 1885 1537 1092 1225 1983 3021 2319 1537 939 2618 1658 2398 1896 1509 1732 1967 2738 1873 925 2207 1227 1071 1693 1822 695 1712 755 1033 1830 958 2585 1283 704 748 856 1028 1591 2594 1220 1317 1755 1268 2512 2875 2237 2429 2363 2648 1204 2495 1818 2095 2284 1544 550 1995 1336 652 2315 2040 1593 2799 1937 2268 1808 1927
1465 640 1986 1716 868 1490 2188 1904 1960 1650 1753 1794 1535 1210 1291 1498 1807 734 1356 2979 1398 1405 1939 2163 2446 2181 1089 2681 981 1327 2900 2087 1910 360 2001 2787 1270 1136 1554 2282 2676 1991 2765 602 2719 3077 1682 2121 1055 1908 1810 3154 2785 1433 2599 1551 489 1522 2677 1826 1334 1956 613 1594 3149 2855 545 1564 2888 2456 1871 2683 1142 2622 2556 772 1829 751 1604 2172 1898 2464 1582 1265 2126 2299 2045 2570 1199 2449 1122 1023 1175 1601 1497 2979 2623 2350 2078 2493 1586 2948 2899 596 807 1915 1725 605 962 1857 2471 2936 1251 2815 3161 900 2550 2784
2010 1905 925 2263 1861 1724 1574 1578 998 735 2132 1419 1346 1776 2061 1383 2586 2047 1944 2069 1803 1723 957 784 822 2827 2404 1062 1526 2391 1451 1819 1696 2001 360 1233 2450 2197 2483 2143 1518 1448 1135 1886 1087 1717 1790 645 1629 1495 1369 1905 1245 928 1850 950 2129 2644 1081 559 1653 1530 1830 1500 1815 1717 1932 1028 1432 827 2185 1049 1382 2103 1052 1624 1361 1610 1838 2363 590 1774 1770 1179 1534 1881 1288 1953 1164 1269 1884 1469 1234 882 1738 1562 1012 1102 1119 1323 2272 1332 1461 2235 2083 2703 1601 1880 1831 1940 990 1368 1113 1468 1794 1948 971 1218
2876 2635 1219 3122 2530 2162 2285 1792 1768 1601 2982 2237 2207 2332 2934 2247 3452 2889 2438 2519 2279 2592 1278 988 1035 3676 3042 619 2223 2942 1582 2588 2498 2787 1233 360 3033 3066 3356 2900 1068 1606 659 2710 967 1870 2635 1031 2497 2287 1662 2126 1317 1749 2436 1824 2917 3176 543 1432 2525 1711 2652 1906 1969 2092 2749 1617 639 1010 3024 701 2247 2743 1328 2382 2170 2399 2693 3171 1256 2406 2163 2042 2263 2596 2027 2578 1961 994 2756 2325 1973 1755 2172 778 625 939 1248 1009 3140 624 1606 3012 2766 3567 2435 2623 2696 2766 685 1303 1908 813 1915 2603 1160 1248
2375 1082 2175 2624 985 1262 2999 1731 2647 2194 2663 2607 2339 1062 2200 2312 2688 1632 979 3772 1134 2292 2116 2428 2910 3064 566 3013 1310 495 3500 2953 2770 1270 2450 3033 360 2025 2425 3174 2675 1896 3111 1505 3164 3726 2568 2448 1922 2730 1769 3851 3327 1953 3411 2204 1261 613 2980 2333 2211 1812 1498 1507 3812 3579 1454 1815 3040 2912 2780 3044 1923 3478 3115 1331 2627 1427 2499 3081 2267 3280 1300 1959 2935 3155 2805 3407 1735 2517 2031 1819 1605 2231 1257 3089 2950 2484 2167 2543 2491 3254 3505 1199 847 2788 2580 1135 1866 2752 2711 3458 1772 2902 3809 891 3060 3307
799 1400 2405 988 1619 2191 1833 2535 1869 1825 1083 1498 1332 1936 624 1283 1031 762 2107 2590 2122 977 2373 2499 2558 1405 1828 2896 1597 2095 2808 1604 1468 1136 2197 3066 2025 360 782 1693 3144 2576 2959 950 2821 2907 1182 2410 929 1569 2392 2911 2775 1703 2200 1615 1123 2270 2919 1998 985 2568 992 2230 2955 2592 975 2023 3234 2576 1195 2871 1180 2121 2548 1368 1562 1262 1076 1483 2191 2067 2287 1386 1782 1822 1813 2119 1548 2892 682 1116 1632 1683 2201 3349 2848 2759 2551 2943 839 3163 2798 1196 1582 1140 1332 1353 739 1289 2788 2935 1592 3214 2986 1668 2602 2795
767 1822 2757 779 2042 2610 1868 2940 2053 2124 947 1613 1530 2358 785 1485 626 1181 2530 2550 2544 1135 2732 2822 2794 1000 2224 3163 2012 2504 2937 1569 1487 1554 2483 3356 2425 782 360 1550 3499 2971 3217 1373 3043 2990 1212 2721 1265 1646 2788 2952 2946 2041 2175 1892 1528 2666 3197 2285 1192 2968 1414 2639 3024 2635 1398 2398 3545 2814 1023 3129 1508 2023 2731 1785 1686 1675 1113 1246 2510 2052 2706 1709 1829 1768 1927 2062 1918 3243 992 1472 2020 1960 2620 3667 3121 3101 2916 3295 644 3424 2924 1587 1997 723 1412 1776 1118 1228 3097 3106 1957 3544 3063 2089 2809 2976
1133 2455 2637 1132 2610 2966 983 3107 1512 1927 981 1112 1317 2811 1434 1317 1409 1973 3018 1402 2958 1241 2641 2566 2232 1373 3007 2654 2400 3204 2061 684 839 2282 2143 2900 3174 1693 1550 360 3301 3054 2668 2040 2403 2008 965 2429 1614 1013 2903 1895 2175 2016 1074 1703 2334 3427 2718 1998 1324 3097 2038 2874 2010 1604 2097 2446 3154 2257 888 2589 1675 843 2018 2255 1154 2139 1037 742 2293 991 3055 1754 998 697 1235 922 2063 3050 1532 1751 2226 1744 2980 3293 2636 2884 2834 3104 1283 2866 2040 2438 2687 1456 1008 2402 1681 785 2746 2316 2068 3232 2066 2692 2157 2228
3081 2460 1101 3351 2297 1772 2726 1311 2155 1784 3241 2569 2456 2014 3075 2484 3648 2877 2055 3112 1902 2796 1130 1095 1588 3928 2734 1272 2058 2561 2243 2977 2849 2676 1518 1068 2675 3144 3499 3301 360 1138 1347 2671 1628 2538 2913 1232 2594 2651 1278 2786 1974 1819 2962 2030 2799 2765 1184 1672 2710 1227 2612 1540 2640 2704 2694 1492 867 1566 3308 1357 2351 3240 1924 2268 2515 2326 2945 3508 1387 2904 1738 2153 2689 3036 2443 3083 1956 619 2868 2392 1896 1971 1778 835 1238 779 961 565 3332 1324 2265 2871 2526 3769 2738 2464 2765 3078 972 1989 1912 658 2591 2347 1760 1910
2629 1746 895 2911 1557 995 2574 547 2013 1501 2837 2304 2112 1249 2567 2124 3161 2251 1277 3152 1125 2368 853 1143 1779 3484 1961 1679 1376 1783 2483 2738 2576 1991 1448 1606 1896 2576 2971 3054 1138 360 1779 2037 1954 2769 2553 1248 2082 2413 544 2978 2237 1403 2905 1711 2104 1991 1616 1490 2271 464 1981 776 2871 2805 2046 974 1542 1768 2926 1740 1870 3122 2095 1606 2270 1690 2555 3175 1222 2812 961 1710 2522 2856 2291 2986 1432 1006 2347 1871 1311 1675 1000 1570 1620 1027 744 1021 2857 1861 2499 2160 1776 3283 2423 1759 2213 2742 1320 2315 1404 1379 2840 1596 1967 2189
2720 2644 1314 2953 2567 2277 2046 1960 1568 1509 2803 2043 2050 2411 2803 2094 3292 2822 2540 2228 2384 2443 1374 1048 801 3491 3098 461 2243 3031 1283 2364 2291 2765 1135 659 3111 2959 3217 2668 1347 1779 360 2660 671 1571 2454 1027 2395 2079 1801 1827 1019 1696 2165 1703 2894 3274 530 1329 2385 1883 2604 2023 1671 1799 2705 1660 936 777 2835 448 2151 2478 1048 2374 1973 2373 2522 2958 1234 2144 2291 1952 2030 2353 1804 2313 1926 1228 2641 2243 1969 1635 2288 1070 523 1128 1399 1255 2985 567 1307 2997 2799 3402 2248 2625 2600 2569 821 1006 1874 1109 1617 2647 885 950
1233 820 1952 1492 1031 1605 1959 1975 1769 1519 1518 1566 1313 1346 1067 1273 1614 575 1517 2750 1532 1163 1911 2099 2313 1983 1329 2582 1028 1553 2721 1847 1671 602 1886 2710 1505 950 1373 2040 2671 2037 2660 360 2586 2883 1440 2039 819 1677 1852 2947 2624 1326 2368 1384 677 1758 2586 1699 1093 2016 419 1665 2951 2643 422 1540 2836 2325 1635 2575 944 2382 2393 794 1606 708 1362 1937 1814 2232 1701 1099 1897 2060 1830 2334 1110 2432 885 825 1136 1441 1614 2937 2526 2317 2069 2479 1371 2851 2718 794 1029 1728 1488 770 722 1615 2404 2778 1162 2783 2966 1087 2402 2628
2531 2633 1442 2749 2586 2381 1779 2123 1356 1430 2590 1826 1874 2476 2642 1920 3094 2729 2627 1917 2477 2268 1498 1175 633 3268 3128 720 2252 3097 978 2110 2055 2719 1087 967 3164 2821 3043 2403 1628 1954 671 2586 360 1271 2245 1100 2271 1846 1943 1523 710 1649 1867 1580 2846 3347 808 1252 2220 2054 2533 2136 1372 1488 2636 1714 1247 623 2612 633 2040 2185 752 2350 1753 2331 2321 2712 1257 1855 2410 1853 1771 2079 1559 2019 1888 1475 2498 2143 1962 1516 2394 1382 750 1348 1570 1510 2796 836 1001 2954 2810 3201 2034 2607 2479 2341 1045 730 1837 1411 1323 2672 607 643
2466 3082 2234 2609 3105 3076 1487 2918 1476 1894 2431 1769 1961 3095 2669 2008 2951 2960 3278 1152 3146 2290 2280 1995 1357 3007 3642 1631 2775 3687 655 1819 1865 3077 1717 1870 3726 2907 2990 2008 2538 2769 1571 2883 1271 360 2139 1880 2461 1710 2716 622 924 2134 1308 1901 3188 3943 1719 1774 2288 2861 2843 2857 463 771 2943 2377 2145 1372 2403 1544 2299 1619 1034 2793 1704 2732 2242 2383 1944 1377 3126 2178 1521 1679 1454 1475 2353 2370 2604 2419 2482 1863 3090 2274 1660 2229 2399 2409 2709 1682 635 3307 3297 3031 1949 3042 2653 2143 1942 934 2314 2320 443 3198 1169 988
686 1849 2199 865 2006 2393 1025 2581 1250 1489 708 779 817 2220 920 794 1213 1393 2425 1768 2376 637 2191 2186 2016 1400 2404 2416 1810 2598 2088 788 649 1682 1790 2635 2568 1182 1212 965 2913 2553 2454 1440 2245 2139 360 2062 1008 794 2388 2113 2112 1513 1378 1244 1741 2821 2462 1609 719 2583 1435 2325 2175 1794 1498 1938 2857 2039 755 2368 1092 1320 1905 1654 853 1537 466 982 1885 1245 2485 1208 981 1008 1081 1301 1509 2654 952 1155 1665 1301 2407 2990 2382 2495 2386 2709 936 2662 2073 1850 2082 1316 570 1796 1087 558 2420 2270 1524 2896 2213 2087 2002 2147
2264 1983 715 2524 1899 1641 1857 1403 1283 957 2400 1701 1611 1750 2295 1645 2839 2218 1892 2315 1739 1977 765 501 894 3094 2430 933 1577 2372 1595 2105 1980 2121 645 1031 2448 2410 2721 2429 1232 1248 1027 2039 1100 1880 2062 360 1841 1780 1211 2093 1353 1079 2119 1197 2250 2619 918 813 1899 1342 1981 1395 1982 1940 2078 993 1185 884 2458 956 1590 2381 1207 1720 1645 1731 2105 2644 585 2050 1669 1384 1819 2166 1572 2229 1290 984 2106 1661 1312 1132 1654 1306 872 817 883 1037 2524 1193 1610 2348 2132 2958 1878 1966 2035 2218 737 1443 1237 1195 1951 1979 1079 1309
922 1201 1853 1205 1362 1804 1499 2070 1365 1255 1171 1109 866 1600 847 822 1439 858 1799 2291 1768 736 1826 1932 2004 1767 1762 2329 1200 1950 2323 1396 1217 1055 1629 2497 1922 929 1265 1614 2594 2082 2395 819 2271 2461 1008 1841 360 1218 1902 2508 2257 1140 1908 1053 1136 2174 2350 1430 649 2089 801 1783 2523 2199 882 1495 2665 2020 1280 2307 610 1929 2026 1017 1152 897 949 1571 1623 1772 1899 816 1438 1606 1386 1875 1015 2339 633 570 1133 1121 1816 2782 2280 2200 2010 2391 1135 2597 2317 1252 1435 1561 1031 1148 568 1198 2219 2416 1052 2650 2543 1440 2062 2270
1119 2012 1984 1290 2123 2384 641 2477 879 1278 1119 485 752 2266 1321 778 1640 1693 2474 1433 2394 954 1990 1916 1638 1782 2590 2052 1861 2736 1653 689 571 1908 1495 2287 2730 1569 1646 1013 2651 2413 2079 1677 1846 1710 794 1780 1218 360 2269 1702 1687 1389 1051 1065 1994 2977 2108 1345 975 2462 1655 2263 1751 1383 1740 1813 2529 1662 1128 1996 1166 1125 1489 1764 503 1662 893 1243 1640 916 2467 1176 582 817 653 1037 1476 2398 1285 1272 1642 1098 2398 2667 2026 2233 2182 2453 1370 2284 1639 2110 2248 1736 599 1962 1372 856 2109 1843 1471 2594 1786 2213 1599 1726
2453 1569 860 2736 1388 870 2444 574 1894 1369 2666 2156 1954 1096 2386 1963 2980 2066 1154 3053 996 2196 805 1128 1744 3307 1817 1700 1192 1664 2438 2591 2424 1810 1369 1662 1769 2392 2788 2903 1278 544 1801 1852 1943 2716 2388 1211 1902 2269 360 2913 2203 1247 2789 1564 1925 1885 1646 1382 2099 554 1796 623 2817 2723 1862 817 1635 1735 2757 1752 1696 2993 2043 1422 2127 1505 2386 3011 1139 2691 861 1542 2390 2718 2165 2861 1256 1108 2166 1692 1130 1534 878 1680 1638 1089 774 1134 2678 1906 2452 1984 1612 3103 2266 1581 2030 2580 1355 2293 1231 1492 2790 1432 1927 2160
2436 3184 2442 2554 3226 3246 1447 3120 1568 2037 2376 1780 2002 3244 2662 2046 2886 3004 3434 939 3308 2295 2485 2215 1584 2907 3754 1883 2904 3821 905 1751 1827 3154 1905 2126 3851 2911 2952 1895 2786 2978 1827 2947 1523 622 2113 2093 2508 1702 2913 360 1173 2270 1181 2008 3259 4076 1972 1936 2306 3066 2912 3038 538 679 3009 2550 2402 1602 2334 1796 2371 1464 1249 2899 1724 2828 2218 2276 2135 1278 3302 2272 1492 1582 1482 1338 2476 2609 2621 2491 2616 1980 3261 2533 1910 2464 2616 2650 2668 1943 881 3378 3407 2957 1939 3141 2689 2088 2183 1195 2442 2574 608 3320 1398 1239
2422 2739 1708 2615 2724 2603 1563 2397 1266 1513 2447 1696 1803 2660 2569 1852 2965 2741 2829 1583 2686 2185 1758 1455 819 3098 3269 1070 2388 3273 628 1908 1885 2785 1245 1317 3327 2775 2946 2175 1974 2237 1019 2624 710 924 2112 1353 2257 1687 2203 1173 360 1752 1577 1600 2907 3527 1159 1356 2154 2334 2576 2369 1026 1150 2679 1911 1595 829 2451 983 2049 1901 591 2449 1622 2411 2201 2511 1457 1586 2642 1886 1568 1841 1394 1738 1988 1808 2454 2163 2090 1545 2617 1729 1097 1671 1860 1846 2683 1158 651 3022 2936 3063 1902 2706 2463 2178 1379 520 1942 1762 981 2814 637 429
1630 1350 1078 1906 1336 1385 1588 1450 1096 601 1813 1272 1068 1336 1617 1081 2190 1499 1533 2276 1422 1351 1058 1157 1377 2484 1879 1616 1003 1913 1909 1706 1537 1433 928 1749 1953 1703 2041 2016 1819 1403 1696 1326 1649 2134 1513 1079 1140 1389 1247 2270 1752 360 1964 689 1561 2169 1621 760 1259 1441 1269 1238 2221 2017 1369 790 1895 1386 1894 1612 893 2133 1531 1063 1249 1042 1522 2133 854 1852 1460 695 1530 1844 1326 2014 599 1562 1413 948 707 678 1400 2007 1560 1420 1250 1614 1876 1886 1913 1667 1544 2312 1379 1320 1324 1699 1453 1893 550 1871 2216 1429 1498 1740
1680 2697 2409 1763 2796 2989 773 3003 1254 1785 1588 1168 1435 2907 1939 1466 2083 2373 3113 750 3017 1612 2432 2260 1767 2086 3277 2178 2515 3410 1407 967 1092 2599 1850 2436 3411 2200 2175 1074 2962 2905 2165 2368 1867 1308 1378 2119 1908 1051 2789 1181 1577 1964 360 1640 2684 3655 2255 1774 1652 2972 2346 2834 1300 897 2430 2352 2710 1792 1532 2100 1849 686 1477 2440 1144 2344 1484 1455 2055 496 3064 1826 836 771 998 528 2104 2732 1949 1959 2267 1646 3004 2851 2176 2567 2607 2784 1891 2343 1383 2800 2933 2147 1252 2648 2053 1307 2360 1695 2088 2830 1359 2888 1640 1639
1427 1540 1316 1688 1579 1709 1259 1772 802 606 1570 952 786 1636 1470 814 2002 1511 1839 1963 1737 1139 1312 1312 1311 2260 2106 1641 1264 2181 1710 1387 1225 1551 950 1824 2204 1615 1892 1703 2030 1711 1703 1384 1580 1901 1244 1197 1053 1065 1564 2008 1600 689 1640 360 1670 2434 1668 752 1064 1757 1336 1567 1980 1735 1439 1108 2016 1327 1637 1615 819 1803 1369 1253 923 1191 1274 1852 1004 1525 1786 646 1200 1516 1002 1685 837 1771 1298 926 993 428 1724 2142 1595 1614 1507 1826 1686 1907 1709 1785 1759 2120 1083 1500 1260 1417 1569 1754 812 2031 1985 1673 1382 1603
1491 728 2113 1729 949 1582 2275 2011 2072 1776 1782 1883 1629 1297 1309 1590 1789 736 1426 3067 1483 1467 2065 2293 2572 2165 1066 2810 1101 1335 3017 2156 1983 489 2129 2917 1261 1123 1528 2334 2799 2104 2894 677 2846 3188 1741 2250 1136 1994 1925 3259 2907 1561 2684 1670 360 1508 2806 1953 1404 2065 707 1702 3259 2957 614 1691 3016 2583 1900 2812 1249 2692 2677 899 1923 880 1658 2200 2028 2548 1671 1383 2214 2371 2145 2648 1327 2574 1163 1129 1304 1722 1588 3107 2752 2477 2202 2617 1591 3077 3015 478 837 1892 1801 705 1014 1909 2600 3059 1380 2942 3272 964 2675 2907
2627 1334 2326 2874 1221 1376 3244 1813 2876 2408 2915 2854 2585 1231 2451 2559 2930 1881 1097 4013 1256 2545 2265 2586 3100 3306 802 3175 1532 615 3710 3204 3021 1522 2644 3176 613 2270 2666 3427 2765 1991 3274 1758 3347 3943 2821 2619 2174 2977 1885 4076 3527 2169 3655 2434 1508 360 3135 2539 2464 1898 1751 1631 4031 3809 1706 1992 3160 3100 3033 3211 2170 3728 3320 1574 2871 1674 2753 3334 2450 3525 1391 2197 3180 3405 3044 3654 1960 2629 2283 2067 1822 2457 1367 3199 3112 2613 2295 2649 2739 3406 3715 1438 1099 3028 2831 1386 2120 3006 2857 3652 1994 3009 4025 1128 3256 3503
2711 2541 1169 2953 2451 2131 2102 1798 1590 1455 2810 2061 2040 2277 2777 2082 3286 2758 2399 2345 2241 2429 1230 911 852 3503 2975 448 2134 2895 1427 2407 2319 2677 1081 543 2980 2919 3197 2718 1184 1616 530 2586 808 1719 2462 918 2350 2108 1646 1972 1159 1621 2255 1668 2806 3135 360 1280 2364 1721 2529 1875 1821 1922 2628 1538 815 827 2850 535 2102 2560 1151 2278 1993 2286 2523 2991 1138 2224 2141 1899 2081 2413 1846 2396 1842 1057 2605 2186 1870 1599 2142 956 442 960 1239 1085 2975 636 1450 2905 2685 3400 2260 2525 2552 2590 655 1164 1789 964 1769 2528 982 1092
1816 1750 1008 2073 1727 1669 1459 1596 886 540 1947 1257 1158 1682 1862 1193 2392 1854 1864 2031 1733 1529 1023 939 979 2641 2272 1260 1391 2284 1530 1673 1537 1826 559 1432 2333 1998 2285 1998 1672 1490 1329 1699 1252 1774 1609 813 1430 1345 1382 1936 1356 760 1774 752 1953 2539 1280 360 1456 1560 1645 1468 1867 1715 1748 977 1624 989 2005 1242 1183 2002 1142 1463 1205 1439 1652 2196 656 1685 1727 982 1413 1757 1172 1860 999 1416 1684 1273 1093 684 1684 1752 1210 1253 1208 1471 2077 1529 1537 2062 1940 2510 1427 1721 1633 1767 1179 1494 951 1648 1855 1817 1098 1341
731 1491 1974 1006 1648 2057 1254 2281 1248 1303 928 885 711 1870 781 663 1301 1080 2074 2040 2031 458 1957 2009 1966 1584 2050 2331 1463 2239 2183 1113 939 1334 1653 2525 2211 985 1192 1324 2710 2271 2385 1093 2220 2288 719 1899 649 975 2099 2306 2154 1259 1652 1064 1404 2464 2364 1456 360 2291 1083 2009 2340 1990 1154 1663 2720 1986 1025 2297 765 1649 1930 1297 944 1179 669 1303 1697 1516 2150 927 1197 1327 1193 1605 1203 2451 676 806 1346 1131 2070 2845 2289 2300 2150 2504 985 2592 2174 1516 1724 1421 760 1438 760 911 2273 2315 1227 2731 2367 1728 1993 2177
2642 1702 987 2926 1505 916 2632 445 2078 1557 2858 2350 2148 1183 2571 2158 3165 2231 1194 3228 1046 2388 941 1241 1875 3496 1885 1783 1349 1695 2577 2784 2618 1956 1530 1711 1812 2568 2968 3097 1227 464 1883 2016 2054 2861 2583 1342 2089 2462 554 3066 2334 1441 2972 1757 2065 1898 1721 1560 2291 360 1961 723 2962 2887 2021 1011 1643 1864 2950 1843 1887 3181 2187 1582 2320 1673 2580 3205 1301 2876 872 1736 2579 2910 2352 3048 1447 1107 2350 1879 1316 1725 919 1667 1724 1132 846 1120 2865 1966 2592 2115 1716 3288 2460 1719 2210 2775 1425 2414 1424 1477 2933 1536 2061 2287
1250 797 1893 1514 999 1559 1935 1921 1728 1465 1532 1541 1284 1304 1092 1246 1650 630 1480 2726 1489 1158 1852 2041 2260 2017 1328 2525 975 1540 2677 1836 1658 613 1830 2652 1498 992 1414 2038 2612 1981 2604 419 2533 2843 1435 1981 801 1655 1796 2912 2576 1269 2346 1336 707 1751 2529 1645 1083 1961 360 1613 2913 2610 463 1481 2777 2272 1648 2519 903 2370 2345 741 1578 651 1362 1949 1756 2211 1655 1050 1873 2047 1798 2317 1052 2373 899 784 1077 1392 1568 2878 2470 2258 2010 2419 1398 2795 2674 825 1016 1765 1472 745 731 1615 2346 2730 1104 2723 2927 1060 2351 2578
2344 1338 1068 2628 1143 616 2465 670 1947 1412 2576 2144 1916 834 2254 1918 2847 1880 895 3126 736 2108 1008 1337 1916 3189 1554 1922 997 1404 2590 2573 2398 1594 1500 1906 1507 2230 2639 2874 1540 776 2023 1665 2136 2857 2325 1395 1783 2263 623 3038 2369 1238 2834 1567 1702 1631 1875 1468 2009 723 1613 360 2955 2824 1667 852 1894 1911 2675 1967 1604 3011 2191 1231 2125 1329 2310 2944 1275 2726 634 1482 2408 2720 2199 2891 1176 1370 2033 1578 1023 1550 626 1942 1859 1342 1024 1397 2555 2142 2601 1752 1359 2969 2227 1356 1885 2522 1591 2473 1166 1755 2935 1179 2092 2333
2502 3161 2336 2635 3189 3172 1516 3019 1550 1983 2457 1818 2020 3186 2713 2066 2974 3022 3371 1104 3240 2338 2381 2098 1460 3016 3724 1732 2862 3775 759 1838 1896 3149 1815 1969 3812 2955 3024 2010 2640 2871 1671 2951 1372 463 2175 1982 2523 1751 2817 538 1026 2221 1300 1980 3259 4031 1821 1867 2340 2962 2913 2955 360 766 3012 2473 2243 1476 2424 1645 2369 1602 1135 2873 1755 2809 2279 2388 2043 1382 3223 2254 1554 1686 1507 1464 2437 2473 2657 2489 2569 1945 3186 2371 1762 2333 2502 2512 2741 1777 739 3377 3379 3051 1991 3120 2712 2169 2045 1030 2399 2420 430 3283 1272 1090
2118 2898 2275 2239 2953 3018 1129 2934 1293 1793 2061 1465 1693 2994 2343 1736 2575 2693 3190 792 3071 1977 2312 2072 1475 2610 3473 1836 2638 3556 923 1438 1509 2855 1717 2092 3579 2592 2635 1604 2704 2805 1799 2643 1488 771 1794 1940 2199 1383 2723 679 1150 2017 897 1735 2957 3809 1922 1715 1990 2887 2610 2824 766 360 2705 2332 2372 1497 2023 1751 2073 1208 1139 2618 1410 2541 1900 1982 1946 976 3080 1987 1173 1280 1173 1064 2210 2503 2305 2192 2357 1714 3033 2509 1850 2348 2460 2549 2351 1949 897 3076 3125 2649 1620 2854 2376 1773 2091 1232 2179 2523 822 3047 1306 1219
1281 785 1981 1535 1004 1595 2021 1978 1828 1568 1568 1629 1376 1328 1111 1336 1644 581 1493 2813 1516 1222 1938 2135 2363 2015 1274 2625 1032 1507 2779 1908 1732 545 1932 2749 1454 975 1398 2097 2694 2046 2705 422 2636 2943 1498 2078 882 1740 1862 3009 2679 1369 2430 1439 614 1706 2628 1748 1154 2021 463 1667 3012 2705 360 1565 2870 2375 1686 2621 1004 2443 2448 799 1668 728 1419 1987 1853 2294 1689 1153 1960 2121 1892 2396 1148 2457 937 884 1162 1495 1603 2968 2569 2346 2092 2503 1410 2895 2776 732 983 1756 1549 738 776 1672 2441 2833 1201 2812 3026 1053 2455 2682
2027 1383 782 2307 1274 1058 1995 1024 1460 926 2227 1699 1498 1121 1982 1510 2571 1744 1278 2635 1134 1759 735 990 1471 2883 1798 1564 969 1742 2118 2133 1967 1564 1028 1617 1815 2023 2398 2446 1492 974 1660 1540 1714 2377 1938 993 1495 1813 817 2550 1911 790 2352 1108 1691 1992 1538 977 1663 1011 1481 852 2473 2332 1565 360 1689 1470 2313 1590 1269 2543 1720 1152 1671 1197 1942 2560 819 2248 1111 1098 1939 2264 1720 2416 839 1252 1766 1285 763 1080 1072 1776 1501 1146 891 1298 2262 1814 2127 1775 1509 2694 1810 1375 1648 2127 1293 2027 803 1611 2456 1350 1635 1881
3081 2711 1268 3335 2582 2145 2544 1728 2010 1780 3202 2470 2418 2348 3120 2455 3657 3025 2428 2798 2270 2794 1321 1099 1304 3897 3070 897 2296 2938 1859 2838 2738 2888 1432 639 3040 3234 3545 3154 867 1542 936 2836 1247 2145 2857 1185 2665 2529 1635 2402 1595 1895 2710 2016 3016 3160 815 1624 2720 1643 2777 1894 2243 2372 2870 1689 360 1279 3251 981 2414 3013 1606 2477 2406 2509 2909 3411 1403 2676 2131 2208 2519 2856 2279 2850 2087 895 2931 2482 2074 1949 2154 501 894 919 1233 886 3342 847 1883 3104 2818 3774 2662 2704 2857 2998 807 1574 2036 572 2187 2647 1437 1527
