140 2130 2087 2507 2306 2375 1488 2051 2839 1698 526 1708 2466 856 1946 825 644 1254 3254 1557 2816 1445 1190 1935 741 366 577 1927 2474 2254 2264 2468 959 628 736 2205 2323 1120 734 909 1831 1558 1072 889 2021 886 781 1162 544 1711 1835 2062 904 713 1965 1407 1130 1692 636 979 2499 1520 2236 2035 448 1660 904 1854 1178 1456 1511 2209 1217 857 1973 905 1674 371 3210 1561 1753 941 1949 1871 2238 1200 2313 2030 2151 586 869 356 1660 1623 1798 1739 899 2085 711 2486 893 1301 797 2956 1501 963 1710 3201 1890 2189 2743 341 2673 2666 413 1048 1211 2217 1676 2124 2477 1446 570 1411 970 316 2408 1100 1673 1980 2079 2317 1422 1566 2030 2107 2055 1759 1575 824 1185 1467 2381 2286 1092
2230 360 2479 2082 1615 2819 2688 489 2044 1005 2504 882 840 2033 1773 2879 2499 1243 2101 2537 1818 2309 1312 1062 2585 2357 2654 1694 2161 2736 1124 726 1760 1996 2274 2680 1274 1369 2253 1738 3128 2480 3061 2963 2650 1998 1709 2179 2554 1082 918 1287 2994 2269 1488 2927 3122 1230 1882 3044 1726 1189 591 1011 2088 900 1942 1578 1888 1034 1653 1152 2186 2924 2113 2548 1123 2436 2184 1375 743 2390 3107 2312 817 1381 1931 3114 1266 1909 2404 2413 1412 1261 823 1838 2794 1465 2770 2243 2811 2077 2532 2100 1380 2442 2068 2135 2862 3357 1663 2393 1958 2172 2261 1706 1293 1946 1260 369 2216 1754 2653 2406 2919 2400 1116 1499 2620 2873 2750 1355 1689 2193 633 1561 788 1019 990 1991 3166 2384 3060 1801 2167
2187 2479 360 1212 1465 715 1222 2350 1671 2636 2563 2016 2400 2687 1084 2731 1963 2210 2235 1008 1855 1013 2012 2894 2787 2413 2506 1160 1100 618 1902 2801 1650 2428 1729 561 3271 2119 2707 1735 1424 967 3015 2458 619 2689 2118 1285 2565 1773 1923 1617 2638 2696 1380 1599 3061 2826 1993 2821 1547 2619 2707 1866 2309 2460 1588 3195 2871 2203 2989 3128 1230 2409 731 1726 2720 2389 2086 2827 2232 1573 1281 586 2164 2415 1154 1220 1688 2191 2878 2206 2938 2790 2565 1010 2925 1455 2312 1038 2070 1157 1828 1783 2775 1582 827 2118 1003 1442 1908 2378 1532 1325 2038 2606 2008 1053 1594 2469 1052 1214 2346 1086 2151 2257 3189 2432 952 934 697 3326 2940 885 2210 1372 2771 1829 1978 1652 3119 1015 948 1261 2964
2607 2082 1212 360 828 1391 1993 1968 819 2468 2991 1777 1830 2912 925 3247 2520 2200 1382 1763 1021 1653 2041 2674 3190 2822 3000 960 483 1379 1341 2323 1924 2697 2242 1349 2981 2173 3010 1993 2267 1704 3521 3065 1472 2900 2325 1818 3010 1542 1612 1166 3214 3007 1041 2372 3575 2701 2293 3370 782 2529 2309 1437 2638 2281 1965 3096 2995 2097 2988 2848 1773 3015 987 2349 2580 2833 1237 2761 1982 2162 2133 1250 1658 2441 561 2073 1176 2471 3193 2681 2855 2687 2338 1129 3365 1000 2889 573 2713 1637 2424 933 2724 2191 1234 1266 1852 2290 1107 2808 685 519 2488 2724 2027 649 1415 2074 547 1420 2876 1767 2811 2716 2838 2503 1749 1787 1545 3055 2968 1452 1818 912 2469 1564 1812 2047 3633 1697 1712 654 3169
2406 1615 1465 828 360 1735 2076 1504 913 2035 2781 1350 1373 2605 828 3078 2409 1829 1324 1855 881 1684 1696 2226 2958 2608 2826 795 919 1689 875 1856 1707 2418 2123 1645 2519 1829 2734 1760 2428 1790 3338 2961 1707 2587 2038 1760 2808 1136 1173 720 3083 2736 702 2432 3395 2274 2054 3217 553 2116 1841 976 2392 1850 1797 2670 2643 1696 2592 2388 1727 2911 1121 2291 2152 2637 1263 2349 1542 2098 2328 1403 1190 2070 711 2291 711 2209 2918 2510 2436 2267 1894 1057 3149 595 2772 1008 2649 1579 2344 1020 2318 2137 1267 1257 2045 2527 856 2606 765 921 2316 2378 1679 780 1051 1607 980 1267 2729 1806 2755 2535 2371 2147 1878 2006 1797 2595 2582 1488 1354 559 2009 1144 1406 1880 3452 1746 2035 577 2845
2475 2819 715 1391 1735 360 1376 2691 1827 2992 2842 2366 2711 3012 1410 2975 2211 2564 2388 1207 2053 1290 2365 3249 3069 2701 2764 1488 1268 480 2207 3133 1986 2748 2004 534 3624 2470 3016 2071 1430 1189 3258 2666 719 3017 2454 1577 2838 2122 2266 1934 2858 3004 1704 1718 3300 3182 2315 3050 1781 2974 3049 2194 2619 2815 1908 3550 3209 2559 3339 3482 1524 2619 1066 1952 3076 2667 2217 3181 2583 1824 1250 931 2485 2767 1395 1158 1997 2513 3183 2478 3293 3145 2919 1363 3194 1765 2540 1184 2271 1475 2063 1925 3129 1823 1181 2260 1029 1326 2132 2660 1714 1463 2322 2948 2362 1315 1943 2810 1207 1568 2593 1330 2338 2533 3538 2780 1112 925 693 3680 3289 1207 2548 1675 3122 2175 2332 1964 3358 1269 683 1520 3290
1588 2688 1222 1993 2076 1376 360 2564 2441 2598 1918 2166 2784 2237 1608 1990 1251 2090 2984 589 2561 764 1900 2874 2147 1804 1801 1651 1901 1268 2355 3050 1394 1968 1126 1238 3285 1953 2175 1462 805 650 2269 1655 1029 2254 1786 889 1902 1987 2162 2058 1852 2157 1836 741 2307 2720 1584 2050 2220 2505 2887 2221 1802 2461 1230 3022 2505 2182 2737 3146 869 1610 1370 974 2643 1747 2862 2661 2344 910 847 1106 2523 2218 1867 911 2153 1760 2317 1553 2776 2665 2596 1390 2241 1956 1544 1861 1259 971 1091 2560 2600 885 1169 2882 770 1108 2569 1751 2282 2132 1440 2281 1908 1749 1829 2679 1868 1315 1619 649 1322 1614 3273 2184 633 871 1043 3315 2665 949 2459 1910 2848 2054 2071 1239 2363 694 1287 1927 2506
2151 489 2350 1968 1504 2691 2564 360 1952 1020 2438 762 832 1994 1645 2809 2401 1177 2044 2411 1737 2183 1223 1125 2530 2286 2579 1567 2044 2607 1028 846 1651 1936 2169 2551 1376 1293 2206 1634 3003 2353 3001 2877 2521 1960 1631 2059 2486 953 788 1168 2915 2220 1362 2810 3061 1258 1794 2973 1624 1186 718 892 2017 884 1832 1626 1872 964 1666 1248 2064 2836 1985 2440 1143 2361 2115 1390 658 2278 2980 2183 739 1340 1812 2987 1153 1834 2363 2328 1440 1280 841 1708 2739 1344 2681 2125 2711 1953 2427 2014 1386 2330 1939 2069 2734 3229 1587 2318 1858 2064 2170 1673 1203 1824 1130 480 2098 1627 2570 2281 2819 2319 1232 1456 2492 2744 2620 1454 1694 2065 510 1440 872 890 878 1884 3107 2258 2931 1684 2144
2939 2044 1671 819 913 1827 2441 1952 360 2543 3318 1875 1685 3159 1275 3602 2904 2377 925 2211 650 2085 2249 2708 3502 3146 3351 1278 932 1827 1284 2209 2241 2970 2620 1801 2958 2382 3286 2300 2726 2150 3868 3455 1931 3141 2590 2220 3343 1679 1690 1252 3590 3287 1250 2817 3924 2786 2597 3735 726 2642 2252 1465 2938 2362 2314 3178 3193 2234 3126 2836 2180 3405 1431 2756 2663 3169 780 2874 2048 2565 2592 1703 1588 2617 939 2532 1209 2758 3470 3033 2955 2786 2388 1507 3689 1149 3272 1007 3120 2036 2822 481 2848 2599 1657 807 2311 2746 798 3141 528 724 2838 2930 2232 1056 1605 2038 987 1768 3242 2202 3222 3062 2783 2698 2203 2246 2002 3040 3121 1882 1811 1101 2464 1678 1945 2397 3981 2134 2150 921 3399
1798 1005 2636 2468 2035 2992 2598 1020 2543 360 2005 1050 1481 1456 2023 2384 2170 875 2694 2503 2359 2280 1057 635 2042 1882 2186 1950 2519 2889 1636 1225 1568 1487 2007 2831 1047 1022 1692 1510 3042 2458 2528 2548 2747 1416 1309 2069 2060 1291 1222 1675 2536 1712 1796 2751 2587 604 1527 2551 2190 564 981 1437 1623 547 1745 995 1260 796 1008 911 2095 2516 2309 2294 484 1976 2751 731 855 2177 3067 2432 1390 859 2285 3100 1698 1477 1822 2003 782 619 542 1994 2245 1829 2367 2586 2481 2030 2246 2619 735 2227 2176 2710 2865 3329 2217 1932 2426 2589 1892 1121 1050 2263 1447 1005 2562 1797 2228 2348 2580 1975 1077 967 2607 2903 2842 1078 1043 2227 1123 1916 730 1264 1034 1763 2625 2350 3175 2174 1547
626 2504 2563 2991 2781 2842 1918 2438 3318 2005 360 2123 2874 984 2430 739 1030 1622 3721 2011 3286 1916 1599 2213 589 532 580 2409 2960 2722 2710 2824 1437 878 1198 2674 2574 1507 766 1380 2220 2018 934 996 2485 1024 1178 1638 418 2154 2265 2523 912 739 2438 1779 994 1951 1090 905 2973 1810 2584 2477 784 2001 1390 2038 1313 1833 1687 2474 1693 987 2459 1309 1958 535 3683 1801 2140 1387 2356 2350 2659 1513 2797 2445 2610 975 815 727 1883 1882 2130 2225 734 2556 892 2972 1177 1783 1193 3433 1745 1399 2195 3672 2326 2584 3208 546 3153 3150 885 1274 1621 2702 2135 2499 2963 1931 734 1873 1217 669 2690 1399 2124 2422 2538 2554 1595 2046 2434 2583 2373 2198 1992 1310 1046 1932 2830 2767 1136
1808 882 2016 1777 1350 2366 2166 762 1875 1050 2123 360 1118 1761 1352 2483 2019 916 2100 2019 1721 1791 883 1269 2243 1961 2243 1277 1829 2274 1017 1247 1256 1650 1776 2216 1620 986 1946 1246 2607 1963 2695 2513 2165 1733 1304 1657 2167 610 547 991 2567 1955 1107 2407 2756 1285 1437 2643 1514 1128 1084 786 1699 863 1434 1681 1716 731 1611 1479 1663 2471 1665 2043 1163 2027 2126 1360 578 1878 2591 1832 896 1138 1595 2603 1026 1508 2117 1972 1446 1277 930 1365 2450 1138 2316 1899 2324 1556 2035 1960 1333 1930 1580 2093 2352 2843 1594 1986 1747 1900 1803 1474 862 1578 784 873 1874 1242 2215 1886 2434 1970 1534 1239 2106 2369 2264 1681 1610 1685 690 1225 1115 573 492 1489 2805 1866 2584 1483 1958
2566 840 2400 1830 1373 2711 2784 832 1685 1481 2874 1118 360 2459 1677 3238 2765 1627 1649 2601 1424 2383 1637 1536 2980 2715 3000 1603 1930 2647 866 885 1991 2385 2510 2596 1684 1727 2665 1992 3203 2538 3443 3269 2610 2426 2057 2319 2920 1185 1021 1143 3326 2678 1382 3074 3504 1710 2196 3400 1425 1656 979 924 2450 1356 2159 2056 2345 1415 2130 1582 2313 3226 2029 2763 1602 2784 1753 1852 1109 2586 3150 2275 621 1807 1721 3138 1074 2261 2827 2731 1892 1739 1299 1814 3189 1307 3072 2021 3065 2182 2768 1718 1853 2636 2059 1698 2883 3382 1264 2742 1634 1886 2560 2142 1616 1771 1320 839 1992 1829 2973 2495 3175 2728 1482 1921 2663 2873 2708 1773 2162 2230 799 1396 1251 1121 1251 2222 3552 2458 2988 1586 2616
956 2033 2687 2912 2605 3012 2237 1994 3159 1456 984 1761 2459 360 2354 1340 1457 1206 3477 2260 3068 2100 1278 1628 957 933 1199 2311 2910 2892 2407 2313 1403 630 1473 2838 1966 1150 602 1320 2617 2245 1441 1611 2678 402 950 1811 1042 1871 1933 2290 1536 626 2273 2210 1499 1358 1056 1501 2795 1252 2069 2169 801 1498 1464 1414 692 1409 1063 1875 1862 1595 2486 1699 1386 1037 3476 1197 1710 1691 2717 2461 2282 1014 2710 2789 2360 859 730 1166 1269 1291 1608 2197 1153 2370 1474 2944 1704 1896 1600 3263 1147 1725 2249 3453 2618 2967 2962 1000 3004 3065 1184 695 1298 2637 1914 2030 2929 1901 1313 2100 1773 1110 2099 897 2378 2697 2750 1940 970 2166 2027 2421 1825 1896 1644 1412 1534 2141 3074 2648 637
2046 1773 1084 925 828 1410 1608 1645 1275 2023 2430 1352 1677 2354 360 2696 1989 1684 1769 1388 1331 1216 1509 2259 2625 2260 2447 438 916 1335 1184 2083 1359 2133 1705 1282 2610 1637 2445 1428 1970 1323 2967 2540 1296 2344 1764 1310 2450 1102 1228 893 2677 2443 656 1964 3022 2240 1728 2824 986 2049 2003 1144 2073 1837 1408 2628 2454 1615 2482 2470 1273 2490 712 1846 2123 2274 1678 2275 1570 1654 1881 967 1440 1918 727 1853 969 1906 2629 2127 2377 2216 1921 595 2803 740 2357 957 2209 1127 1909 1395 2232 1690 800 1685 1601 2094 1323 2248 1106 1082 1934 2182 1497 643 936 1764 939 860 2331 1338 2312 2160 2505 1969 1418 1575 1393 2673 2453 1019 1500 671 2099 1146 1348 1491 3079 1278 1672 714 2615
925 2879 2731 3247 3078 2975 1990 2809 3602 2384 739 2483 3238 1340 2696 360 1128 1996 4032 2127 3593 2078 1960 2589 775 883 612 2685 3204 2858 3049 3201 1733 1258 1377 2816 2943 1876 1103 1689 2213 2147 644 781 2615 1382 1541 1826 685 2496 2616 2845 601 1077 2739 1767 691 2325 1421 526 3269 2188 2962 2820 1151 2379 1649 2389 1657 2206 2039 2847 1878 803 2679 1384 2335 817 3982 2170 2511 1518 2373 2533 3016 1892 3060 2472 2935 1337 1078 929 2248 2256 2509 2478 691 2861 810 3206 1121 1992 1272 3720 2117 1513 2412 3975 2397 2574 3524 857 3435 3406 1124 1647 1982 2958 2460 2874 3200 2196 744 2011 1110 903 3065 1778 2229 2501 2654 2920 1947 2235 2800 2879 2752 2543 2350 1566 750 2078 2917 3044 1439
744 2499 1963 2520 2409 2211 1251 2401 2904 2170 1030 2019 2765 1457 1989 1128 360 1675 3373 1365 2930 1310 1552 2427 1258 936 915 1990 2466 2093 2476 2857 1137 1211 645 2050 2831 1527 1335 1133 1557 1381 1412 912 1851 1484 1221 1070 1011 1954 2106 2230 1054 1312 2082 1125 1457 2206 1003 1223 2593 2014 2641 2269 1025 2095 989 2415 1770 1850 2083 2707 1120 862 1929 639 2168 863 3301 2096 2116 750 1687 1767 2517 1689 2341 1775 2326 1083 1453 675 2202 2140 2238 1759 1352 2210 729 2460 673 1245 522 3024 2033 747 1662 3302 1661 1919 2883 875 2735 2678 651 1610 1570 2233 1870 2492 2456 1502 743 1243 779 737 2888 1609 1472 1759 1894 2836 1997 1474 2349 2210 2502 2013 1890 913 1516 1310 2172 2343 1697
1354 1243 2210 2200 1829 2564 2090 1177 2377 875 1622 916 1627 1206 1684 1996 1675 360 2648 2008 2253 1790 561 1149 1714 1474 1772 1623 2225 2455 1569 1574 1056 1120 1496 2397 1562 509 1400 995 2532 1966 2183 2097 2291 1177 834 1563 1672 1058 1093 1487 2115 1412 1524 2236 2244 997 1033 2161 2010 782 1343 1332 1205 779 1230 1346 1177 572 1158 1426 1592 2060 1916 1783 913 1555 2662 976 881 1661 2564 1994 1437 601 2003 2602 1545 1029 1566 1544 1088 950 922 1599 1923 1597 1907 2278 1989 1541 1740 2473 924 1712 1743 2633 2375 2827 2137 1511 2234 2341 1410 922 562 1954 1148 1237 2258 1356 1781 1849 2091 1526 1583 686 2115 2420 2383 1587 1129 1759 1189 1666 1187 1069 806 1247 2290 1856 2718 1914 1404
3354 2101 2235 1382 1324 2388 2984 2044 925 2694 3721 2100 1649 3477 1769 4032 3373 2648 360 2755 803 2613 2560 2803 3886 3549 3780 1751 1498 2391 1443 2153 2658 3321 3088 2366 2973 2686 3634 2705 3285 2693 4286 3925 2495 3454 2944 2717 3752 1966 1916 1560 4045 3639 1656 3355 4344 2937 2990 4174 1144 2833 2267 1676 3318 2532 2759 3310 3457 2471 3324 2871 2682 3876 1977 3252 2818 3585 560 3055 2225 3059 3155 2256 1665 2878 1477 3096 1481 3130 3814 3466 3117 2952 2520 2004 4082 1531 3735 1571 3611 2535 3307 822 3040 3096 2184 497 2873 3312 877 3552 1067 1285 3272 3210 2540 1594 1949 2097 1552 2231 3689 2733 3717 3488 2766 2974 2755 2810 2567 3062 3336 2411 1931 1522 2528 1942 2201 2841 4399 2667 2711 1423 3692
1657 2537 1008 1763 1855 1207 589 2411 2211 2503 2011 2019 2601 2260 1388 2127 1365 2008 2755 360 2335 588 1810 2778 2241 1881 1920 1436 1672 1092 2156 2895 1326 1989 1181 1053 3184 1880 2226 1403 962 425 2411 1824 849 2272 1759 822 2003 1823 1997 1857 2012 2210 1629 969 2452 2645 1577 2203 1995 2429 2744 2036 1837 2354 1187 2968 2503 2075 2702 3043 782 1776 1140 1104 2559 1837 2632 2601 2209 985 932 877 2341 2160 1638 956 1950 1767 2381 1645 2716 2594 2484 1178 2354 1746 1692 1633 1431 834 1215 2331 2541 978 948 2653 731 1189 2347 1834 2053 1902 1504 2262 1815 1521 1657 2528 1639 1145 1747 524 1506 1702 3155 2140 478 798 888 3221 2637 737 2297 1695 2728 1890 1935 1218 2510 514 1184 1700 2534
2916 1818 1855 1021 881 2053 2561 1737 650 2359 3286 1721 1424 3068 1331 3593 2930 2253 803 2335 360 2182 2149 2501 3456 3114 3340 1310 1144 2038 1083 1950 2219 2900 2645 2006 2724 2279 3215 2268 2883 2271 3849 3482 2113 3046 2521 2277 3316 1559 1534 1138 3602 3218 1214 2928 3907 2604 2557 3733 705 2477 2014 1296 2888 2186 2316 2990 3069 2090 2967 2608 2242 3433 1565 2810 2482 3147 768 2706 1872 2617 2764 1848 1361 2489 1069 2713 1069 2702 3396 3026 2778 2610 2195 1566 3650 1091 3292 1231 3169 2095 2865 654 2685 2655 1756 747 2480 2937 520 3115 700 976 2832 2815 2130 1182 1522 1812 1207 1788 3247 2303 3275 3049 2538 2579 2343 2425 2192 2810 2970 1981 1606 1079 2244 1544 1809 2399 3962 2240 2373 994 3293
1545 2309 1013 1653 1684 1290 764 2183 2085 2280 1916 1791 2383 2100 1216 2078 1310 1790 2613 588 2182 360 1591 2554 2142 1771 1853 1254 1576 1169 1951 2668 1121 1832 1078 1119 2960 1667 2089 1202 1183 537 2362 1818 941 2108 1572 649 1915 1597 1772 1654 1991 2076 1433 1108 2408 2428 1406 2171 1838 2212 2516 1819 1694 2129 1002 2759 2324 1851 2503 2818 598 1769 1027 1085 2339 1741 2503 2390 1980 921 1161 820 2123 1951 1505 1181 1749 1601 2253 1556 2505 2379 2257 991 2274 1555 1664 1552 1442 610 1180 2206 2332 934 788 2518 945 1417 2180 1733 1921 1802 1393 2075 1595 1388 1433 2300 1554 920 1693 481 1532 1608 2927 1939 686 992 1010 2998 2442 562 2071 1512 2500 1664 1706 1047 2466 435 1337 1550 2377
1290 1312 2012 2041 1696 2365 1900 1223 2249 1057 1599 883 1637 1278 1509 1960 1552 561 2560 1810 2149 1591 360 1333 1723 1438 1723 1452 2058 2255 1499 1665 872 1134 1346 2197 1745 493 1439 822 2344 1768 2172 2013 2089 1257 780 1372 1643 953 1034 1372 2054 1447 1375 2064 2232 1197 931 2122 1883 982 1449 1260 1175 931 1053 1546 1314 662 1345 1606 1398 1973 1725 1630 1108 1506 2558 1176 929 1495 2371 1794 1419 772 1841 2406 1441 984 1617 1464 1289 1151 1072 1408 1929 1461 1818 2106 1865 1341 1598 2351 1123 1546 1544 2534 2176 2633 2044 1465 2100 2187 1308 1044 381 1785 1004 1305 2087 1157 1706 1653 1972 1456 1748 821 1917 2220 2181 1775 1307 1558 1200 1521 1335 982 753 1080 2282 1658 2517 1761 1509
2035 1062 2894 2674 2226 3249 2874 1125 2708 635 2213 1269 1536 1628 2259 2589 2427 1149 2803 2778 2501 2554 1333 360 2224 2103 2405 2185 2734 3149 1785 1162 1843 1702 2275 3090 773 1294 1870 1785 3318 2732 2710 2781 3013 1586 1566 2345 2270 1518 1422 1870 2755 1892 2015 3024 2767 632 1787 2754 2367 776 944 1613 1853 794 2019 883 1378 1065 1044 640 2370 2752 2558 2562 621 2201 2879 802 1055 2448 3342 2693 1504 1100 2499 3374 1879 1721 1979 2244 777 697 698 2247 2421 2034 2606 2806 2736 2304 2510 2775 843 2499 2437 2832 3139 3604 2352 2157 2603 2787 2145 1303 1326 2487 1684 1066 2781 2063 2461 2623 2832 2211 836 1195 2881 3175 3109 803 1110 2496 1257 2125 650 1481 1278 2035 2802 2624 3440 2381 1667
841 2585 2787 3190 2958 3069 2147 2530 3502 2042 589 2243 2980 957 2625 775 1258 1714 3886 2241 3456 2142 1723 2224 360 735 752 2600 3163 2949 2854 2886 1627 955 1425 2901 2560 1617 714 1563 2443 2246 846 1142 2713 998 1309 1862 609 2299 2396 2685 1005 691 2616 2000 905 1955 1264 921 3151 1840 2643 2617 927 2062 1597 1987 1255 1927 1640 2472 1916 1145 2671 1537 1979 763 3857 1794 2235 1616 2582 2572 2778 1569 2993 2672 2768 1116 663 956 1863 1887 2183 2428 568 2729 1080 3178 1382 2002 1421 3615 1744 1629 2410 3843 2556 2807 3370 769 3338 3348 1109 1284 1744 2901 2297 2581 3168 2130 935 2101 1410 898 2696 1451 2353 2652 2767 2531 1548 2267 2541 2762 2412 2337 2115 1520 944 2160 3060 2957 1025
466 2357 2413 2822 2608 2701 1804 2286 3146 1882 532 1961 2715 933 2260 883 936 1474 3549 1881 3114 1771 1438 2103 735 360 663 2238 2793 2580 2541 2683 1265 762 1060 2531 2478 1352 765 1208 2133 1882 1102 1049 2346 969 1018 1489 566 1986 2100 2352 1013 741 2266 1701 1162 1849 918 1047 2801 1693 2446 2309 628 1865 1224 1972 1265 1683 1623 2371 1543 1028 2296 1209 1844 464 3511 1706 1987 1261 2258 2197 2496 1384 2627 2342 2439 814 877 621 1797 1779 1998 2057 903 2383 901 2806 1142 1626 1096 3261 1648 1279 2034 3500 2208 2494 3036 427 2981 2981 738 1180 1460 2533 1964 2351 2796 1762 741 1736 1202 559 2580 1275 1995 2300 2403 2464 1531 1892 2277 2410 2247 2030 1830 1146 1215 1793 2703 2596 1138
677 2654 2506 3000 2826 2764 1801 2579 3351 2186 580 2243 3000 1199 2447 612 915 1772 3780 1920 3340 1853 1723 2405 752 663 360 2434 2959 2645 2800 2984 1481 1062 1141 2601 2775 1646 986 1438 2067 1935 881 776 2404 1239 1307 1591 525 2248 2372 2593 710 959 2486 1621 935 2148 1173 762 3017 1996 2748 2572 929 2167 1398 2252 1530 1979 1901 2671 1645 768 2439 1187 2147 577 3730 2002 2280 1300 2215 2303 2774 1688 2811 2309 2684 1105 1025 679 2089 2079 2301 2230 800 2608 687 2963 992 1753 1071 3469 1945 1301 2172 3723 2211 2431 3272 620 3184 3159 873 1475 1744 2710 2209 2648 2956 1946 548 1794 1017 651 2881 1578 2027 2312 2449 2759 1808 2002 2563 2626 2550 2296 2110 1315 993 1859 2726 2793 1356
2027 1694 1160 960 795 1488 1651 1567 1278 1950 2409 1277 1603 2311 438 2685 1990 1623 1751 1436 1310 1254 1452 2185 2600 2238 2434 360 966 1412 1114 2005 1334 2097 1705 1359 2534 1582 2410 1399 2024 1371 2953 2542 1367 2300 1724 1326 2431 1027 1150 820 2673 2408 581 2001 3008 2170 1699 2816 967 1981 1925 1067 2044 1765 1396 2560 2402 1546 2419 2393 1292 2492 788 1860 2053 2256 1671 2209 1494 1667 1942 1035 1364 1859 759 1917 899 1872 2594 2115 2310 2147 1846 623 2782 675 2357 1015 2220 1145 1917 1397 2167 1705 850 1674 1663 2158 1290 2229 1109 1115 1921 2130 1440 692 863 1685 995 850 2324 1376 2325 2146 2427 1913 1472 1641 1464 2597 2392 1062 1422 618 2022 1070 1276 1479 3065 1319 1748 719 2570
2574 2161 1100 483 919 1268 1901 2044 932 2519 2960 1829 1930 2910 916 3204 2466 2225 1498 1672 1144 1576 2058 2734 3163 2793 2959 966 360 1258 1434 2414 1903 2687 2192 1229 3052 2188 2997 1976 2160 1615 3481 3006 1359 2900 2320 1759 2976 1588 1672 1236 3160 2993 1083 2281 3533 2748 2275 3322 897 2569 2390 1511 2619 2331 1930 3142 3008 2135 3019 2917 1712 2956 908 2283 2628 2798 1345 2799 2038 2100 2022 1155 1748 2463 594 1959 1257 2457 3180 2640 2896 2731 2396 1095 3334 1063 2835 453 2647 1580 2363 1042 2760 2126 1167 1378 1742 2174 1230 2775 806 591 2450 2736 2045 634 1448 2152 425 1393 2828 1686 2743 2678 2916 2519 1651 1675 1429 3123 2995 1379 1893 969 2538 1616 1853 2011 3592 1615 1589 720 3172
2354 2736 618 1379 1689 480 1268 2607 1827 2889 2722 2274 2647 2892 1335 2858 2093 2455 2391 1092 2038 1169 2255 3149 2949 2580 2645 1412 1258 360 2145 3056 1869 2628 1883 418 3528 2358 2895 1953 1356 1071 3141 2553 603 2897 2336 1457 2718 2031 2180 1866 2744 2883 1631 1619 3184 3076 2196 2935 1751 2867 2964 2119 2498 2715 1788 3441 3092 2456 3226 3385 1403 2506 984 1836 2972 2547 2227 3072 2489 1705 1185 821 2415 2654 1359 1101 1933 2393 3062 2358 3184 3038 2821 1268 3075 1700 2424 1179 2159 1356 1946 1930 3019 1705 1074 2267 943 1291 2107 2540 1704 1466 2202 2831 2252 1270 1852 2727 1200 1460 2475 1211 2228 2413 3447 2665 1000 845 595 3582 3174 1088 2467 1613 3029 2087 2235 1844 3242 1149 705 1478 3170
2364 1124 1902 1341 875 2207 2355 1028 1284 1636 2710 1017 866 2407 1184 3049 2476 1569 1443 2156 1083 1951 1499 1785 2854 2541 2800 1114 1434 2145 360 1341 1706 2272 2201 2096 2038 1619 2578 1731 2756 2092 3283 3011 2120 2382 1904 1934 2748 915 835 660 3099 2586 897 2674 3343 1881 1988 3202 963 1758 1341 598 2292 1463 1848 2267 2374 1388 2249 1914 1918 2965 1533 2424 1759 2592 1479 1985 1150 2237 2687 1789 678 1796 1219 2667 574 2100 2755 2502 2055 1887 1473 1345 3057 806 2814 1523 2756 1777 2450 1349 1966 2284 1590 1441 2413 2910 944 2555 1193 1416 2316 2130 1478 1264 965 1117 1495 1421 2739 2068 2866 2513 1874 1894 2207 2394 2217 2119 2256 1779 888 892 1540 877 1123 1923 3396 2022 2488 1083 2613
2568 726 2801 2323 1856 3133 3050 846 2209 1225 2824 1247 885 2313 2083 3201 2857 1574 2153 2895 1950 2668 1665 1162 2886 2683 2984 2005 2414 3056 1341 360 2125 2308 2636 3002 1195 1710 2544 2100 3489 2836 3369 3308 2986 2275 2047 2544 2876 1433 1262 1567 3328 2562 1789 3294 3429 1401 2232 3368 1933 1429 604 1299 2415 1184 2307 1674 2124 1375 1833 1117 2550 3271 2431 2912 1321 2768 2271 1567 1103 2756 3463 2647 1026 1677 2193 3467 1523 2243 2682 2756 1570 1450 1065 2172 3093 1744 3117 2502 3169 2439 2894 2243 1588 2808 2408 2213 3213 3710 1790 2724 2150 2392 2611 1979 1647 2226 1606 734 2474 2110 2995 2767 3276 2740 975 1795 2974 3219 3085 1288 1887 2545 961 1839 881 1367 1356 2355 3471 2743 3387 2059 2412
1059 1760 1650 1924 1707 1986 1394 1651 2241 1568 1437 1256 1991 1403 1359 1733 1137 1056 2658 1326 2219 1121 872 1843 1627 1265 1481 1334 1903 1869 1706 2125 360 1156 880 1812 2256 919 1458 444 1835 1291 1991 1665 1671 1402 828 870 1462 1177 1330 1477 1758 1453 1366 1553 2048 1686 731 1876 1899 1471 1928 1493 1075 1442 544 2002 1583 1167 1742 2118 904 1619 1446 1148 1609 1290 2611 1635 1384 993 1872 1424 1740 1193 1726 1915 1571 920 1639 1169 1750 1633 1582 1171 1808 1487 1468 1926 1434 884 1139 2356 1575 1045 1206 2603 1697 2135 2152 1260 2075 2082 977 1323 883 1637 1102 1752 1913 871 1399 1164 1544 1189 2259 1177 1439 1753 1754 2283 1681 1141 1585 1508 1843 1236 1133 593 2104 1181 2088 1691 1678
728 1996 2428 2697 2418 2748 1968 1936 2970 1487 878 1650 2385 630 2133 1258 1211 1120 3321 1989 2900 1832 1134 1702 955 762 1062 2097 2687 2628 2272 2308 1156 360 1205 2574 2076 1023 676 1076 2352 1975 1425 1448 2411 646 740 1543 933 1721 1808 2122 1413 678 2080 1951 1486 1447 795 1424 2611 1294 2067 2034 545 1484 1200 1586 920 1333 1243 1969 1594 1423 2242 1440 1444 862 3306 1306 1641 1423 2448 2203 2184 994 2496 2519 2200 597 860 944 1399 1377 1612 1963 1163 2185 1287 2715 1480 1634 1346 3079 1247 1458 1999 3287 2347 2700 2804 819 2811 2852 928 783 1155 2416 1738 1991 2701 1663 1132 1830 1559 897 2179 880 2108 2426 2483 2064 1153 1905 1946 2228 1855 1755 1523 1145 1531 1872 2805 2443 905
836 2274 1729 2242 2123 2004 1126 2169 2620 2007 1198 1776 2510 1473 1705 1377 645 1496 3088 1181 2645 1078 1346 2275 1425 1060 1141 1705 2192 1883 2201 2636 880 1205 360 1836 2686 1347 1411 896 1509 1182 1659 1197 1648 1492 1088 810 1196 1691 1849 1949 1332 1394 1797 1131 1709 2078 865 1490 2308 1872 2431 2000 1035 1910 714 2330 1754 1649 2019 2556 863 1148 1662 646 2023 1023 3016 1987 1893 578 1603 1522 2258 1556 2061 1676 2046 1013 1561 837 2099 2015 2053 1477 1556 1926 1011 2190 916 975 619 2740 1924 614 1394 3017 1519 1855 2598 1016 2451 2400 682 1549 1362 1954 1596 2266 2185 1217 997 1036 1027 889 2720 1496 1297 1607 1703 2701 1940 1220 2105 1925 2318 1752 1651 647 1767 1094 2005 2059 1739
2305 2680 561 1349 1645 534 1238 2551 1801 2831 2674 2216 2596 2838 1282 2816 2050 2397 2366 1053 2006 1119 2197 3090 2901 2531 2601 1359 1229 418 2096 3002 1812 2574 1836 360 3470 2300 2843 1897 1352 1029 3100 2517 568 2842 2280 1406 2671 1974 2124 1814 2706 2831 1579 1596 3143 3018 2141 2896 1713 2809 2908 2066 2446 2656 1734 3383 3035 2397 3168 3327 1352 2470 931 1796 2913 2499 2205 3013 2432 1661 1186 762 2363 2596 1319 1108 1883 2339 3011 2312 3125 2980 2763 1211 3029 1650 2385 1154 2123 1301 1904 1906 2960 1663 1016 2243 933 1308 2071 2492 1674 1443 2153 2774 2194 1227 1795 2671 1174 1401 2433 1166 2195 2365 3390 2608 967 840 584 3524 3117 1032 2411 1564 2971 2030 2177 1791 3201 1103 752 1436 3115
2423 1274 3271 2981 2519 3624 3285 1376 2958 1047 2574 1620 1684 1966 2610 2943 2831 1562 2973 3184 2724 2960 1745 773 2560 2478 2775 2534 3052 3528 2038 1195 2256 2076 2686 3470 360 1707 2208 2198 3729 3137 3040 3163 3403 1924 1972 2756 2632 1870 1748 2176 3124 2232 2348 3437 3095 991 2195 3106 2639 1177 1071 1904 2237 1191 2432 999 1676 1468 1299 503 2780 3136 2925 2973 1024 2578 3075 1133 1403 2861 3751 3078 1729 1501 2818 3781 2168 2117 2293 2635 1057 1060 1069 2621 2748 2348 2994 3129 3137 2710 2918 3010 1189 2912 2822 3021 3543 4012 2567 2535 2871 3080 2546 1660 1737 2819 2044 1280 3103 2456 2845 3032 3232 2599 598 1587 3286 3576 3500 453 1385 2894 1525 2443 874 1823 1653 2449 3125 3030 3828 2693 1953
1220 1369 2119 2173 1829 2470 1953 1293 2382 1022 1507 986 1727 1150 1637 1876 1527 509 2686 1880 2279 1667 493 1294 1617 1352 1646 1582 2188 2358 1619 1710 919 1023 1347 2300 1707 360 1321 853 2393 1841 2076 1958 2184 1128 699 1429 1554 1081 1149 1502 1984 1330 1508 2089 2136 1127 887 2040 2015 912 1483 1381 1085 928 1088 1454 1181 695 1230 1573 1461 1921 1843 1634 1051 1428 2687 1084 995 1514 2431 1899 1521 656 1973 2473 1570 900 1495 1406 1199 1074 1071 1529 1825 1594 1767 2235 1841 1419 1590 2483 1026 1565 1652 2663 2249 2694 2171 1385 2233 2319 1265 912 509 1915 1137 1363 2216 1266 1645 1720 1944 1391 1733 691 1990 2299 2274 1729 1187 1650 1287 1654 1336 1105 861 1101 2184 1731 2610 1894 1377
834 2253 2707 3010 2734 3016 2175 2206 3286 1692 766 1946 2665 602 2445 1103 1335 1400 3634 2226 3215 2089 1439 1870 714 765 986 2410 2997 2895 2578 2544 1458 676 1411 2843 2208 1321 360 1381 2525 2219 1199 1403 2671 644 1056 1800 822 2031 2110 2437 1309 386 2396 2100 1257 1601 1088 1261 2927 1489 2300 2340 757 1723 1479 1645 914 1610 1296 2118 1853 1392 2541 1599 1626 860 3621 1440 1916 1625 2641 2484 2476 1232 2809 2721 2513 900 544 1024 1510 1533 1839 2269 912 2501 1286 3023 1546 1909 1490 3395 1390 1651 2291 3602 2571 2883 3117 832 3127 3165 1095 932 1460 2727 2053 2250 3010 1969 1124 2072 1601 962 2342 1114 2344 2657 2736 2181 1203 2181 2229 2544 2062 2062 1823 1414 1293 2121 3049 2758 736
1009 1738 1735 1993 1760 2071 1462 1634 2300 1510 1380 1246 1992 1320 1428 1689 1133 995 2705 1403 2268 1202 822 1785 1563 1208 1438 1399 1976 1953 1731 2100 444 1076 896 1897 2198 853 1381 360 1900 1370 1941 1646 1755 1318 743 944 1408 1190 1335 1515 1728 1377 1418 1602 1999 1619 660 1837 1953 1404 1896 1511 1005 1393 595 1926 1498 1123 1661 2062 981 1601 1527 1174 1545 1240 2663 1561 1357 1033 1943 1509 1746 1118 1794 1989 1606 842 1564 1133 1677 1563 1535 1247 1749 1536 1448 2001 1438 967 1154 2414 1501 1084 1290 2653 1775 2205 2195 1207 2135 2151 945 1239 835 1708 1132 1730 1988 947 1368 1240 1548 1147 2209 1097 1517 1833 1837 2222 1599 1226 1576 1562 1797 1246 1118 619 2054 1260 2171 1754 1595
1931 3128 1424 2267 2428 1430 805 3003 2726 3042 2220 2607 3203 2617 1970 2213 1557 2532 3285 962 2883 1183 2344 3318 2443 2133 2067 2024 2160 1356 2756 3489 1835 2352 1509 1352 3729 2393 2525 1900 360 1025 2476 1824 1172 2638 2208 1334 2194 2420 2595 2456 2032 2505 2225 807 2503 3159 1997 2237 2552 2945 3329 2639 2176 2907 1666 3452 2903 2627 3156 3590 1315 1787 1679 1286 3085 2060 3144 3094 2788 1293 553 1394 2944 2651 2174 661 2548 2161 2650 1872 3209 3103 3042 1773 2503 2338 1766 2102 1452 1411 1396 2841 3032 1254 1533 3173 782 723 2911 2073 2578 2388 1796 2692 2352 2061 2257 3119 2115 1743 1878 1081 1474 1934 3718 2611 912 871 1127 3759 3081 1337 2893 2280 3294 2487 2515 1667 2556 1108 1210 2256 2875
1658 2480 967 1704 1790 1189 650 2353 2150 2458 2018 1963 2538 2245 1323 2147 1381 1966 2693 425 2271 537 1768 2732 2246 1882 1935 1371 1615 1071 2092 2836 1291 1975 1182 1029 3137 1841 2219 1370 1025 360 2431 1854 829 2255 1733 797 2011 1764 1937 1793 2039 2205 1564 1027 2474 2604 1557 2228 1931 2388 2688 1973 1828 2306 1161 2932 2481 2028 2671 2995 752 1806 1079 1128 2516 1843 2571 2564 2155 995 987 822 2279 2124 1576 1004 1886 1749 2378 1652 2679 2554 2434 1113 2366 1681 1717 1578 1464 787 1235 2270 2505 994 883 2592 768 1241 2282 1838 1991 1845 1504 2237 1772 1459 1596 2470 1584 1086 1764 507 1543 1708 3104 2108 509 822 880 3175 2608 672 2238 1630 2677 1830 1881 1197 2532 470 1190 1637 2521
1172 3061 3015 3521 3338 3258 2269 3001 3868 2528 934 2695 3443 1441 2967 644 1412 2183 4286 2411 3849 2362 2172 2710 846 1102 881 2953 3481 3141 3283 3369 1991 1425 1659 3100 3040 2076 1199 1941 2476 2431 360 1015 2899 1483 1751 2108 896 2728 2839 3092 808 1177 2997 2032 420 2440 1659 607 3530 2326 3126 3051 1356 2544 1918 2452 1726 2396 2110 2955 2161 1049 2959 1666 2465 1061 4242 2277 2704 1802 2641 2816 3231 2051 3332 2742 3180 1548 1111 1200 2342 2372 2667 2752 652 3117 1085 3484 1388 2273 1555 3985 2229 1797 2692 4233 2675 2833 3775 1094 3701 3680 1393 1770 2193 3232 2705 3057 3478 2466 1029 2295 1363 1167 3181 1934 2512 2779 2936 3007 2020 2518 3003 3139 2898 2772 2565 1836 473 2363 3196 3312 1470
989 2963 2458 3065 2961 2666 1655 2877 3455 2548 996 2513 3269 1611 2540 781 912 2097 3925 1824 3482 1818 2013 2781 1142 1049 776 2542 3006 2553 3011 3308 1665 1448 1197 2517 3163 1958 1403 1646 1824 1854 1015 360 2310 1650 1622 1607 942 2477 2619 2774 568 1376 2633 1384 1039 2532 1442 773 3145 2367 3080 2797 1288 2508 1533 2660 1943 2293 2310 3053 1654 410 2463 1094 2520 946 3853 2394 2582 1267 1994 2279 3029 2049 2890 2097 2870 1434 1433 912 2486 2463 2647 2309 1109 2760 558 2995 756 1788 1003 3576 2335 1246 2199 3855 2051 2179 3433 989 3286 3222 1069 1870 2033 2780 2407 2957 2993 2055 680 1732 710 933 3256 1946 1914 2158 2336 3152 2218 1999 2842 2762 2904 2532 2381 1454 1091 1804 2573 2894 1772
2121 2650 619 1472 1707 719 1029 2521 1931 2747 2485 2165 2610 2678 1296 2615 1851 2291 2495 849 2113 941 2089 3013 2713 2346 2404 1367 1359 603 2120 2986 1671 2411 1648 568 3403 2184 2671 1755 1172 829 2899 2310 360 2685 2134 1231 2480 1932 2092 1827 2500 2657 1588 1389 2941 2921 1982 2692 1800 2709 2874 2062 2275 2578 1575 3276 2890 2311 3044 3259 1178 2263 951 1593 2822 2310 2345 2905 2375 1465 1022 698 2366 2478 1408 961 1905 2179 2834 2120 3019 2879 2693 1173 2835 1675 2181 1295 1916 1149 1703 2042 2850 1463 944 2378 749 1185 2162 2304 1792 1584 1968 2634 2088 1303 1752 2641 1310 1309 2233 972 1987 2176 3337 2480 758 675 459 3451 2988 894 2387 1598 2913 1992 2111 1626 2999 913 788 1510 2955
986 1998 2689 2900 2587 3017 2254 1960 3141 1416 1024 1733 2426 402 2344 1382 1484 1177 3454 2272 3046 2108 1257 1586 998 969 1239 2300 2900 2897 2382 2275 1402 646 1492 2842 1924 1128 644 1318 2638 2255 1483 1650 2685 360 944 1821 1082 1849 1907 2269 1577 668 2257 2234 1541 1316 1062 1543 2777 1212 2030 2143 824 1461 1470 1374 656 1378 1023 1833 1870 1633 2483 1723 1345 1074 3455 1155 1678 1710 2735 2463 2251 979 2698 2806 2338 866 767 1198 1227 1249 1569 2191 1194 2352 1511 2935 1737 1901 1626 3245 1105 1745 2249 3431 2632 2987 2939 1036 2988 3052 1208 656 1276 2627 1896 1994 2920 1896 1350 2111 1807 1143 2057 864 2390 2709 2759 1898 930 2170 1995 2405 1785 1871 1618 1421 1575 2151 3084 2634 636
881 1709 2118 2325 2038 2454 1786 1631 2590 1309 1178 1304 2057 950 1764 1541 1221 834 2944 1759 2521 1572 780 1566 1309 1018 1307 1724 2320 2336 1904 2047 828 740 1088 2280 1972 699 1056 743 2208 1733 1751 1622 2134 944 360 1297 1223 1349 1449 1744 1645 1058 1700 1858 1812 1353 584 1704 2230 1154 1817 1668 754 1248 932 1606 1116 1034 1310 1846 1341 1586 1899 1369 1308 1090 2926 1259 1333 1285 2274 1892 1840 832 2123 2330 1823 564 1239 1070 1371 1289 1389 1606 1513 1805 1433 2353 1531 1345 1307 2699 1196 1331 1669 2908 2130 2534 2427 1047 2432 2479 943 863 802 2047 1358 1703 2338 1312 1307 1595 1630 1053 2027 767 1876 2195 2215 1980 1240 1608 1618 1849 1651 1387 1173 907 1862 1624 2546 2066 1219
1262 2179 1285 1818 1760 1577 889 2059 2220 2069 1638 1657 2319 1811 1310 1826 1070 1563 2717 822 2277 649 1372 2345 1862 1489 1591 1326 1759 1457 1934 2544 870 1543 810 1406 2756 1429 1800 944 1334 797 2108 1607 1231 1821 1297 360 1641 1500 1674 1652 1763 1787 1461 1116 2157 2197 1121 1932 1933 1981 2370 1768 1404 1932 724 2510 2043 1653 2240 2616 414 1557 1219 896 2116 1465 2628 2145 1824 705 1361 1073 2058 1702 1647 1405 1751 1314 1965 1284 2260 2143 2067 1075 2002 1590 1436 1750 1259 543 965 2341 2085 739 953 2635 1193 1624 2251 1453 2052 1974 1113 1800 1379 1535 1360 2170 1747 876 1443 658 1362 1333 2744 1679 939 1258 1299 2787 2174 770 1963 1569 2321 1567 1554 760 2216 690 1622 1664 2088
644 2554 2565 3010 2808 2838 1902 2486 3343 2060 418 2167 2920 1042 2450 685 1011 1672 3752 2003 3316 1915 1643 2270 609 566 525 2431 2976 2718 2748 2876 1462 933 1196 2671 2632 1554 822 1408 2194 2011 896 942 2480 1082 1223 1641 360 2192 2306 2557 854 795 2466 1750 955 2009 1123 852 3001 1866 2637 2516 829 2054 1406 2096 1370 1882 1745 2532 1695 934 2470 1290 2014 538 3712 1858 2188 1378 2333 2354 2702 1567 2817 2424 2644 1018 861 719 1941 1939 2184 2242 722 2585 845 2986 1138 1790 1173 3459 1803 1387 2205 3702 2311 2557 3240 562 3177 3169 892 1332 1665 2720 2169 2549 2978 1950 692 1867 1173 667 2746 1454 2114 2408 2530 2612 1653 2050 2480 2610 2428 2237 2035 1325 1009 1929 2819 2790 1190
1811 1082 1773 1542 1136 2122 1987 953 1679 1291 2154 610 1185 1871 1102 2496 1954 1058 1966 1823 1559 1597 953 1518 2299 1986 2248 1027 1588 2031 915 1433 1177 1721 1691 1974 1870 1081 2031 1190 2420 1764 2728 2477 1932 1849 1349 1500 2192 360 534 788 2554 2037 864 2257 2788 1520 1434 2650 1313 1347 1302 684 1737 1104 1337 1914 1875 920 1816 1728 1498 2431 1418 1938 1399 2038 1968 1580 827 1760 2390 1596 928 1298 1355 2394 849 1545 2210 1956 1672 1505 1179 1124 2502 911 2279 1654 2247 1376 1947 1774 1545 1810 1348 1942 2141 2637 1450 2000 1541 1671 1773 1617 933 1332 540 1072 1630 1038 2195 1700 2358 1963 1776 1382 1901 2151 2031 1931 1805 1472 833 991 1361 427 631 1405 2840 1673 2347 1248 2094
1935 918 1923 1612 1173 2266 2162 788 1690 1222 2265 547 1021 1933 1228 2616 2106 1093 1916 1997 1534 1772 1034 1422 2396 2100 2372 1150 1672 2180 835 1262 1330 1808 1849 2124 1748 1149 2110 1335 2595 1937 2839 2619 2092 1907 1449 1674 2306 534 360 813 2687 2118 960 2430 2899 1461 1559 2774 1331 1312 1144 600 1843 1037 1497 1856 1901 917 1797 1610 1673 2575 1560 2102 1339 2159 1939 1544 729 1927 2563 1754 770 1322 1437 2565 841 1650 2284 2089 1626 1457 1085 1279 2602 972 2421 1746 2404 1551 2107 1774 1518 1978 1510 1907 2311 2808 1408 2119 1566 1729 1912 1655 1012 1432 704 909 1720 1212 2330 1875 2515 2092 1636 1419 2074 2318 2191 1815 1797 1643 660 1063 1234 467 649 1562 2950 1847 2502 1319 2138
2162 1287 1617 1166 720 1934 2058 1168 1252 1675 2523 991 1143 2290 893 2845 2230 1487 1560 1857 1138 1654 1372 1870 2685 2352 2593 820 1236 1866 660 1567 1477 2122 1949 1814 2176 1502 2437 1515 2456 1793 3092 2774 1827 2269 1744 1652 2557 788 813 360 2875 2441 599 2383 3151 1914 1793 2992 886 1758 1518 636 2118 1490 1601 2309 2304 1342 2236 2042 1632 2726 1246 2157 1792 2393 1546 1991 1182 1966 2387 1494 910 1727 1004 2368 458 1929 2618 2286 2077 1907 1537 1045 2883 537 2579 1316 2498 1488 2191 1345 1961 2011 1290 1525 2113 2611 1044 2358 1117 1276 2094 2044 1353 1021 748 1279 1289 1136 2516 1772 2608 2303 2041 1810 1907 2097 1925 2249 2229 1480 1017 634 1663 787 1053 1680 3205 1725 2205 877 2519
1004 2994 2638 3214 3083 2858 1852 2915 3590 2536 912 2567 3326 1536 2677 601 1054 2115 4045 2012 3602 1991 2054 2755 1005 1013 710 2673 3160 2744 3099 3328 1758 1413 1332 2706 3124 1984 1309 1728 2032 2039 808 568 2500 1577 1645 1763 854 2554 2687 2875 360 1282 2749 1592 830 2498 1490 564 3271 2347 3094 2877 1276 2514 1645 2590 1862 2319 2239 3021 1813 606 2623 1272 2497 922 3982 2350 2617 1432 2202 2452 3094 2038 3033 2304 2969 1445 1307 958 2435 2428 2649 2450 932 2875 687 3154 956 1940 1171 3710 2294 1417 2357 3980 2252 2388 3545 966 3422 3371 1142 1823 2074 2926 2499 2988 3151 2183 719 1912 918 957 3232 1929 2106 2358 2530 3106 2147 2164 2892 2883 2900 2606 2435 1563 883 1982 2774 3029 1662
813 2269 2696 3007 2736 3004 2157 2220 3287 1712 739 1955 2678 626 2443 1077 1312 1412 3639 2210 3218 2076 1447 1892 691 741 959 2408 2993 2883 2586 2562 1453 678 1394 2831 2232 1330 386 1377 2505 2205 1177 1376 2657 668 1058 1787 795 2037 2118 2441 1282 360 2397 2078 1236 1623 1082 1236 2928 1509 2318 2347 747 1740 1470 1671 940 1622 1321 2141 1840 1365 2534 1578 1647 835 3624 1463 1929 1607 2622 2473 2486 1248 2807 2702 2518 896 546 1001 1535 1556 1857 2264 892 2503 1260 3018 1521 1899 1469 3396 1413 1632 2283 3605 2554 2863 3122 807 3128 3163 1077 953 1468 2724 2056 2265 3005 1964 1098 2057 1575 939 2365 1130 2328 2640 2722 2205 1229 2170 2241 2545 2082 2069 1832 1404 1273 2107 3034 2757 762
2065 1488 1380 1041 702 1704 1836 1362 1250 1796 2438 1107 1382 2273 656 2739 2082 1524 1656 1629 1214 1433 1375 2015 2616 2266 2486 581 1083 1631 897 1789 1366 2080 1797 1579 2348 1508 2396 1418 2225 1564 2997 2633 1588 2257 1700 1461 2466 864 960 599 2749 2397 360 2172 3054 2025 1712 2879 895 1848 1719 849 2050 1608 1463 2419 2328 1416 2307 2210 1435 2584 1009 1982 1904 2296 1605 2080 1320 1789 2151 1254 1143 1765 850 2130 684 1868 2580 2171 2175 2008 1676 812 2806 489 2441 1151 2334 1288 2027 1360 2043 1831 1054 1596 1876 2373 1161 2265 1092 1177 1977 2060 1359 832 736 1479 1126 950 2393 1553 2441 2195 2230 1833 1674 1857 1685 2415 2289 1252 1215 508 1834 894 1131 1545 3110 1502 1969 750 2519
1507 2927 1599 2372 2432 1718 741 2810 2817 2751 1779 2407 3074 2210 1964 1767 1125 2236 3355 969 2928 1108 2064 3024 2000 1701 1621 2001 2281 1619 2674 3294 1553 1951 1131 1596 3437 2089 2100 1602 807 1027 2032 1384 1389 2234 1858 1116 1750 2257 2430 2383 1592 2078 2172 360 2061 2840 1637 1796 2585 2631 3111 2519 1770 2635 1371 3102 2510 2361 2790 3302 1121 1345 1746 870 2778 1623 3237 2757 2564 936 970 1487 2813 2321 2240 1073 2480 1780 2216 1439 2869 2779 2776 1738 2055 2296 1319 2242 1005 1257 971 2937 2694 887 1532 3256 1058 1170 2928 1639 2656 2512 1385 2318 2075 2123 2114 2919 2249 1614 1432 986 1034 1502 3452 2266 1007 1167 1386 3457 2710 1306 2718 2258 3037 2324 2299 1348 2114 1048 1572 2294 2459
