140 828 1552 2353 2265 2752 2120 839 2431 1834 1760 2630 2378 697 2418 497 771 992 531 776 1836 1367 1987 2251 558 1407 1751 2171 1913 1529 2922 1933 1884 1743 2145 523 2199 1653 2511 2489 1701 437 1288 765 2187 2095 2504 1819 2123 666 2725 2774 831 950 2599 1327 910 1784 2510 2273 1933 2201 612 594 2207 1100 2702 1202 1905 2216 2279 536 2486 1768 1552 2154 2099 1604 388 1490 3013 1653 2290 1660 1334 1451 2526 1222 1183 3132 1791 894 1328 2533 1198 2747 1880 2150 925 1476 2036 569 2701 2826 3161 899 2341 1385 1824 2557 2386 1124 890 2287 1984 1701 1623 2487 2378 2393 658 1235 750 981 2458 2143 547 762 744 2496 997 657
928 360 1545 2032 2109 2351 1691 846 2019 1881 1330 2172 2097 1001 1985 1286 1559 1019 716 1414 1733 1544 1755 2192 1125 939 1724 1739 1658 1081 2454 1601 1907 1419 2142 1305 2230 1498 2093 2354 1392 820 888 885 1752 1759 2041 1355 1841 919 2256 2368 1502 671 2133 1443 1455 1317 2055 1860 1468 1738 1128 1143 2187 981 2237 1091 1887 1814 2133 883 2144 1322 1533 1842 2105 1536 1032 1596 2549 1712 1999 1220 891 1144 2192 1296 1542 2677 1338 1342 1267 2080 1358 2285 1786 2067 1712 1010 2070 1172 2284 2357 2695 1352 1908 1624 1700 2098 2158 1157 427 1886 1575 1327 1170 2056 2115 2239 530 769 636 679 2041 1729 783 1298 1219 2198 1039 988
1652 1545 360 1487 1122 3136 2471 2010 1847 3067 2182 2280 1414 1221 1935 1871 2102 936 1730 2289 2899 2707 1015 3361 2053 1627 559 1749 2745 1936 2703 1234 3092 1125 3324 1826 3414 2654 2852 1317 1069 1765 1931 2018 2494 1341 2544 1764 1219 1247 2625 3137 1628 1852 2366 649 1389 1794 2642 1729 1860 2015 2093 1420 3365 924 2683 2275 3069 1643 1126 1377 3080 1587 2718 2851 3287 491 1887 2776 2968 2898 1365 1508 1839 1041 3139 695 2632 3175 2084 2370 640 2155 771 2432 716 962 2222 1619 3255 2074 3021 2682 3084 2377 2633 2771 709 2639 3235 792 1519 2722 1523 2311 1569 2766 1377 3367 1563 1656 1795 1853 2809 1642 1397 2261 1302 3199 2212 1261
2453 2032 1487 360 1010 2660 2136 2491 881 3340 2024 1392 546 2123 1038 2760 3030 1791 2364 3052 3043 3142 832 3472 2769 1660 1401 1025 2729 1897 1829 791 3337 976 3506 2739 3622 2801 2401 1159 1013 2448 2081 2550 2115 635 1918 1426 629 2102 1862 2644 2663 2233 1555 1755 2450 1497 2068 874 1435 1383 2785 2365 3522 1632 1973 2588 3274 815 1049 2205 2789 1276 2991 2697 3484 1358 2638 3146 2181 3208 502 1309 1941 1266 2852 1723 3204 2424 1863 3014 1509 1279 1847 1535 1214 1240 3172 1592 3486 2809 2516 1871 2257 3025 2197 3246 1158 2024 3132 1720 1970 2382 958 2252 1404 2283 624 3351 2155 1829 2301 2214 2376 908 2168 2960 2296 2977 2652 2154
2365 2109 1122 1010 360 3209 2617 2595 1522 3579 2424 2031 842 1954 1668 2614 2856 1633 2376 3000 3340 3291 766 3794 2742 1940 949 1592 3093 2234 2472 1110 3590 1179 3793 2575 3899 3090 2936 609 1167 2433 2337 2627 2614 1076 2500 1863 854 1964 2482 3198 2391 2380 2180 1409 2150 1921 2636 1479 1913 1944 2774 2170 3822 1541 2581 2787 3546 1401 400 2090 3272 1679 3222 3121 3764 1033 2586 3330 2812 3425 871 1659 2212 1357 3335 1447 3275 3049 2282 3038 1298 1913 1534 2178 765 616 2981 1895 3749 2771 3072 2502 2896 3046 2720 3374 802 2605 3544 1511 2062 2874 1435 2618 1752 2826 768 3729 2180 2055 2383 2370 2903 1464 2087 2948 2061 3436 2784 1993
2852 2351 3136 2660 3209 360 1040 2332 2187 2176 1387 1766 2841 2975 2022 3191 3423 2860 2581 3059 1793 2421 2824 1920 2840 1915 3221 1997 1398 1649 1527 2465 2117 2451 2080 3232 2200 1737 643 3421 2490 2681 1832 2432 1003 2498 1120 1745 2718 2896 1303 403 3490 2161 1566 3206 3441 1706 959 2148 1669 1638 2797 3135 2039 2712 1157 2038 2008 2206 3249 2874 804 1931 2035 1103 2097 3043 2859 2290 1213 2193 2758 1994 1824 2454 829 3067 2728 1090 1431 2793 2906 1827 3182 1699 3144 3346 3565 1898 2168 2891 510 1380 1313 2803 863 2547 3038 1020 1318 2944 2313 825 2133 1412 1927 742 2913 1603 2499 1984 2362 2131 687 2122 2775 2880 3204 1010 2281 2970
2220 1691 2471 2136 2617 1040 360 1749 1737 1927 721 1463 2304 2303 1588 2568 2817 2180 1952 2503 1541 2014 2218 1857 2257 1235 2567 1480 1120 975 1457 1868 1890 1823 1957 2603 2085 1377 766 2845 1855 2058 1191 1851 441 1931 905 1116 2142 2225 1193 1049 2833 1538 1293 2529 2772 1063 817 1652 1069 1148 2222 2473 1945 2033 1092 1520 1793 1688 2656 2211 1016 1302 1674 961 1955 2384 2250 1920 1358 1878 2210 1346 1159 1792 1080 2389 2270 1408 752 2270 2233 1467 2503 1472 2506 2728 2964 1221 1995 2309 954 1308 1506 2282 582 2145 2400 895 1388 2265 1648 618 1558 839 1269 727 2368 1645 1847 1309 1739 1506 715 1589 2113 2331 2535 1201 1745 2300
939 846 2010 2491 2595 2332 1749 360 2415 1438 1410 2482 2569 1312 2356 1239 1453 1452 707 1117 1372 1060 2238 1807 869 1266 2196 2119 1437 1239 2694 2062 1475 1887 1726 1291 1799 1176 2114 2840 1866 765 955 461 1825 2216 2209 1672 2315 1239 2464 2359 1629 636 2404 1871 1676 1616 2181 2260 1768 2037 832 1341 1780 1453 2412 724 1475 2227 2620 1139 2031 1696 1113 1691 1684 2013 897 1127 2712 1261 2468 1610 1061 1624 2066 1731 1073 2795 1491 932 1736 2408 1767 2573 2268 2550 1592 1345 1636 921 2300 2574 2862 944 1971 1138 2184 2242 1907 1598 896 1877 1988 1288 1537 2111 2591 1922 811 1067 575 664 2061 2133 1058 952 1469 2024 563 1283
2531 2019 1847 881 1522 2187 1737 2415 360 3112 1712 871 1067 2290 525 2869 3148 1985 2374 3074 2776 2997 1249 3171 2785 1513 1813 665 2414 1661 1309 976 3097 1130 3233 2862 3356 2548 1943 1681 1188 2473 1903 2492 1700 873 1430 1150 1059 2249 1345 2167 2870 2141 1037 2074 2688 1221 1588 519 1104 948 2787 2534 3238 1804 1463 2427 3020 583 1562 2327 2368 1080 2781 2329 3218 1717 2680 2971 1660 3003 1012 1167 1765 1385 2430 2003 3120 1904 1546 2977 1778 758 2138 1015 1650 1734 3298 1434 3235 2831 2039 1350 1736 2988 1755 3113 1570 1534 2762 1958 1952 1963 807 1957 1239 1821 1145 3005 2171 1709 2258 2115 1926 649 2266 2953 2498 2572 2542 2314
1934 1881 3067 3340 3579 2176 1927 1438 3112 360 1780 2986 3457 2386 3001 2133 2230 2525 1773 1731 753 859 3191 839 1693 2042 3245 2809 1181 1817 3025 2941 433 2796 682 2202 724 929 2097 3828 2791 1798 1622 1464 2004 3073 2472 2324 3222 2315 2760 2216 2602 1578 2839 2947 2704 2252 2363 2979 2370 2584 1629 2379 754 2503 2651 1157 534 2976 3608 2207 1739 2435 716 1446 633 3054 1828 709 2879 541 3354 2391 1759 2581 1733 2805 1183 2853 1940 1425 2788 2958 2845 3021 3293 3571 2319 2108 562 1720 2229 2874 3018 1429 2083 917 3200 2448 1307 2669 1911 1872 2761 1534 2296 2167 3496 1127 1886 1892 1644 1580 2058 2870 2134 1579 2520 1586 1237 2354
1860 1330 2182 2024 2424 1387 721 1410 1712 1780 360 1572 2173 1948 1589 2210 2462 1844 1594 2167 1426 1767 2017 1822 1912 917 2298 1418 1068 624 1684 1690 1757 1606 1880 2243 2004 1210 1123 2663 1628 1700 834 1511 786 1784 1167 957 1977 1869 1436 1401 2472 1184 1443 2212 2415 887 1130 1594 970 1164 1881 2113 1886 1708 1369 1227 1674 1607 2461 1851 1258 1118 1474 1057 1867 2108 1896 1699 1664 1693 2073 1124 799 1518 1317 2068 1986 1747 526 1952 1929 1538 2175 1624 2260 2502 2610 924 1888 1964 1313 1550 1814 1964 941 1895 2154 1192 1482 1938 1288 929 1425 607 1032 1088 2228 1687 1485 957 1382 1151 1071 1501 1753 1999 2178 1386 1432 1943
2730 2172 2280 1392 2031 1766 1463 2482 871 2986 1572 360 1578 2576 725 3082 3361 2306 2524 3203 2616 2965 1733 2959 2919 1600 2275 896 2212 1625 801 1414 2957 1521 3051 3089 3178 2417 1558 2192 1578 2630 1905 2572 1404 1351 1015 1180 1557 2520 854 1739 3166 2209 559 2475 3012 1228 1179 928 1075 804 2908 2809 3044 2122 988 2403 2868 1014 2071 2574 2022 1228 2687 2061 3045 2155 2843 2908 1152 2906 1523 1338 1782 1713 2081 2381 3147 1397 1423 3054 2162 485 2517 512 2127 2236 3514 1524 3078 2969 1615 842 1225 3066 1408 3090 2039 1108 2476 2311 2106 1641 1125 1814 1366 1434 1656 2743 2339 1793 2365 2178 1554 998 2497 3060 2801 2243 2568 2593
2478 2097 1414 546 842 2841 2304 2569 1067 3457 2173 1578 360 2120 1224 2771 3035 1785 2416 3091 3174 3236 773 3610 2814 1775 1300 1204 2874 2030 2013 877 3458 1041 3635 2744 3750 2928 2579 974 1065 2493 2195 2621 2287 750 2103 1579 617 2108 2049 2826 2636 2320 1741 1695 2413 1647 2251 1058 1598 1563 2834 2359 3655 1642 2160 2692 3399 995 878 2219 2959 1418 3105 2855 3612 1291 2674 3249 2368 3320 463 1436 2058 1315 3023 1682 3278 2610 2016 3074 1480 1465 1798 1719 1105 1085 3173 1712 3610 2851 2698 2057 2442 3084 2373 3335 1069 2209 3289 1698 2039 2553 1112 2395 1533 2463 438 3501 2208 1932 2371 2303 2553 1082 2191 3010 2277 3143 2739 2155
797 1001 1221 2123 1954 2975 2303 1312 2290 2386 1948 2576 2120 360 2309 1020 1275 695 972 1430 2312 1958 1713 2758 1210 1463 1420 2068 2289 1687 2924 1728 2426 1542 2679 986 2749 2095 2709 2170 1491 963 1527 1282 2356 1885 2585 1818 1873 441 2763 2989 950 1277 2585 990 830 1804 2626 2137 1937 2183 1258 605 2733 854 2769 1653 2427 2068 1965 541 2785 1714 2066 2483 2636 1283 1039 2058 3081 2206 2040 1604 1512 1265 2833 887 1820 3236 1927 1540 1019 2465 863 2709 1559 1822 1412 1510 2585 1225 2898 2852 3221 1546 2512 1997 1512 2657 2786 803 1027 2513 1856 1967 1599 2660 2109 2846 898 1353 1129 1296 2657 2013 614 1417 596 2839 1510 400
2518 1985 1935 1038 1668 2022 1588 2356 525 3001 1589 725 1224 2309 360 2862 3142 2018 2342 3038 2656 2911 1369 3041 2749 1450 1918 607 2283 1564 1166 1061 2983 1189 3109 2861 3233 2434 1781 1836 1247 2444 1820 2438 1547 987 1265 1058 1191 2262 1184 2002 2896 2080 877 2145 2725 1125 1423 567 993 801 2747 2550 3112 1834 1299 2340 2903 654 1709 2331 2211 1025 2677 2185 3097 1807 2654 2877 1505 2900 1163 1124 1684 1416 2273 2062 3052 1746 1425 2924 1840 604 2198 875 1765 1870 3294 1370 3117 2797 1874 1195 1587 2935 1596 3030 1679 1369 2616 2005 1918 1809 815 1836 1183 1659 1302 2864 2144 1649 2210 2052 1765 663 2263 2909 2526 2418 2471 2331
597 1286 1871 2760 2614 3191 2568 1239 2869 2133 2210 3082 2771 1020 2862 360 639 1351 975 858 2191 1641 2368 2578 801 1864 2067 2615 2315 1983 3379 2349 2190 2159 2453 432 2491 2032 2955 2826 2113 871 1737 1150 2637 2509 2961 2274 2519 1023 3182 3214 846 1392 3055 1614 1021 2240 2964 2711 2389 2656 864 814 2520 1489 3159 1591 2226 2650 2624 914 2908 2218 1889 2570 2405 1942 703 1784 3470 1955 2687 2109 1788 1869 2945 1536 1389 3587 2246 1096 1680 2984 1480 3202 2216 2473 792 1932 2333 773 3145 3284 3618 1096 2790 1629 2172 3013 2771 1463 1347 2728 2422 2139 2076 2936 2764 2753 1115 1693 1191 1423 2902 2582 963 938 953 2903 1363 983
871 1559 2102 3030 2856 3423 2817 1453 3148 2230 2462 3361 3035 1275 3142 639 360 1610 1232 864 2340 1731 2629 2694 957 2138 2295 2895 2509 2244 3653 2623 2293 2433 2553 651 2576 2207 3197 3060 2386 1124 1988 1356 2887 2782 3226 2550 2786 1288 3452 3449 927 1638 3331 1832 1158 2515 3223 2990 2665 2933 1012 1046 2624 1757 3425 1784 2343 2929 2864 1188 3120 2497 2028 2777 2504 2183 926 1885 3735 2060 2953 2389 2049 2145 3154 1770 1431 3845 2507 1165 1931 3263 1699 3479 2454 2702 513 2208 2424 912 3385 3555 3883 1161 3039 1692 2417 3274 2945 1712 1622 2964 2702 2374 2354 3183 3025 2899 1388 1963 1439 1670 3143 2861 1242 1012 1162 3098 1544 1240
1092 1019 936 1791 1633 2860 2180 1452 1985 2525 1844 2306 1785 695 2018 1351 1610 360 1156 1728 2392 2142 1379 2851 1481 1306 1132 1784 2298 1580 2679 1405 2555 1223 2796 1320 2879 2156 2583 1857 1170 1189 1489 1451 2222 1558 2391 1599 1539 691 2540 2869 1247 1330 2336 784 1067 1599 2452 1835 1715 1940 1519 935 2843 544 2563 1746 2541 1762 1647 816 2723 1468 2184 2451 2757 973 1318 2219 2870 2350 1706 1361 1434 962 2777 640 2056 3043 1789 1795 695 2190 704 2446 1248 1522 1747 1334 2718 1506 2767 2621 3004 1802 2374 2200 1191 2471 2797 506 1011 2411 1562 1913 1377 2519 1775 2894 1001 1254 1241 1338 2534 1716 823 1690 875 2807 1655 729
631 716 1730 2364 2376 2581 1952 707 2374 1773 1594 2524 2416 972 2342 975 1232 1156 360 1059 1719 1353 2051 2155 771 1285 1924 2096 1756 1371 2791 1934 1814 1748 2069 1011 2137 1517 2341 2614 1715 469 1121 669 2021 2094 2353 1704 2158 903 2583 2603 1301 779 2477 1560 1331 1662 2351 2215 1815 2086 780 996 2125 1198 2553 1065 1819 2168 2396 794 2318 1679 1458 1989 2025 1752 680 1446 2863 1593 2320 1577 1176 1462 2359 1428 1265 2973 1634 1023 1469 2434 1447 2633 2020 2300 1384 1359 1973 816 2532 2688 3011 1033 2174 1404 1946 2401 2239 1303 784 2117 1930 1530 1526 2320 2427 2266 569 1099 579 810 2288 2085 722 955 1121 2334 899 941
876 1414 2289 3052 3000 3059 2503 1117 3074 1731 2167 3203 3091 1430 3038 858 864 1728 1059 360 1870 1232 2709 2200 649 1964 2488 2793 2087 1989 3441 2624 1796 2435 2054 930 2073 1764 2856 3226 2398 966 1709 1016 2579 2785 2966 2384 2834 1402 3217 3088 1338 1367 3142 2056 1519 2335 2938 2915 2489 2761 655 1276 2125 1826 3169 1382 1851 2867 3015 1273 2719 2373 1554 2370 2004 2341 777 1390 3470 1565 2999 2274 1803 2145 2745 1957 927 3550 2246 670 2063 3119 1925 3305 2617 2887 948 2042 1923 604 3039 3326 3620 664 2723 1188 2559 2999 2491 1861 1481 2615 2629 2034 2218 2861 3096 2422 1266 1769 1198 1400 2804 2784 1273 540 1426 2671 1137 1389
1936 1733 2899 3043 3340 1793 1541 1372 2776 753 1426 2616 3174 2312 2656 2191 2340 2392 1719 1870 360 1051 2941 822 1756 1767 3063 2477 788 1506 2636 2663 709 2535 822 2254 941 610 1704 3588 2537 1772 1362 1431 1616 2784 2084 1998 2950 2235 2371 1832 2626 1421 2463 2816 2688 1926 1971 2651 2031 2229 1695 2353 843 2339 2259 1019 612 2656 3372 2145 1364 2128 676 1055 803 2868 1858 895 2486 766 3070 2097 1488 2349 1365 2669 1393 2461 1591 1562 2619 2595 2729 2644 3087 3359 2451 1824 822 1794 1839 2485 2624 1570 1691 1161 2988 2057 995 2529 1747 1478 2452 1179 2001 1773 3219 921 1780 1647 1543 1414 1665 2549 2058 1697 2480 1235 1198 2286
1467 1544 2707 3142 3291 2421 2014 1060 2997 859 1767 2965 3236 1958 2911 1641 1731 2142 1353 1232 1051 360 2925 1329 1205 1857 2895 2692 1383 1711 3086 2722 923 2557 1182 1712 1210 1043 2280 3537 2541 1355 1454 1051 2095 2868 2549 2213 2987 1894 2830 2457 2117 1278 2848 2552 2235 2146 2471 2851 2285 2533 1141 1920 1253 2152 2744 931 983 2831 3316 1776 2018 2284 751 1681 1132 2713 1351 523 3010 694 3134 2217 1593 2307 2029 2418 704 3030 1904 925 2435 2914 2441 3028 2968 3250 1820 1933 1055 1228 2440 2946 3157 930 2209 490 2884 2549 1687 2288 1589 2036 2600 1549 2131 2321 3264 1573 1504 1675 1276 1293 2233 2730 1714 1080 2066 1917 866 1923
2087 1755 1015 832 766 2824 2218 2238 1249 3191 2017 1733 773 1713 1369 2368 2629 1379 2051 2709 2941 2925 360 3393 2438 1537 935 1243 2687 1828 2173 720 3200 773 3397 2339 3505 2692 2547 1010 764 2120 1941 2280 2218 741 2136 1462 566 1705 2148 2816 2222 2008 1858 1288 2000 1518 2264 1164 1519 1578 2463 1949 3424 1246 2235 2405 3152 1079 803 1821 2871 1277 2835 2715 3369 887 2291 2954 2487 3042 711 1253 1813 977 2934 1269 2935 2716 1877 2714 1067 1609 1387 1884 760 885 2765 1490 3357 2472 2691 2183 2584 2724 2330 3014 690 2240 3138 1286 1702 2476 1057 2212 1345 2441 756 3323 1847 1661 2031 1995 2513 1117 1800 2639 1864 3032 2420 1749
2351 2192 3361 3472 3794 1920 1857 1807 3171 839 1822 2959 3610 2758 3041 2578 2694 2851 2155 2200 822 1329 3393 360 2137 2216 3525 2880 1118 1939 2918 3104 769 2983 554 2645 648 1069 1913 4041 2988 2197 1819 1855 1922 3219 2374 2413 3392 2682 2653 1963 3034 1880 2790 3275 3114 2341 2239 3056 2432 2604 2073 2782 488 2801 2527 1469 711 3068 3826 2586 1476 2555 1059 1276 595 3330 2258 1170 2710 995 3507 2534 1941 2806 1451 3129 1662 2639 1988 1891 3081 2954 3186 2968 3547 3818 2789 2268 690 2168 2005 2762 2835 1897 1960 1397 3448 2327 967 2989 2208 1725 2876 1583 2437 2008 3658 705 2232 2104 1992 1874 1885 2962 2503 2042 2915 1276 1620 2730
658 1125 2053 2769 2742 2840 2257 869 2785 1693 1912 2919 2814 1210 2749 801 957 1481 771 649 1756 1205 2438 2137 360 1678 2251 2504 1911 1719 3166 2341 1750 2153 2012 869 2053 1611 2624 2974 2117 681 1444 769 2331 2501 2702 2099 2556 1168 2946 2867 1272 1096 2862 1840 1401 2052 2682 2626 2205 2477 424 1106 2079 1562 2904 1186 1785 2579 2759 1038 2526 2084 1451 2180 1964 2094 530 1344 3208 1515 2720 1985 1530 1864 2557 1728 988 3299 1979 696 1813 2833 1713 3022 2368 2643 1089 1755 1894 412 2810 3054 3358 700 2479 1205 2304 2740 2350 1620 1192 2386 2340 1798 1930 2620 2821 2318 978 1485 916 1129 2571 2495 1018 568 1258 2501 946 1170
1507 939 1627 1660 1940 1915 1235 1266 1513 2042 917 1600 1775 1463 1450 1864 2138 1306 1285 1964 1767 1857 1537 2216 1678 360 1750 1213 1518 671 1875 1259 2043 1127 2227 1879 2338 1519 1637 2187 1133 1393 781 1348 1276 1390 1485 780 1543 1390 1684 1923 2030 989 1554 1657 1933 738 1523 1361 889 1161 1669 1663 2251 1158 1675 1293 1986 1335 1973 1406 1815 792 1691 1589 2201 1558 1605 1849 1988 1908 1671 719 643 977 1873 1515 1967 2134 843 1834 1372 1515 1627 1708 1729 1985 2292 439 2196 1728 1821 1782 2131 1845 1428 1968 1625 1554 1990 1389 876 1474 1102 1055 635 1573 1815 2154 1109 558 1127 962 1588 1236 1314 1826 1699 1933 1390 1467
1851 1724 559 1401 949 3221 2567 2196 1813 3245 2298 2275 1300 1420 1918 2067 2295 1132 1924 2488 3063 2895 935 3525 2251 1750 360 1755 2890 2062 2708 1221 3267 1152 3494 2021 3588 2816 2937 1127 1104 1961 2081 2208 2585 1299 2595 1837 1141 1446 2652 3219 1808 2027 2378 826 1564 1875 2703 1711 1924 2051 2291 1615 3534 1104 2721 2450 3240 1624 947 1576 3192 1653 2893 2980 3459 555 2085 2959 2995 3077 1267 1587 1981 1140 3253 892 2828 3211 2188 2567 819 2150 957 2427 557 767 2412 1733 3430 2273 3100 2700 3104 2575 2717 2961 605 2694 3374 990 1693 2823 1539 2443 1658 2845 1252 3517 1752 1801 1981 2026 2896 1639 1595 2460 1493 3322 2397 1460
2271 1739 1749 1025 1592 1997 1480 2119 665 2809 1418 896 1204 2068 607 2615 2895 1784 2096 2793 2477 2692 1243 2880 2504 1213 1755 360 2125 1356 1315 897 2795 986 2936 2614 3058 2247 1736 1790 1043 2197 1598 2198 1454 876 1268 845 1098 2019 1266 1983 2657 1843 983 1939 2492 916 1410 536 808 719 2502 2307 2943 1599 1353 2121 2720 570 1633 2086 2128 783 2476 2058 2920 1625 2407 2665 1606 2698 1120 879 1460 1184 2191 1846 2820 1832 1252 2684 1627 773 1982 1045 1621 1765 3047 1134 2934 2551 1855 1306 1709 2695 1531 2808 1526 1374 2494 1780 1672 1721 589 1661 942 1619 1275 2728 1897 1411 1968 1816 1710 488 2017 2666 2288 2322 2241 2089
2013 1658 2745 2729 3093 1398 1120 1437 2414 1181 1068 2212 2874 2289 2283 2315 2509 2298 1756 2087 788 1383 2687 1118 1911 1518 2890 2125 360 1219 2211 2379 1136 2274 1199 2369 1326 702 1282 3338 2286 1836 1176 1524 1193 2484 1659 1664 2667 2208 1945 1435 2698 1373 2051 2710 2714 1593 1544 2300 1677 1846 1858 2382 1193 2208 1832 1085 1035 2316 3128 2143 1002 1816 997 657 1195 2694 1972 1252 2058 1165 2773 1806 1268 2132 1021 2561 1699 2040 1233 1798 2471 2201 2642 2231 2885 3144 2637 1558 1235 1957 1428 2059 2197 1808 1263 1508 2781 1629 860 2422 1651 1051 2131 839 1710 1346 2926 995 1754 1449 1547 1353 1241 2209 2047 1907 2489 949 1325 2271
1629 1081 1936 1897 2234 1649 975 1239 1661 1817 624 1625 2030 1687 1564 1983 2244 1580 1371 1989 1506 1711 1828 1939 1719 671 2062 1356 1219 360 1815 1525 1807 1415 1968 2011 2085 1265 1381 2478 1428 1479 644 1336 1032 1640 1344 870 1814 1609 1588 1662 2221 983 1531 1953 2156 800 1341 1524 934 1185 1696 1859 1985 1448 1545 1142 1739 1519 2269 1597 1512 982 1480 1278 1947 1869 1683 1673 1853 1702 1927 954 555 1287 1568 1808 1881 1963 623 1804 1677 1566 1913 1704 2039 2291 2395 700 1953 1771 1570 1697 2002 1816 1188 1833 1934 1390 1681 1677 1034 1193 1307 747 857 1336 2078 1854 1242 694 1170 950 1330 1413 1499 1830 1919 1622 1304 1684
3022 2454 2703 1829 2472 1527 1457 2694 1309 3025 1684 801 2013 2924 1166 3379 3653 2679 2791 3441 2636 3086 2173 2918 3166 1875 2708 1315 2211 1815 360 1846 2985 1939 3037 3394 3165 2472 1393 2627 1995 2901 2099 2790 1380 1791 912 1472 1998 2862 626 1491 3512 2433 704 2883 3377 1499 1039 1368 1354 1101 3146 3148 3017 2497 754 2551 2887 1453 2511 2902 1873 1573 2765 2002 3039 2580 3112 3005 750 2973 1962 1682 1997 2103 1924 2780 3309 997 1569 3257 2567 924 2915 653 2565 2677 3807 1808 3086 3217 1384 516 791 3269 1318 3215 2474 951 2374 2699 2392 1553 1540 1897 1686 1281 2091 2658 2625 2052 2610 2401 1408 1428 2817 3285 3156 2102 2746 2937
2033 1601 1234 791 1110 2465 1868 2062 976 2941 1690 1414 877 1728 1061 2349 2623 1405 1934 2624 2663 2722 720 3104 2341 1259 1221 897 2379 1525 1846 360 2942 550 3124 2332 3237 2416 2189 1339 597 2019 1678 2119 1864 521 1777 1114 648 1699 1801 2456 2291 1808 1519 1458 2094 1175 1903 855 1163 1219 2355 1973 3145 1234 1882 2175 2885 768 1149 1795 2523 935 2588 2384 3100 1106 2212 2732 2142 2802 773 932 1542 842 2586 1391 2775 2366 1541 2583 1167 1288 1525 1566 1084 1245 2768 1199 3095 2381 2331 1843 2246 2593 1972 2822 989 1880 2812 1358 1539 2124 697 1899 1029 2082 916 3011 1725 1415 1870 1790 2155 778 1750 2529 1919 2691 2227 1757
1984 1907 3092 3337 3590 2117 1890 1475 3097 433 1757 2957 3458 2426 2983 2190 2293 2555 1814 1796 709 923 3200 769 1750 2043 3267 2795 1136 1807 2985 2942 360 2801 622 2259 684 908 2046 3839 2798 1843 1624 1506 1965 3071 2433 2311 3225 2354 2720 2158 2656 1600 2808 2978 2753 2239 2320 2966 2353 2562 1686 2426 690 2528 2608 1177 468 2966 3620 2248 1678 2428 733 1392 575 3076 1881 768 2832 594 3354 2387 1760 2592 1670 2835 1253 2801 1919 1488 2813 2933 2879 2989 3311 3588 2384 2106 522 1778 2173 2834 2969 1493 2039 988 3216 2406 1238 2698 1934 1824 2754 1510 2292 2119 3498 1054 1919 1899 1676 1601 2008 2859 2172 1642 2565 1520 1275 2395
1843 1419 1125 976 1179 2451 1823 1887 1130 2796 1606 1521 1041 1542 1189 2159 2433 1223 1748 2435 2535 2557 773 2983 2153 1127 1152 986 2274 1415 1939 550 2801 360 2993 2143 3102 2286 2170 1423 418 1831 1538 1941 1829 711 1803 1070 790 1511 1864 2446 2111 1639 1601 1317 1920 1120 1916 990 1143 1259 2168 1788 3018 1048 1929 2019 2750 910 1215 1605 2471 882 2441 2304 2966 1004 2022 2574 2207 2652 940 844 1406 651 2533 1234 2597 2420 1470 2400 1011 1396 1370 1671 1052 1264 2579 1077 2957 2192 2325 1918 2321 2410 1950 2654 948 1903 2725 1187 1359 2082 758 1798 934 2071 1067 2909 1538 1264 1691 1623 2133 887 1560 2343 1739 2625 2058 1570
2245 2142 3324 3506 3793 2080 1957 1726 3233 682 1880 3051 3635 2679 3109 2453 2553 2796 2069 2054 822 1182 3397 554 2012 2227 3494 2936 1199 1968 3037 3124 622 2993 360 2522 487 1067 2052 4042 2993 2102 1816 1763 2027 3246 2488 2459 3410 2606 2771 2122 2919 1832 2889 3221 3014 2387 2361 3110 2489 2677 1948 2686 435 2760 2650 1411 615 3116 3825 2503 1635 2590 974 1401 409 3301 2143 1030 2848 857 3532 2559 1946 2798 1614 3076 1502 2790 2046 1748 3043 3038 3125 3069 3529 3804 2641 2284 501 2040 2156 2882 2978 1752 2079 1235 3432 2448 1140 2938 2165 1850 2914 1635 2463 2139 3680 895 2165 2098 1922 1830 2020 3010 2425 1902 2823 1445 1530 2649
623 1305 1826 2739 2575 3232 2603 1291 2862 2202 2243 3089 2744 986 2861 432 651 1320 1011 930 2254 1712 2339 2645 869 1879 2021 2614 2369 2011 3394 2332 2259 2143 2522 360 2561 2091 2993 2783 2096 910 1771 1205 2670 2492 2985 2285 2494 997 3201 3255 773 1430 3067 1564 952 2254 2992 2705 2402 2667 933 766 2588 1466 3182 1647 2294 2643 2583 898 2957 2222 1955 2620 2474 1901 759 1853 3494 2025 2662 2113 1817 1855 2995 1492 1462 3615 2274 1169 1644 2988 1430 3211 2175 2428 796 1946 2403 844 3183 3301 3640 1169 2824 1701 2134 3039 2830 1426 1364 2768 2417 2180 2083 2970 2735 2816 1135 1714 1229 1461 2940 2577 957 1011 897 2956 1423 950
2299 2230 3414 3622 3899 2200 2085 1799 3356 724 2004 3178 3750 2749 3233 2491 2576 2879 2137 2073 941 1210 3505 648 2053 2338 3588 3058 1326 2085 3165 3237 684 3102 487 2561 360 1181 2177 4148 3102 2163 1924 1828 2155 3361 2615 2580 3522 2677 2899 2243 2964 1922 3017 3303 3069 2507 2488 3232 2611 2803 1989 2744 522 2850 2777 1499 713 3237 3930 2571 1755 2708 1056 1528 498 3396 2191 1070 2974 906 3646 2674 2056 2903 1733 3160 1511 2913 2170 1772 3134 3164 3204 3197 3627 3904 2656 2398 523 2077 2279 3010 3103 1776 2207 1245 3532 2576 1253 3022 2255 1977 3032 1758 2578 2266 3793 994 2243 2204 2001 1921 2146 3130 2496 1929 2885 1561 1599 2718
1753 1498 2654 2801 3090 1737 1377 1176 2548 929 1210 2417 2928 2095 2434 2032 2207 2156 1517 1764 610 1043 2692 1069 1611 1519 2816 2247 702 1265 2472 2416 908 2286 1067 2091 1181 360 1603 3338 2288 1582 1112 1249 1456 2539 1923 1765 2702 2015 2209 1774 2445 1189 2274 2579 2489 1692 1826 2419 1805 2015 1554 2153 1092 2097 2108 812 834 2420 3122 1933 1343 1887 664 999 1043 2621 1691 919 2356 861 2825 1853 1239 2099 1359 2431 1357 2358 1371 1468 2374 2388 2496 2456 2838 3109 2328 1577 1048 1654 1759 2325 2500 1477 1552 1170 2739 1908 1099 2292 1507 1363 2212 964 1756 1654 2972 1111 1558 1397 1327 1178 1558 2314 1843 1586 2274 1268 1029 2071
2611 2093 2852 2401 2936 643 766 2114 1943 2097 1123 1558 2579 2709 1781 2955 3197 2583 2341 2856 1704 2280 2547 1913 2624 1637 2937 1736 1282 1381 1393 2189 2046 2170 2052 2993 2177 1603 360 3152 2208 2444 1583 2215 721 2228 903 1463 2447 2630 1141 646 3235 1923 1361 2924 3177 1422 740 1892 1389 1377 2585 2876 2022 2433 1000 1845 1940 1946 2975 2615 840 1649 1908 1015 2062 2760 2630 2163 1156 2088 2493 1710 1562 2171 893 2787 2568 1117 1153 2604 2623 1603 2903 1514 2862 3067 3341 1617 2121 2675 550 1237 1286 2615 580 2409 2756 820 1345 2665 2052 605 1860 1185 1643 484 2649 1631 2246 1715 2124 1892 413 1857 2516 2680 2940 1069 2084 2705
2589 2354 1317 1159 609 3421 2845 2840 1681 3828 2663 2192 974 2170 1836 2826 3060 1857 2614 3226 3588 3537 1010 4041 2974 2187 1127 1790 3338 2478 2627 1339 3839 1423 4042 2783 4148 3338 3152 360 1413 2667 2586 2871 2838 1283 2698 2094 1065 2185 2659 3409 2574 2628 2353 1594 2329 2154 2840 1661 2137 2147 3007 2377 4071 1776 2767 3035 3795 1589 581 2313 3501 1913 3471 3360 4013 1246 2814 3578 2981 3674 1036 1899 2460 1606 3565 1651 3516 3223 2518 3274 1522 2079 1725 2333 970 725 3179 2140 3998 3001 3282 2671 3056 3283 2939 3619 1029 2804 3785 1728 2308 3101 1652 2862 1993 3039 895 3973 2421 2304 2627 2619 3121 1663 2316 3181 2259 3670 3031 2209
1801 1392 1069 1013 1167 2490 1855 1866 1188 2791 1628 1578 1065 1491 1247 2113 2386 1170 1715 2398 2537 2541 764 2988 2117 1133 1104 1043 2286 1428 1995 597 2798 418 2993 2096 3102 2288 2208 1413 360 1795 1537 1916 1864 756 1851 1106 809 1462 1917 2486 2057 1622 1657 1258 1864 1152 1960 1049 1184 1310 2134 1736 3020 997 1980 2009 2749 968 1201 1559 2499 919 2435 2325 2966 951 1984 2563 2260 2644 966 871 1408 613 2561 1176 2573 2471 1495 2370 953 1454 1312 1728 1013 1236 2531 1088 2955 2156 2365 1973 2375 2380 1988 2636 907 1950 2743 1130 1334 2114 815 1813 957 2111 1085 2922 1506 1259 1666 1608 2170 945 1516 2310 1685 2650 2040 1520
537 820 1765 2448 2433 2681 2058 765 2473 1798 1700 2630 2493 963 2444 871 1124 1189 469 966 1772 1355 2120 2197 681 1393 1961 2197 1836 1479 2901 2019 1843 1831 2102 910 2163 1582 2444 2667 1795 360 1226 702 2127 2180 2462 1812 2235 904 2693 2704 1224 881 2586 1575 1277 1770 2459 2314 1922 2194 703 944 2160 1251 2662 1129 1856 2264 2451 781 2410 1782 1498 2077 2057 1795 572 1462 2972 1617 2399 1680 1285 1542 2449 1451 1229 3081 1743 967 1513 2540 1456 2741 2067 2345 1275 1466 1999 722 2634 2797 3120 975 2280 1393 1998 2510 2311 1333 887 2218 2027 1629 1631 2425 2501 2326 661 1208 680 912 2391 2183 731 878 1082 2418 937 928
1388 888 1931 2081 2337 1832 1191 955 1903 1622 834 1905 2195 1527 1820 1737 1988 1489 1121 1709 1362 1454 1941 1819 1444 781 2081 1598 1176 644 2099 1678 1624 1538 1816 1771 1924 1112 1583 2586 1537 1226 360 1053 1260 1811 1617 1121 1960 1446 1868 1851 2018 711 1815 1896 1983 1056 1599 1757 1201 1462 1418 1667 1844 1392 1820 883 1571 1741 2369 1409 1617 1193 1270 1324 1788 1885 1422 1434 2123 1487 2091 1135 500 1347 1666 1747 1602 2219 896 1520 1655 1840 1833 1987 2091 2359 2136 849 1779 1497 1774 1979 2273 1531 1413 1571 1990 1655 1672 1608 862 1366 1514 799 1044 1559 2234 1796 1027 645 908 678 1530 1638 1309 1548 1748 1681 1022 1517
865 885 2018 2550 2627 2432 1851 461 2492 1464 1511 2572 2621 1282 2438 1150 1356 1451 669 1016 1431 1051 2280 1855 769 1348 2208 2198 1524 1336 2790 2119 1506 1941 1763 1205 1828 1249 2215 2871 1916 702 1053 360 1926 2275 2309 1759 2366 1212 2562 2458 1557 723 2499 1862 1619 1705 2282 2336 1857 2127 731 1286 1820 1468 2512 802 1515 2300 2650 1103 2125 1775 1156 1783 1719 2028 807 1137 2813 1284 2521 1685 1155 1670 2159 1727 1017 2896 1590 846 1749 2496 1753 2666 2289 2571 1494 1427 1665 820 2401 2672 2963 857 2072 1114 2209 2342 1985 1597 942 1977 2060 1389 1616 2212 2640 1988 816 1149 610 753 2162 2208 1031 854 1421 2112 595 1250
2287 1752 2494 2115 2614 1003 441 1825 1700 2004 786 1404 2287 2356 1547 2637 2887 2222 2021 2579 1616 2095 2218 1922 2331 1276 2585 1454 1193 1032 1380 1864 1965 1829 2027 2670 2155 1456 721 2838 1864 2127 1260 1926 360 1919 828 1119 2133 2279 1115 1008 2893 1609 1228 2563 2826 1072 736 1622 1061 1112 2297 2531 2013 2071 1012 1600 1867 1664 2653 2269 1034 1307 1754 1017 2026 2405 2321 2000 1276 1957 2195 1359 1220 1814 1097 2425 2351 1331 793 2349 2263 1415 2541 1405 2517 2732 3035 1255 2069 2383 904 1230 1425 2360 516 2226 2411 814 1437 2303 1706 627 1546 919 1287 664 2352 1699 1910 1363 1808 1576 675 1567 2171 2408 2589 1232 1824 2354
2195 1759 1341 635 1076 2498 1931 2216 873 3073 1784 1351 750 1885 987 2509 2782 1558 2094 2785 2784 2868 741 3219 2501 1390 1299 876 2484 1640 1791 521 3071 711 3246 2492 3361 2539 2228 1283 756 2180 1811 2275 1919 360 1783 1193 582 1857 1775 2486 2442 1958 1480 1583 2240 1260 1920 783 1221 1227 2515 2129 3265 1390 1869 2316 3011 698 1117 1955 2588 1027 2722 2470 3223 1210 2373 2873 2111 2938 648 1046 1673 1003 2651 1527 2929 2343 1629 2741 1305 1227 1659 1503 1139 1252 2927 1325 3223 2542 2359 1805 2205 2752 2016 2970 1056 1888 2902 1504 1696 2184 732 2004 1143 2116 804 3111 1885 1556 2026 1939 2198 748 1911 2689 2071 2765 2377 1914
2604 2041 2544 1918 2500 1120 905 2209 1430 2472 1167 1015 2103 2585 1265 2961 3226 2391 2353 2966 2084 2549 2136 2374 2702 1485 2595 1268 1659 1344 912 1777 2433 1803 2488 2985 2615 1923 903 2698 1851 2462 1617 2309 828 1783 360 1158 2005 2515 647 1097 3156 1965 818 2669 3053 1151 524 1404 1049 918 2675 2789 2470 2219 562 2030 2334 1470 2540 2531 1373 1319 2218 1458 2489 2435 2668 2461 869 2424 2025 1411 1538 1880 1430 2546 2788 1012 1082 2759 2353 1067 2674 975 2489 2661 3377 1435 2534 2754 970 762 1017 2771 776 2679 2387 466 1850 2442 1985 1014 1439 1360 1376 779 2177 2127 2210 1632 2155 1932 901 1396 2438 2802 2822 1598 2239 2591
1919 1355 1764 1426 1863 1745 1116 1672 1150 2324 957 1180 1579 1818 1058 2274 2550 1599 1704 2384 1998 2213 1462 2413 2099 780 1837 845 1664 870 1472 1114 2311 1070 2459 2285 2580 1765 1463 2094 1106 1812 1121 1759 1119 1193 1158 360 1395 1753 1306 1742 2402 1397 1141 1873 2278 432 1240 1015 478 742 2089 2037 2470 1423 1324 1642 2239 1017 1901 1789 1769 547 1990 1637 2442 1664 2024 2181 1631 2212 1480 616 987 1088 1832 1748 2358 1808 797 2244 1559 1097 1876 1289 1759 1973 2704 705 2453 2149 1623 1394 1767 2255 1242 2332 1653 1245 2069 1644 1290 1374 828 1190 581 1368 1637 2284 1524 974 1546 1367 1424 910 1704 2243 2052 1937 1776 1829
2223 1841 1219 629 854 2718 2142 2315 1059 3222 1977 1557 617 1873 1191 2519 2786 1539 2158 2834 2950 2987 566 3392 2556 1543 1141 1098 2667 1814 1998 648 3225 790 3410 2494 3522 2702 2447 1065 809 2235 1960 2366 2133 582 2005 1395 360 1857 1993 2707 2402 2070 1694 1486 2185 1458 2142 993 1433 1449 2576 2114 3432 1390 2089 2449 3170 912 895 1966 2799 1220 2868 2669 3385 1089 2417 3005 2326 3080 527 1221 1826 1058 2862 1456 3023 2561 1826 2817 1245 1435 1580 1706 961 1039 2925 1485 3379 2593 2580 2019 2416 2827 2233 3084 896 2111 3099 1460 1783 2397 947 2188 1317 2336 636 3299 1950 1691 2116 2054 2416 970 1936 2752 2038 2972 2488 1906
766 919 1247 2102 1964 2896 2225 1239 2249 2315 1869 2520 2108 441 2262 1023 1288 691 903 1402 2235 1894 1705 2682 1168 1390 1446 2019 2208 1609 2862 1699 2354 1511 2606 997 2677 2015 2630 2185 1462 904 1446 1212 2279 1857 2515 1753 1857 360 2697 2910 1009 1196 2524 1034 907 1737 2553 2094 1872 2122 1213 648 2659 829 2700 1576 2353 2027 1977 490 2703 1656 1992 2401 2563 1299 1001 1990 3013 2136 2025 1545 1432 1228 2752 919 1769 3164 1851 1494 1026 2411 912 2652 1575 1844 1430 1440 2514 1188 2820 2787 3153 1500 2435 1937 1522 2584 2705 818 946 2434 1810 1885 1536 2582 2101 2766 818 1276 1051 1214 2579 1968 541 1377 670 2757 1438 436
2825 2256 2625 1862 2482 1303 1193 2464 1345 2760 1436 854 2049 2763 1184 3182 3452 2540 2583 3217 2371 2830 2148 2653 2946 1684 2652 1266 1945 1588 626 1801 2720 1864 2771 3201 2899 2209 1141 2659 1917 2693 1868 2562 1115 1775 647 1306 1993 2697 360 1272 3344 2210 668 2780 3224 1319 775 1362 1188 973 2924 2978 2752 2361 506 2303 2621 1441 2523 2725 1622 1436 2503 1737 2773 2508 2902 2745 702 2710 1984 1540 1776 1990 1675 2667 3062 927 1333 3021 2462 948 2800 759 2526 2668 3605 1623 2820 2998 1155 475 824 3033 1053 2960 2429 688 2115 2575 2196 1289 1473 1640 1527 1025 2126 2397 2427 1849 2394 2177 1151 1391 2637 3056 2998 1850 2505 2773
2874 2368 3137 2644 3198 403 1049 2359 2167 2216 1401 1739 2826 2989 2002 3214 3449 2869 2603 3088 1832 2457 2816 1963 2867 1923 3219 1983 1435 1662 1491 2456 2158 2446 2122 3255 2243 1774 646 3409 2486 2704 1851 2458 1008 2486 1097 1742 2707 2910 1272 360 3508 2184 1539 3211 3457 1705 939 2131 1663 1623 2825 3152 2082 2720 1125 2068 2049 2190 3239 2891 847 1928 2073 1141 2140 3043 2884 2327 1173 2232 2743 1992 1839 2456 873 3073 2763 1046 1440 2824 2910 1803 3189 1668 3139 3338 3591 1904 2210 2918 488 1345 1271 2835 864 2584 3034 996 1361 2951 2329 846 2123 1435 1928 735 2898 1647 2518 1997 2385 2153 694 2108 2792 2910 3220 1054 2311 2985
931 1502 1628 2663 2391 3490 2833 1629 2870 2602 2472 3166 2636 950 2896 846 927 1247 1301 1338 2626 2117 2222 3034 1272 2030 1808 2657 2698 2221 3512 2291 2656 2111 2919 773 2964 2445 3235 2574 2057 1224 2018 1557 2893 2442 3156 2402 2402 1009 3344 3508 360 1707 3173 1342 608 2385 3186 2719 2521 2771 1336 727 2983 1426 3344 1993 2685 2647 2392 986 3254 2304 2337 2929 2872 1729 1136 2254 3657 2422 2566 2193 2033 1845 3296 1318 1875 3802 2474 1582 1517 3055 1216 3299 1985 2209 1000 2084 2804 1252 3426 3436 3799 1582 3049 2112 1967 3222 3176 1303 1547 3024 2441 2450 2185 3197 2613 3185 1351 1896 1516 1734 3182 2597 1082 1425 732 3276 1787 934
1050 671 1852 2233 2380 2161 1538 636 2141 1578 1184 2209 2320 1277 2080 1392 1638 1330 779 1367 1421 1278 2008 1880 1096 989 2027 1843 1373 983 2433 1808 1600 1639 1832 1430 1922 1189 1923 2628 1622 881 711 723 1609 1958 1965 1397 2070 1196 2210 2184 1707 360 2137 1755 1703 1342 1950 1986 1494 1764 1073 1374 1876 1288 2167 782 1576 1955 2407 1129 1906 1420 1226 1585 1795 1836 1072 1310 2473 1413 2218 1336 796 1390 1949 1608 1342 2570 1243 1207 1573 2133 1668 2303 2077 2357 1786 1069 1763 1148 2113 2319 2622 1218 1761 1374 1986 2005 1869 1469 693 1697 1717 1110 1262 1905 2346 1935 740 791 561 393 1870 1859 1033 1214 1475 1935 779 1258
2699 2133 2366 1555 2180 1566 1293 2404 1037 2839 1443 559 1741 2585 877 3055 3331 2336 2477 3142 2463 2848 1858 2790 2862 1554 2378 983 2051 1531 704 1519 2808 1601 2889 3067 3017 2274 1361 2353 1657 2586 1815 2499 1228 1480 818 1141 1694 2524 668 1539 3173 2137 360 2540 3034 1176 981 1061 1026 762 2846 2811 2879 2153 793 2296 2715 1143 2221 2567 1829 1231 2553 1884 2886 2245 2798 2782 991 2769 1679 1341 1703 1759 1887 2437 3048 1230 1305 2974 2224 640 2571 542 2243 2372 3485 1483 2922 2913 1415 684 1087 2986 1219 2976 2149 908 2292 2355 2069 1455 1203 1676 1350 1237 1819 2563 2303 1739 2305 2105 1358 1102 2485 2991 2816 2052 2474 2598
1427 1443 649 1755 1409 3206 2529 1871 2074 2947 2212 2475 1695 990 2145 1614 1832 784 1560 2056 2816 2552 1288 3275 1840 1657 826 1939 2710 1953 2883 1458 2978 1317 3221 1564 3303 2579 2924 1594 1258 1575 1896 1862 2563 1583 2669 1873 1486 1034 2780 3211 1342 1755 2540 360 1101 1890 2751 1944 1980 2167 1886 1159 3268 867 2824 2171 2965 1860 1410 1163 3105 1712 2608 2849 3181 764 1670 2637 3120 2771 1639 1618 1826 1151 3161 509 2443 3314 2136 2168 678 2352 493 2624 1004 1232 1947 1668 3141 1856 3102 2847 3244 2174 2709 2604 996 2759 3208 648 1432 2772 1709 2307 1661 2849 1661 3314 1421 1642 1662 1762 2878 1844 1204 2047 1030 3203 2074 1030
1010 1455 1389 2450 2150 3441 2772 1676 2688 2704 2415 3012 2413 830 2725 1021 1158 1067 1331 1519 2688 2235 2000 3114 1401 1933 1564 2492 2714 2156 3377 2094 2753 1920 3014 952 3069 2489 3177 2329 1864 1277 1983 1619 2826 2240 3053 2278 2185 907 3224 3457 608 1703 3034 1101 360 2268 3096 2541 2396 2635 1462 695 3074 1252 3235 2037 2771 2465 2151 936 3237 2163 2415 2926 2968 1495 1244 2360 3546 2523 2347 2054 1977 1669 3284 1091 2025 3705 2398 1729 1301 2897 980 3151 1745 1964 1245 1978 2906 1392 3367 3310 3685 1732 2982 2246 1732 3126 3204 1096 1489 2978 2270 2422 2057 3130 2387 3238 1327 1823 1529 1726 3126 2423 1035 1578 597 3279 1854 832
1884 1317 1794 1497 1921 1706 1063 1616 1221 2252 887 1228 1647 1804 1125 2240 2515 1599 1662 2335 1926 2146 1518 2341 2052 738 1875 916 1593 800 1499 1175 2239 1120 2387 2254 2507 1692 1422 2154 1152 1770 1056 1705 1072 1260 1151 432 1458 1737 1319 1705 2385 1342 1176 1890 2268 360 1221 1087 513 785 2040 2018 2398 1428 1327 1575 2166 1089 1959 1767 1712 601 1919 1571 2369 1698 1983 2112 1637 2141 1548 648 924 1114 1775 1761 2296 1804 729 2188 1579 1151 1887 1331 1805 2024 2669 668 2380 2102 1588 1412 1776 2200 1202 2265 1698 1234 2002 1653 1253 1321 898 1118 589 1332 1704 2214 1487 926 1497 1311 1381 982 1680 2191 2040 1875 1714 1813
2610 2055 2642 2068 2636 959 817 2181 1588 2363 1130 1179 2251 2626 1423 2964 3223 2452 2351 2938 1971 2471 2264 2239 2682 1523 2703 1410 1544 1341 1039 1903 2320 1916 2361 2992 2488 1826 740 2840 1960 2459 1599 2282 736 1920 524 1240 2142 2553 775 939 3186 1950 981 2751 3096 1221 360 1554 1141 1053 2651 2819 2340 2285 649 1973 2219 1616 2677 2559 1215 1414 2126 1323 2364 2537 2660 2374 901 2326 2170 1496 1536 1968 1271 2623 2726 982 1078 2716 2438 1231 2748 1134 2606 2789 3373 1481 2414 2734 811 882 1050 2728 642 2602 2503 447 1701 2512 2003 874 1566 1293 1450 617 2324 1981 2221 1650 2145 1917 742 1537 2464 2769 2862 1441 2192 2629
2373 1860 1729 874 1479 2148 1652 2260 519 2979 1594 928 1058 2137 567 2711 2990 1835 2215 2915 2651 2851 1164 3056 2626 1361 1711 536 2300 1524 1368 855 2966 990 3110 2705 3232 2419 1892 1661 1049 2314 1757 2336 1622 783 1404 1015 993 2094 1362 2131 2719 1986 1061 1944 2541 1087 1554 360 983 876 2628 2380 3118 1653 1466 2281 2893 447 1520 2170 2296 928 2644 2233 3094 1601 2521 2829 1693 2866 985 1010 1618 1234 2359 1865 2967 1929 1428 2820 1642 804 2001 1080 1559 1672 3140 1282 3107 2672 2003 1385 1783 2831 1693 2965 1472 1510 2668 1814 1793 1889 648 1836 1086 1773 1133 2903 2012 1555 2100 1961 1870 490 2108 2795 2348 2493 2391 2160
2033 1468 1860 1435 1913 1669 1069 1768 1104 2370 970 1075 1598 1937 993 2389 2665 1715 1815 2489 2031 2285 1519 2432 2205 889 1924 808 1677 934 1354 1163 2353 1143 2489 2402 2611 1805 1389 2137 1184 1922 1201 1857 1061 1221 1049 478 1433 1872 1188 1663 2521 1494 1026 1980 2396 513 1141 983 360 632 2193 2156 2495 1538 1209 1715 2276 1001 1952 1907 1726 633 2044 1622 2474 1756 2135 2245 1515 2266 1502 722 1073 1191 1789 1858 2443 1696 804 2340 1664 1001 1987 1178 1836 2038 2819 817 2490 2255 1541 1275 1650 2352 1171 2406 1731 1140 2058 1757 1403 1324 848 1213 699 1287 1660 2284 1637 1079 1650 1464 1354 896 1822 2345 2171 1905 1862 1947
2301 1738 2015 1383 1944 1638 1148 2037 948 2584 1164 804 1563 2183 801 2656 2933 1940 2086 2761 2229 2533 1578 2604 2477 1161 2051 719 1846 1185 1101 1219 2562 1259 2677 2667 2803 2015 1377 2147 1310 2194 1462 2127 1112 1227 918 742 1449 2122 973 1623 2771 1764 762 2167 2635 785 1053 876 632 360 2465 2408 2678 1759 1030 1967 2478 928 1984 2164 1783 832 2271 1743 2667 1900 2406 2484 1314 2493 1480 941 1338 1378 1845 2056 2705 1521 1004 2609 1849 741 2189 907 1936 2103 3087 1087 2691 2528 1495 1042 1436 2621 1177 2656 1836 1022 2176 1967 1673 1377 882 1412 947 1259 1635 2423 1907 1352 1923 1734 1354 844 2082 2616 2415 1984 2125 2196
