140 2088 1249 2359 1026 884 1412 2089 2151 2150 1540 2883 2940 2087 1895 2040 496 967 1558 941 1557 619 1259 2262 506 1202 1173 893 834 881 1351 1271 2100 776 2700 2634 2314 1259 1256 3231 2450 2309 1943 2327 2128 813 1880 2488 764 2428 2353 934 592 2263 1666 2566 641 2076 1312 2164 3144 2116 813 2071 1875 577 1750 939 1294 950 2748 1163 1951 2334 476 2007 1194 2541 1838 1221 2899 1976 880 406 2551 1773 2302 1612 1716 1222 1366 1546 2213 2063 844 675 1201 2401 2808 2558 2918 2347 803 626 1339 1309 2300 1223 2095 2452 1516 1826 2743 1659 1128 2113 1129 991 2385 679 1788 475 2090 581 2389 635 1161 603 2259 2591 2494 1298 2019 1110 2164 494 2370 502 1824 2504 2144 1326 1875 2183 3065 863 2105 2256 932 919 778 1584 1834 801 2327 1373 1084 971 2417 1644 1698 1623 1027 768 885 1080 1445 2781 937 2002 1677 1212 1437 1555 1434 840 832 1257 2464 1739 2480 2033 556 3079 659 1633 2068 1821 2622 2800 1438 1919 1846 610 1061 2379 1595 2234 2515 2000 1041 814 757 1470 1837 2306 1751 2333 1667 1495 1854 495 1710 933 2371 1596 1148 1665 1935 2424 2467 3000 2405 1346 1137 1086 1243 600 1298 818 1643
2188 360 2535 3477 2964 2045 1585 1220 3108 2166 2533 1883 1908 2188 2160 1930 2514 2947 2990 2979 2171 2440 1198 2241 2066 2185 2220 1776 2794 2844 2735 1601 1308 2612 1920 2204 837 1221 1263 2294 1160 3063 1141 3340 1037 2858 2740 2508 2288 2001 3076 2983 2619 3061 784 1670 1990 715 1220 3441 2379 1810 2179 609 2835 2624 2722 2864 1217 2943 1841 2885 1011 3481 2478 469 1749 1339 1518 3128 2142 822 2788 2447 1793 1708 1631 1259 901 2973 1131 3087 599 3097 2861 2629 2341 3237 2409 1457 2090 3186 2631 2619 1818 2993 851 1794 2577 1296 3100 3256 2535 2084 2994 944 2900 2826 744 2130 2142 2155 373 2192 3000 2193 2743 2465 2839 2296 2664 3056 1877 1349 1667 2014 1976 2329 2477 2757 1864 1751 2033 1873 2285 2252 1234 2358 2715 2773 1855 1619 3154 1683 1163 1200 2326 2139 1992 2984 1742 852 1833 2143 1794 2504 2040 2064 2797 553 851 1501 2969 1051 1017 1614 2322 2611 2591 1276 1111 3179 1902 2166 1821 1438 3100 2543 1665 1777 1848 542 658 2572 2081 2547 2278 2261 2752 1653 2237 2461 2328 1190 1939 1041 2900 1108 1894 2823 1858 1955 952 2519 1213 2879 2546 1920 1074 3582 910 2381 3468 1458 1359 1862 1222 2213 2268 2681 1252
1349 2535 360 1498 1225 2049 2414 2083 1261 1603 696 2655 2717 1518 1320 1617 1301 1302 816 1512 969 1033 1930 1692 1661 720 678 1188 1209 1227 560 1299 2044 1921 2397 2164 2923 1980 2033 2900 2510 1432 2749 1445 2868 1502 1014 1835 1973 2018 1478 1628 1600 1382 2203 2366 1141 2346 1694 1351 2736 1769 2009 2396 990 1445 872 1163 2047 1887 2501 892 2080 1480 1270 2500 2259 2521 1678 2210 2535 2645 1949 1481 2280 1496 2076 1698 2008 969 2078 918 2546 1176 1367 1761 557 1513 2282 2476 2587 1459 983 1249 1121 917 2507 1108 1328 2436 943 1091 2140 1130 2176 2259 954 2091 2683 1868 1218 1668 2531 1783 1533 1836 689 1777 1425 2065 1774 1026 1626 1677 1904 1603 1963 1706 1055 1748 1769 1176 1379 1806 2679 2068 2091 1625 920 2021 1855 1416 1024 1416 2364 2160 586 2156 2010 833 1410 2057 2121 1959 1173 538 985 2423 1040 2374 2043 2160 808 1845 1957 1661 779 444 1767 2611 2577 1165 1397 2761 1641 1580 1181 1019 2438 2605 1144 2354 2238 1189 2230 1684 926 1649 1763 1743 676 2014 851 2283 1402 2408 869 3057 1275 663 1471 1415 2429 2132 3127 747 484 1254 2031 1577 2684 2544 1533 2289 1929 1034 1941 1805 676 1938 1720
2459 3477 1498 360 2024 3181 3545 2811 745 1924 1332 3067 3124 1850 1762 2097 2348 2134 1184 2369 1665 2110 3012 1937 2790 1740 1727 2289 2124 2114 1368 2270 2741 2969 2776 2387 3915 3071 3134 3152 3211 942 3827 544 3918 2423 1100 1867 3082 2366 972 2508 2624 897 3217 2862 2279 3213 2714 643 2917 2275 3131 3288 1001 2458 1120 2025 3142 2829 2920 1664 2902 408 2329 3467 3397 3155 2393 3138 2811 3678 2952 2549 2721 2181 2614 2578 2936 1662 3160 1265 3425 739 2265 2794 1628 796 2390 3062 2893 804 1978 2255 2033 1543 3312 2087 1398 3088 1324 989 2157 1764 3144 3060 1731 3099 3526 2992 1736 2789 3469 2901 1121 2954 1577 2850 1200 2234 1686 1635 2138 2757 2456 2737 2332 2803 1379 1581 2243 2102 1890 2265 2898 3183 2810 1798 1859 3036 2993 2223 903 2536 3070 3256 1712 3283 2364 1080 2123 3044 3260 3083 2275 1647 1800 2731 1931 3294 3002 3288 1333 2800 2991 2789 1910 1470 1739 3712 3295 693 2536 3052 2779 2408 737 1305 2936 3060 1990 3308 3183 2213 3362 1697 1559 1889 1601 2350 1794 3098 1974 3379 1972 3156 995 4092 1961 1224 2063 2553 3492 3212 4174 1124 1579 1934 2841 470 3475 2695 447 3413 3039 2077 3029 2920 1631 2970 2588
1126 2964 1225 2024 360 1830 2397 2750 1954 2453 1553 3435 3496 2371 2170 2436 893 471 1220 704 1805 883 2180 2549 1485 1462 1411 1571 552 507 1164 1881 2733 1391 3198 3007 3250 2196 2210 3717 3160 2193 2919 2059 3094 774 1827 2700 1626 2844 2243 843 1053 2133 2561 3129 1334 2877 2117 1769 3573 2568 1720 2896 1760 903 1676 459 2243 1171 3284 742 2677 1986 909 2897 2174 3210 2397 1473 3357 2922 1325 1077 3068 2254 2841 2295 2510 722 2306 1119 3046 1842 621 1211 1340 2218 3138 3192 3400 2174 705 761 1810 842 3079 1737 2186 3121 1061 1403 3003 1959 1490 2856 668 1468 3208 1616 2063 1432 2964 1504 2331 1551 915 1329 2250 2918 2635 755 2435 1979 2676 1480 2787 1350 1918 2603 2577 1838 2211 2616 3509 1739 2762 2489 680 1415 1763 2118 1487 1644 3021 2333 1250 1886 2835 1346 2166 2475 2003 1692 1555 1081 1773 3242 558 2845 2503 2196 1063 2338 2311 1781 1077 1165 2632 2721 3210 1750 1455 3572 1633 2240 1848 1876 3196 3371 1876 2784 2691 779 1990 2548 1781 2507 2618 2507 1291 1573 1035 2439 2215 3034 1555 3298 2064 1274 2270 1419 2664 1669 3342 1364 1106 2049 2644 2056 3256 3389 2093 2331 2090 1603 2173 1510 1487 1371 2324
984 2045 2049 3181 1830 360 1000 2356 2944 2716 2303 3199 3248 2671 2503 2554 1304 1750 2396 1645 2219 1463 1257 2829 751 1915 1900 1427 1641 1683 2176 1736 2396 999 3076 3115 2118 1207 1147 3588 2624 3072 1636 3135 1852 1507 2641 3087 635 2891 3111 1575 1186 3032 1639 2892 1299 2164 1531 2999 3554 2579 510 2120 2655 1297 2525 1754 1193 1388 3085 2007 2157 3159 1300 1942 752 2757 2243 1485 3298 1777 1182 1113 2921 2252 2673 1925 1864 2063 1279 2390 2234 2865 1602 1098 1961 3183 3311 2812 3294 3127 1646 1435 1901 2153 2397 1781 2784 2675 2360 2668 3297 2280 1341 2279 1970 1176 2407 574 2407 770 2052 685 3126 641 2002 921 2982 3109 3133 2137 2519 1286 2572 806 2837 847 2531 3165 2619 1861 2448 2654 3466 568 2375 2858 1776 1139 624 2049 2667 1184 2532 1207 1855 488 2880 2474 2198 1691 594 506 1430 1894 2080 3184 1771 2030 1781 921 2280 1750 1491 980 1632 2071 3090 1401 2627 2851 1046 3436 832 2022 2870 2545 2932 3102 2004 1915 1890 1438 541 3009 2283 2812 3172 2430 1789 801 1567 1247 2386 2472 2559 2050 2224 2318 2374 1008 1517 837 2060 2418 1962 2231 2166 3252 2535 3449 3221 1016 1073 1681 1223 681 2024 1067 1954
1512 1585 2414 3545 2397 1000 360 2137 3253 2754 2596 2962 3001 2731 2601 2551 1864 2331 2822 2257 2400 1953 1042 2861 1272 2182 2185 1629 2205 2251 2577 1798 2200 1640 2902 3041 1537 965 876 3372 2298 3327 1013 3466 1237 2119 2911 3138 1275 2812 3360 2200 1806 3299 1257 2682 1636 1803 1423 3403 3389 2523 1149 1731 2955 1894 2823 2311 902 2029 2875 2505 1905 3530 1848 1475 608 2458 2165 2111 3133 1216 1822 1699 2751 2246 2520 1809 1604 2574 954 2850 1809 3194 2194 1734 2277 3465 3249 2543 3109 3409 2155 1995 2023 2646 2022 1920 2953 2388 2832 3105 3289 2411 1965 1977 2482 1804 1969 1186 2525 1334 1595 1292 3343 1261 2454 1556 3186 3072 3227 2655 2506 1238 2464 1279 2767 1462 2738 3283 2572 1963 2513 2600 3296 1191 2157 2925 2279 1774 994 2056 3072 1371 2240 824 2194 1034 2802 2877 2218 1390 774 1144 1641 2290 2247 3030 2303 1632 1496 621 2731 1558 1237 1116 2029 2457 3170 774 2277 3211 1392 3226 1157 1962 3198 2773 2706 2857 2114 1505 1528 1982 939 3099 2487 2857 3286 2356 2110 1434 1984 770 2433 2151 2909 1426 2297 2710 2394 1395 995 1445 1426 2800 2355 2312 1937 3629 2125 3326 3570 527 915 1871 1007 1298 2295 1707 1830
2189 1220 2083 2811 2750 2356 2137 360 2427 1348 1962 1203 1251 1388 1415 1120 2435 2770 2502 2878 1558 2262 1493 1408 2200 1729 1777 1581 2622 2666 2275 1230 448 2762 1127 1349 1694 1562 1647 1603 787 2325 1923 2652 1874 2786 2077 1662 2523 1141 2329 2927 2640 2336 1272 907 1850 868 1189 2834 1613 972 2450 971 2191 2583 2101 2655 1610 2999 1101 2552 599 2825 2392 1276 2203 821 784 3257 1358 1630 2907 2452 979 995 777 837 893 2641 1546 2633 1058 2442 2734 2712 1890 2506 1557 830 1331 2460 2406 2501 1329 2623 875 1379 1821 731 2664 2730 1675 1423 3147 647 2590 2990 1106 2348 1434 2281 1207 2364 2231 2387 2369 2588 2077 1436 1831 2715 1069 1434 811 2125 1117 2447 1792 1932 1023 1285 1285 1026 1519 2533 379 1536 2447 2924 2103 1027 2596 1659 641 1673 1926 2478 1133 2458 1065 1109 2210 2399 1594 2121 1474 1260 2557 1036 1003 1945 2529 968 1268 1757 2035 2168 1756 1975 859 2552 1905 1454 1960 873 2443 1868 938 1105 1299 1131 1036 2439 2461 1721 1655 1435 1924 838 1854 2679 2075 1741 1199 705 2313 1967 1227 2321 1108 1971 1625 2771 2071 2348 2140 1253 560 2921 1026 1568 2786 1974 1671 1507 1530 2391 1771 2821 805
2251 3108 1261 745 1954 2944 3253 2427 360 1543 1017 2693 2750 1468 1377 1711 2183 2058 1099 2291 1301 1924 2687 1562 2558 1431 1429 1985 2014 2015 1189 1922 2357 2809 2402 2025 3554 2750 2818 2797 2825 640 3493 591 3573 2320 729 1518 2875 1990 688 2425 2475 577 2866 2480 2014 2836 2370 864 2570 1890 2910 2914 658 2313 790 1932 2822 2724 2544 1573 2523 766 2157 3104 3124 2769 2011 3043 2448 3329 2818 2373 2342 1799 2229 2209 2569 1598 2833 1234 3049 476 2167 2642 1348 624 2045 2678 2528 580 1829 2109 1681 1483 2930 1747 1019 2702 1300 1039 1822 1388 3030 2679 1647 2963 3146 2767 1353 2568 3101 2685 824 2738 1435 2672 852 1876 1352 1596 1752 2435 2071 2497 1954 2607 998 1259 1858 1751 1505 1881 2545 2969 2426 1426 1727 2896 2736 1850 881 2242 2685 2936 1449 3053 1988 970 1744 2688 2997 2858 1973 1432 1443 2364 1822 2923 2640 2993 1255 2440 2648 2499 1680 1260 1395 3392 2910 620 2274 2691 2515 2034 471 927 2555 2682 1629 2942 2818 2058 3124 1344 1195 1513 1279 1965 1519 2913 1753 3059 1587 2771 771 3742 1583 1054 1679 2300 3154 3031 3826 956 1366 1556 2461 856 3092 2349 721 3113 2730 1755 2707 2706 1318 2819 2217
2250 2166 1603 1924 2453 2716 2754 1348 1543 360 1323 1517 1576 447 643 595 2362 2517 1880 2700 1009 2108 2077 473 2415 1373 1420 1663 2398 2428 1735 1345 1264 2886 1230 923 2642 2154 2241 1683 1694 1380 2753 1749 2761 2656 1257 743 2778 817 1374 2795 2643 1404 2067 1297 1873 1835 1695 2017 1499 741 2753 1931 1384 2524 1347 2379 2223 2986 1366 2135 1517 1948 2320 2197 2724 1610 1016 3296 1318 2507 2978 2472 1159 872 1061 1351 1686 2210 2195 2038 2038 1592 2547 2771 1474 1562 1046 1506 1384 1523 2158 2366 1183 2143 1862 1305 886 1553 2090 2026 953 866 3225 1632 2197 3099 2094 2618 751 2471 2155 2583 1259 2625 1932 2712 1118 825 862 2260 648 1882 922 2336 774 2592 994 951 697 1216 634 709 1448 2833 1341 552 2135 3026 2455 1058 1864 1892 1565 2324 1574 2844 813 1790 896 1873 2660 2696 1664 1732 1076 1216 2259 1973 1789 2507 1970 1627 1931 2114 1806 1677 793 2734 1783 1731 2069 1556 2245 1171 1591 1070 1372 1500 1081 2035 1916 2299 2871 741 1036 463 946 876 1556 2889 1879 2429 690 1672 1576 2889 853 1710 720 2127 2417 3004 2988 1688 1712 850 1453 2035 2001 1301 1882 2588 2203 1429 2110 2611 1327 2927 1341
1640 2533 696 1332 1553 2303 2596 1962 1017 1323 360 2434 2495 1236 1052 1382 1625 1635 928 1848 765 1354 2041 1400 1924 774 772 1328 1545 1563 776 1305 1908 2237 2161 1885 2957 2101 2166 2643 2386 1131 2854 1233 2947 1839 700 1515 2257 1763 1173 1965 1925 1089 2251 2163 1366 2299 1744 1267 2462 1550 2280 2363 719 1774 587 1496 2172 2221 2278 1198 2004 1327 1592 2515 2468 2370 1539 2544 2277 2709 2275 1795 2059 1334 1880 1648 1993 1264 2188 1080 2508 963 1703 2083 703 1241 1985 2306 2337 1185 1320 1581 1075 1186 2430 1117 993 2290 1129 1128 1826 915 2506 2176 1266 2415 2627 2136 965 1943 2527 2061 1211 2113 1001 2085 1093 1773 1442 1305 1402 1786 1707 1859 1712 2002 727 1412 1540 1144 1139 1574 2411 2344 1966 1317 1255 2344 2086 1314 996 1585 2239 2287 816 2417 1757 861 1257 2083 2345 2227 1316 870 860 2170 1374 2357 2049 2336 1007 1847 2021 1842 1071 748 1440 2743 2461 1013 1625 2510 1863 1496 967 684 2238 2395 1052 2359 2236 1520 2482 1357 678 1354 1428 1560 873 2313 1150 2410 1185 2302 726 3124 1100 750 1268 1655 2520 2433 3204 751 821 1074 1948 1429 2602 2260 1344 2457 2075 1105 2059 2085 662 2258 1663
2983 1883 2655 3067 3435 3199 2962 1203 2693 1517 2434 360 421 1600 1750 1411 3196 3474 3002 3613 2052 2990 2334 1490 3026 2342 2394 2354 3334 3374 2821 1979 1164 3580 651 1072 2293 2402 2485 774 1085 2500 2658 2887 2557 3537 2414 1602 3359 1062 2483 3680 3428 2535 2072 677 2621 1557 2029 3174 883 1247 3290 1653 2541 3352 2495 3347 2446 3789 515 3174 1420 3095 3153 1973 3042 904 1415 4063 717 2342 3716 3241 735 1540 955 1650 1724 3258 2377 3154 1653 2748 3463 3515 2486 2676 1176 788 627 2645 3102 3243 1988 3213 1396 2076 2034 950 3199 3173 1409 1891 3960 1352 3226 3808 1581 3184 1829 3104 1869 3193 2348 3219 2976 3403 2234 1231 1801 3321 1393 2275 1119 2949 1102 3265 2143 1919 1254 1970 1654 1219 798 3373 1184 1629 3117 3739 2944 1689 3015 2474 1093 2501 2555 3321 1065 2925 1628 1932 3054 3237 2364 2743 2037 729 3236 1746 1827 2782 3071 1812 2106 2594 2725 2738 1732 2754 1149 2889 2714 643 2792 1611 2747 2221 626 466 1918 1868 1809 3178 3305 1749 2119 1539 1903 1288 2504 3510 2780 2557 1616 1205 2724 2594 1743 2824 1544 2780 2403 3606 2700 2818 2743 1762 1399 3176 1407 974 3017 2802 2514 2219 2372 3221 2344 3636 1619
3040 1908 2717 3124 3496 3248 3001 1251 2750 1576 2495 421 360 1660 1811 1472 3255 3534 3064 3673 2113 3050 2379 1548 3079 2403 2455 2411 3394 3434 2882 2036 1215 3634 708 1121 2309 2446 2528 746 1107 2555 2686 2943 2580 3596 2474 1653 3410 1121 2538 3739 3485 2591 2109 734 2678 1587 2079 3233 885 1309 3340 1681 2600 3410 2555 3407 2489 3846 577 3236 1464 3152 3211 2000 3086 928 1473 4119 748 2369 3771 3298 797 1601 1015 1703 1767 3320 2419 3215 1675 2806 3523 3571 2547 2730 1215 821 653 2700 3163 3302 2048 3275 1418 2136 2092 981 3261 3234 1452 1952 4015 1387 3287 3862 1596 3235 1890 3158 1894 3246 2402 3272 3037 3458 2289 1281 1853 3383 1455 2325 1180 3002 1162 3319 2203 1970 1315 2030 1716 1281 806 3423 1232 1685 3178 3794 2993 1748 3075 2528 1126 2542 2616 3370 1124 2986 1689 1973 3100 3288 2421 2804 2099 775 3297 1776 1869 2825 3132 1859 2149 2645 2785 2800 1783 2786 1167 2948 2769 631 2844 1668 2805 2281 679 506 1979 1900 1844 3237 3352 1803 2181 1597 1953 1348 2565 3562 2840 2595 1678 1234 2785 2612 1804 2885 1605 2835 2436 3658 2717 2880 2804 1823 1445 3233 1419 998 3073 2843 2559 2278 2417 3274 2405 3691 1672
2187 2188 1518 1850 2371 2671 2731 1388 1468 447 1236 1600 1660 360 562 628 2290 2436 1793 2622 930 2034 2058 539 2362 1297 1343 1612 2319 2348 1648 1308 1306 2824 1314 1009 2663 2134 2221 1771 1749 1316 2754 1677 2770 2580 1174 776 2725 902 1313 2719 2574 1337 2069 1372 1813 1864 1677 1937 1586 795 2703 1958 1300 2452 1261 2298 2205 2915 1447 2050 1544 1873 2249 2214 2692 1673 1031 3227 1405 2515 2911 2405 1238 865 1126 1350 1695 2124 2180 1951 2071 1513 2469 2705 1393 1498 1126 1574 1471 1458 2079 2292 1131 2057 1904 1253 815 1612 2003 1940 1018 793 3158 1668 2112 3034 2134 2567 672 2415 2178 2529 1205 2572 1847 2650 1057 907 862 2173 679 1855 978 2283 858 2533 907 938 756 1169 583 775 1535 2782 1382 553 2054 2962 2412 1037 1778 1847 1617 2308 1495 2799 898 1703 874 1876 2623 2646 1611 1650 1006 1303 2177 1995 1795 2481 1883 1626 1922 2075 1731 1592 800 2725 1837 1650 2016 1643 2199 1166 1512 984 1447 1580 1028 2051 1931 2224 2829 735 952 506 935 910 1481 2832 1805 2416 657 1719 1490 2903 807 1622 708 2072 2415 2948 3001 1601 1628 799 1480 1961 2048 1387 1811 2566 2177 1371 2090 2557 1247 2863 1343
1995 2160 1320 1762 2170 2503 2601 1415 1377 643 1052 1750 1811 562 360 706 2090 2234 1617 2419 727 1833 1941 742 2182 1095 1141 1437 2116 2146 1458 1163 1342 2631 1472 1203 2627 2015 2099 1951 1808 1273 2672 1599 2706 2378 1046 954 2544 1071 1281 2516 2376 1281 1996 1496 1626 1856 1566 1816 1777 885 2528 1943 1169 2252 1108 2096 2087 2715 1595 1853 1536 1780 2049 2174 2546 1756 1013 3028 1585 2452 2715 2209 1378 811 1226 1282 1642 1928 2070 1772 2067 1404 2267 2509 1191 1453 1328 1671 1644 1406 1877 2090 962 1865 1926 1081 777 1686 1822 1784 1217 595 2961 1679 1914 2840 2149 2389 470 2232 2150 2347 1200 2391 1650 2459 1039 1108 993 1980 740 1722 1060 2104 1020 2344 761 1042 863 1009 490 893 1722 2606 1413 721 1852 2767 2247 935 1628 1682 1668 2194 1292 2630 1064 1535 785 1804 2468 2471 1435 1449 810 1477 1976 1968 1733 2346 1698 1550 1825 1919 1529 1396 946 2625 1893 1529 1837 1818 2030 1095 1404 841 1572 1718 860 2010 1886 2022 2665 867 755 705 1045 948 1279 2647 1603 2307 582 1758 1337 2851 665 1442 669 1891 2330 2763 2945 1430 1429 648 1472 1873 2082 1583 1733 2439 2045 1189 1970 2374 1045 2669 1281
2140 1930 1617 2097 2436 2554 2551 1120 1711 595 1382 1411 1472 628 706 360 2285 2489 1951 2655 1008 2045 1870 682 2276 1334 1385 1527 2360 2394 1774 1178 1038 2773 1142 954 2407 1947 2035 1645 1485 1578 2525 1928 2528 2598 1391 961 2637 768 1577 2740 2553 1595 1838 1150 1759 1600 1487 2162 1499 539 2602 1696 1515 2447 1454 2355 2015 2905 1256 2145 1282 2117 2242 1961 2535 1418 783 3207 1282 2274 2878 2375 1036 667 881 1126 1453 2226 1981 2102 1805 1746 2502 2671 1461 1760 1129 1327 1330 1718 2121 2304 1061 2172 1635 1178 1074 1353 2149 2128 1106 846 3126 1401 2201 2992 1866 2471 777 2337 1919 2446 1473 2485 1943 2596 1323 917 1096 2284 413 1689 719 2196 711 2470 1108 1187 518 1077 603 551 1433 2684 1113 787 2115 2920 2291 867 1973 1735 1350 2112 1545 2683 759 1875 716 1645 2482 2545 1530 1723 1023 1168 2238 1737 1558 2309 2021 1402 1712 1941 1752 1698 1026 2512 1573 1874 1932 1504 2089 953 1745 1188 1225 1375 965 1800 1681 2237 2703 977 1069 693 1182 643 1511 2759 1819 2214 580 1451 1682 2654 742 1772 546 1992 2190 2870 2753 1768 1713 751 1218 2207 1780 1330 2062 2384 2005 1314 1904 2474 1315 2819 1114
596 2514 1301 2348 893 1304 1864 2435 2183 2362 1625 3196 3255 2290 2090 2285 360 831 1527 826 1731 631 1697 2469 952 1360 1319 1214 701 747 1356 1580 2436 986 2992 2879 2760 1703 1706 3523 2818 2372 2399 2338 2582 714 1955 2672 1126 2686 2419 852 659 2320 2097 2880 945 2475 1704 2129 3414 2383 1206 2479 1928 522 1813 812 1742 984 3054 1084 2321 2318 403 2437 1640 2895 2141 1299 3178 2425 1009 566 2848 2044 2605 1960 2109 1128 1812 1487 2624 2085 712 820 1310 2443 3039 2899 3205 2391 733 492 1592 1228 2692 1488 2227 2804 1448 1776 2948 1857 1245 2491 1037 1149 2793 1090 1980 900 2515 981 2474 1030 1130 863 2359 2819 2652 1199 2271 1526 2455 949 2628 840 1950 2647 2405 1596 2093 2444 3340 1237 2450 2443 859 1080 1230 1871 1809 1198 2688 1825 1192 1371 2676 1628 1962 2038 1470 1172 1201 1123 1645 3060 831 2416 2082 1668 1390 1942 1856 1283 932 1286 2631 2195 2856 2033 972 3372 1113 1951 2090 1933 2941 3119 1682 2340 2260 499 1471 2545 1747 2436 2659 2286 1179 1113 853 1925 2070 2680 1773 2787 1902 1497 2102 923 2161 1225 2827 1600 1183 1895 2298 2402 2864 3255 2402 1802 1586 1345 1685 990 1435 997 1991
1067 2947 1302 2134 471 1750 2331 2770 2058 2517 1635 3474 3534 2436 2234 2489 831 360 1327 595 1867 876 2149 2615 1419 1514 1464 1573 513 465 1258 1900 2758 1288 3243 3066 3217 2161 2169 3766 3175 2292 2870 2167 3050 665 1919 2775 1537 2897 2342 733 956 2233 2538 3165 1324 2875 2109 1879 3628 2615 1635 2890 1857 815 1768 499 2204 1060 3325 844 2687 2096 854 2877 2103 3232 2429 1363 3408 2886 1216 998 3110 2295 2879 2309 2507 832 2271 1229 3039 1947 517 1109 1403 2322 3203 3219 3448 2277 731 703 1846 951 3082 1765 2269 3142 1171 1514 3075 2017 1378 2864 771 1359 3203 1537 2125 1360 2947 1425 2427 1470 1005 1235 2342 2982 2716 866 2486 1958 2716 1420 2840 1266 1998 2687 2627 1869 2268 2666 3562 1650 2783 2560 744 1306 1699 2150 1596 1623 3038 2291 1305 1801 2888 1451 2208 2461 1932 1610 1558 1148 1826 3292 621 2834 2494 2140 1170 2336 2291 1742 1109 1248 2710 2666 3222 1857 1420 3620 1583 2264 1952 1959 3231 3407 1917 2769 2680 737 1906 2626 1850 2574 2703 2547 1338 1475 1058 2393 2268 3045 1656 3255 2113 1372 2319 1379 2624 1568 3296 1465 1181 2099 2657 2166 3257 3448 2202 2273 2049 1628 2140 1429 1549 1265 2338
1658 2990 816 1184 1220 2396 2822 2502 1099 1880 928 3002 3064 1793 1617 1951 1527 1327 360 1562 1324 1301 2376 1949 2005 1168 1130 1635 1302 1296 618 1751 2455 2145 2729 2438 3379 2423 2471 3204 2929 1354 3193 1200 3319 1605 1057 2024 2273 2328 1405 1699 1800 1292 2659 2731 1548 2794 2150 965 3014 2119 2332 2847 956 1634 920 1208 2488 2011 2847 845 2518 1152 1510 2956 2649 2925 2085 2325 2838 3098 2128 1731 2628 1889 2446 2142 2460 860 2524 521 2996 985 1448 1969 1008 1361 2522 2867 2901 1319 1155 1430 1559 744 2946 1559 1472 2843 582 644 2341 1480 2324 2695 916 2274 3129 2197 1533 1993 2986 2100 1511 2153 759 2030 1461 2316 1912 856 1971 2126 2273 1960 2277 1991 1253 1854 2108 1619 1708 2142 2968 2378 2508 1850 1034 2211 2232 1839 642 1848 2783 2599 1035 2489 2322 489 1807 2513 2499 2287 1619 895 1387 2734 1109 2827 2498 2576 516 2300 2412 2081 1153 746 1928 3046 3000 890 1791 3074 2031 2012 991 1185 2806 2963 1566 2809 2692 1391 2575 1853 1245 1900 1872 2123 1127 2279 1202 2721 1752 2836 728 3509 1656 541 1834 1796 2878 2392 3578 556 834 1632 2466 1235 3122 2807 1244 2708 2363 1490 2385 2117 1099 2145 2162
1041 2979 1512 2369 704 1645 2257 2878 2291 2700 1848 3613 3673 2622 2419 2655 826 595 1562 360 2051 983 2158 2801 1358 1688 1640 1661 664 645 1484 2012 2873 1112 3394 3241 3215 2160 2156 3921 3270 2522 2831 2402 3022 497 2142 2974 1405 3063 2572 499 818 2464 2561 3301 1396 2939 2168 2112 3794 2771 1516 2944 2084 730 1992 720 2195 834 3467 1078 2776 2331 864 2902 2019 3340 2561 1129 3568 2877 1012 925 3256 2442 3019 2407 2572 1067 2268 1464 3090 2181 512 943 1592 2556 3386 3336 3603 2510 902 738 1988 1186 3155 1897 2480 3249 1405 1747 3268 2195 1152 2948 1006 1148 3259 1437 2309 1286 2981 1328 2654 1365 1230 1096 2564 3164 2924 1098 2648 1992 2861 1377 3005 1159 2206 2900 2787 2003 2443 2826 3725 1517 2892 2754 952 1103 1637 2284 1831 1664 3138 2272 1486 1676 3053 1686 2356 2504 1847 1499 1647 1348 1995 3451 838 2882 2548 2088 1406 2404 2322 1741 1262 1464 2915 2616 3311 2092 1437 3773 1558 2382 2186 2171 3364 3542 2067 2806 2726 799 1785 2830 2043 2762 2915 2691 1506 1316 1198 2365 2435 3135 1887 3228 2275 1603 2479 1385 2610 1397 3261 1697 1388 2263 2750 2400 3327 3622 2437 2217 2038 1755 2144 1326 1735 1077 2438
1657 2171 969 1665 1805 2219 2400 1558 1301 1009 765 2052 2113 930 727 1008 1731 1867 1324 2051 360 1469 1781 1109 1874 731 774 1159 1749 1778 1129 993 1503 2289 1789 1562 2613 1849 1925 2291 1980 1304 2568 1532 2637 2011 932 1301 2231 1409 1330 2149 2020 1286 1927 1771 1303 1915 1440 1648 2131 1164 2228 1986 1024 1892 916 1730 1922 2354 1897 1499 1611 1670 1690 2163 2311 1965 1134 2670 1926 2391 2364 1859 1676 929 1484 1273 1630 1578 1923 1468 2126 1286 1899 2159 825 1461 1696 1903 1977 1406 1509 1725 750 1524 2033 840 926 1884 1510 1534 1581 521 2608 1779 1557 2492 2237 2085 618 1914 2164 2032 1303 2079 1297 2120 1146 1475 1297 1636 1019 1538 1310 1798 1354 2013 701 1313 1161 818 770 1197 2071 2302 1561 1072 1486 2420 1974 922 1398 1420 1834 2035 924 2343 1401 1266 852 1747 2213 2171 1153 1085 513 1814 1610 1988 1699 2139 1380 1499 1717 1673 1164 1050 1267 2486 2056 1374 1537 2152 1751 1107 1288 748 1844 2006 688 2003 1878 1658 2389 1182 466 1072 1322 1158 914 2321 1240 2156 795 1899 1116 2803 694 1142 871 1584 2227 2439 2888 1155 1069 669 1553 1771 2204 1944 1658 2246 1852 903 1805 2059 678 2324 1284
719 2440 1033 2110 883 1463 1953 2262 1924 2108 1354 2990 3050 2034 1833 2045 631 876 1301 983 1469 360 1665 2214 1077 1098 1055 1057 724 771 1105 1392 2253 1248 2773 2636 2733 1686 1707 3301 2662 2105 2427 2088 2592 913 1686 2409 1333 2450 2152 1056 931 2055 2039 2677 811 2359 1595 1906 3181 2154 1391 2375 1663 786 1546 783 1737 1246 2844 913 2172 2083 597 2375 1751 2724 1937 1565 2951 2410 1281 809 2634 1821 2395 1796 1991 981 1796 1287 2525 1830 834 1089 1040 2181 2790 2716 2983 2129 566 619 1367 1057 2565 1274 1957 2633 1258 1567 2690 1601 1515 2348 890 1420 2688 1259 1722 1055 2440 1159 2204 1212 902 1108 2088 2569 2384 1062 2035 1457 2239 1044 2392 1053 1679 2377 2172 1380 1843 2211 3110 1437 2275 2182 686 1350 1329 1661 1578 1122 2526 1833 922 1551 2440 1391 1736 1951 1590 1348 1041 856 1393 2833 728 2322 1981 1729 1178 1820 1788 1278 665 1024 2364 2242 2707 1788 952 3152 1159 1761 1835 1661 2741 2919 1449 2261 2168 552 1640 2279 1480 2178 2390 2069 915 1351 589 1944 1827 2530 1517 2795 1662 1249 1865 928 2156 1468 2844 1351 919 1653 2142 2171 2741 3015 2159 1865 1587 1132 1660 1176 1167 1265 1826
1359 1198 1930 3012 2180 1257 1042 1493 2687 2077 2041 2334 2379 2058 1941 1870 1697 2149 2376 2158 1781 1665 360 2183 1228 1633 1650 1102 2000 2050 2118 1153 1546 1780 2245 2361 1429 436 526 2736 1729 2724 1179 2911 1306 2032 2328 2461 1472 2133 2752 2152 1782 2703 774 2039 1236 1268 742 2911 2732 1841 1375 1231 2390 1796 2261 2083 506 2104 2233 2167 1276 3005 1665 1111 1071 1867 1483 2296 2474 1106 1952 1613 2092 1567 1854 1128 975 2250 508 2440 1356 2644 2049 1790 1760 2875 2569 1932 2458 2820 1868 1811 1392 2293 1501 1305 2314 1788 2439 2658 2606 1767 2165 1385 2167 1998 1531 1306 1874 1316 1203 1359 2719 1364 2060 1628 2558 2390 2558 2334 1824 615 1786 1176 2086 1491 2122 2620 1889 1326 1845 1918 2640 1454 1512 2252 1969 1942 1033 1381 2592 911 1643 615 1705 1369 2122 2403 1544 793 1084 1332 1118 1848 1628 2367 2033 1146 885 817 2319 890 594 779 1618 1991 2499 1066 1730 2686 1089 2586 982 1280 2647 2167 2071 2233 1472 1043 999 1771 1339 2431 1877 2181 2622 1674 1614 1642 1601 734 1761 1577 2385 1503 1635 2234 1717 1134 864 1714 1564 2311 1904 1652 1295 3106 1646 2656 3025 875 544 1295 397 1381 1740 1848 1150
2362 2241 1692 1937 2549 2829 2861 1408 1562 473 1400 1490 1548 539 742 682 2469 2615 1949 2801 1109 2214 2183 360 2529 1477 1523 1777 2498 2527 1816 1458 1321 2998 1199 849 2719 2260 2347 1623 1730 1377 2847 1758 2848 2760 1302 639 2892 789 1365 2899 2752 1407 2160 1296 1986 1904 1800 2049 1425 796 2867 2003 1429 2631 1404 2477 2328 3094 1343 2223 1591 1964 2428 2277 2834 1633 1104 3405 1262 2594 3088 2582 1147 976 1085 1448 1774 2296 2298 2108 2104 1621 2649 2882 1572 1556 950 1522 1335 1522 2259 2471 1297 2225 1917 1418 904 1582 2162 2080 841 972 3335 1694 2286 3210 2150 2731 852 2584 2230 2697 1240 2739 2021 2824 1110 732 783 2343 733 1991 965 2450 757 2705 1056 884 745 1330 747 746 1380 2946 1399 504 2232 3138 2568 1166 1915 2005 1608 2428 1674 2958 787 1853 1005 1967 2772 2810 1777 1828 1184 1167 2355 2049 1879 2616 2046 1724 2031 2226 1910 1765 709 2833 1821 1765 2183 1503 2359 1271 1619 1128 1369 1483 1194 2117 2000 2404 2984 675 1128 410 876 948 1661 3003 1984 2532 803 1720 1631 2971 967 1782 828 2240 2512 3117 3071 1755 1804 963 1527 2047 2048 1219 1889 2695 2311 1542 2216 2725 1426 3038 1436
606 2066 1661 2790 1485 751 1272 2200 2558 2415 1924 3026 3079 2362 2182 2276 952 1419 2005 1358 1874 1077 1228 2529 360 1548 1529 1112 1293 1339 1785 1464 2225 927 2870 2857 2241 1209 1186 3396 2523 2695 1832 2746 2028 1222 2264 2774 722 2640 2736 1322 931 2654 1642 2711 933 2107 1379 2607 3334 2325 717 2086 2273 989 2144 1401 1229 1236 2900 1626 2031 2768 938 1976 1049 2634 2013 1439 3082 1898 1090 793 2717 1986 2466 1735 1765 1687 1309 2002 2218 2477 1284 922 1581 2801 3044 2669 3090 2745 1267 1084 1591 1772 2338 1470 2432 2547 1975 2278 3006 1951 1316 2178 1594 1154 2393 573 2081 448 2071 531 2758 570 1612 764 2619 2834 2804 1764 2247 1145 2345 440 2584 624 2172 2827 2360 1562 2142 2397 3250 788 2217 2543 1396 1091 640 1786 2275 917 2413 1290 1472 855 2629 2082 1921 1635 881 663 1111 1503 1743 2965 1403 2006 1706 1089 1891 1620 1434 826 1242 1680 2765 1618 2542 2460 706 3242 611 1796 2482 2180 2760 2935 1694 1909 1854 1074 932 2683 1929 2507 2835 2190 1411 848 1175 1374 2090 2374 2170 2233 1922 1927 2091 650 1629 955 2263 2026 1571 1925 2027 2860 2495 3209 2831 1219 1075 1352 1204 559 1655 991 1766
1302 2185 720 1740 1462 1915 2182 1729 1431 1373 774 2342 2403 1297 1095 1334 1360 1514 1168 1688 731 1098 1633 1477 1548 360 411 913 1388 1421 919 944 1694 1929 2097 1914 2586 1691 1754 2615 2155 1522 2450 1647 2553 1643 1095 1671 1896 1743 1560 1782 1651 1487 1870 2042 977 1987 1359 1644 2473 1467 1906 2039 1133 1521 1000 1380 1762 1983 2189 1197 1719 1731 1320 2154 2059 2173 1333 2299 2255 2321 1996 1494 1971 1165 1753 1338 1652 1283 1781 1278 2188 1376 1535 1793 523 1647 2058 2134 2298 1591 1149 1355 762 1255 2147 751 1253 2086 1303 1431 1951 867 2239 1899 1244 2127 2323 1762 984 1579 2180 1698 1571 1748 1005 1763 1430 1837 1658 1352 1333 1378 1583 1478 1685 1663 984 1662 1475 816 1115 1514 2407 1976 1737 1444 1141 2054 1686 1063 1337 1171 2010 1876 573 2034 1734 1160 1077 1714 1941 1851 901 762 671 2140 1263 2019 1693 1922 1168 1493 1631 1429 793 803 1633 2332 2220 1412 1229 2471 1462 1222 1380 991 2113 2284 795 2005 1886 1287 2091 1547 753 1441 1673 1417 543 1974 869 1999 1113 2050 1112 2735 963 998 1168 1267 2120 2093 2811 1057 772 947 1671 1832 2324 2295 1756 2042 1661 701 1649 1724 473 1960 1359
1273 2220 678 1727 1411 1900 2185 1777 1429 1420 772 2394 2455 1343 1141 1385 1319 1464 1130 1640 774 1055 1650 1523 1529 411 360 921 1339 1371 878 981 1743 1895 2149 1963 2616 1706 1767 2666 2203 1532 2469 1641 2576 1597 1102 1713 1874 1793 1571 1735 1612 1494 1898 2094 961 2028 1387 1622 2523 1518 1887 2078 1131 1479 999 1329 1776 1941 2241 1145 1764 1717 1280 2188 2056 2223 1383 2258 2306 2347 1959 1459 2023 1216 1804 1381 1690 1232 1799 1236 2228 1369 1487 1757 481 1651 2106 2185 2349 1595 1099 1310 809 1206 2191 790 1282 2136 1259 1397 1996 915 2201 1944 1193 2091 2365 1743 1030 1557 2215 1676 1588 1726 954 1732 1451 1884 1695 1302 1384 1395 1635 1461 1736 1635 1010 1696 1526 860 1165 1565 2458 1955 1786 1486 1090 2019 1677 1112 1309 1174 2058 1890 521 2018 1784 1129 1128 1746 1934 1832 908 711 722 2191 1212 2057 1728 1926 1124 1529 1656 1430 750 759 1671 2346 2267 1397 1217 2522 1454 1269 1373 1011 2164 2336 846 2039 1922 1243 2078 1586 789 1486 1707 1468 500 1946 827 2014 1164 2097 1095 2761 1014 964 1219 1252 2141 2066 2835 1029 723 999 1716 1818 2368 2345 1747 2048 1671 726 1665 1701 485 1925 1403
993 1776 1188 2289 1571 1427 1629 1581 1985 1663 1328 2354 2411 1612 1437 1527 1214 1573 1635 1661 1159 1057 1102 1777 1112 913 921 360 1421 1468 1377 737 1582 1614 2166 2113 2121 1151 1208 2698 1969 2062 1921 2201 2043 1565 1642 2026 1474 1902 2096 1706 1434 2032 1403 2037 629 1666 916 2173 2612 1588 1451 1688 1686 1364 1554 1472 1220 1795 2216 1469 1476 2278 1171 1723 1518 2041 1305 2075 2366 1827 1733 1247 2018 1245 1769 1106 1299 1557 1249 1705 1839 1929 1521 1528 1024 2196 2296 2045 2384 2140 1229 1283 840 1582 1869 719 1726 1950 1709 1917 2253 1213 1980 1651 1483 1837 1998 1314 1340 1171 1775 1281 2091 1322 1337 1436 1939 2084 2067 1640 1500 850 1630 1032 1845 1306 1486 2099 1619 810 1390 1657 2532 1530 1595 1795 1302 1766 1176 1052 1851 623 1837 1333 963 1553 1891 1661 1175 1284 1414 1394 377 1112 1015 2248 1392 1642 1299 1368 1584 1126 1150 880 906 1250 2024 1787 2012 1958 766 2545 955 1103 1933 1513 2095 2273 943 1594 1491 1223 1593 1943 1234 1756 2106 1467 872 1592 912 1456 1337 1835 1655 2235 1170 1492 1341 825 1602 1704 2302 1571 1165 1174 1449 2378 2045 2474 2308 1488 1110 616 1112 1309 1026 1663 1137
934 2794 1209 2124 552 1641 2205 2622 2014 2398 1545 3334 3394 2319 2116 2360 701 513 1302 664 1749 724 2000 2498 1293 1388 1339 1421 360 409 1194 1751 2611 1233 3107 2942 3069 2013 2024 3632 3024 2235 2729 2140 2907 666 1846 2669 1444 2768 2285 781 887 2178 2386 3024 1171 2722 1956 1882 3499 2481 1535 2736 1794 727 1696 476 2058 1070 3186 819 2536 2089 717 2725 1982 3083 2286 1389 3276 2739 1191 889 2972 2157 2739 2158 2354 836 2123 1227 2885 1907 518 1053 1288 2279 3084 3072 3314 2231 599 569 1706 950 2929 1621 2176 2993 1176 1518 2964 1895 1382 2712 755 1337 3050 1427 2007 1241 2795 1316 2360 1363 941 1154 2266 2863 2620 892 2355 1806 2578 1288 2710 1165 1902 2597 2495 1726 2144 2534 3432 1558 2635 2450 653 1277 1571 2008 1580 1471 2888 2147 1184 1701 2759 1420 2070 2308 1812 1505 1405 1043 1698 3160 553 2681 2341 2005 1150 2183 2139 1596 971 1164 2610 2530 3071 1830 1272 3485 1443 2117 1912 1868 3089 3266 1780 2616 2526 590 1803 2525 1739 2459 2612 2408 1208 1402 914 2251 2139 2894 1605 3111 1981 1320 2187 1233 2479 1504 3154 1418 1084 1969 2506 2164 3105 3324 2186 2139 1904 1482 1991 1323 1432 1221 2188
981 2844 1227 2114 507 1683 2251 2666 2015 2428 1563 3374 3434 2348 2146 2394 747 465 1296 645 1778 771 2050 2527 1339 1421 1371 1468 409 360 1201 1795 2654 1259 3145 2975 3119 2063 2074 3669 3070 2241 2778 2136 2956 668 1858 2693 1481 2802 2291 771 916 2183 2436 3064 1219 2770 2005 1868 3534 2518 1574 2785 1802 760 1707 450 2108 1075 3225 811 2582 2078 765 2774 2027 3128 2327 1389 3312 2788 1207 930 3010 2195 2778 2203 2402 818 2173 1213 2934 1907 512 1078 1315 2280 3114 3115 3350 2233 633 615 1745 935 2977 1663 2195 3037 1160 1503 2991 1926 1390 2759 742 1353 3098 1469 2036 1285 2844 1357 2370 1404 947 1188 2279 2893 2641 868 2390 1856 2617 1335 2745 1204 1922 2616 2530 1767 2176 2570 3467 1595 2679 2476 667 1295 1617 2049 1572 1520 2933 2196 1214 1740 2793 1416 2108 2357 1857 1545 1452 1066 1731 3196 554 2730 2390 2053 1142 2231 2188 1646 1009 1179 2632 2578 3117 1826 1322 3522 1492 2160 1912 1887 3130 3306 1818 2666 2576 640 1843 2548 1765 2487 2631 2447 1242 1434 955 2300 2173 2940 1609 3161 2017 1324 2222 1283 2528 1533 3203 1420 1104 2004 2551 2152 3152 3356 2178 2187 1954 1524 2041 1364 1460 1244 2233
1451 2735 560 1368 1164 2176 2577 2275 1189 1735 776 2821 2882 1648 1458 1774 1356 1258 618 1484 1129 1105 2118 1816 1785 919 878 1377 1194 1201 360 1500 2233 1983 2556 2298 3121 2166 2215 3048 2703 1401 2936 1343 3060 1499 1022 1929 2074 2166 1451 1612 1646 1344 2401 2538 1301 2547 1892 1188 2874 1933 2123 2597 960 1483 871 1123 2231 1899 2665 792 2278 1343 1332 2700 2411 2708 1865 2220 2682 2839 1988 1551 2445 1677 2250 1898 2209 850 2266 719 2747 1089 1350 1813 757 1452 2402 2658 2739 1402 1000 1279 1318 769 2706 1309 1395 2624 749 899 2242 1290 2202 2457 864 2133 2883 1984 1362 1781 2731 1892 1530 1946 613 1852 1445 2188 1845 889 1788 1867 2077 1734 2113 1797 1140 1805 1929 1375 1532 1965 2820 2175 2282 1734 902 2066 1999 1608 856 1593 2556 2343 776 2276 2159 660 1592 2256 2266 2075 1360 647 1167 2573 1006 2575 2244 2328 614 2046 2153 1831 912 487 1849 2791 2771 1042 1549 2913 1792 1776 1094 1087 2611 2775 1335 2554 2438 1229 2357 1768 1067 1769 1821 1919 868 2097 970 2465 1564 2603 778 3250 1450 503 1639 1559 2620 2213 3319 605 582 1428 2228 1435 2883 2675 1414 2458 2109 1234 2128 1912 864 1991 1919
1371 1601 1299 2270 1881 1736 1798 1230 1922 1345 1305 1979 2036 1308 1163 1178 1580 1900 1751 2012 993 1392 1153 1458 1464 944 981 737 1751 1795 1500 360 1221 1987 1789 1752 2013 1224 1304 2320 1639 1937 1935 2151 2010 1925 1556 1723 1823 1535 1962 2068 1810 1920 1307 1662 1002 1411 808 2209 2238 1220 1784 1457 1632 1734 1509 1785 1297 2171 1839 1708 1166 2269 1536 1574 1744 1692 928 2452 1990 1768 2109 1624 1640 882 1392 778 1069 1798 1292 1856 1607 1893 1866 1905 1103 2094 1942 1684 2007 2039 1536 1636 603 1796 1585 553 1522 1601 1875 2014 1921 975 2357 1347 1739 2212 1748 1655 1087 1531 1596 1636 1926 1672 1540 1809 1765 1735 1794 1876 1146 921 1253 1384 1479 1676 1333 1845 1255 534 1086 1292 2157 1866 1243 1500 1583 2141 1473 681 1914 916 1499 1408 1102 1865 1524 1742 822 1139 1675 1727 746 1292 842 1872 1690 1435 1111 1542 1742 910 1086 1128 1170 1378 1742 1855 1692 1957 1126 2167 1270 731 1896 1382 1721 1900 679 1422 1303 1572 1887 1667 1094 1445 1849 1092 1019 1952 1205 1526 1015 1516 1668 2182 863 1582 998 1190 1594 2060 2264 1637 1325 876 1127 2370 1764 2105 2273 1638 1243 646 1179 1664 1027 2038 805
2200 1308 2044 2741 2733 2396 2200 448 2357 1264 1908 1164 1215 1306 1342 1038 2436 2758 2455 2873 1503 2253 1546 1321 2225 1694 1743 1582 2611 2654 2233 1221 360 2783 1062 1264 1782 1617 1703 1553 837 2248 2004 2581 1959 2784 2010 1574 2555 1054 2251 2926 2649 2261 1346 856 1852 956 1226 2772 1549 886 2486 1060 2126 2586 2040 2640 1668 3009 1050 2523 677 2757 2393 1363 2258 840 730 3273 1292 1714 2924 2461 911 935 695 850 959 2612 1607 2589 1146 2375 2727 2727 1854 2430 1473 823 1272 2385 2391 2497 1298 2589 958 1357 1744 752 2623 2677 1588 1363 3166 735 2564 3011 1190 2380 1366 2305 1295 2391 2151 2416 2337 2608 1999 1348 1744 2684 988 1471 723 2149 1028 2468 1725 1846 936 1259 1212 938 1456 2569 437 1451 2426 2944 2140 990 2540 1677 692 1736 1895 2520 1045 2407 1011 1177 2258 2433 1594 2091 1428 1190 2538 1123 1071 2001 2488 1016 1326 1790 2017 2129 1669 2050 916 2489 1921 1402 1989 853 2376 1802 897 1070 1260 1216 1117 2433 2507 1635 1598 1349 1838 758 1827 2707 2060 1808 1129 776 2255 2054 1169 2274 1038 1987 1701 2802 2158 2297 2106 1195 630 2852 1102 1494 2715 2036 1721 1491 1584 2419 1729 2841 819
876 2612 1921 2969 1391 999 1640 2762 2809 2886 2237 3580 3634 2824 2631 2773 986 1288 2145 1112 2289 1248 1780 2998 927 1929 1895 1614 1233 1259 1983 1987 2783 360 3412 3365 2739 1751 1713 3941 3091 2994 2274 2964 2487 990 2572 3224 724 3155 3040 1005 708 2943 2191 3263 1374 2672 1946 2742 3865 2842 850 2647 2551 873 2433 1347 1759 753 3450 1681 2598 2938 1012 2517 1391 3200 2550 875 3617 2395 543 802 3261 2499 3010 2292 2333 1708 1843 2091 2776 2711 1131 540 1908 3068 3542 3232 3631 3016 1351 1075 2073 1820 2904 1955 2818 3113 2045 2383 3480 2395 749 2746 1623 588 2951 848 2524 842 2618 781 3088 781 1753 537 2967 3326 3226 1766 2750 1712 2880 998 3098 675 2543 3231 2873 2056 2612 2911 3784 816 2779 2992 1471 523 1120 2306 2427 1466 2980 1800 1789 983 3145 2251 2427 2198 1232 862 1608 1744 2181 3500 1413 2565 2272 1542 2002 2188 1996 1392 1528 1911 3197 2040 3110 2658 1226 3788 1177 2337 2717 2534 3315 3492 2173 2463 2415 1116 1092 3112 2322 2970 3242 2719 1758 580 1448 1861 2572 2942 2399 2687 2402 2124 2587 1161 2129 645 2700 2226 1807 2401 2592 3020 3058 3728 3025 1650 1613 1821 1753 759 2018 429 2324
2800 1920 2397 2776 3198 3076 2902 1127 2402 1230 2161 651 708 1314 1472 1142 2992 3243 2729 3394 1789 2773 2245 1199 2870 2097 2149 2166 3107 3145 2556 1789 1062 3412 360 794 2364 2318 2404 891 1166 2208 2669 2595 2595 3324 2127 1315 3215 773 2192 3467 3237 2243 2037 610 2427 1571 1909 2885 847 991 3156 1674 2254 3151 2212 3113 2370 3597 515 2922 1364 2804 2948 1997 2957 999 1222 3881 591 2364 3539 3052 514 1311 765 1511 1659 3004 2309 2882 1708 2458 3242 3335 2235 2384 933 862 579 2354 2872 3029 1765 2954 1458 1863 1743 1005 2929 2891 1148 1627 3785 1346 2976 3638 1672 3041 1556 2945 1906 3040 2057 3071 2722 3234 1942 951 1516 3064 1130 2151 897 2792 816 3098 1859 1633 988 1756 1384 951 754 3239 1107 1337 2878 3568 2815 1481 2731 2314 1119 2438 2311 3202 776 2647 1397 1876 2950 3101 2175 2495 1788 505 2999 1758 1770 2702 2803 1715 2028 2460 2496 2479 1444 2737 1249 2600 2545 740 2647 1435 2457 1937 638 664 1687 1870 1790 2963 3196 1459 1850 1248 1617 1065 2266 3359 2556 2508 1355 1246 2442 2658 1495 2552 1290 2611 2386 3460 2764 2542 2490 1511 1327 2885 1514 822 2726 2738 2418 2007 2283 3069 2090 3465 1482
