140 2174 2564 1004 2863 2613 2432 990 2508 1209 2125 2934 2030 553 2252 1528 1343 770 1911 922 2390 2091 2098 1933 2409 2183 2427 867 811 2544 1566 836 1030 1923 2150 1295 2064 776 1900 1116 1421 382 609 1588 2510 2646 1273 854 2810 1313 2093 1822 2223 1547 2969 635 1896 1768 2262 531 2112 743 738 1024 1785 796 583 2523 399 2070 1944 1573 3222 2184 822 2440 1759 1512 1033 2148 1362 2355 813 2383 328 952 941 979 2225 1422 1845 2182 1613 1044 1511 838 2565 1937 853 784
2274 360 1503 3077 2298 1202 1807 2318 948 2160 1185 1930 3165 2008 1022 1580 3087 2016 769 1788 2240 2159 3243 1373 1094 473 2465 2678 2936 1316 2975 2965 1840 2870 2180 1617 1289 2383 1707 2691 2432 2194 2728 1174 2374 1518 1700 2685 1930 2050 734 1672 2513 1909 2012 1933 2752 1046 3301 2355 2826 1797 2424 2670 3273 1973 2019 1093 2327 3008 2373 2817 2307 2736 2500 2788 3046 1256 1993 750 1815 1123 2896 2341 2385 2894 2296 2948 983 2763 1118 1032 1711 1548 2887 2911 1142 1207 2534 1752
2664 1503 360 3529 1189 772 814 2292 1002 2022 2320 805 2692 2376 2166 2552 3000 2199 1841 2486 1343 1442 2757 995 773 1389 1593 3278 3213 572 2712 3253 2608 2373 1427 1643 861 3022 1171 2621 2154 2658 3023 1377 1436 450 1686 3276 787 1866 1870 1216 1766 1595 879 2295 2242 1233 2742 2895 2211 2230 2534 2649 2982 2636 2558 830 2619 2465 1772 2508 1179 2059 3133 1985 2691 1434 2768 1893 1671 2262 3337 1468 2711 3442 2300 3052 897 2529 2194 877 1415 1910 2631 3116 802 2309 2589 2210
1104 3077 3529 360 3791 3572 3382 1803 3455 2075 2868 3893 2617 1516 3038 2189 1726 1710 2765 1681 3292 2986 2668 2896 3369 3100 3295 881 868 3508 2119 831 1700 2611 3045 2254 3029 1142 2845 1733 2204 1258 947 2549 3402 3610 2226 861 3766 2206 2937 2769 3061 2466 3926 1598 2624 2727 2853 1086 2850 1689 1501 1638 2228 1497 1418 3480 1286 2735 2787 2214 4172 2961 1052 3240 2329 2475 1606 2987 2297 3123 551 3269 1186 661 1765 1285 3183 2060 2619 3142 2557 2002 2101 1053 3523 2679 1542 1722
2963 2298 1189 3791 360 1594 881 2383 1832 2096 3089 935 2352 2712 2958 3205 2933 2453 2589 2995 913 1206 2397 1459 1593 2186 1071 3657 3385 1401 2546 3428 3144 2061 1152 1961 1439 3445 1336 2619 2082 3011 3225 1916 880 1216 1961 3649 808 1952 2650 1417 1346 1685 866 2641 1945 1846 2321 3268 1819 2629 2676 2678 2758 3109 2969 1660 2869 2095 1514 2336 869 1637 3544 1439 2452 1933 3294 2679 1861 3062 3607 1000 2971 3775 2411 3119 1675 2415 2924 1630 1615 2339 2483 3247 1630 3050 2682 2627
2713 1202 772 3572 1594 360 1213 2467 625 2222 2025 1120 3012 2420 1846 2366 3215 2300 1589 2414 1738 1794 3081 1161 564 1095 1988 3262 3313 566 2974 3350 2512 2693 1789 1759 999 2987 1443 2822 2405 2678 3113 1385 1840 738 1821 3263 1165 2073 1576 1463 2137 1828 1208 2338 2563 1205 3085 2894 2559 2245 2673 2835 3257 2582 2548 472 2699 2799 2104 2779 1490 2419 3102 2372 2979 1464 2673 1587 1851 1930 3382 1860 2782 3449 2466 3207 750 2778 1948 791 1625 1930 2889 3238 421 2047 2748 2215
2532 1807 814 3382 881 1213 360 2035 1407 1750 2579 911 2277 2262 2458 2685 2683 2031 2076 2496 889 1018 2338 943 1149 1697 1139 3201 3012 1006 2352 3054 2640 1961 992 1502 918 2974 898 2326 1819 2559 2837 1401 986 885 1518 3195 756 1594 2146 972 1320 1313 919 2187 1832 1324 2310 2811 1778 2157 2309 2369 2605 2620 2497 1246 2456 2040 1359 2142 1151 1618 3077 1531 2306 1424 2793 2179 1449 2567 3193 1014 2555 3337 2054 2796 1190 2185 2405 1135 1185 1853 2276 2893 1231 2534 2339 2150
1090 2318 2292 1803 2383 2467 2035 360 2448 648 2583 2580 1463 1028 2636 2166 1132 755 2207 1605 1861 1553 1539 1678 2272 2281 1851 1812 1363 2339 1082 1407 1766 1306 1612 1088 1837 1713 1506 734 790 1243 1219 1532 1963 2381 1014 1797 2432 801 2387 1445 1620 1082 2595 1023 1268 1706 1682 1475 1481 1151 662 728 1367 1580 1341 2404 953 1459 1344 1006 2808 1555 1771 1819 1229 1444 1840 2444 982 2756 1633 1829 1048 1856 411 1123 2119 883 2295 2056 1237 1189 1002 1224 2434 2420 663 1196
2608 948 1002 3455 1832 625 1407 2448 360 2225 1766 1383 3095 2318 1582 2142 3212 2235 1347 2244 1913 1925 3168 1204 620 847 2160 3114 3232 791 3009 3267 2329 2780 1929 1722 1053 2830 1526 2814 2440 2557 3028 1302 2028 988 1793 3117 1416 2085 1320 1528 2279 1866 1470 2236 2652 1118 3188 2757 2672 2128 2626 2816 3300 2420 2411 533 2613 2897 2211 2823 1754 2546 2946 2530 3035 1388 2488 1327 1852 1665 3266 2031 2690 3311 2440 3163 695 2805 1703 765 1656 1825 2922 3173 571 1796 2713 2093
1309 2160 2022 2075 2096 2222 1750 648 2225 360 2525 2296 1439 1159 2549 2192 1352 848 2105 1685 1579 1272 1518 1423 2032 2110 1585 2036 1648 2082 1175 1692 1853 1209 1331 902 1584 1900 1225 961 671 1424 1496 1349 1687 2112 819 2023 2146 516 2276 1168 1374 797 2309 1124 1136 1508 1629 1675 1321 1214 941 987 1473 1700 1477 2166 1183 1367 1095 1029 2519 1358 1972 1598 1263 1264 1951 2333 733 2672 1898 1554 1285 2104 675 1406 1891 963 2243 1825 967 1139 1087 1512 2192 2376 951 1248
2225 1185 2320 2868 3089 2025 2579 2583 1766 2525 360 2753 3601 2051 591 1056 3288 2203 868 1576 2951 2808 3681 2064 1917 1296 3152 2382 2886 2139 3301 2904 1529 3343 2842 2032 2028 2092 2358 2928 2832 2108 2692 1698 3093 2341 2110 2396 2745 2465 811 2302 3142 2423 2834 2003 3242 1668 3777 2166 3365 1850 2577 2877 3591 1745 1905 1918 2360 3496 2948 3188 3131 3314 2196 3424 3422 1745 1630 798 2264 624 2716 3037 2379 2620 2546 3030 1787 3094 650 1823 2264 1758 3218 2921 1966 550 2708 1798
3034 1930 805 3893 935 1120 911 2580 1383 2296 2753 360 2789 2753 2588 2997 3233 2546 2282 2910 1332 1542 2845 1370 1195 1817 1557 3676 3544 973 2896 3586 3039 2479 1506 1999 1267 3430 1434 2877 2369 3043 3363 1795 1369 771 2028 3672 528 2140 2301 1500 1796 1859 448 2674 2352 1665 2796 3288 2271 2624 2846 2918 3142 3053 2959 1213 2971 2543 1884 2686 737 2099 3539 1952 2840 1842 3198 2320 1979 2679 3703 1452 3068 3828 2596 3342 1339 2734 2636 1322 1714 2308 2822 3431 1171 2749 2883 2609
2130 3165 2692 2617 2352 3012 2277 1463 3095 1439 3601 2789 360 2130 3614 3255 1283 1852 3166 2708 1825 1619 439 2252 2858 3098 1642 2800 2108 2828 858 2146 2869 679 1647 1943 2402 2766 1933 1284 1129 2318 2075 2356 1831 2777 1860 2781 2621 1500 3329 1927 1367 1618 2763 2126 810 2482 597 2521 893 2248 1652 1382 853 2681 2439 2991 1994 618 1281 821 2859 1077 2802 1325 648 2282 2941 3385 1720 3738 2497 1717 2067 2773 1513 1696 2767 967 3322 2694 1824 2217 887 1924 3001 3455 1539 2290
653 2008 2376 1516 2712 2420 2262 1028 2318 1159 2051 2753 2130 360 2152 1536 1610 671 1776 946 2264 1976 2205 1747 2216 2009 2328 1304 1289 2352 1718 1320 1101 1966 2033 1120 1875 1117 1739 1288 1429 659 1081 1395 2392 2456 1110 1297 2635 1225 1960 1659 2151 1422 2792 442 1915 1575 2350 917 2114 574 904 1218 1979 913 680 2330 682 2121 1875 1671 3051 2157 1203 2391 1886 1319 1172 2017 1221 2262 1324 2271 738 1435 978 1343 2033 1537 1763 1989 1457 853 1647 1268 2372 1871 1039 623
2352 1022 2166 3038 2958 1846 2458 2636 1582 2549 591 2588 3614 2152 360 1257 3365 2271 811 1725 2862 2743 3694 1976 1756 1136 3074 2564 3021 1975 3345 3042 1699 3343 2773 2032 1920 2270 2289 2992 2850 2241 2822 1656 3000 2179 2113 2577 2593 2473 677 2239 3087 2401 2672 2096 3236 1594 3778 2323 3343 1943 2659 2949 3639 1903 2040 1742 2469 3492 2911 3217 2965 3278 2377 3368 3452 1714 1815 639 2259 484 2878 2955 2498 2800 2602 3135 1643 3134 778 1687 2227 1806 3259 3043 1788 742 2787 1891
1628 1580 2552 2189 3205 2366 2685 2166 2142 2192 1056 2997 3255 1536 1257 360 2782 1770 1172 969 2934 2721 3333 2107 2205 1662 3089 1691 2260 2417 2881 2272 869 3042 2768 1811 2136 1407 2317 2463 2500 1506 2079 1656 3078 2599 1870 1706 2945 2180 1278 2243 3008 2232 3067 1514 2962 1722 3458 1511 3125 1375 2080 2395 3152 1103 1308 2254 1804 3199 2770 2808 3365 3115 1506 3285 3034 1658 943 1310 2035 1320 2047 2992 1799 1930 2120 2464 2031 2689 868 2037 2131 1431 2806 2322 2305 876 2216 1329
1443 3087 3000 1726 2933 3215 2683 1132 3212 1352 3288 3233 1283 1610 3365 2782 360 1456 2952 2177 2381 2092 1322 2415 3025 3053 2284 1996 1224 3072 811 1256 2311 1372 2142 1858 2577 2040 2190 759 1225 1673 1247 2305 2444 3090 1782 1975 3074 1503 3135 2144 2006 1765 3234 1648 1435 2477 1511 1804 1646 1800 1071 779 862 2086 1849 3159 1345 1456 1784 987 3406 1803 2045 2093 1006 2216 2334 3192 1725 3482 1633 2310 1376 1922 1150 806 2880 879 2997 2815 1955 1929 838 1042 3185 3113 939 1851
870 2016 2199 1710 2453 2300 2031 755 2235 848 2203 2546 1852 671 2271 1770 1456 360 1856 1219 1982 1686 1929 1563 2097 1996 2030 1582 1377 2204 1475 1416 1383 1668 1745 916 1708 1420 1496 1084 1125 948 1184 1293 2105 2284 878 1571 2416 919 2039 1419 1844 1138 2577 641 1610 1477 2064 1205 1805 756 767 1038 1755 1215 989 2221 785 1824 1567 1399 2822 1846 1499 2081 1624 1207 1470 2097 952 2388 1521 1980 883 1682 711 1297 1925 1279 1913 1871 1207 835 1397 1299 2258 2035 882 800
2011 769 1841 2765 2589 1589 2076 2207 1347 2105 868 2282 3166 1776 811 1172 2952 1856 360 1448 2443 2307 3245 1556 1453 860 2646 2334 2683 1675 2908 2707 1474 2892 2339 1582 1521 2036 1855 2571 2403 1912 2478 1208 2585 1871 1665 2342 2260 2025 544 1801 2646 1950 2360 1712 2785 1162 3327 2039 2893 1562 2255 2533 3203 1635 1722 1477 2099 3041 2464 2774 2659 2830 2150 2928 3008 1264 1618 601 1809 935 2592 2530 2141 2559 2177 2753 1304 2696 718 1331 1779 1383 2821 2683 1528 828 2378 1512
1022 1788 2486 1681 2995 2414 2496 1605 2244 1685 1576 2910 2708 946 1725 969 2177 1219 1448 360 2627 2371 2784 1921 2221 1829 2739 1250 1672 2403 2305 1688 528 2525 2424 1434 2003 955 2034 1873 1980 901 1482 1476 2767 2552 1468 1257 2823 1710 1616 1953 2608 1832 2966 942 2460 1613 2923 959 2645 831 1484 1800 2564 547 700 2308 1196 2682 2346 2252 3251 2664 1072 2869 2470 1436 660 1666 1622 1819 1515 2661 1191 1471 1556 1855 2032 2122 1308 2011 1790 1029 2233 1720 2357 1386 1619 799
2490 2240 1343 3292 913 1738 889 1861 1913 1579 2951 1332 1825 2264 2862 2934 2381 1982 2443 2627 360 667 1877 1247 1653 2136 610 3203 2864 1532 1993 2908 2787 1523 609 1554 1311 3017 977 2074 1535 2561 2715 1649 504 1412 1533 3193 1165 1446 2544 1051 823 1204 1299 2200 1402 1644 1824 2820 1300 2215 2160 2137 2211 2716 2547 1761 2382 1574 960 1783 1405 1126 3107 1003 1905 1636 2927 2585 1403 2978 3113 485 2485 3300 1893 2580 1655 1862 2740 1589 1197 1958 1929 2719 1751 2875 2154 2223
2191 2159 1442 2986 1206 1794 1018 1553 1925 1272 2808 1542 1619 1976 2743 2721 2092 1686 2307 2371 667 360 1680 1146 1670 2064 730 2908 2557 1598 1723 2600 2534 1303 418 1297 1256 2732 815 1773 1236 2270 2408 1474 779 1524 1264 2898 1375 1143 2428 866 717 914 1526 1916 1174 1508 1660 2529 1129 1941 1853 1834 1961 2447 2267 1794 2080 1384 702 1512 1675 984 2819 989 1658 1443 2668 2474 1121 2864 2808 655 2182 3000 1586 2276 1627 1577 2576 1555 951 1705 1654 2412 1795 2714 1847 1953
2198 3243 2757 2668 2397 3081 2338 1539 3168 1518 3681 2845 439 2205 3694 3333 1322 1929 3245 2784 1877 1680 360 2325 2929 3175 1686 2862 2160 2896 913 2197 2945 748 1706 2022 2475 2834 2004 1349 1209 2389 2133 2435 1877 2841 1940 2843 2676 1580 3409 2000 1416 1695 2816 2202 878 2559 548 2589 938 2325 1722 1445 866 2755 2513 3061 2063 662 1345 894 2905 1120 2869 1354 704 2360 3015 3464 1800 3818 2553 1766 2135 2831 1588 1744 2840 1037 3401 2767 1901 2297 950 1975 3071 3534 1606 2367
2033 1373 995 2896 1459 1161 943 1678 1204 1423 2064 1370 2252 1747 1976 2107 2415 1563 1556 1921 1247 1146 2325 360 980 1278 1459 2665 2578 1021 2176 2618 2061 1938 1167 1007 522 2422 700 2024 1606 2035 2387 817 1388 1080 1053 2662 1265 1272 1659 686 1502 1029 1416 1667 1811 761 2353 2278 1848 1614 1906 2042 2463 2054 1949 1116 1983 2060 1386 1985 1692 1739 2530 1775 2192 845 2216 1701 1056 2094 2705 1338 2076 2819 1681 2431 875 1977 1861 802 823 1299 2090 2484 1136 1995 1967 1600
2509 1094 773 3369 1593 564 1149 2272 620 2032 1917 1195 2858 2216 1756 2205 3025 2097 1453 2221 1653 1670 2929 980 360 981 1899 3063 3110 582 2797 3146 2325 2541 1671 1559 820 2790 1285 2630 2227 2475 2909 1181 1768 783 1623 3064 1199 1886 1466 1295 2022 1650 1277 2134 2412 1002 2943 2693 2423 2042 2473 2640 3083 2387 2347 495 2495 2654 1963 2605 1573 2293 2905 2270 2811 1260 2486 1485 1660 1850 3178 1771 2578 3247 2270 3008 550 2597 1811 587 1443 1726 2711 3036 521 1919 2550 2013
2283 473 1389 3100 2186 1095 1697 2281 847 2110 1296 1817 3098 2009 1136 1662 3053 1996 860 1829 2136 2064 3175 1278 981 360 2364 2716 2938 1203 2924 2969 1893 2798 2084 1569 1185 2424 1615 2656 2374 2210 2731 1120 2269 1405 1651 2722 1816 1994 845 1584 2420 1839 1899 1932 2678 975 3227 2382 2744 1802 2403 2639 3222 2012 2042 985 2324 2934 2289 2760 2195 2649 2541 2693 2987 1205 2048 863 1757 1237 2917 2240 2387 2927 2263 2932 870 2712 1215 921 1637 1536 2836 2905 1035 1311 2509 1759
2527 2465 1593 3295 1071 1988 1139 1851 2160 1585 3152 1557 1642 2328 3074 3089 2284 2030 2646 2739 610 730 1686 1459 1899 2364 360 3250 2843 1782 1870 2887 2903 1358 681 1667 1539 3085 1154 2013 1478 2618 2710 1828 552 1661 1631 3238 1392 1474 2757 1218 644 1274 1515 2271 1248 1844 1613 2875 1108 2305 2153 2087 2061 2812 2626 2010 2407 1384 876 1666 1579 926 3169 758 1757 1804 3035 2800 1483 3192 3122 488 2509 3329 1890 2528 1893 1766 2929 1826 1321 2074 1816 2687 2000 3066 2129 2319
967 2678 3278 881 3657 3262 3201 1812 3114 2036 2382 3676 2800 1304 2564 1691 1996 1582 2334 1250 3203 2908 2862 2665 3063 2716 3250 360 1177 3226 2312 1163 1229 2726 2967 2060 2778 658 2683 1875 2242 1005 1109 2265 3327 3353 2055 382 3565 2136 2496 2602 3050 2359 3720 1376 2709 2429 3036 749 2929 1411 1538 1777 2486 1065 1080 3162 1219 2867 2771 2356 3986 3008 546 3267 2517 2203 1111 2542 2163 2642 800 3202 1124 599 1764 1558 2873 2200 2148 2843 2401 1729 2272 1331 3208 2195 1629 1428
911 2936 3213 868 3385 3313 3012 1363 3232 1648 2886 3544 2108 1289 3021 2260 1224 1377 2683 1672 2864 2557 2160 2578 3110 2938 2843 1177 360 3222 1610 403 1752 2110 2615 1932 2725 1307 2475 1235 1733 1140 567 2295 2964 3299 1887 1154 3406 1793 2865 2404 2597 2068 3568 1366 2130 2478 2344 1121 2356 1498 1068 1144 1726 1517 1342 3231 979 2230 2329 1711 3796 2475 1273 2759 1821 2212 1712 2919 1925 3122 772 2829 910 1064 1333 778 2933 1558 2611 2883 2190 1772 1594 545 3269 2697 1074 1543
2644 1316 572 3508 1401 566 1006 2339 791 2082 2139 973 2828 2352 1975 2417 3072 2204 1675 2403 1532 1598 2896 1021 582 1203 1782 3226 3222 360 2811 3260 2515 2508 1589 1652 863 2960 1269 2684 2245 2622 3025 1323 1633 563 1707 3226 988 1929 1688 1298 1936 1673 1057 2269 2378 1157 2893 2849 2365 2189 2562 2703 3090 2563 2506 618 2615 2610 1914 2612 1351 2221 3073 2167 2806 1393 2676 1706 1717 2068 3316 1655 2703 3402 2342 3090 747 2620 2032 753 1477 1870 2728 3136 590 2141 2628 2164
1666 2975 2712 2119 2546 2974 2352 1082 3009 1175 3301 2896 858 1718 3345 2881 811 1475 2908 2305 1993 1723 913 2176 2797 2924 1870 2312 1610 2811 360 1649 2458 922 1767 1717 2337 2298 1904 809 929 1868 1580 2163 2041 2801 1634 2293 2731 1293 3083 1873 1587 1506 2887 1729 995 2317 1094 2053 1199 1866 1199 902 658 2253 2009 2932 1536 1005 1393 570 3034 1362 2326 1650 570 2079 2512 3140 1531 3466 2000 1910 1599 2278 1124 1200 2674 572 3014 2604 1714 1903 448 1426 2952 3140 1073 1913
936 2965 3253 831 3428 3350 3054 1407 3267 1692 2904 3586 2146 1320 3042 2272 1256 1416 2707 1688 2908 2600 2197 2618 3146 2969 2887 1163 403 3260 1649 360 1763 2152 2658 1971 2764 1306 2517 1277 1777 1161 599 2330 3008 3339 1927 1140 3447 1836 2889 2446 2640 2110 3610 1398 2172 2514 2382 1128 2398 1527 1111 1186 1759 1530 1361 3267 1013 2271 2372 1751 3838 2518 1266 2802 1859 2248 1719 2944 1966 3141 747 2873 941 1039 1376 813 2969 1599 2630 2919 2232 1805 1633 583 3306 2714 1118 1572
1130 1840 2608 1700 3144 2512 2640 1766 2329 1853 1529 3039 2869 1101 1699 869 2311 1383 1474 528 2787 2534 2945 2061 2325 1893 2903 1229 1752 2515 2458 1763 360 2690 2587 1597 2134 932 2189 2022 2146 1008 1573 1609 2927 2671 1633 1240 2957 1878 1630 2108 2775 1998 3097 1104 2627 1735 3085 1003 2813 998 1629 1944 2712 596 822 2404 1325 2847 2514 2411 3385 2832 1042 3037 2627 1576 521 1675 1788 1783 1548 2823 1308 1462 1716 1969 2137 2279 1281 2122 1951 1190 2388 1818 2454 1339 1764 968
2023 2870 2373 2611 2061 2693 1961 1306 2780 1209 3343 2479 679 1966 3343 3042 1372 1668 2892 2525 1523 1303 748 1938 2541 2798 1358 2726 2110 2508 922 2152 2690 360 1334 1673 2087 2655 1615 1238 904 2188 2040 2067 1542 2458 1593 2709 2311 1240 3051 1613 1076 1320 2456 1949 490 2184 795 2413 638 2055 1549 1334 1065 2519 2284 2673 1883 517 963 762 2565 812 2705 1093 766 1997 2777 3105 1443 3467 2471 1422 1968 2731 1357 1722 2454 912 3069 2381 1521 1982 898 1930 2683 3205 1459 2093
2250 2180 1427 3045 1152 1789 992 1612 1929 1331 2842 1506 1647 2033 2773 2768 2142 1745 2339 2424 609 418 1706 1167 1671 2084 681 2967 2615 1589 1767 2658 2587 1334 360 1350 1269 2789 844 1827 1289 2328 2467 1512 720 1507 1318 2956 1338 1201 2457 901 710 971 1487 1973 1206 1539 1678 2587 1146 1997 1911 1889 2000 2502 2324 1793 2139 1407 739 1557 1627 992 2877 970 1696 1484 2722 2502 1177 2893 2867 598 2241 3059 1645 2332 1637 1626 2614 1566 1000 1757 1700 2469 1792 2751 1904 2009
1395 1617 1643 2254 1961 1759 1502 1088 1722 902 2032 1999 1943 1120 2032 1811 1858 916 1582 1434 1554 1297 2022 1007 1559 1569 1667 2060 1932 1652 1717 1971 1597 1673 1350 360 1153 1844 985 1459 1184 1417 1740 810 1693 1728 443 2054 1876 803 1747 903 1559 780 2034 1045 1570 978 2107 1671 1701 1028 1274 1455 2016 1522 1367 1688 1336 1824 1319 1564 2291 1671 1943 1834 1796 723 1733 1803 593 2156 2064 1586 1431 2195 1078 1808 1397 1505 1762 1337 718 767 1629 1844 1721 1899 1352 1031
2164 1289 861 3029 1439 999 918 1837 1053 1584 2028 1267 2402 1875 1920 2136 2577 1708 1521 2003 1311 1256 2475 522 820 1185 1539 2778 2725 863 2337 2764 2134 2087 1269 1153 360 2526 834 2186 1767 2156 2531 887 1445 941 1204 2776 1183 1434 1604 836 1613 1190 1323 1793 1959 774 2496 2394 1984 1729 2059 2202 2623 2146 2059 956 2123 2205 1522 2144 1611 1866 2636 1879 2350 937 2292 1641 1216 2033 2837 1414 2214 2941 1839 2587 733 2139 1847 661 985 1409 2252 2635 975 1976 2124 1710
876 2383 3022 1142 3445 2987 2974 1713 2830 1900 2092 3430 2766 1117 2270 1407 2040 1420 2036 955 3017 2732 2834 2422 2790 2424 3085 658 1307 2960 2298 1306 932 2655 2789 1844 2526 360 2469 1849 2141 836 1178 2005 3147 3095 1849 668 3327 1980 2197 2388 2905 2177 3478 1176 2622 2162 2998 604 2833 1177 1474 1755 2504 771 837 2884 1134 2803 2628 2309 3752 2894 476 3139 2494 1949 824 2244 1974 2350 1012 3027 1059 889 1663 1628 2600 2159 1853 2572 2196 1484 2246 1425 2932 1904 1588 1184
2000 1707 1171 2845 1336 1443 898 1506 1526 1225 2358 1434 1933 1739 2289 2317 2190 1496 1855 2034 977 815 2004 700 1285 1615 1154 2683 2475 1269 1904 2517 2189 1615 844 985 834 2469 360 1817 1343 2038 2299 1036 1121 1262 989 2676 1291 1068 1973 441 1166 789 1453 1667 1486 1054 2021 2294 1510 1653 1773 1851 2180 2138 1992 1418 1919 1730 1048 1703 1687 1399 2568 1443 1897 1019 2334 2019 911 2409 2658 1044 2019 2809 1522 2269 1207 1718 2134 1133 648 1369 1822 2358 1429 2271 1809 1652
1216 2691 2621 1733 2619 2822 2326 734 2814 961 2928 2877 1284 1288 2992 2463 759 1084 2571 1873 2074 1773 1349 2024 2630 2656 2013 1875 1235 2684 809 1277 2022 1238 1827 1459 2186 1849 1817 360 899 1420 1163 1906 2155 2711 1382 1856 2721 1116 2752 1765 1750 1387 2883 1310 1254 2078 1520 1604 1480 1456 753 458 1050 1811 1567 2763 1086 1366 1497 846 3073 1603 1880 1891 1006 1817 2069 2809 1330 3111 1594 2018 1150 1859 756 876 2483 690 2637 2418 1569 1548 758 1059 2791 2758 624 1506
1521 2432 2154 2204 2082 2405 1819 790 2440 671 2832 2369 1129 1429 2850 2500 1225 1125 2403 1980 1535 1236 1209 1606 2227 2374 1478 2242 1733 2245 929 1777 2146 904 1289 1184 1767 2141 1343 899 360 1667 1617 1617 1615 2244 1101 2227 2209 742 2571 1307 1223 937 2369 1407 846 1761 1318 1905 1052 1510 1075 969 1220 1980 1748 2362 1384 1062 961 747 2545 1127 2201 1398 974 1537 2236 2627 976 2973 2043 1479 1478 2278 840 1411 2105 735 2552 2035 1144 1450 844 1571 2382 2685 1023 1548
482 2194 2658 1258 3011 2678 2559 1243 2557 1424 2108 3043 2318 659 2241 1506 1673 948 1912 901 2561 2270 2389 2035 2475 2210 2618 1005 1140 2622 1868 1161 1008 2188 2328 1417 2156 836 2038 1420 1667 360 944 1659 2687 2736 1409 998 2928 1508 2092 1957 2431 1717 3084 732 2151 1833 2547 619 2360 793 1030 1333 2101 776 563 2584 695 2340 2154 1858 3347 2418 911 2663 2055 1589 1020 2146 1519 2342 1070 2565 660 1144 1192 1321 2288 1712 1831 2250 1756 1112 1808 1179 2627 1919 1156 824
709 2728 3023 947 3225 3113 2837 1219 3028 1496 2692 3363 2075 1081 2822 2079 1247 1184 2478 1482 2715 2408 2133 2387 2909 2731 2710 1109 567 3025 1580 599 1573 2040 2467 1740 2531 1178 2299 1163 1617 944 360 2092 2821 3108 1699 1088 3228 1633 2660 2226 2474 1902 3390 1159 2045 2276 2312 965 2270 1290 917 1066 1737 1337 1147 3029 775 2170 2201 1649 3624 2376 1166 2654 1788 2010 1548 2715 1747 2925 791 2688 703 1058 1182 814 2731 1493 2414 2682 2012 1566 1549 610 3068 2504 955 1336
1688 1174 1377 2549 1916 1385 1401 1532 1302 1349 1698 1795 2356 1395 1656 1656 2305 1293 1208 1476 1649 1474 2435 817 1181 1120 1828 2265 2295 1323 2163 2330 1609 2067 1512 810 887 2005 1036 1906 1617 1659 2092 360 1794 1449 891 2264 1708 1235 1351 970 1803 1111 1850 1313 1954 544 2501 1886 2049 1226 1687 1896 2462 1620 1544 1297 1677 2211 1616 2003 2136 1982 2117 2085 2231 448 1766 1403 1001 1779 2358 1720 1758 2438 1518 2224 999 1952 1462 953 931 907 2075 2231 1337 1600 1780 1201
2610 2374 1436 3402 880 1840 986 1963 2028 1687 3093 1369 1831 2392 3000 3078 2444 2105 2585 2767 504 779 1877 1388 1768 2269 552 3327 2964 1633 2041 3008 2927 1542 720 1693 1445 3147 1121 2155 1615 2687 2821 1794 360 1499 1668 3317 1206 1561 2683 1195 826 1330 1324 2330 1428 1786 1806 2947 1299 2350 2264 2223 2242 2852 2679 1871 2499 1575 1021 1834 1388 1117 3236 943 1937 1781 3066 2723 1533 3116 3225 496 2601 3419 1998 2666 1781 1924 2883 1717 1336 2097 1983 2814 1857 3019 2251 2359
2746 1518 450 3610 1216 738 885 2381 988 2112 2341 771 2777 2456 2179 2599 3090 2284 1871 2552 1412 1524 2841 1080 783 1405 1661 3353 3299 563 2801 3339 2671 2458 1507 1728 941 3095 1262 2711 2244 2736 3108 1449 1499 360 1773 3351 789 1956 1890 1307 1843 1685 853 2375 2327 1299 2824 2971 2292 2307 2622 2739 3071 2705 2632 814 2703 2548 1856 2597 1149 2138 3206 2056 2779 1510 2832 1909 1760 2271 3419 1538 2795 3520 2389 3141 932 2619 2227 922 1505 1986 2721 3203 779 2338 2677 2286
1373 1700 1686 2226 1961 1821 1518 1014 1793 819 2110 2028 1860 1110 2113 1870 1782 878 1665 1468 1533 1264 1940 1053 1623 1651 1631 2055 1887 1707 1634 1927 1633 1593 1318 443 1204 1849 989 1382 1101 1409 1699 891 1668 1773 360 2047 1899 720 1830 909 1508 726 2059 1039 1493 1056 2027 1666 1629 1042 1215 1382 1932 1544 1376 1753 1303 1745 1260 1480 2309 1606 1945 1779 1712 805 1764 1886 524 2237 2037 1556 1400 2180 1008 1746 1466 1422 1838 1404 707 810 1546 1791 1785 1975 1286 1051
954 2685 3276 861 3649 3263 3195 1797 3117 2023 2396 3672 2781 1297 2577 1706 1975 1571 2342 1257 3193 2898 2843 2662 3064 2722 3238 382 1154 3226 2293 1140 1240 2709 2956 2054 2776 668 2676 1856 2227 998 1088 2264 3317 3351 2047 360 3561 2124 2505 2595 3037 2349 3715 1369 2693 2429 3017 744 2913 1408 1521 1758 2465 1071 1079 3163 1205 2850 2758 2337 3981 2993 560 3253 2498 2201 1125 2552 2154 2655 777 3192 1109 584 1749 1536 2874 2182 2160 2843 2394 1726 2253 1309 3210 2208 1611 1425
2910 1930 787 3766 808 1165 756 2432 1416 2146 2745 528 2621 2635 2593 2945 3074 2416 2260 2823 1165 1375 2676 1265 1199 1816 1392 3565 3406 988 2731 3447 2957 2311 1338 1876 1183 3327 1291 2721 2209 2928 3228 1708 1206 789 1899 3561 360 1991 2296 1361 1627 1710 523 2557 2184 1594 2629 3176 2103 2515 2704 2765 2975 2959 2853 1243 2841 2374 1717 2521 788 1931 3434 1789 2673 1747 3114 2319 1841 2690 3576 1285 2939 3710 2450 3193 1318 2572 2609 1289 1576 2203 2658 3288 1208 2728 2736 2503
1413 2050 1866 2206 1952 2073 1594 801 2085 516 2465 2140 1500 1225 2473 2180 1503 919 2025 1710 1446 1143 1580 1272 1886 1994 1474 2136 1793 1929 1293 1836 1878 1240 1201 803 1434 1980 1068 1116 742 1508 1633 1235 1561 1956 720 2124 1991 360 2191 1011 1285 641 2154 1178 1147 1384 1672 1764 1306 1243 1084 1144 1590 1745 1536 2020 1297 1394 1010 1127 2367 1313 2059 1529 1356 1154 1989 2246 597 2597 2026 1432 1400 2218 822 1562 1750 1084 2189 1682 813 1110 1205 1662 2045 2324 1104 1270
2193 734 1870 2937 2650 1576 2146 2387 1320 2276 811 2301 3329 1960 677 1278 3135 2039 544 1616 2544 2428 3409 1659 1466 845 2757 2496 2865 1688 3083 2889 1630 3051 2457 1747 1604 2197 1973 2752 2571 2092 2660 1351 2683 1890 1830 2505 2296 2191 360 1925 2773 2101 2383 1896 2941 1280 3486 2212 3041 1747 2439 2716 3379 1802 1899 1468 2283 3197 2603 2945 2679 2970 2311 3054 3179 1415 1767 417 1969 795 2766 2638 2325 2723 2357 2938 1340 2871 779 1379 1921 1565 2996 2867 1517 844 2562 1697
1922 1672 1216 2769 1417 1463 972 1445 1528 1168 2302 1500 1927 1659 2239 2243 2144 1419 1801 1953 1051 866 2000 686 1295 1584 1218 2602 2404 1298 1873 2446 2108 1613 901 903 836 2388 441 1765 1307 1957 2226 970 1195 1307 909 2595 1361 1011 1925 360 1208 738 1523 1586 1485 1005 2027 2213 1525 1571 1706 1795 2154 2056 1911 1429 1843 1734 1065 1676 1762 1424 2487 1488 1877 948 2253 1972 839 2360 2581 1112 1943 2730 1458 2208 1201 1682 2072 1128 574 1287 1789 2290 1445 2210 1746 1571
2323 2513 1766 3061 1346 2137 1320 1620 2279 1374 3142 1796 1367 2151 3087 3008 2006 1844 2646 2608 823 717 1416 1502 2022 2420 644 3050 2597 1936 1587 2640 2775 1076 710 1559 1613 2905 1166 1750 1223 2431 2474 1803 826 1843 1508 3037 1627 1285 2773 1208 360 1141 1763 2102 964 1854 1361 2686 838 2154 1921 1828 1777 2662 2460 2143 2196 1113 638 1384 1852 663 2982 642 1473 1762 2897 2821 1348 3208 2894 710 2296 3113 1663 2266 1984 1489 2900 1913 1247 1958 1535 2434 2141 3039 1884 2175
1647 1909 1595 2466 1685 1828 1313 1082 1866 797 2423 1859 1618 1422 2401 2232 1765 1138 1950 1832 1204 914 1695 1029 1650 1839 1274 2359 2068 1673 1506 2110 1998 1320 971 780 1190 2177 789 1387 937 1717 1902 1111 1330 1685 726 2349 1710 641 2101 738 1141 360 1873 1361 1203 1224 1752 1976 1303 1391 1360 1421 1794 1898 1713 1785 1546 1460 899 1317 2089 1256 2265 1413 1530 1046 2125 2154 570 2525 2282 1209 1648 2459 1102 1843 1532 1309 2163 1460 570 1177 1421 1941 1805 2302 1385 1405
3069 2012 879 3926 866 1208 919 2595 1470 2309 2834 448 2763 2792 2672 3067 3234 2577 2360 2966 1299 1526 2816 1416 1277 1899 1515 3720 3568 1057 2887 3610 3097 2456 1487 2034 1323 3478 1453 2883 2369 3084 3390 1850 1324 853 2059 3715 523 2154 2383 1523 1763 1873 360 2713 2331 1727 2762 3331 2240 2669 2867 2928 3127 3106 3005 1299 3002 2514 1867 2676 659 2065 3586 1907 2823 1894 3255 2403 2003 2764 3736 1415 3100 3867 2613 3356 1416 2730 2714 1396 1738 2355 2815 3451 1258 2828 2899 2656
735 1933 2295 1598 2641 2338 2187 1023 2236 1124 2003 2674 2126 442 2096 1514 1648 641 1712 942 2200 1916 2202 1667 2134 1932 2271 1376 1366 2269 1729 1398 1104 1949 1973 1045 1793 1176 1667 1310 1407 732 1159 1313 2330 2375 1039 1369 2557 1178 1896 1586 2102 1361 2713 360 1891 1493 2341 987 2085 513 936 1246 1997 935 718 2248 753 2105 1829 1669 2975 2120 1267 2347 1889 1237 1189 1953 1157 2208 1406 2211 816 1513 974 1402 1950 1541 1714 1907 1386 771 1655 1339 2290 1826 1070 565
1996 2752 2242 2624 1945 2563 1832 1268 2652 1136 3242 2352 810 1915 3236 2962 1435 1610 2785 2460 1402 1174 878 1811 2412 2678 1248 2709 2130 2378 995 2172 2627 490 1206 1570 1959 2622 1486 1254 846 2151 2045 1954 1428 2327 1493 2693 2184 1147 2941 1485 964 1203 2331 1891 360 2065 909 2384 586 1989 1532 1347 1173 2465 2234 2544 1857 617 833 809 2446 727 2678 1018 869 1885 2721 2994 1338 3360 2476 1304 1947 2728 1319 1755 2327 943 2971 2253 1401 1896 956 1953 2553 3108 1454 2024
1868 1046 1233 2727 1846 1205 1324 1706 1118 1508 1668 1665 2482 1575 1594 1722 2477 1477 1162 1613 1644 1508 2559 761 1002 975 1844 2429 2478 1157 2317 2514 1735 2184 1539 978 774 2162 1054 2078 1761 1833 2276 544 1786 1299 1056 2429 1594 1384 1280 1005 1854 1224 1727 1493 2065 360 2615 2054 2142 1400 1870 2072 2615 1767 1710 1115 1861 2322 1694 2149 2020 2059 2275 2134 2374 630 1895 1327 1146 1715 2536 1728 1941 2608 1694 2406 817 2107 1459 776 1025 1084 2229 2415 1156 1593 1960 1371
2362 3301 2742 2853 2321 3085 2310 1682 3188 1629 3777 2796 597 2350 3778 3458 1511 2064 3327 2923 1824 1660 548 2353 2943 3227 1613 3036 2344 2893 1094 2382 3085 795 1678 2107 2496 2998 2021 1520 1318 2547 2312 2501 1806 2824 2027 3017 2629 1672 3486 2027 1361 1752 2762 2341 909 2615 360 2754 891 2458 1884 1618 1051 2902 2662 3073 2225 653 1340 1049 2830 1057 3037 1252 884 2432 3162 3540 1878 3902 2734 1706 2300 3011 1732 1930 2867 1200 3501 2793 1950 2407 1124 2159 3079 3636 1773 2498
631 2355 2895 1086 3268 2894 2811 1475 2757 1675 2166 3288 2521 917 2323 1511 1804 1205 2039 959 2820 2529 2589 2278 2693 2382 2875 749 1121 2849 2053 1128 1003 2413 2587 1671 2394 604 2294 1604 1905 619 965 1886 2947 2971 1666 744 3176 1764 2212 2213 2686 1976 3331 987 2384 2054 2754 360 2597 1025 1230 1511 2263 781 706 2796 890 2561 2407 2065 3597 2662 657 2912 2249 1821 950 2262 1778 2414 916 2823 814 914 1425 1403 2504 1914 1905 2470 2013 1344 2001 1215 2841 1976 1343 1045
2212 2826 2211 2850 1819 2559 1778 1481 2672 1321 3365 2271 893 2114 3343 3125 1646 1805 2893 2645 1300 1129 938 1848 2423 2744 1108 2929 2356 2365 1199 2398 2813 638 1146 1701 1984 2833 1510 1480 1052 2360 2270 2049 1299 2292 1629 2913 2103 1306 3041 1525 838 1303 2240 2085 586 2142 891 2597 360 2174 1753 1573 1336 2660 2434 2551 2073 636 822 1026 2327 543 2893 814 1043 1989 2913 3093 1468 3467 2702 1188 2165 2951 1531 1980 2357 1166 3102 2284 1481 2054 1170 2179 2555 3240 1678 2206
843 1797 2230 1689 2629 2245 2157 1151 2128 1214 1850 2624 2248 574 1943 1375 1800 756 1562 831 2215 1941 2325 1614 2042 1802 2305 1411 1498 2189 1866 1527 998 2055 1997 1028 1729 1177 1653 1456 1510 793 1290 1226 2350 2307 1042 1408 2515 1243 1747 1571 2154 1391 2669 513 1989 1400 2458 1025 2174 360 1088 1395 2140 867 700 2151 897 2212 1887 1796 2938 2196 1280 2410 2020 1158 1105 1803 1181 2055 1499 2236 948 1573 1105 1554 1855 1674 1560 1816 1384 680 1790 1482 2194 1673 1221 411
838 2424 2534 1501 2676 2673 2309 662 2626 941 2577 2846 1652 904 2659 2080 1071 767 2255 1484 2160 1853 1722 1906 2473 2403 2153 1538 1068 2562 1199 1111 1629 1549 1911 1274 2059 1474 1773 753 1075 1030 917 1687 2264 2622 1215 1521 2704 1084 2439 1706 1921 1360 2867 936 1532 1870 1884 1230 1753 1088 360 675 1443 1417 1174 2601 701 1694 1646 1194 3089 1841 1517 2112 1385 1599 1675 2497 1228 2775 1332 2131 779 1563 626 896 2308 1045 2287 2250 1492 1241 1138 944 2635 2401 495 1140
1124 2670 2649 1638 2678 2835 2369 728 2816 987 2877 2918 1382 1218 2949 2395 779 1038 2533 1800 2137 1834 1445 2042 2640 2639 2087 1777 1144 2703 902 1186 1944 1334 1889 1455 2202 1755 1851 458 969 1333 1066 1896 2223 2739 1382 1758 2765 1144 2716 1795 1828 1421 2928 1246 1347 2072 1618 1511 1573 1395 675 360 1129 1730 1487 2772 998 1464 1570 944 3125 1692 1784 1977 1102 1807 1986 2773 1346 3066 1497 2087 1057 1761 738 803 2488 788 2586 2425 1593 1510 855 971 2801 2704 540 1446
1885 3273 2982 2228 2758 3257 2605 1367 3300 1473 3591 3142 853 1979 3639 3152 862 1755 3203 2564 2211 1961 866 2463 3083 3222 2061 2486 1726 3090 658 1759 2712 1065 2000 2016 2623 2504 2180 1050 1220 2101 1737 2462 2242 3071 1932 2465 2975 1590 3379 2154 1777 1794 3127 1997 1173 2615 1051 2263 1336 2140 1443 1129 360 2499 2256 3219 1765 1086 1620 838 3256 1515 2520 1788 665 2378 2755 3437 1828 3760 2133 2117 1816 2422 1406 1307 2965 871 3302 2894 2003 2194 746 1544 3237 3427 1309 2188
896 1973 2636 1497 3109 2582 2620 1580 2420 1700 1745 3053 2681 913 1903 1103 2086 1215 1635 547 2716 2447 2755 2054 2387 2012 2812 1065 1517 2563 2253 1530 596 2519 2502 1522 2146 771 2138 1811 1980 776 1337 1620 2852 2705 1544 1071 2959 1745 1802 2056 2662 1898 3106 935 2465 1767 2902 781 2660 867 1417 1730 2499 360 603 2478 1101 2675 2392 2220 3386 2693 888 2914 2430 1572 620 1852 1688 1993 1335 2741 1076 1284 1530 1735 2197 2082 1485 2173 1880 1130 2187 1581 2526 1555 1549 853
683 2019 2558 1418 2969 2548 2497 1341 2411 1477 1905 2959 2439 680 2040 1308 1849 989 1722 700 2547 2267 2513 1949 2347 2042 2626 1080 1342 2506 2009 1361 822 2284 2324 1367 2059 837 1992 1567 1748 563 1147 1544 2679 2632 1376 1079 2853 1536 1899 1911 2460 1713 3005 718 2234 1710 2662 706 2434 700 1174 1487 2256 603 360 2449 863 2439 2187 1978 3277 2475 940 2705 2187 1483 863 1952 1506 2140 1237 2562 851 1261 1290 1515 2158 1839 1629 2125 1721 1010 1944 1381 2495 1716 1306 709
2623 1093 830 3480 1660 472 1246 2404 533 2166 1918 1213 2991 2330 1742 2254 3159 2221 1477 2308 1761 1794 3061 1116 495 985 2010 3162 3231 618 2932 3267 2404 2673 1793 1688 956 2884 1418 2763 2362 2584 3029 1297 1871 814 1753 3163 1243 2020 1468 1429 2143 1785 1299 2248 2544 1115 3073 2796 2551 2151 2601 2772 3219 2478 2449 360 2614 2784 2093 2740 1586 2418 3000 2386 2946 1379 2565 1480 1793 1828 3289 1882 2696 3351 2401 3136 658 2733 1836 710 1578 1838 2846 3161 411 1936 2680 2120
499 2327 2619 1286 2869 2699 2456 953 2613 1183 2360 2971 1994 682 2469 1804 1345 785 2099 1196 2382 2080 2063 1983 2495 2324 2407 1219 979 2615 1536 1013 1325 1883 2139 1336 2123 1134 1919 1086 1384 695 775 1677 2499 2703 1303 1205 2841 1297 2283 1843 2196 1546 3002 753 1857 1861 2225 890 2073 897 701 998 1765 1101 863 2614 360 2030 1918 1536 3246 2148 1181 2408 1726 1595 1352 2339 1371 2577 1098 2369 462 1281 904 1030 2316 1386 2073 2268 1631 1153 1478 945 2654 2176 822 946
2170 3008 2465 2735 2095 2799 2040 1459 2897 1367 3496 2543 618 2121 3492 3199 1456 1824 3041 2682 1574 1384 662 2060 2654 2934 1384 2867 2230 2610 1005 2271 2847 517 1407 1824 2205 2803 1730 1366 1062 2340 2170 2211 1575 2548 1745 2850 2374 1394 3197 1734 1113 1460 2514 2105 617 2322 653 2561 636 2212 1694 1464 1086 2675 2439 2784 2030 360 1055 881 2603 819 2851 1069 816 2142 2933 3251 1593 3616 2600 1463 2114 2865 1510 1832 2575 1036 3223 2501 1657 2139 1000 2048 2792 3359 1598 2250
2044 2373 1772 2787 1514 2104 1359 1344 2211 1095 2948 1884 1281 1875 2911 2770 1784 1567 2464 2346 960 702 1345 1386 1963 2289 876 2771 2329 1914 1393 2372 2514 963 739 1319 1522 2628 1048 1497 961 2154 2201 1616 1021 1856 1260 2758 1717 1010 2603 1065 638 899 1867 1829 833 1694 1340 2407 822 1887 1646 1570 1620 2392 2187 2093 1918 1055 360 1183 2001 726 2704 883 1316 1563 2632 2654 1096 3035 2618 886 2018 2835 1386 2012 1895 1264 2695 1822 1045 1707 1329 2171 2099 2834 1614 1910
1673 2817 2508 2214 2336 2779 2142 1006 2823 1029 3188 2686 821 1671 3217 2808 987 1399 2774 2252 1783 1512 894 1985 2605 2760 1666 2356 1711 2612 570 1751 2411 762 1557 1564 2144 2309 1703 846 747 1858 1649 2003 1834 2597 1480 2337 2521 1127 2945 1676 1384 1317 2676 1669 809 2149 1049 2065 1026 1796 1194 944 838 2220 1978 2740 1536 881 1183 360 2824 1176 2350 1467 594 1921 2480 3002 1363 3340 2079 1702 1612 2346 1055 1319 2488 516 2903 2418 1526 1791 510 1529 2759 3033 1087 1839
3322 2307 1179 4172 869 1490 1151 2808 1754 2519 3131 737 2859 3051 2965 3365 3406 2822 2659 3251 1405 1675 2905 1692 1573 2195 1579 3986 3796 1351 3034 3838 3385 2565 1627 2291 1611 3752 1687 3073 2545 3347 3624 2136 1388 1149 2309 3981 788 2367 2679 1762 1852 2089 659 2975 2446 2020 2830 3597 2327 2938 3089 3125 3256 3386 3277 1586 3246 2603 2001 2824 360 2145 3857 1946 2950 2175 3543 2698 2237 3055 3984 1503 3346 4126 2830 3561 1715 2893 3013 1695 1975 2628 2968 3670 1543 3127 3111 2928
2284 2736 2059 2961 1637 2419 1618 1555 2546 1358 3314 2099 1077 2157 3278 3115 1803 1846 2830 2664 1126 984 1120 1739 2293 2649 926 3008 2475 2221 1362 2518 2832 812 992 1671 1866 2894 1399 1603 1127 2418 2376 1982 1117 2138 1606 2993 1931 1313 2970 1424 663 1256 2065 2120 727 2059 1057 2662 543 2196 1841 1692 1515 2693 2475 2418 2148 819 726 1176 2145 360 2960 651 1218 1929 2941 3020 1441 3401 2805 1010 2244 3045 1603 2113 2240 1305 3058 2167 1411 2046 1324 2303 2419 3197 1780 2224
922 2500 3133 1052 3544 3102 3077 1771 2946 1972 2196 3539 2802 1203 2377 1506 2045 1499 2150 1072 3107 2819 2869 2530 2905 2541 3169 546 1273 3073 2326 1266 1042 2705 2877 1943 2636 476 2568 1880 2201 911 1166 2117 3236 3206 1945 560 3434 2059 2311 2487 2982 2265 3586 1267 2678 2275 3037 657 2893 1280 1517 1784 2520 888 940 3000 1181 2851 2704 2350 3857 2960 360 3210 2526 2059 925 2357 2064 2455 941 3114 1097 784 1721 1620 2714 2197 1961 2687 2292 1591 2278 1407 3047 2008 1623 1290
2540 2788 1985 3240 1439 2372 1531 1819 2530 1598 3424 1952 1325 2391 3368 3285 2093 2081 2928 2869 1003 989 1354 1775 2270 2693 758 3267 2759 2167 1650 2802 3037 1093 970 1834 1879 3139 1443 1891 1398 2663 2654 2085 943 2056 1779 3253 1789 1529 3054 1488 642 1413 1907 2347 1018 2134 1252 2912 814 2410 2112 1977 1788 2914 2705 2386 2408 1069 883 1467 1946 651 3210 360 1498 2044 3155 3101 1616 3489 3081 878 2506 3315 1865 2402 2245 1596 3183 2175 1529 2228 1615 2589 2380 3321 2058 2433
1859 3046 2691 2329 2452 2979 2306 1229 3035 1263 3422 2840 648 1886 3452 3034 1006 1624 3008 2470 1905 1658 704 2192 2811 2987 1757 2517 1821 2806 570 1859 2627 766 1696 1796 2350 2494 1897 1006 974 2055 1788 2231 1937 2779 1712 2498 2673 1356 3179 1877 1473 1530 2823 1889 869 2374 884 2249 1043 2020 1385 1102 665 2430 2187 2946 1726 816 1316 594 2950 1218 2526 1498 360 2151 2690 3236 1591 3575 2210 1811 1794 2487 1275 1409 2701 708 3137 2629 1740 2025 607 1636 2962 3267 1266 2065
1612 1256 1434 2475 1933 1464 1424 1444 1388 1264 1745 1842 2282 1319 1714 1658 2216 1207 1264 1436 1636 1443 2360 845 1260 1205 1804 2203 2212 1393 2079 2248 1576 1997 1484 723 937 1949 1019 1817 1537 1589 2010 448 1781 1510 805 2201 1747 1154 1415 948 1762 1046 1894 1237 1885 630 2432 1821 1989 1158 1599 1807 2378 1572 1483 1379 1595 2142 1563 1921 2175 1929 2059 2044 2151 360 1731 1468 922 1838 2283 1700 1678 2371 1429 2136 1081 1867 1498 1032 879 837 1991 2145 1418 1637 1691 1136
1133 1993 2768 1606 3294 2673 2793 1840 2488 1951 1630 3198 2941 1172 1815 943 2334 1470 1618 660 2927 2668 3015 2216 2486 2048 3035 1111 1712 2676 2512 1719 521 2777 2722 1733 2292 824 2334 2069 2236 1020 1548 1766 3066 2832 1764 1125 3114 1989 1767 2253 2897 2125 3255 1189 2721 1895 3162 950 2913 1105 1675 1986 2755 620 863 2565 1352 2933 2632 2480 3543 2941 925 3155 2690 1731 360 1810 1915 1890 1467 2959 1318 1349 1789 1967 2298 2342 1401 2283 2089 1328 2447 1797 2615 1443 1806 1082
2248 750 1893 2987 2679 1587 2179 2444 1327 2333 798 2320 3385 2017 639 1310 3192 2097 601 1666 2585 2474 3464 1701 1485 863 2800 2542 2919 1706 3140 2944 1675 3105 2502 1803 1641 2244 2019 2809 2627 2146 2715 1403 2723 1909 1886 2552 2319 2246 417 1972 2821 2154 2403 1953 2994 1327 3540 2262 3093 1803 2497 2773 3437 1852 1952 1480 2339 3251 2654 3002 2698 3020 2357 3101 3236 1468 1810 360 2024 752 2818 2680 2380 2771 2415 2995 1366 2928 804 1409 1972 1623 3053 2923 1528 854 2619 1753
1462 1815 1671 2297 1861 1851 1449 982 1852 733 2264 1979 1720 1221 2259 2035 1725 952 1809 1622 1403 1121 1800 1056 1660 1757 1483 2163 1925 1717 1531 1966 1788 1443 1177 593 1216 1974 911 1330 976 1519 1747 1001 1533 1760 524 2154 1841 597 1969 839 1348 570 2003 1157 1338 1146 1878 1778 1468 1181 1228 1346 1828 1688 1506 1793 1371 1593 1096 1363 2237 1441 2064 1616 1591 922 1915 2024 360 2384 2110 1416 1472 2274 989 1741 1518 1322 1996 1451 625 971 1443 1813 1820 2133 1277 1195
2455 1123 2262 3123 3062 1930 2567 2756 1665 2672 624 2679 3738 2262 484 1320 3482 2388 935 1819 2978 2864 3818 2094 1850 1237 3192 2642 3122 2068 3466 3141 1783 3467 2893 2156 2033 2350 2409 3111 2973 2342 2925 1779 3116 2271 2237 2655 2690 2597 795 2360 3208 2525 2764 2208 3360 1715 3902 2414 3467 2055 2775 3066 3760 1993 2140 1828 2577 3616 3035 3340 3055 3401 2455 3489 3575 1838 1890 752 2384 360 2967 3072 2604 2879 2722 3246 1746 3256 871 1793 2351 1927 3381 3148 1874 806 2903 2003
