140 2047 674 1534 2130 763 2239 1585 1478 1569 2114 1504 1386 822 2068 1697 419 2630 2240 1308 1521 2805 2001 1824 1758 459 1932 1375 2050 2419 1088 1429 2383 1687 2359 1136 2867 1260 596 1002 2314 2312 422 966 3048 2081 1809 2263 1032 1848 1639 611 1516 762 1338 2112 936 1859 896 1702 854 1485 1856 1161 995 684 2544 1098 1779 1995 1583 815 2397 725 3091 2404 2197 1483 1531 1747 1810 1396 841 1778 2125 2160 2031 1922 2042 1136 2527 1435 2101 752 1118 1597 1929 740 1493 2386 655 961 1167 3073 1632 2150 1571 2988 687 2086 2996 961 1100 2376 999 1459 896 502 2177 1890 557 1984 454 1968 1585 777 3007 1811 901 1177 782 2500 1812 689 2205 784 2105 2069 2807 2700 1942 1922 948 1753 3038 1660 1025 1393 1381 635 942 1100 551 1980 841 349 1497 1821 1783 2437 3200 2075 542 1750 1645 2431 1079 2195 2390 1633 1705 1771 2167 2610 2415 761 2506 2616 2060 1864 630 2259 1576 695 1751 2868 1376 1608 562 2347 1965 1996 2398 932 2386 683 3237 1692 2170 693 364 3345 966 1866 844 1436 574 1448 259 2409 630 778 769 536 2810 2728 1993 3053 1399 1247 1100 2067 1564 1545 3001 1953 2234 817 2677 1813 2683 2446 1524 1680 1049 1958 1086 2603 2051
2147 360 2596 1702 786 2133 570 999 1114 911 665 2026 1097 1797 1802 1678 2334 995 1623 2799 1259 1496 964 2780 663 2306 527 1221 2755 2491 2824 1018 978 2457 1625 2148 2024 2396 2603 2718 1526 1471 2170 2080 1937 1557 671 1042 1459 2000 769 2612 2217 2765 2445 1242 1537 1362 2874 1547 1887 1609 826 3083 1683 1872 995 2975 1864 2345 951 1858 1414 2708 1992 2069 2664 2484 2541 977 1965 1017 1569 1195 2291 2301 1237 2964 413 2273 2082 2302 484 1796 2537 2291 2829 2634 1575 3237 1849 2078 1480 1879 1047 741 1696 1689 2229 547 1820 1992 1709 827 2929 1829 2749 2178 1581 1168 2460 1289 2306 1866 1681 2210 1880 1931 1905 2249 2752 840 1684 2083 1802 2772 1480 2693 1800 1628 1986 678 2149 1385 1797 797 1521 2687 1341 2591 1729 2514 2327 1198 1593 2356 1483 919 733 1860 2024 422 2244 1665 2071 2856 1332 1796 2839 1171 1710 1164 673 1568 2930 2099 842 993 1933 1356 2549 1341 904 2010 811 1475 1479 1882 2118 1006 1515 870 1520 2593 2969 2548 2008 2868 2724 2448 2337 2061 1887 1574 1894 973 2029 2126 2232 927 2463 2770 2133 2031 1873 1255 540 1759 1913 1166 1500 1548 1276 1574 1678 2622 1699 2157 1043 1421 1775 2637 1006 766 1981 456 3059 1208 2561
774 2596 360 1811 2725 940 2797 2063 1944 2158 2619 1669 1985 1205 2331 2329 903 3141 2561 1112 2148 3224 2452 1751 2297 650 2465 1831 2027 2536 814 2016 2853 1708 2690 1719 3172 1253 680 756 2662 2673 1024 1132 3405 2715 2330 2875 1513 2039 2189 740 1610 641 1318 2510 1426 2224 652 2021 1482 2119 2456 1264 1370 1318 3034 1275 2006 2095 2076 1446 2778 531 3442 2632 2229 1465 1497 2358 2009 1939 1399 2185 2257 2294 2658 1804 2584 1184 2768 1489 2634 1386 1016 1669 1859 433 1813 2279 1288 1128 1798 3448 2246 2739 2203 3394 1244 2657 3372 1572 1733 2876 1131 2083 1161 1089 2502 2300 942 2367 969 2205 1867 892 3370 2020 1185 1239 916 3024 2444 1292 2479 586 2738 2069 3155 3072 2144 2507 1075 2114 3427 2182 1651 1270 2009 883 1312 1008 1055 2606 1448 741 1846 2287 2367 2720 3565 2631 1096 2382 1800 2446 1658 2469 2403 2058 1977 2395 2674 2983 2405 1357 3032 3123 2287 2496 408 2887 2086 995 2249 3304 1742 1826 1166 2808 2599 2465 2757 1337 2359 1032 3613 1560 2179 1134 828 3730 1590 2500 1472 1985 1199 1573 782 2892 522 594 945 928 3142 3191 2518 3455 2017 1791 1527 2701 2192 1862 3413 1957 2536 962 3187 2164 3018 2527 2014 2256 1257 2503 1116 3054 2091
1634 1702 1811 360 2055 1231 1901 1080 993 1637 1538 692 1611 1077 895 2390 1910 2001 1112 1634 1949 1853 1233 1445 1449 1593 1535 934 1418 1365 1802 1550 1620 1117 1244 2317 1721 1176 2004 1712 1229 1250 1828 1045 1964 2549 1396 2300 1062 752 1443 2047 889 2076 1196 1151 1118 844 2094 595 1924 2196 1891 2631 916 1754 1839 2586 633 1058 1141 1863 1374 1976 1999 1233 1369 1188 1237 1916 708 1298 1324 914 1084 1110 2308 1631 1660 1108 1353 1002 1660 1734 1410 953 1487 1806 494 1899 1694 1047 1814 2020 1867 2032 2317 2000 2057 1859 1946 2091 1973 1731 2473 2331 2390 1891 1056 1004 2051 1000 1929 799 416 1280 1934 689 1005 1060 2244 1944 2468 1958 1036 2036 2512 1364 1713 1647 811 1833 1111 749 2012 1310 1698 1455 1892 2117 961 1392 2011 2250 1514 1809 584 1163 1732 1274 2127 1762 1962 2416 731 1591 1395 1026 1564 891 532 2081 1586 1562 1641 2024 1958 1973 896 2283 1776 2503 1216 1217 1251 1957 650 547 1891 1555 2453 1296 1329 2394 1664 2176 2183 1568 1411 2164 1856 2307 2014 2431 1922 1340 1823 812 1671 1693 1648 2043 1226 1360 1693 1907 1539 2052 2346 1264 913 2535 2001 488 2024 1284 1085 1209 2037 768 1572 1457 1105 1613 916 1614 2522 1755 1247
2230 786 2725 2055 360 2336 728 1334 1428 927 1087 2363 1103 2000 2213 1397 2375 1250 2048 3039 1087 1868 1387 3107 966 2437 924 1515 3113 2901 3013 1069 1371 2792 2051 2013 2441 2672 2674 2907 1953 1897 2204 2324 2326 1177 1034 618 1664 2383 987 2671 2546 2852 2730 1668 1722 1767 2983 1928 1836 1393 636 3077 1923 1878 1325 2954 2245 2726 1273 1824 1837 2812 2382 2491 3045 2788 2847 779 2345 1208 1689 1591 2687 2700 856 3286 840 2538 2507 2613 899 1798 2775 2626 3165 2773 1922 3593 1873 2321 1406 2256 894 417 1450 2050 2201 600 2202 1902 1608 1187 2932 1613 2733 2193 2004 1580 2484 1707 2335 2267 2042 2412 2270 2313 2136 2522 2783 1091 1372 2058 2222 2873 1091 3058 2209 2036 2379 593 2387 1775 2168 1104 1501 2957 1212 2624 1959 2751 2335 833 1649 2433 1830 1318 727 2287 2399 728 2249 1369 2426 3247 1427 2216 3227 1539 2088 891 1085 1981 3314 2056 1083 1263 2340 1028 2677 920 1202 2198 1180 1823 1800 2240 2122 1411 1160 1294 1945 2538 3347 2552 2371 3167 3098 2433 2395 2409 1804 1246 1845 1157 2039 2450 2325 1302 2610 2868 2337 2183 2286 1591 962 2118 1711 1335 1746 1171 1078 1930 2033 2979 2123 2370 1290 1819 2194 3042 1314 850 2242 837 3081 1578 2934
863 2133 940 1231 2336 360 2342 1545 1421 1780 2108 1124 1640 698 1756 2195 1136 2628 1980 1082 1889 2656 1905 1447 1830 741 1986 1306 1652 2030 1050 1641 2311 1285 2109 1795 2592 876 1149 944 2082 2094 1125 571 2824 2509 1843 2525 1039 1486 1742 1198 1115 1206 956 1939 974 1647 1228 1441 1441 1975 2087 1782 824 1240 2505 1755 1439 1599 1570 1385 2203 1105 2861 2068 1793 1093 1146 2025 1452 1497 1051 1621 1738 1775 2378 1567 2112 739 2201 1032 2151 1271 828 1194 1548 942 1233 2015 1183 567 1589 2870 1927 2340 2083 2822 1393 2225 2794 1588 1623 2356 1629 2015 1581 1204 1921 1735 1260 1794 1177 1636 1287 436 2790 1459 613 776 1398 2524 2302 1354 1903 1165 2510 1667 2575 2493 1587 2106 544 1538 2851 1700 1433 1075 1770 1292 771 804 1274 2321 1192 994 1271 1753 1969 2143 2985 2176 1258 2240 1263 2027 1301 1893 1987 1505 1399 2113 2163 2405 2013 1430 2534 2607 1721 2259 905 2606 1596 509 1740 2742 1172 1259 1242 2261 2395 1928 2178 1654 1987 1385 3034 1359 1768 1415 1065 3153 1556 2322 1434 1547 1214 1053 879 2359 778 1172 365 631 2561 2642 2029 2881 1982 1362 1002 2495 1941 1282 2842 1551 1956 417 2672 1586 2437 2048 1508 1847 682 2037 1660 2500 1648
2339 570 2797 1901 728 2342 360 1206 1323 1063 779 2227 1256 2005 1963 1735 2518 894 1757 3009 1359 1500 1115 2982 872 2506 732 1431 2948 2652 3032 1187 1014 2657 1741 2275 2097 2605 2794 2926 1643 1584 2350 2290 1962 1545 879 951 1666 2184 968 2800 2420 2959 2653 1377 1742 1535 3072 1735 2042 1697 889 3257 1893 2043 956 3144 2050 2530 1160 2018 1507 2905 2018 2208 2847 2691 2747 1053 2151 1218 1764 1378 2465 2473 1223 3167 603 2483 2208 2507 607 1966 2747 2492 3028 2837 1776 3431 2026 2289 1622 1888 1147 671 1771 1682 2394 546 1837 2135 1845 822 3104 1920 2919 2354 1721 1338 2640 1446 2486 2039 1877 2418 1905 2116 2115 2458 2934 732 1722 2247 1949 2969 1459 2884 1855 1682 2163 749 2359 1569 1800 1007 1681 2897 1461 2773 1939 2724 2502 1196 1775 2547 1684 1105 857 1982 2031 526 2418 1713 2267 3033 1520 1944 3017 1369 1899 1216 759 1633 3111 2258 727 903 2100 1381 2749 1278 1114 2217 1014 1454 1685 2077 2290 1062 1523 1023 1621 2751 3153 2722 2002 3075 2910 2617 2524 2041 2031 1602 2050 1172 2203 2330 2426 938 2666 2966 2341 2234 1937 1223 722 1750 2011 1366 1710 1539 1366 1772 1665 2816 1838 2367 938 1599 1851 2803 1216 928 2191 666 3240 1212 2748
1685 999 2063 1080 1334 1545 1206 360 484 973 923 1394 1022 1223 1318 1822 1916 1443 1270 2175 1351 1597 785 2145 728 1781 834 599 2139 1977 2231 935 1158 1825 1337 1997 1840 1760 2134 2127 1255 1226 1773 1462 1911 1891 688 1581 917 1420 735 2155 1582 2271 1807 975 1011 880 2353 971 1642 1664 1185 2689 1081 1547 1330 2603 1282 1758 425 1593 1259 2196 1961 1648 2076 1845 1901 1236 1380 697 1129 700 1737 1754 1620 2328 964 1642 1707 1663 984 1489 1916 1658 2198 2090 948 2619 1503 1461 1354 1907 1215 1312 1780 1789 1913 1143 1833 1791 1571 1174 2528 1847 2380 1806 1208 766 2056 908 1905 1335 1069 1619 1862 1349 1301 1615 2323 1340 1876 1777 1374 2261 1841 2084 1698 1557 1430 1115 1533 844 1857 590 1304 2052 1342 2169 1134 1893 1954 1564 1243 1892 856 597 1023 1520 2046 1055 1879 1833 1452 2286 996 1365 2263 583 1123 1421 977 1471 2347 1819 1350 1423 1420 1633 2018 1801 507 1440 559 1649 840 1266 1767 1122 1808 770 1306 2288 2377 2164 2066 2229 2126 2096 1897 2160 1691 1811 1646 712 1680 1489 1754 1190 1915 2262 1543 1499 1732 1503 858 1858 1895 779 903 1878 1396 956 1797 2005 1316 1560 1488 904 1608 2104 435 913 1354 906 2631 1378 1961
1578 1114 1944 993 1428 1421 1323 484 360 1015 1046 1294 1028 1102 1294 1832 1815 1566 1290 2052 1367 1692 883 2040 831 1664 952 475 2048 1931 2107 951 1271 1724 1371 1945 1883 1641 2023 2003 1297 1274 1677 1338 1981 1936 804 1669 806 1354 809 2047 1478 2156 1690 1035 901 882 2234 919 1579 1661 1258 2588 957 1469 1450 2506 1216 1685 523 1527 1324 2080 2030 1637 2000 1732 1790 1290 1312 696 1037 722 1679 1698 1680 2221 1082 1521 1708 1552 1106 1416 1793 1557 2097 1969 859 2526 1421 1337 1326 1986 1253 1411 1780 1880 1831 1250 1911 1733 1532 1296 2426 1832 2285 1714 1225 813 1957 944 1807 1293 990 1495 1935 1284 1177 1495 2218 1464 1894 1699 1367 2145 1892 1997 1759 1627 1375 1203 1409 821 1941 688 1257 1933 1341 2065 1010 1770 1860 1623 1168 1784 770 705 1098 1535 2122 1168 1788 1848 1362 2216 939 1358 2191 573 1059 1465 1101 1539 2272 1745 1475 1546 1383 1673 1899 1871 585 1318 682 1750 732 1180 1680 1231 1846 882 1359 2204 2297 2068 2147 2116 2045 2005 1792 2246 1636 1839 1581 727 1594 1383 1644 1307 1795 2146 1420 1382 1786 1614 980 1947 1872 733 781 1922 1415 876 1890 1913 1325 1436 1610 888 1660 2049 474 980 1231 1020 2525 1485 1880
1669 911 2158 1637 927 1780 1063 973 1015 360 1122 1910 552 1449 1931 1232 1828 1545 1861 2493 763 1978 1254 2625 741 1870 877 1063 2673 2585 2450 502 1460 2326 1909 1599 2383 2150 2117 2344 1818 1776 1658 1786 2377 1281 849 1105 1122 2008 628 2118 2076 2292 2214 1520 1168 1490 2419 1573 1340 1109 666 2556 1392 1343 1529 2441 1871 2334 909 1314 1770 2248 2432 2258 2647 2288 2348 639 1966 702 1122 1307 2334 2354 1032 2797 930 2010 2311 2122 1010 1264 2230 2163 2694 2206 1504 3142 1329 1783 928 2342 601 942 1214 2176 1690 890 2275 1441 1159 1354 2405 1319 2216 1656 1803 1348 1945 1494 1792 1944 1640 1856 2323 1938 1595 2000 2241 1391 1274 1544 1983 2310 1237 2630 2200 2039 2030 713 1845 1457 2271 786 978 2428 807 2081 1421 2205 1803 973 1090 1873 1419 1096 575 2113 2488 914 1718 1236 1996 2867 860 1975 2841 1196 1714 810 1159 1963 2918 1555 1392 1543 2031 1020 2110 1238 827 1639 931 1982 1354 1823 1590 1464 1195 1182 1847 2049 2939 2023 2486 2656 2685 1914 1841 2556 1336 1200 1347 656 1503 1978 1762 1436 2043 2306 1781 1617 2254 1777 954 2247 1390 792 1226 1267 800 1527 2171 2539 1916 1817 1594 1517 2139 2705 917 506 1718 850 2545 1703 2522
2214 665 2619 1538 1087 2108 779 923 1046 1122 360 1871 1283 1785 1548 1953 2427 882 1339 2726 1510 1220 700 2623 758 2334 605 1162 2564 2235 2794 1192 698 2295 1329 2350 1719 2296 2669 2690 1230 1173 2271 2020 1643 1859 674 1339 1466 1788 893 2685 2067 2816 2336 958 1556 1131 2906 1349 2050 1862 1116 3194 1644 2002 794 3096 1658 2132 903 2012 1110 2747 1698 1789 2446 2355 2408 1255 1757 1093 1637 991 2057 2063 1540 2810 613 2187 1792 2169 548 1932 2470 2132 2661 2649 1424 3046 1969 2019 1674 1593 1306 1038 1957 1417 2369 847 1531 2173 1907 622 3035 2077 2870 2292 1302 933 2561 1030 2407 1630 1507 2182 1587 1722 1863 2156 2842 780 1968 2225 1530 2812 1784 2495 1497 1326 1759 974 2092 1179 1517 818 1684 2588 1570 2683 1697 2448 2442 1500 1704 2423 1336 740 995 1568 1739 719 2362 1944 1894 2625 1438 1525 2611 1020 1513 1450 414 1263 2707 2252 791 864 1687 1649 2573 1645 899 2001 730 1220 1365 1705 2241 711 1813 614 1217 2742 2753 2660 1730 2740 2515 2574 2418 1795 2068 1865 2056 1065 2151 1984 2290 678 2474 2812 2107 2052 1568 1021 529 1488 2152 1236 1466 1850 1535 1411 1410 2433 1419 2123 927 1200 1470 2388 965 980 1907 657 3151 941 2355
1604 2026 1669 692 2363 1124 2227 1394 1294 1910 1871 360 1855 1110 1061 2599 1883 2332 1350 1351 2183 2144 1564 1115 1762 1505 1859 1215 1123 1276 1570 1807 1947 791 1485 2416 1910 893 1911 1492 1491 1524 1837 913 2200 2801 1717 2603 1235 730 1741 1962 557 1948 895 1463 1260 1162 1933 910 2026 2393 2182 2544 1003 1838 2167 2520 725 869 1451 1965 1659 1840 2228 1327 1137 863 909 2189 703 1567 1456 1246 980 1016 2581 1300 1985 872 1467 681 1989 1835 1158 624 1163 1649 811 1594 1776 917 1997 2271 2129 2344 2513 2276 2090 2177 2199 2191 2123 2063 2393 2502 2343 1909 1306 1333 2015 1314 1915 918 730 1148 2177 720 973 816 2162 2277 2686 2015 1212 1894 2772 1086 1949 1908 837 2137 957 1075 2275 1620 1863 1151 2108 2056 1023 1145 2007 2522 1649 1754 903 1494 2027 1452 2365 2084 1974 2630 501 1374 1591 1203 1340 1219 774 2341 1919 1828 1399 2087 2291 2303 987 2534 1643 2786 1520 1169 1574 2256 924 561 1926 1881 2699 1629 1595 2393 1405 2141 2430 1238 1153 2155 1818 2558 2129 2663 2023 1614 1873 491 1629 2022 1512 1903 1119 1331 1913 2223 1866 2324 2502 1504 1088 2787 2237 819 2304 990 1300 1084 2367 1083 1800 1318 1409 1904 814 1936 2415 2070 997
1486 1097 1985 1611 1103 1640 1256 1022 1028 552 1283 1855 360 1318 1963 1164 1638 1730 1931 2360 700 2127 1367 2543 887 1699 1044 1044 2616 2591 2295 454 1616 2258 1993 1426 2485 2043 1931 2191 1907 1871 1467 1668 2507 1305 987 1254 1014 1995 755 1930 2008 2108 2111 1615 1042 1539 2239 1582 1150 1002 831 2363 1288 1150 1703 2249 1862 2308 965 1122 1881 2068 2561 2303 2613 2196 2257 745 1952 692 960 1362 2326 2349 1110 2709 1112 1898 2368 2040 1189 1072 2099 2098 2618 2036 1482 3076 1138 1665 750 2481 650 1124 1118 2326 1498 1083 2412 1257 983 1526 2212 1194 2024 1464 1870 1422 1753 1567 1601 1958 1622 1714 2455 1927 1475 1895 2050 1577 1227 1351 2031 2129 1280 2581 2317 2162 2030 901 1722 1489 2415 887 786 2311 681 1890 1308 2075 1610 1051 905 1689 1404 1191 767 2182 2626 1104 1525 1180 1954 2840 700 2022 2812 1232 1710 853 1324 2082 2883 1364 1579 1726 2049 1039 1937 1333 890 1494 1036 2141 1320 1792 1397 1613 1205 1305 1947 1858 2897 1830 2629 2554 2644 1722 1654 2706 1152 1180 1157 669 1311 1909 1582 1601 1876 2124 1642 1457 2364 1944 1120 2397 1253 711 1140 1291 751 1512 2324 2484 1978 1681 1778 1554 2245 2700 952 691 1613 1029 2353 1860 2482
922 1797 1205 1077 2000 698 2005 1223 1102 1449 1785 1110 1318 360 1609 1940 1194 2306 1780 1404 1591 2385 1606 1645 1493 935 1652 987 1788 2016 1387 1312 2007 1410 1900 1667 2406 1101 1325 1280 1859 1861 1112 717 2598 2219 1510 2194 700 1418 1404 1360 1185 1434 1175 1677 640 1407 1497 1240 1281 1722 1755 1935 536 1089 2192 1879 1333 1620 1242 1220 1955 1349 2639 1950 1870 1284 1344 1701 1377 1159 761 1346 1720 1753 2065 1792 1777 953 2070 1161 1818 1091 1141 1277 1734 1228 1031 2205 1026 713 1325 2630 1608 2003 1837 2561 1350 1887 2554 1444 1406 2037 1775 1797 1677 1178 1717 1461 1337 1541 1212 1515 1127 774 2559 1373 531 961 1550 2197 2040 1266 1744 1414 2212 1780 2354 2255 1504 1769 765 1299 2602 1365 1174 1356 1483 1413 480 1117 1293 2007 937 1108 1038 1443 1633 1974 2753 1839 1247 1980 1248 2109 985 1734 2072 1214 1248 1802 1839 2165 2118 1337 2206 2287 1610 1962 1161 2291 1263 576 1415 2461 920 1173 1185 1962 2107 1620 1947 1678 2108 1461 2795 1613 1867 1446 1146 2907 1387 2045 1276 1209 1126 1096 966 2048 1053 1416 698 663 2353 2345 1697 2624 1782 1025 682 2204 1644 1083 2577 1669 1772 729 2351 1357 2226 2068 1180 1510 702 1701 1843 2209 1724
2168 1802 2331 895 2213 1756 1963 1318 1294 1931 1548 1061 1963 1609 360 2767 2444 1882 686 2044 2300 1518 1208 1645 1636 2125 1650 1298 1481 1049 2270 1883 1477 1340 812 2803 1210 1592 2537 2189 850 900 2357 1559 1506 2847 1546 2472 1539 735 1684 2581 1212 2602 1585 972 1612 810 2608 763 2414 2593 2122 3165 1443 2258 1696 3121 696 1011 1382 2355 1045 2499 1531 714 1298 1519 1549 2191 738 1630 1813 994 887 886 2567 1825 1750 1569 821 1359 1718 2228 1859 1223 1643 2320 949 1938 2199 1562 2240 1586 2173 2177 2713 1621 2578 1985 1517 2579 2426 1649 3008 2755 2925 2418 668 994 2586 877 2461 510 843 1799 1486 710 1539 1514 2778 1880 2828 2471 511 2557 2794 1394 1257 1240 644 2025 1618 835 1601 1525 2146 1831 2274 2653 1491 1846 2541 2513 1994 2345 979 1257 1960 753 1671 1865 2490 2783 973 1450 1827 502 1440 1096 723 2379 1579 1170 1542 2533 1895 1849 508 2591 2299 2731 1465 1751 1407 1646 1102 873 2412 1405 2766 1299 948 2923 1599 2711 1741 1849 1383 2694 2392 1871 2494 2768 2413 1658 2341 1187 2207 1570 2169 2565 1751 1896 1214 1670 1621 1660 2785 1650 1403 2835 2348 898 1653 1368 614 1729 1906 773 1106 1200 1377 1862 1435 1736 3054 1520 1240
1797 1678 2329 2390 1397 2195 1735 1822 1832 1232 1953 2599 1164 1940 2767 360 1826 2269 2727 2898 832 2810 2126 3224 1606 2093 1712 1840 3343 3385 2737 1246 2288 2970 2780 1142 3256 2677 2147 2643 2690 2649 1673 2293 3233 801 1716 1329 1724 2781 1500 2118 2729 2340 2753 2392 1710 2341 2509 2382 1210 580 1215 2340 1976 1375 2309 2199 2652 3078 1762 1242 2641 2346 3288 3107 3373 2864 2924 1061 2737 1496 1539 2162 3113 3138 960 3372 1718 2529 3169 2731 1800 1315 2659 2821 3311 2397 2267 3780 1414 2289 975 3187 1010 1452 489 3005 1527 1555 3124 1160 957 2145 2227 657 2008 1621 2667 2215 1876 2360 1765 2758 2408 2256 3178 2715 2111 2541 2153 2107 475 1424 2834 2393 866 3320 3066 2902 2823 1365 2329 2293 3110 1657 1127 2910 858 2016 1976 2636 1716 951 1368 1957 2196 1968 1318 2979 3333 1649 1642 417 2712 3606 1368 2825 3575 2036 2503 879 1979 2829 3638 1378 2102 2278 2850 742 2287 1115 1684 2049 1804 2794 2101 2564 1540 2305 705 2050 2720 1754 3644 1890 3322 3185 3393 1747 1883 3380 1110 576 1220 1471 1492 2631 1912 2245 2278 2383 2198 1944 3124 2573 1785 3076 763 1490 1871 791 792 2302 2995 3215 2777 2248 2313 2358 3010 3487 1755 1351 2277 1657 2402 2525 3236
519 2334 903 1910 2375 1136 2518 1916 1815 1828 2427 1883 1638 1194 2444 1826 360 2935 2608 1617 1720 3147 2338 2176 2056 792 2231 1718 2413 2798 1353 1693 2709 2055 2724 1176 3235 1619 681 1282 2676 2671 532 1342 3405 2235 2116 2486 1374 2227 1930 662 1891 875 1696 2465 1279 2220 1042 2073 980 1627 2099 1133 1366 864 2860 1055 2157 2373 1908 959 2752 883 3450 2781 2569 1843 1889 1975 2189 1697 1151 2130 2503 2539 2223 2263 2334 1502 2903 1806 2398 943 1453 1970 2282 977 1864 2732 862 1337 1362 3426 1858 2400 1697 3334 701 2355 3350 1042 1245 2689 971 1563 843 565 2544 2241 504 2341 425 2345 1961 1142 3364 2190 1281 1546 777 2799 1942 764 2579 926 2270 2435 3167 3056 2321 2179 1320 2116 3388 1969 1239 1728 1578 617 1314 1437 517 2176 1103 533 1864 2154 2043 2809 3556 2356 554 1882 2024 2801 1362 2568 2760 1983 2081 1973 2479 2966 2782 822 2804 2923 2438 2039 871 2447 1892 1075 2071 3205 1741 1987 647 2678 2121 2326 2758 877 2749 627 3589 2027 2539 640 441 3695 1076 2012 969 1732 710 1825 617 2729 922 916 1142 916 3174 3056 2296 3400 1488 1551 1457 2222 1758 1917 3345 2320 2605 1188 2983 2178 3046 2823 1851 1951 1428 2249 1085 2935 2423
2730 995 3141 2001 1250 2628 894 1443 1566 1545 882 2332 1730 2306 1882 2269 2935 360 1599 3229 1882 1057 1128 3070 1240 2855 1065 1682 2974 2535 3311 1648 765 2741 1534 2782 1750 2789 3185 3207 1447 1385 2775 2532 1529 2063 1180 1430 1988 2187 1371 3200 2529 3335 2823 1276 2077 1542 3428 1787 2518 2226 1420 3696 2163 2491 550 3592 2069 2517 1425 2486 1261 3268 1583 2036 2818 2829 2879 1583 2164 1597 2150 1448 2409 2408 1745 3258 978 2688 1995 2642 903 2417 2977 2584 3096 3171 1900 3447 2464 2531 2114 1432 1669 1192 2303 1209 2854 1076 1394 2626 2344 634 3538 2448 3366 2790 1587 1359 3066 1404 2911 1996 1962 2701 1474 2127 2381 2653 3351 522 2256 2708 1819 3332 1974 2895 1485 1323 2136 1274 2604 1617 1336 1329 2150 3080 1973 3192 2217 2955 2940 1723 2201 2939 1818 1241 1361 1771 1565 1000 2858 2247 2334 2970 1936 1817 2962 1513 1943 1750 827 1303 3065 2728 527 394 2030 1913 3095 1766 1418 2523 1252 973 1864 2150 2735 837 2050 1076 1386 3222 3121 3160 1521 3210 2898 3067 2930 1540 2521 2133 2525 1563 2645 2453 2807 675 2996 3332 2626 2574 1581 745 998 1270 2536 1744 1987 2058 1893 1878 1184 2848 1688 2640 408 1619 1528 2700 1487 1400 2415 1062 3660 809 2746
2340 1623 2561 1112 2048 1980 1757 1270 1290 1861 1339 1350 1931 1780 686 2727 2608 1599 360 2342 2255 1192 1021 1971 1519 2332 1490 1332 1804 1295 2545 1843 1201 1662 495 2868 986 1884 2738 2458 526 582 2502 1798 1214 2750 1416 2306 1635 1057 1597 2777 1519 2822 1884 741 1721 772 2846 902 2490 2574 2002 3356 1605 2356 1409 3299 992 1334 1326 2435 724 2724 1247 812 1608 1830 1864 2096 1054 1606 1907 931 1193 1185 2450 2152 1569 1843 820 1663 1522 2315 2141 1538 1969 2558 1114 2254 2302 1800 2255 1281 2099 2005 2690 1298 2699 1810 1208 2650 2461 1389 3195 2756 3092 2555 425 872 2752 727 2617 833 1055 2032 1188 1022 1743 1791 2970 1618 2775 2580 581 2785 2687 1715 962 921 970 1886 1863 862 1286 1436 2185 2136 2252 2834 1660 2125 2689 2401 2070 2528 1103 1132 1846 611 1379 1684 2629 2736 1282 1738 1864 581 1734 1076 956 2293 1359 846 1838 2635 1634 1565 827 2506 2525 2592 1403 1950 1297 1320 1226 1151 2538 1129 2680 1114 622 3060 1902 2874 1440 2171 1698 2841 2564 1567 2557 2699 2492 1622 2459 1481 2387 1296 2398 2791 1975 2080 941 1355 1446 1340 2800 1663 1520 2738 2297 1062 1329 1693 448 1961 1618 795 819 1460 1341 1766 1668 1574 3257 1210 1560
1408 2799 1112 1634 3039 1082 3009 2175 2052 2493 2726 1351 2360 1404 2044 2898 1617 3229 2342 360 2611 3125 2468 1063 2500 1208 2642 1941 1372 2018 713 2356 2872 1154 2477 2404 2884 820 1432 721 2481 2511 1690 1080 3189 3228 2495 3238 1735 1682 2428 1493 1194 1343 819 2425 1684 2117 1226 1870 2097 2678 2799 1961 1480 1903 3083 2001 1712 1594 2213 2048 2643 1241 3215 2263 1623 910 905 2744 1669 2192 1773 2155 1784 1820 3100 1072 2771 900 2408 1046 2798 1950 624 1203 1166 1045 1706 1543 1855 1081 2302 3263 2648 3038 2781 3265 1946 2910 3191 2223 2311 2954 1853 2695 1911 1767 2297 2259 1684 2273 1678 1896 1686 1012 3167 1695 1263 939 1657 3146 3008 1956 2194 1260 3231 1439 2939 2899 1789 2807 1013 2017 3266 2362 2145 597 2489 1636 1441 648 1774 3043 1907 1443 1778 2350 2673 2429 3355 2848 1795 2945 1432 1808 2022 2186 1765 2075 1758 2835 2779 2818 1743 2030 3157 3204 1950 2980 1126 3328 2255 1230 2374 3232 1724 1551 1830 2812 3113 2513 2584 2087 1682 1783 3421 827 1549 1874 1536 3549 2213 3035 2089 2243 1833 1220 1409 2936 1054 1275 1080 1314 2899 3176 2673 3314 2648 2066 1662 3213 2662 1738 3291 1342 2289 1038 3269 2042 2789 1962 2155 2549 1181 2702 1791 3025 1508
1621 1259 2148 1949 1087 1889 1359 1351 1367 763 1510 2183 700 1591 2300 832 1720 1882 2255 2611 360 2370 1658 2851 1143 1877 1265 1385 2940 2931 2505 777 1848 2576 2308 1287 2787 2331 2035 2403 2218 2178 1549 1948 2778 989 1252 1136 1322 2335 1031 2023 2329 2224 2402 1921 1330 1871 2374 1923 1133 712 834 2374 1590 1217 1894 2246 2203 2645 1290 1132 2174 2203 2833 2637 2948 2498 2559 672 2292 1031 1199 1691 2667 2690 870 3011 1292 2183 2698 2350 1374 1139 2357 2420 2931 2207 1821 3394 1230 1945 718 2739 573 1129 810 2567 1500 1173 2674 1180 887 1723 2236 930 2030 1523 2195 1742 1811 1888 1671 2298 1962 1959 2724 2267 1758 2186 2108 1721 887 1363 2364 2259 981 2909 2603 2442 2371 971 1995 1826 2666 1185 856 2586 502 1953 1602 2332 1654 819 1074 1809 1745 1496 886 2506 2885 1243 1569 843 2287 3176 972 2355 3147 1567 2050 612 1541 2366 3216 1349 1719 1885 2389 730 2101 1099 1211 1740 1333 2365 1658 2129 1445 1858 880 1586 2250 1820 3228 1863 2880 2843 2975 1735 1755 2945 1086 842 1143 1002 1371 2230 1727 1815 2062 2252 1892 1671 2658 2152 1341 2638 1014 1045 1459 974 413 1852 2560 2810 2305 1936 1929 1890 2543 3040 1285 893 1909 1221 2395 2089 2815
2905 1496 3224 1853 1868 2656 1500 1597 1692 1978 1220 2144 2127 2385 1518 2810 3147 1057 1192 3125 2370 360 1172 2802 1602 2961 1465 1790 2633 2055 3287 2034 882 2488 1072 3186 1087 2665 3342 3192 1029 985 3009 2506 833 2680 1500 2085 2133 1885 1732 3369 2326 3460 2677 1076 2229 1378 3516 1617 2860 2722 1962 3920 2215 2781 913 3838 1805 2163 1618 2816 845 3374 887 1535 2423 2640 2679 2110 1878 1882 2366 1399 2011 1998 2357 2983 1453 2601 1450 2464 1372 2719 2902 2356 2801 3236 1800 3073 2739 2507 2513 748 2166 1811 2818 558 3149 1648 700 2997 2745 1041 3758 2936 3617 3044 1216 1284 3289 1225 3139 1663 1799 2720 777 1844 2403 2553 3547 1175 2820 3011 1400 3438 2597 2542 818 691 1802 1815 2577 1485 661 1615 2502 2934 2426 3395 2273 2884 3191 2324 2477 3108 1748 1361 1853 1256 891 1534 3117 2799 2096 2526 2220 1403 2529 1534 1730 2301 1192 724 2636 3048 1188 1027 1657 2492 3182 2417 1656 2588 1478 498 1843 1943 3005 874 2647 1202 929 3524 2706 3400 871 2993 2518 3334 3122 938 2893 2711 2865 1869 2917 2275 2966 930 3065 3441 2652 2685 920 673 1389 629 3009 2003 2072 2672 2395 1759 559 2524 1270 2651 1043 1448 908 2226 1668 1839 2377 1513 3851 649 2387
2101 964 2452 1233 1387 1905 1115 785 883 1254 700 1564 1367 1606 1208 2126 2338 1128 1021 2468 1658 1172 360 2309 882 2178 830 988 2234 1897 2573 1272 767 1979 1036 2398 1490 2024 2545 2472 939 891 2197 1786 1505 2103 773 1645 1329 1453 986 2569 1761 2673 2056 643 1425 794 2744 1025 2057 1998 1351 3111 1445 1970 974 3027 1325 1794 807 2010 876 2594 1557 1464 2108 2060 2110 1459 1423 1084 1554 679 1716 1722 1797 2496 910 1928 1481 1874 871 1910 2222 1820 2340 2472 1132 2713 1927 1787 1737 1491 1479 1345 2107 1365 2337 1151 1418 2200 1963 858 2949 2199 2805 2231 976 598 2479 691 2329 1290 1195 1975 1454 1387 1652 1890 2742 1076 2160 2200 1198 2658 2036 2162 1310 1156 1420 1228 1859 854 1435 839 1707 2313 1684 2589 1502 2201 2378 1749 1666 2307 1052 550 1201 1263 1632 1026 2304 2127 1574 2285 1413 1192 2271 761 1186 1658 736 1075 2367 2240 1090 1101 1346 1869 2408 1931 855 1818 691 1227 1109 1387 2192 716 2041 453 956 2712 2414 2588 1647 2442 2178 2521 2316 1738 2098 2072 2061 1079 2104 1684 2167 827 2298 2661 1903 1897 1360 1098 785 1433 2260 1195 1285 2092 1694 1109 1372 2104 1095 1910 1165 867 1244 2048 856 1138 1664 913 3048 963 2019
1924 2780 1751 1445 3107 1447 2982 2145 2040 2625 2623 1115 2543 1645 1645 3224 2176 3070 1971 1063 2851 2802 2309 360 2511 1744 2613 1951 677 1393 1413 2509 2676 689 2097 2883 2406 931 2065 1398 2132 2177 2200 1299 2758 3480 2470 3340 1891 1276 2480 2125 923 2012 851 2174 1883 1888 1916 1643 2524 3007 2911 2640 1621 2323 2898 2665 1371 1036 2200 2466 2321 1903 2773 1755 951 721 663 2901 1288 2287 2044 1994 1227 1256 3288 547 2740 1072 1896 863 2744 2346 1097 851 468 1696 1566 927 2264 1304 2609 2854 2828 3091 3122 2905 2469 2928 2789 2674 2684 2806 2519 3077 2546 2280 1945 2072 2274 2032 2228 1498 1476 1413 2748 1323 1473 1049 2308 3024 3322 2440 1776 1933 3462 758 2520 2524 1361 2877 1278 1815 2878 2368 2459 847 2756 2257 1612 1108 2328 3229 2222 2010 1658 2248 2761 1981 2921 2838 2327 3263 1096 1110 2240 1771 1068 1974 1487 3036 2670 2455 1040 2516 3038 3040 1513 3216 1750 3502 2266 1574 2328 2926 1668 1281 2325 2607 3372 2378 2233 2683 979 2388 2999 629 863 2453 2096 3132 2638 3320 2517 2336 2301 1016 1931 2756 1645 1948 1442 1719 2460 2925 2621 2942 3054 2200 1764 3465 2905 1573 2938 690 1898 1389 3103 1811 2369 1302 2154 2636 1307 2689 2477 2773 869
1858 663 2297 1449 966 1830 872 728 831 741 758 1762 887 1493 1636 1606 2056 1240 1519 2500 1143 1602 882 2511 360 2007 535 929 2508 2315 2520 795 1089 2192 1552 1952 2011 2104 2315 2414 1458 1412 1895 1780 1996 1591 469 1216 1155 1780 495 2326 1948 2472 2156 1158 1235 1185 2576 1325 1653 1490 847 2815 1382 1613 1187 2713 1641 2121 670 1617 1395 2412 2050 1940 2440 2203 2261 939 1741 722 1277 1002 2089 2103 1295 2692 647 1978 1977 2023 702 1541 2237 2026 2565 2333 1317 2988 1584 1778 1276 1962 957 943 1594 1800 1978 779 1895 1775 1509 1010 2658 1699 2486 1910 1465 1015 2186 1155 2032 1675 1436 1906 1942 1709 1603 1956 2473 1102 1638 1833 1665 2476 1529 2452 1821 1658 1781 753 1848 1179 1893 502 1286 2394 1185 2313 1427 2213 2060 1244 1321 2068 1225 748 688 1768 2107 708 1979 1605 1821 2645 1055 1657 2624 934 1483 1137 802 1583 2710 1858 1108 1230 1753 1349 2249 1456 608 1706 588 1614 1203 1634 1855 1087 1522 804 1478 2349 2742 2280 2107 2585 2492 2188 2054 2180 1670 1550 1659 684 1766 1854 1940 1076 2161 2474 1829 1730 1877 1419 604 1871 1768 871 1198 1579 1175 1324 1797 2373 1582 1854 1288 1229 1765 2449 717 615 1684 567 2782 1333 2328
559 2306 650 1593 2437 741 2506 1781 1664 1870 2334 1505 1699 935 2125 2093 792 2855 2332 1208 1877 2961 2178 1744 2007 360 2176 1552 1985 2408 1003 1727 2575 1633 2457 1555 2952 1190 771 911 2422 2428 841 952 3164 2461 2042 2592 1227 1866 1898 818 1486 859 1266 2252 1138 1975 932 1789 1262 1878 2169 1403 1107 1079 2752 1374 1815 1974 1791 1218 2527 775 3204 2445 2151 1414 1458 2075 1832 1649 1109 1922 2118 2155 2386 1833 2294 1080 2575 1389 2345 1138 1024 1560 1850 696 1578 2301 1039 947 1534 3201 1965 2450 1970 3136 1102 2366 3125 1378 1497 2592 1249 1867 1205 920 2270 2037 897 2113 846 2011 1649 726 3127 1838 949 1128 1018 2736 2207 1108 2269 840 2478 2011 2917 2825 1967 2218 915 1866 3175 1893 1383 1300 1742 913 1049 1007 945 2333 1169 628 1600 2009 2078 2508 3322 2340 953 2144 1644 2380 1369 2259 2339 1789 1764 2122 2388 2735 2356 1181 2744 2838 2098 2233 603 2616 1798 741 1964 3036 1488 1637 981 2532 2345 2186 2514 1303 2321 1018 3366 1599 2116 1069 712 3480 1376 2252 1253 1694 989 1431 560 2611 545 842 746 642 2911 2915 2229 3198 1812 1500 1253 2447 1924 1629 3153 1896 2314 783 2902 1920 2785 2420 1730 1966 1060 2212 1288 2781 2007
2032 527 2465 1535 924 1986 732 834 952 877 605 1859 1044 1652 1650 1712 2231 1065 1490 2642 1265 1465 830 2613 535 2176 360 1061 2588 2338 2676 955 944 2289 1504 2110 1932 2233 2488 2571 1406 1354 2071 1924 1881 1643 507 1183 1317 1836 666 2501 2050 2645 2281 1113 1400 1205 2747 1382 1822 1616 891 2990 1531 1787 1019 2887 1700 2181 789 1787 1315 2583 1936 1929 2500 2318 2375 1018 1801 896 1451 1034 2131 2142 1331 2797 489 2113 1950 2136 529 1714 2381 2123 2661 2500 1408 3071 1759 1923 1435 1836 1063 887 1713 1662 2151 696 1772 1939 1667 842 2833 1831 2661 2085 1443 1016 2362 1143 2207 1708 1514 2062 1825 1767 1753 2087 2648 927 1731 2005 1658 2647 1572 2527 1723 1555 1825 760 1994 1222 1761 646 1454 2525 1325 2488 1578 2357 2235 1285 1496 2242 1315 757 755 1733 1982 587 2153 1705 1904 2695 1231 1652 2677 1004 1545 1216 641 1486 2767 2028 933 1055 1778 1420 2418 1461 750 1867 644 1465 1313 1715 2030 953 1588 738 1411 2521 2805 2455 1975 2703 2559 2362 2229 2041 1834 1632 1828 859 1940 1960 2113 918 2327 2646 1985 1898 1788 1261 437 1733 1907 1045 1347 1633 1290 1407 1656 2455 1562 2007 1113 1261 1683 2481 846 735 1822 446 2957 1186 2396
1475 1221 1831 934 1515 1306 1431 599 475 1063 1162 1215 1044 987 1298 1840 1718 1682 1332 1941 1385 1790 988 1951 929 1552 1061 360 1975 1906 1992 978 1382 1640 1424 1895 1941 1535 1917 1887 1357 1341 1586 1225 2061 1975 914 1749 704 1312 888 1942 1392 2046 1586 1114 799 920 2122 903 1519 1658 1327 2490 841 1395 1564 2411 1178 1632 632 1465 1403 1968 2108 1648 1944 1635 1694 1342 1269 724 953 784 1642 1665 1734 2130 1190 1412 1730 1458 1218 1348 1680 1474 2012 1855 802 2450 1345 1224 1302 2072 1293 1501 1779 1975 1751 1348 1997 1678 1496 1411 2328 1817 2192 1627 1266 888 1861 1006 1713 1278 940 1380 2016 1244 1061 1388 2117 1580 1910 1624 1386 2033 1937 1929 1832 1707 1345 1286 1295 840 2031 787 1217 1826 1343 1965 895 1657 1770 1676 1101 1680 720 816 1172 1571 2206 1273 1701 1861 1294 2165 895 1376 2139 631 1025 1507 1217 1618 2215 1674 1590 1661 1371 1710 1786 1934 680 1203 797 1853 652 1120 1597 1340 1881 993 1427 2122 2236 1974 2234 2016 1982 1918 1692 2337 1585 1864 1521 766 1513 1295 1539 1421 1680 2035 1304 1271 1853 1723 1093 2041 1849 713 665 1961 1435 828 1987 1841 1358 1320 1726 909 1726 2015 574 1049 1120 1125 2422 1591 1819
2150 2755 2027 1418 3113 1652 2948 2139 2048 2673 2564 1123 2616 1788 1481 3343 2413 2974 1804 1372 2940 2633 2234 677 2508 1985 2588 1975 360 1103 1717 2570 2571 738 1921 3074 2170 1154 2333 1694 1970 2021 2417 1473 2539 3561 2453 3358 1982 1146 2497 2392 973 2296 1079 2059 1992 1800 2212 1575 2699 3131 2942 2926 1727 2501 2793 2942 1268 830 2200 2639 2166 2186 2549 1522 644 931 891 2953 1171 2331 2174 1934 994 1015 3344 779 2710 1274 1656 991 2703 2514 1371 881 595 1977 1551 842 2440 1478 2732 2644 2892 3091 3250 2718 2685 2917 2583 2857 2834 2720 2799 3222 2810 2497 1789 1995 2521 1930 2461 1347 1434 1632 2534 1207 1622 1236 2581 2946 3434 2641 1593 2220 3535 458 2312 2336 1204 2891 1470 1745 2678 2369 2589 1147 2858 2518 1731 1378 2559 3285 2361 2253 1643 2204 2785 1772 2698 2816 2549 3377 1047 795 2339 1590 752 1944 1411 3104 2607 2275 738 2717 2961 2942 1337 3295 2021 3549 2273 1760 2307 2764 1683 1234 2533 2500 3458 2312 2066 2928 696 2640 2781 945 548 2693 2335 2915 2810 3418 2694 2377 2499 1072 2160 2658 1907 2234 1647 1916 2242 2789 2586 2748 3210 2265 1841 3547 2994 1544 2753 494 1723 1595 3002 1727 2163 995 2162 2664 1446 2670 2767 2639 609
2519 2491 2536 1365 2901 2030 2652 1977 1931 2585 2235 1276 2591 2016 1049 3385 2798 2535 1295 2018 2931 2055 1897 1393 2315 2408 2338 1906 1103 360 2329 2520 2135 1226 1372 3307 1479 1656 2805 2278 1451 1512 2752 1819 1866 3506 2230 3159 2066 974 2352 2858 1287 2817 1608 1648 2116 1494 2773 1372 2914 3196 2797 3433 1885 2734 2345 3419 1095 801 2043 2853 1645 2706 1867 880 823 1479 1473 2854 1018 2263 2321 1673 656 622 3237 1522 2440 1712 979 1409 2407 2722 1928 1228 1333 2503 1481 1433 2672 1824 2818 1985 2825 2865 3318 2098 3003 2674 1934 3081 2977 2319 3288 3336 3252 2824 1312 1683 2928 1566 2831 1002 1340 2043 1872 1035 1888 1657 3058 2550 3457 2922 1078 2754 3459 1007 1666 1731 921 2707 1852 1497 2035 2196 2703 1780 2887 2961 1916 1925 2923 3182 2514 2664 1549 1943 2634 1159 2016 2554 2890 3407 1134 840 2399 1081 851 1754 1242 3035 2265 1691 957 2992 2566 2501 922 3245 2517 3410 2125 2084 2088 2193 1648 1214 2839 2064 3418 1989 1525 3309 1038 3054 2105 1657 927 3071 2731 2237 3010 3409 2912 2298 2782 1337 2542 2231 2389 2765 2024 2246 1581 2272 2311 2115 3351 2254 1916 3493 2982 1443 2137 1063 1207 1984 2553 1445 1529 531 2028 2529 1730 2425 3292 2134 884
1188 2824 814 1802 3013 1050 3032 2231 2107 2450 2794 1570 2295 1387 2270 2737 1353 3311 2545 713 2505 3287 2573 1413 2520 1003 2676 1992 1717 2329 360 2309 2981 1464 2679 2166 3120 1052 1120 466 2671 2693 1458 1147 3399 3100 2533 3189 1727 1928 2430 1178 1448 1005 1085 2573 1656 2269 875 2035 1902 2521 2756 1612 1510 1722 3181 1659 1934 1894 2258 1860 2815 910 3430 2524 1957 1210 1221 2679 1908 2183 1694 2274 2077 2114 3010 1424 2802 1062 2667 1303 2841 1781 774 1479 1517 740 1846 1893 1682 1147 2171 3462 2574 3020 2613 3441 1694 2912 3387 2007 2140 3038 1510 2507 1585 1530 2493 2385 1395 2422 1418 2128 1858 974 3372 1929 1290 1116 1325 3212 2850 1730 2421 919 3114 1778 3147 3090 2037 2785 1074 2162 3455 2390 2017 931 2373 1326 1459 785 1507 2955 1791 1185 1904 2432 2647 2662 3564 2866 1544 2788 1676 2152 1956 2413 2109 2172 1949 2744 2848 3005 2092 1798 3222 3289 2194 2867 842 3240 2287 1177 2428 3384 1825 1759 1602 2927 2984 2604 2771 1784 2033 1480 3623 1180 1890 1587 1276 3748 2014 2894 1892 2233 1623 1448 1190 3034 819 935 1051 1199 3118 3303 2718 3495 2448 2044 1691 3086 2553 1887 3464 1676 2503 1031 3354 2199 3001 2287 2197 2527 1273 2727 1440 3157 1835
1529 1018 2016 1550 1069 1641 1187 935 951 502 1192 1807 454 1312 1883 1246 1693 1648 1843 2356 777 2034 1272 2509 795 1727 955 978 2570 2520 2309 360 1524 2217 1902 1517 2392 2023 1979 2203 1815 1779 1525 1654 2413 1358 893 1243 992 1930 661 1981 1967 2152 2088 1522 1032 1455 2277 1509 1230 1093 807 2430 1264 1216 1615 2318 1796 2249 876 1199 1787 2107 2466 2220 2557 2167 2228 754 1887 616 979 1276 2260 2282 1138 2678 1030 1880 2283 2006 1105 1139 2094 2055 2581 2064 1419 3035 1198 1651 841 2387 681 1083 1207 2232 1571 1021 2318 1344 1074 1438 2277 1287 2092 1526 1782 1333 1813 1477 1659 1884 1558 1717 2360 1862 1462 1874 2108 1498 1304 1424 1948 2169 1325 2531 2223 2067 1961 853 1712 1408 2321 793 863 2297 773 1948 1290 2070 1674 1079 952 1734 1339 1098 713 2094 2531 1031 1590 1259 1901 2781 718 1939 2754 1150 1641 894 1234 1988 2828 1441 1500 1642 1974 1092 1967 1354 800 1499 941 2048 1262 1733 1463 1519 1263 1211 1854 1935 2845 1895 2535 2531 2591 1791 1704 2612 1238 1249 1237 585 1375 1868 1621 1510 1900 2165 1643 1474 2270 1853 1031 2303 1347 668 1106 1345 824 1447 2230 2437 1891 1680 1696 1473 2152 2633 868 618 1591 945 2413 1768 2428
2483 978 2853 1620 1371 2311 1014 1158 1271 1460 698 1947 1616 2007 1477 2288 2709 765 1201 2872 1848 882 767 2676 1089 2575 944 1382 2571 2135 2981 1524 360 2347 1147 2681 1445 2424 2932 2880 1055 992 2561 2194 1319 2172 993 1605 1715 1785 1222 2953 2142 3067 2452 871 1809 1148 3144 1397 2370 2200 1443 3481 1850 2308 583 3390 1670 2113 1161 2330 883 2991 1375 1645 2413 2448 2496 1588 1762 1398 1918 1077 2004 2003 1850 2863 933 2332 1616 2262 853 2242 2628 2194 2698 2875 1529 3043 2272 2194 2006 1261 1644 1316 2295 1078 2677 1140 1201 2499 2238 564 3321 2416 3165 2587 1185 976 2848 1004 2695 1591 1577 2382 1263 1726 2059 2293 3120 781 2299 2535 1417 3056 2092 2491 1201 1028 1731 1297 2267 1231 1181 1122 2007 2711 1908 2963 1907 2607 2737 1813 2006 2690 1454 926 1330 1389 1406 1020 2659 2278 1940 2566 1743 1415 2558 1169 1548 1780 669 981 2660 2567 797 732 1625 1974 2808 1929 1182 2221 1000 884 1517 1759 2542 432 2133 749 1006 3052 2716 2952 1393 2825 2493 2874 2693 1456 2395 2192 2375 1377 2452 2071 2552 456 2700 3057 2309 2293 1283 706 867 1149 2490 1531 1685 2164 1872 1502 1072 2446 1289 2318 791 1226 1203 2299 1219 1319 2072 991 3428 603 2342
1787 2457 1708 1117 2792 1285 2657 1825 1724 2326 2295 791 2258 1410 1340 2970 2055 2741 1662 1154 2576 2488 1979 689 2192 1633 2289 1640 738 1226 1464 2217 2347 360 1792 2698 2137 815 2001 1418 1820 1863 2050 1098 2473 3201 2148 3030 1615 965 2168 2058 610 1986 753 1847 1620 1559 1923 1314 2322 2757 2606 2612 1354 2124 2570 2616 1048 800 1882 2262 2005 1874 2492 1495 881 614 608 2605 970 1985 1798 1665 993 1027 2995 877 2415 913 1640 615 2417 2136 1072 526 732 1666 1241 1178 2062 1103 2358 2562 2538 2775 2876 2600 2317 2608 2494 2480 2456 2476 2477 2845 2471 2128 1632 1743 2170 1705 2100 1190 1147 1272 2458 1004 1243 869 2253 2695 3064 2268 1478 1916 3178 742 2230 2220 1058 2565 1101 1485 2580 2050 2214 917 2490 2177 1356 1072 2198 2936 1984 1900 1333 1921 2453 1696 2637 2515 2183 3006 767 1107 1971 1472 1066 1648 1159 2749 2341 2149 1088 2343 2709 2711 1218 2936 1696 3204 1950 1386 2005 2610 1352 951 2162 2279 3096 2048 1922 2572 1065 2291 2712 869 844 2335 1980 2844 2432 3052 2316 2034 2126 709 1799 2428 1575 1928 1279 1544 2176 2602 2296 2640 2833 1909 1478 3187 2630 1246 2632 626 1594 1229 2774 1482 2078 1187 1838 2329 1068 2367 2462 2449 742
