140 2172 2552 937 2153 2557 299 659 2661 2691 1248 524 778 905 2178 2430 1503 2198 558 884 1758 2884 2165 1740 2199 947 1491 1559 1645 2448 2214 1730 1539 451 1322 780 766 838 1225 1430 1513 2338 667 1077 2447 1740 1697 944 783 2977 1806 1970 1627 872 1018 1745 499 1923 2010 2270 712 1394 2140 2467 492 2581 2285 1667 1342 2503 2031 916 2462 2300 696 2250 1629 2844 2149 2251 2054 2550 756 2179 1444 1095 1376 2374 2153 789 2868 1411 2469 828 2383 2057 1202 1271 1227 1484 1048 1595 419 1357 773 2133 1005 1891 272 2474 2509 1433 2255 1894 2277 1797 821 318 2718 1235 1769 2534 2310 2505 1382 1443 2647 2561 2721 1518 745 2301 858 2009 1812 2403 1592 1383 2393 1576 2394 2380 1645 1259 1983 1871 1001 2182 1533 1248 901
2272 360 1043 3056 2094 1533 2373 2652 879 1470 2055 2008 2176 3000 1907 2046 1534 936 2597 1813 1677 1535 2087 1641 3019 1820 1815 1961 1629 817 2272 2891 2158 2111 1238 2880 2097 2111 2802 2117 1045 1348 2143 1653 1861 1762 2387 1793 2750 1502 1935 799 1093 1752 1517 799 2338 854 2943 2771 1988 1138 1074 740 2622 1733 1431 2406 1846 2996 1859 3043 947 2870 1945 1311 990 1307 2924 2454 2149 1214 2878 2312 2170 2020 2782 3059 2509 1795 1707 1523 759 2857 1423 2187 2049 1993 2126 2737 1564 1234 2459 2504 2882 1286 1539 2467 2334 997 2095 1687 533 2345 961 1112 1748 2445 1042 1296 940 1403 1214 1927 2080 1448 1731 993 1326 1192 1995 1314 2638 1135 1674 2798 1505 1924 1451 964 706 2575 1474 2151 1801 1201 1559 1373 1565 2536 1844
2652 1043 360 3449 1786 958 2775 2935 816 820 2663 2408 2695 3307 2590 2721 2178 718 2905 2330 2351 852 1773 2314 2839 2049 2461 2613 1564 594 1961 2848 2105 2532 1604 3196 2612 2642 2917 2749 1430 2003 2405 2206 2529 1632 2287 2327 3211 835 2609 1481 1286 2053 1915 1373 2635 992 2812 2518 2269 1595 1749 718 2983 1184 2098 2318 2471 2705 1588 3425 1521 2625 2422 1978 1600 661 2742 2155 1888 578 3268 2021 2153 2602 2842 2826 2255 2126 1046 1615 689 3134 2075 1929 2650 2050 2192 2753 1867 1879 2787 2536 3285 978 1916 2304 2733 1575 1639 2324 1162 2166 642 1786 2091 2812 617 1738 1595 816 775 1444 2708 1552 1152 437 644 1810 2496 1974 2850 1819 2351 2504 1499 2554 2104 1400 1260 2249 2137 2759 1551 1120 1913 2049 2215 2607 2372
1037 3056 3449 360 2926 3430 1043 1033 3552 3575 1814 1412 1380 790 2800 3039 2238 3094 991 1666 2433 3772 2941 2426 2704 1809 2134 2144 2489 3345 2953 2184 2263 1304 2218 782 1428 1462 1605 1955 2408 3101 1471 1862 3106 2561 2357 1711 803 3870 2400 2818 2523 1762 1912 2622 1230 2820 2505 2880 1571 2280 2945 3361 836 3437 3030 2318 1989 3082 2841 417 3299 2882 1496 3017 2484 3741 2681 2950 2808 3442 541 2905 2163 1702 1809 2903 2825 1684 3743 2281 3364 957 3135 2802 1777 2048 1962 1966 1943 2399 1055 1939 536 3014 1901 2544 1084 3304 3309 2127 3128 2585 3173 2606 1718 999 3615 2122 2613 3417 3197 3331 1925 2320 3507 3459 3614 2346 1485 3069 1290 2804 2488 3026 2455 1994 3140 2467 3258 3063 2383 1777 2801 2758 1898 2933 2256 1802 1659
2253 2094 1786 2926 360 1294 2410 2263 2208 1516 2895 2153 2647 2611 3340 3552 2660 1573 2295 2385 2948 1718 378 2909 1438 1602 2881 3032 985 1907 539 1595 1035 2283 1745 2542 2574 2641 1913 3058 1759 2990 1851 2398 3426 830 1053 2426 2897 1901 3162 2350 1509 1752 1892 2035 2074 1610 1455 1093 1813 1900 2688 2031 2473 1134 3035 1097 2803 1283 597 2881 2680 1201 2346 2927 2192 1913 1345 731 506 1603 2766 594 1134 2762 1754 1403 834 1846 1526 1264 2007 2406 3066 537 2859 1246 1324 1607 1687 2452 2250 1466 2811 1201 1851 967 2372 2728 768 2739 2268 836 1597 2506 1854 2356 2043 1914 2307 1396 1373 880 3002 1295 1215 1854 1705 2325 2457 2950 2049 2669 2977 1081 1117 2891 3092 1833 2437 842 2713 2969 661 1262 1802 2945 2709 1594 2441
2657 1533 958 3430 1294 360 2797 2836 1415 582 2923 2454 2844 3210 3043 3204 2514 971 2831 2500 2740 788 1277 2700 2373 1981 2786 2943 1329 1160 1452 2480 1785 2588 1733 3114 2760 2808 2671 3042 1618 2521 2326 2425 3030 1319 1911 2515 3272 967 2991 1930 1378 2048 2015 1717 2568 1218 2382 2018 2219 1801 2241 1296 2954 585 2602 1950 2762 2177 1154 3397 2080 2126 2544 2482 1938 993 2279 1643 1422 740 3252 1521 1858 2830 2555 2328 1767 2138 672 1509 1267 3018 2596 1461 2900 1832 1963 2436 1891 2233 2738 2246 3282 792 1997 1878 2754 2134 1060 2640 1686 1739 932 2194 2118 2798 1189 1904 1986 502 697 862 2994 1474 560 1035 785 2134 2638 2487 2692 2280 2751 1979 1336 2850 2624 1635 1816 1715 2508 3014 1144 1065 1973 2537 2557 2345 2551
399 2373 2775 1043 2410 2797 360 872 2869 2926 1353 729 876 1069 2302 2553 1646 2423 767 1033 1890 3117 2421 1874 2454 1196 1613 1671 1894 2663 2472 1980 1798 624 1537 946 876 943 1465 1531 1726 2493 926 1231 2579 1993 1956 1089 849 3206 1922 2152 1853 1109 1229 1941 754 2144 2264 2529 963 1597 2306 2678 642 2826 2435 1926 1464 2761 2284 1029 2640 2558 848 2406 1813 3069 2405 2510 2312 2779 864 2437 1703 1204 1623 2630 2413 1021 3107 1655 2681 1021 2536 2315 1308 1529 1486 1735 1278 1759 647 1613 872 2371 1221 2150 402 2650 2763 1566 2449 2153 2502 1963 1049 507 2934 1438 1948 2771 2543 2756 1485 1683 2891 2781 2951 1690 876 2457 1094 2172 1944 2662 1837 1498 2544 1784 2584 2639 1790 1357 2235 2106 1222 2333 1674 1501 1043
759 2652 2935 1033 2263 2836 872 360 3109 2999 1864 1081 1389 735 2797 3049 2110 2576 466 1492 2374 3205 2278 2354 2067 1246 2110 2178 1872 2866 2283 1560 1594 1057 1774 642 1384 1453 997 2043 1969 2927 889 1678 3062 1924 1683 1554 1166 3322 2425 2508 2019 1264 1506 2247 673 2329 1870 2215 1032 1886 2711 2906 675 2818 2882 1645 1962 2425 2194 983 3005 2223 1306 2839 2167 3213 2035 2276 2141 2896 897 2233 1494 1713 1184 2260 2152 1216 3147 1702 2903 565 2977 2134 1818 1399 1300 1325 1455 2175 603 1271 954 2438 1477 1871 877 3022 2654 2048 2756 1912 2653 2370 1264 725 3129 1733 2316 2839 2636 2689 1997 1755 2892 2956 3065 2085 1364 2889 634 2588 2428 2359 1862 2003 2988 2047 2909 2390 2250 1870 2159 2200 1452 2777 2143 1137 1514
2761 879 816 3552 2208 1415 2869 3109 360 1262 2569 2500 2694 3469 2310 2405 2037 1017 3063 2329 2147 1231 2196 2114 3233 2244 2315 2454 1891 665 2386 3190 2442 2610 1703 3351 2614 2630 3186 2621 1509 1666 2587 2172 2197 1989 2646 2311 3261 1126 2401 1276 1467 2205 2002 1314 2798 1161 3189 2933 2437 1633 1459 569 3107 1640 1775 2673 2356 3132 1995 3536 1143 3038 2456 1660 1509 932 3136 2580 2299 1034 3373 2442 2475 2538 3138 3237 2668 2261 1469 1870 581 3314 1731 2339 2564 2336 2476 3068 2014 1741 2931 2842 3380 1371 2017 2687 2828 1195 2091 2193 896 2553 976 1596 2218 2930 624 1790 1447 1273 1199 1898 2588 1798 1607 739 1053 1709 2510 1644 3066 1563 2135 2930 1797 2431 1759 1444 911 2681 1963 2664 1951 1427 2029 1748 2064 2895 2362
2791 1470 820 3575 1516 582 2926 2999 1262 360 2973 2573 2933 3374 3010 3156 2532 962 2987 2580 2736 575 1500 2697 2595 2128 2810 2966 1508 1048 1674 2695 1989 2706 1816 3274 2849 2891 2867 3081 1678 2450 2480 2487 2970 1517 2125 2589 3392 746 2992 1892 1462 2178 2112 1721 2721 1246 2602 2240 2364 1859 2184 1177 3099 783 2540 2163 2799 2396 1371 3543 1979 2347 2640 2419 1949 782 2501 1864 1644 616 3395 1743 2058 2892 2758 2549 1989 2264 598 1659 1148 3186 2523 1683 2954 2016 2151 2644 2010 2241 2887 2448 3421 921 2101 2098 2883 2033 1269 2667 1607 1959 900 2178 2239 2938 1016 1978 1975 519 747 1072 3035 1614 726 894 582 2153 2728 2419 2868 2239 2742 2199 1497 2886 2552 1679 1717 1934 2511 3067 1357 1179 2083 2484 2573 2543 2628
1348 2055 2663 1814 2895 2923 1353 1864 2569 2973 360 1264 838 2023 1346 1588 912 2378 1759 882 1001 3114 2901 1003 3268 1724 699 691 2276 2476 3013 2858 2449 1205 1570 1909 841 770 2413 547 1664 1724 1698 868 1653 2425 2667 832 1378 3138 948 1668 1913 1546 1362 1652 1667 2087 3097 3243 1612 1482 1651 2430 1611 3035 1631 2651 585 3492 2700 1834 2058 3299 994 1647 1431 2959 3200 3113 2844 2756 1692 3004 2377 518 2538 3415 3062 1467 3199 1993 2445 2010 1741 2862 405 2149 2178 2616 1569 1191 1627 2441 1655 2505 1403 2847 1346 2045 3150 758 2046 2803 2449 1366 1440 1499 2729 1391 1482 2844 2600 3073 495 1973 3077 2638 2913 1223 894 1699 2058 1503 1052 3351 2159 549 1740 1654 2114 3253 1031 456 2636 2241 1453 1548 902 2363 828
624 2008 2408 1412 2153 2454 729 1081 2500 2573 1264 360 875 1378 2112 2366 1399 2057 997 794 1678 2760 2163 1655 2373 910 1440 1536 1591 2294 2238 1953 1603 495 1168 1254 818 895 1529 1452 1356 2205 793 965 2359 1709 1800 858 1178 2843 1766 1809 1489 777 859 1580 804 1776 2198 2382 727 1230 1993 2308 976 2499 2161 1778 1300 2626 2001 1395 2303 2428 631 2118 1468 2703 2310 2304 2072 2418 1232 2214 1520 1106 1639 2529 2228 682 2762 1331 2311 1275 2255 2081 1219 1309 1308 1711 923 1454 847 1539 1242 2024 852 1988 688 2317 2479 1356 2091 1965 2136 1651 696 800 2565 1072 1610 2420 2188 2452 1398 1349 2560 2413 2590 1368 731 2167 1201 1867 1730 2502 1516 1359 2267 1415 2231 2440 1536 1304 1946 1755 856 2056 1436 1458 830
878 2176 2695 1380 2647 2844 876 1389 2694 2933 838 875 360 1549 1807 2055 1220 2369 1283 726 1418 3101 2656 1408 2878 1412 1125 1163 2059 2541 2742 2437 2118 775 1477 1434 444 441 1959 1014 1629 2084 1292 890 2100 2190 2315 743 976 3157 1417 1865 1832 1255 1189 1739 1216 2073 2698 2897 1243 1459 1945 2525 1133 2918 2010 2293 976 3141 2479 1392 2321 2942 667 2000 1556 2996 2818 2815 2574 2746 1239 2721 2035 697 2099 3039 2743 1161 3141 1783 2535 1531 2116 2586 794 1823 1823 2192 1347 1411 1156 2037 1211 2412 1212 2504 873 2320 2951 1107 2212 2480 2446 1615 1153 1024 2810 1321 1660 2789 2547 2906 969 1785 2972 2685 2914 1383 565 2053 1596 1801 1472 3017 1965 995 2120 1655 2318 2952 1364 841 2421 2139 1245 1914 1236 1944 692
1005 3000 3307 790 2611 3210 1069 735 3469 3374 2023 1378 1549 360 2996 3244 2356 2948 765 1741 2594 3581 2627 2579 2291 1619 2310 2352 2245 3232 2618 1769 1937 1316 2128 484 1569 1625 1192 2188 2323 3200 1262 1938 3281 2292 1996 1798 1119 3697 2607 2827 2387 1625 1845 2585 1033 2696 2092 2490 1399 2226 3005 3268 786 3189 3144 1955 2160 2681 2556 732 3322 2485 1555 3113 2486 3587 2274 2593 2484 3271 755 2563 1837 1886 1398 2493 2460 1568 3521 2078 3266 565 3244 2473 1980 1764 1656 1561 1816 2460 902 1564 817 2814 1821 2176 1094 3335 3009 2271 3096 2232 3025 2662 1613 946 3497 2070 2629 3215 3012 3053 2149 2130 3264 3327 3441 2383 1584 3164 925 2874 2648 2639 2237 2185 3253 2396 3243 2698 2499 2008 2523 2576 1802 3041 2382 1425 1752
2278 1907 2590 2800 3340 3043 2302 2797 2310 3010 1346 2112 1807 2996 360 613 1102 2432 2697 1678 799 3083 3340 830 3968 2404 1048 1016 2729 2360 3494 3637 3078 2102 1972 2878 1788 1730 3276 1216 1941 1046 2513 1518 687 2891 3320 1614 2363 3037 762 1478 2198 2231 1948 1707 2553 2207 3824 3854 2386 1805 1212 2260 2575 3217 923 3316 1197 4104 3110 2821 1568 3930 1856 1023 1515 2839 3887 3637 3335 2757 2677 3507 3033 1470 3366 4080 3629 2186 3249 2477 2285 2962 1009 3363 1385 2798 2872 3410 2158 1248 2554 3203 2642 2702 1999 3473 2287 1527 3482 1116 1799 3393 2479 1216 2141 2443 2546 1827 1427 2925 2707 3350 1238 2426 3232 2537 2874 1377 1792 1052 2952 1132 752 3933 2590 1172 989 1872 1761 3776 1004 1387 3044 2496 2055 925 1057 3156 1647
2530 2046 2721 3039 3552 3204 2553 3049 2405 3156 1588 2366 2055 3244 613 360 1351 2593 2949 1932 1051 3212 3551 1079 4208 2650 1299 1256 2949 2488 3710 3885 3315 2355 2199 3128 2038 1978 3529 1446 2153 1100 2766 1771 585 3110 3558 1867 2599 3152 999 1635 2405 2478 2191 1896 2807 2387 4067 4085 2637 2028 1332 2378 2825 3388 989 3555 1448 4335 3320 3061 1633 4164 2109 1107 1720 2953 4126 3858 3554 2900 2920 3726 3272 1717 3618 4317 3856 2436 3394 2703 2405 3213 1041 3583 1628 3038 3116 3659 2399 1470 2806 3451 2883 2883 2242 3707 2538 1586 3675 1369 1920 3624 2634 1409 2390 2695 2652 2061 1616 3081 2872 3536 1473 2650 3397 2662 3006 1601 2045 1120 3206 1284 1002 4161 2808 1419 1015 2079 1854 3996 1244 1622 3254 2692 2298 1032 1306 3406 1901
1603 1534 2178 2238 2660 2514 1646 2110 2037 2532 912 1399 1220 2356 1102 1351 360 1930 2017 979 666 2650 2662 632 3229 1662 642 795 2037 1974 2803 2894 2345 1414 1274 2233 1171 1139 2548 943 1292 1223 1780 794 1321 2197 2585 918 1834 2652 863 1125 1558 1488 1208 1171 1843 1656 3082 3130 1648 1126 1105 1914 1929 2656 1153 2579 688 3381 2440 2246 1507 3202 1166 1139 943 2465 3149 2934 2639 2297 2088 2809 2296 936 2629 3346 2914 1444 2766 1770 1932 2291 1257 2665 920 2060 2131 2668 1421 660 1868 2460 2066 2122 1259 2743 1623 1497 2849 517 1507 2671 1993 815 1399 1777 2216 1111 953 2417 2179 2742 911 1727 2686 2144 2443 739 1132 1192 2239 958 710 3216 1902 754 1263 1249 1564 3074 504 1004 2374 1881 1315 1054 409 2415 963
2298 936 718 3094 1573 971 2423 2576 1017 962 2378 2057 2369 2948 2432 2593 1930 360 2547 2008 2139 1098 1563 2100 2577 1691 2208 2364 1241 713 1752 2538 1791 2184 1261 2838 2285 2321 2572 2481 1100 1919 2047 1900 2421 1332 1990 2010 2867 1150 2393 1319 931 1696 1571 1120 2277 656 2531 2286 1910 1275 1634 823 2627 1160 1995 2017 2199 2494 1350 3069 1512 2390 2087 1876 1347 1006 2480 1943 1652 740 2913 1803 1829 2303 2507 2587 2021 1770 1196 1262 802 2776 1995 1692 2360 1709 1851 2427 1511 1640 2429 2205 2931 733 1568 2030 2381 1564 1525 2065 1102 1897 438 1587 1737 2456 932 1408 1381 855 640 1352 2435 1197 1164 745 904 1551 2167 1884 2494 1669 2147 2293 1159 2286 2023 1087 1253 2053 1912 2472 1301 780 1561 1928 1971 2269 2053
658 2597 2905 991 2295 2831 767 466 3063 2987 1759 997 1283 765 2697 2949 2017 2547 360 1398 2277 3191 2309 2258 2150 1222 2010 2075 1874 2827 2324 1649 1633 962 1723 650 1280 1349 1094 1938 1918 2841 867 1587 2965 1937 1739 1459 1075 3302 2323 2437 1983 1219 1444 2186 630 2292 1954 2282 996 1825 2631 2862 580 2823 2793 1702 1861 2498 2213 946 2933 2295 1211 2753 2095 3187 2114 2326 2177 2875 837 2277 1533 1609 1275 2339 2208 1163 3143 1688 2861 637 2889 2172 1714 1419 1331 1410 1411 2091 510 1339 889 2425 1418 1929 773 2949 2679 1951 2696 1962 2624 2289 1208 619 3093 1670 2242 2828 2619 2706 1892 1736 2895 2924 3045 2005 1264 2803 724 2505 2331 2424 1854 1900 2900 1992 2845 2444 2158 1764 2175 2181 1398 2688 2049 1208 1418
984 1813 2330 1666 2385 2500 1033 1492 2329 2580 882 794 726 1741 1678 1932 979 2008 1398 360 1246 2743 2392 1224 2755 1202 1007 1113 1774 2175 2498 2365 1927 795 1127 1617 645 673 1962 1061 1268 1819 1211 558 1931 1918 2147 424 1307 2794 1334 1521 1483 1024 865 1375 1235 1712 2590 2721 1105 1095 1641 2159 1315 2588 1763 2131 872 2971 2199 1666 1994 2778 547 1732 1200 2631 2686 2593 2329 2386 1502 2486 1856 737 2065 2898 2540 946 2793 1492 2168 1672 1862 2346 841 1627 1660 2127 1058 1094 1249 1940 1489 2071 900 2325 1007 1999 2660 922 1856 2281 2084 1300 917 1159 2443 962 1315 2439 2195 2597 1005 1480 2637 2319 2553 1042 545 1784 1634 1503 1299 2829 1665 939 1871 1289 1970 2733 1121 947 2137 1799 944 1660 1011 1872 415
1858 1677 2351 2433 2948 2740 1890 2374 2147 2736 1001 1678 1418 2594 799 1051 666 2139 2277 1246 360 2836 2949 400 3535 1967 662 721 2328 2133 3095 3198 2650 1677 1565 2473 1386 1337 2839 936 1561 1097 2074 1080 1049 2490 2890 1182 2008 2818 617 1240 1826 1793 1514 1382 2121 1884 3388 3433 1947 1407 1094 2054 2168 2896 996 2885 804 3684 2724 2448 1506 3506 1428 1028 1164 2624 3455 3230 2933 2492 2297 3103 2602 1091 2927 3652 3214 1747 2974 2066 2075 2546 1106 2959 1029 2366 2437 2970 1727 872 2131 2764 2267 2367 1565 3048 1872 1482 3119 685 1612 2973 2196 926 1702 2028 2353 1409 1121 2634 2402 3002 932 2021 2920 2308 2627 989 1374 1078 2519 959 414 3517 2192 812 1103 1505 1627 3370 597 1069 2657 2140 1621 922 618 2716 1220
2984 1535 852 3772 1718 788 3117 3205 1231 575 3114 2760 3101 3581 3083 3212 2650 1098 3191 2743 2836 360 1701 2798 2796 2330 2932 3086 1722 1084 1870 2908 2205 2891 1986 3479 3017 3056 3082 3212 1835 2490 2684 2638 3018 1733 2339 2747 3577 551 3094 1971 1637 2372 2289 1839 2923 1394 2809 2434 2564 2013 2241 1197 3297 959 2587 2377 2931 2581 1582 3742 1993 2542 2813 2467 2068 672 2703 2058 1849 718 3592 1941 2274 3041 2974 2743 2188 2456 625 1863 1170 3394 2561 1888 3097 2229 2365 2859 2199 2354 3088 2663 3616 1127 2280 2307 3074 2047 1442 2791 1652 2168 1025 2272 2428 3134 968 2141 2077 731 934 1249 3168 1815 888 910 569 2276 2898 2462 3079 2311 2838 2386 1705 3017 2589 1826 1738 2120 2618 3209 1571 1374 2266 2540 2689 2758 2789
2265 2087 1773 2941 378 1277 2421 2278 2196 1500 2901 2163 2656 2627 3340 3551 2662 1563 2309 2392 2949 1701 360 2910 1455 1612 2884 3035 989 1895 550 1613 1051 2293 1747 2558 2582 2650 1930 3063 1758 2986 1864 2403 3424 835 1071 2432 2909 1885 3164 2346 1507 1761 1898 2033 2088 1604 1473 1108 1824 1901 2684 2020 2487 1116 3032 1116 2808 1295 593 2895 2673 1215 2354 2923 2191 1897 1361 743 524 1588 2780 608 1150 2768 1772 1418 850 1855 1508 1269 1996 2422 3062 556 2865 1259 1338 1625 1694 2453 2264 1484 2825 1190 1857 985 2384 2721 750 2742 2260 854 1586 2505 1863 2369 2029 1917 2305 1380 1361 861 3007 1299 1197 1841 1689 2326 2465 2946 2065 2666 2978 1093 1119 2895 3088 1831 2429 851 2714 2976 658 1257 1808 2943 2711 1611 2448
1840 1641 2314 2426 2909 2700 1874 2354 2114 2697 1003 1655 1408 2579 830 1079 632 2100 2258 1224 400 2798 2910 360 3501 1935 663 739 2290 2096 3057 3167 2615 1656 1527 2458 1373 1327 2812 949 1521 1086 2047 1054 1067 2451 2855 1161 2003 2781 655 1204 1786 1761 1480 1343 2098 1845 3355 3396 1918 1368 1068 2018 2153 2856 988 2850 798 3647 2685 2440 1481 3470 1408 1014 1125 2588 3421 3192 2894 2454 2287 3065 2567 1085 2898 3617 3177 1716 2935 2028 2039 2528 1099 2921 1029 2331 2403 2940 1692 832 2111 2733 2259 2327 1531 3012 1854 1459 3079 668 1578 2937 2157 889 1671 2010 2318 1371 1082 2595 2363 2962 942 1982 2880 2271 2589 949 1357 1064 2496 931 437 3480 2153 814 1097 1465 1596 3332 557 1075 2618 2100 1587 910 587 2686 1200
2299 3019 2839 2704 1438 2373 2454 2067 3233 2595 3268 2373 2878 2291 3968 4208 3229 2577 2150 2755 3535 2796 1455 3501 360 1933 3375 3501 1751 2927 1289 882 1262 2462 2395 2281 2829 2907 1459 3453 2498 3781 1945 2853 4131 1620 1017 2814 2863 2980 3695 3166 2317 2112 2380 2831 2059 2528 559 753 2015 2573 3487 3040 2370 2205 3797 1014 3257 797 1611 2648 3580 665 2636 3705 2917 2988 456 1113 1316 2670 2597 1216 1296 3112 1255 566 969 2175 2593 1914 3020 2107 3853 1276 3224 1530 1462 1102 2169 3111 2192 1203 2658 2227 2329 912 2431 3621 1761 3254 3187 1041 2618 3228 2212 2337 3095 2512 3062 2472 2423 1929 3397 1982 2284 2902 2781 2982 2743 3739 1793 3428 3577 872 1880 3332 3875 2591 3365 1100 3325 3315 1648 2192 2273 3695 3277 1313 2805
1047 1820 2049 1809 1602 1981 1196 1246 2244 2128 1724 910 1412 1619 2404 2650 1662 1691 1222 1202 1967 2330 1612 1935 1933 360 1803 1932 1058 1988 1690 1600 1085 1041 960 1512 1343 1416 1358 1903 1140 2312 717 1281 2592 1163 1307 1255 1684 2440 2122 1773 1140 540 821 1463 953 1451 1780 1879 599 1117 2044 2037 1333 1995 2302 1294 1689 2129 1455 1776 2256 1938 1121 2228 1457 2327 1858 1765 1523 2013 1632 1668 1015 1575 1380 2064 1702 618 2293 831 2032 1445 2376 1533 1682 785 831 1386 640 1583 1118 1166 1662 1566 770 1484 1155 2284 1934 1681 1947 1441 1767 1736 644 1179 2247 1002 1613 1970 1757 1920 1847 874 2062 2072 2183 1461 1234 2270 1183 1952 2012 1987 1007 1767 2394 1231 2114 1903 1767 1784 1403 1318 716 2196 1709 1144 1255
1591 1815 2461 2134 2881 2786 1613 2110 2315 2810 699 1440 1125 2310 1048 1299 642 2208 2010 1007 662 2932 2884 663 3375 1803 360 517 2256 2257 3016 3005 2514 1419 1503 2191 1100 1045 2609 672 1548 1386 1858 882 1335 2413 2746 943 1706 2935 686 1399 1811 1623 1376 1452 1876 1930 3217 3307 1744 1373 1333 2196 1887 2921 1291 2736 509 3558 2669 2151 1746 3373 1176 1311 1224 2748 3301 3136 2850 2578 2002 3016 2454 792 2713 3506 3104 1562 3043 1980 2214 2274 1402 2872 726 2219 2273 2771 1594 943 1868 2576 1970 2387 1425 2915 1599 1729 3093 507 1781 2853 2273 1082 1523 1755 2497 1328 1235 2693 2453 2994 650 1945 2954 2427 2725 1017 1106 1362 2274 1188 715 3402 2126 511 1400 1514 1828 3277 720 774 2603 2139 1480 1210 610 2515 970
1659 1961 2613 2144 3032 2943 1671 2178 2454 2966 691 1536 1163 2352 1016 1256 795 2364 2075 1113 721 3086 3035 739 3501 1932 517 360 2406 2406 3165 3118 2649 1499 1657 2237 1155 1089 2702 577 1705 1458 1963 1013 1328 2563 2879 1051 1707 3086 616 1538 1969 1752 1517 1607 1962 2087 3340 3444 1858 1530 1443 2341 1936 3079 1354 2867 603 3695 2821 2165 1857 3508 1266 1390 1378 2898 3429 3281 2997 2733 2023 3163 2587 827 2815 3636 3245 1686 3199 2129 2360 2331 1464 3019 732 2353 2401 2881 1734 1093 1938 2692 1987 2545 1565 3050 1661 1836 3249 664 1919 2992 2428 1218 1650 1817 2643 1481 1382 2850 2610 3151 585 2096 3112 2577 2879 1173 1183 1439 2358 1301 764 3542 2278 537 1459 1672 1956 3422 851 733 2756 2296 1620 1283 757 2625 1069
1745 1629 1564 2489 985 1329 1894 1872 1891 1508 2276 1591 2059 2245 2729 2949 2037 1241 1874 1774 2328 1722 989 2290 1751 1058 2256 2406 360 1591 1126 1658 911 1726 1123 2153 1982 2045 1727 2435 1159 2430 1377 1775 2835 521 1123 1811 2382 1863 2538 1798 937 1175 1274 1467 1619 1139 1676 1529 1293 1284 2130 1687 2015 1308 2462 1146 2179 1769 784 2451 2190 1621 1753 2360 1595 1793 1656 1269 965 1458 2315 1137 950 2147 1640 1802 1280 1271 1637 642 1671 2051 2505 994 2242 867 1004 1549 1078 1841 1794 1332 2350 969 1235 1199 1853 2233 1252 2113 1796 1083 1299 1913 1269 1871 1805 1289 1724 1350 1185 1222 2380 670 1380 1611 1614 1712 1862 2389 1723 2092 2359 1583 501 2266 2529 1243 1973 1407 2095 2353 723 824 1189 2367 2087 1410 1829
2548 817 594 3345 1907 1160 2663 2866 665 1048 2476 2294 2541 3232 2360 2488 1974 713 2827 2175 2133 1084 1895 2096 2927 1988 2257 2406 1591 360 2085 2890 2142 2412 1486 3117 2459 2484 2905 2552 1299 1769 2338 2037 2295 1685 2343 2166 3081 1045 2391 1256 1208 1968 1795 1184 2559 897 2884 2628 2194 1448 1516 495 2887 1381 1864 2370 2276 2830 1691 3324 1291 2734 2281 1744 1405 852 2831 2278 1994 795 3163 2139 2178 2424 2849 2932 2363 2032 1278 1589 467 3069 1841 2034 2465 2048 2189 2774 1777 1674 2701 2549 3176 1067 1803 2382 2622 1345 1809 2123 928 2247 670 1567 1992 2713 631 1600 1384 1019 905 1621 2512 1519 1359 536 878 1614 2348 1740 2805 1589 2130 2628 1503 2357 1870 1252 1029 2382 1925 2572 1645 1127 1807 1816 2008 2608 2213
2314 2272 1961 2953 539 1452 2472 2283 2386 1674 3013 2238 2742 2618 3494 3710 2803 1752 2324 2498 3095 1870 550 3057 1289 1690 3016 3165 1126 2085 360 1503 1050 2364 1890 2557 2672 2742 1879 3181 1916 3160 1907 2523 3588 965 1003 2542 2954 2056 3304 2520 1672 1850 2015 2202 2119 1786 1328 926 1886 2050 2858 2210 2513 1276 3203 1048 2933 1105 773 2906 2857 1034 2446 3095 2351 2078 1198 554 529 1774 2800 435 1150 2876 1706 1236 679 1942 1664 1396 2186 2412 3236 517 2976 1303 1358 1549 1804 2606 2293 1438 2848 1380 1971 874 2436 2905 846 2876 2446 765 1776 2667 1955 2407 2217 2053 2471 1561 1550 1001 3125 1435 1354 2030 1869 2477 2558 3119 2053 2835 3126 903 1264 3019 3261 1993 2615 663 2862 3085 833 1437 1920 3111 2853 1572 2554
1830 2891 2848 2184 1595 2480 1980 1560 3190 2695 2858 1953 2437 1769 3637 3885 2894 2538 1649 2365 3198 2908 1613 3167 882 1600 3005 3118 1658 2890 1503 360 1107 2025 2146 1763 2398 2476 938 3046 2286 3537 1520 2489 3832 1575 929 2427 2364 3077 3331 2958 2159 1767 2061 2627 1591 2420 684 1146 1621 2321 3257 2985 1869 2355 3536 893 2877 1292 1686 2128 3411 1110 2224 3455 2670 3047 875 1387 1449 2713 2083 1429 1081 2700 738 1086 1226 1811 2745 1730 2969 1587 3604 1418 2813 1270 1155 606 1868 2822 1707 794 2145 2232 2010 991 1963 3447 1986 2897 3047 1119 2593 2965 1855 1854 3096 2230 2823 2552 2446 2115 2992 1804 2438 2900 2850 2697 2324 3495 1286 3178 3244 1296 1758 2944 3623 2383 3224 1441 3005 2896 1697 2123 1956 3430 2939 855 2410
1639 2158 2105 2263 1035 1785 1798 1594 2442 1989 2449 1603 2118 1937 3078 3315 2345 1791 1633 1927 2650 2205 1051 2615 1262 1085 2514 2649 911 2142 1050 1107 360 1719 1492 1871 2056 2131 1260 2628 1598 2879 1232 1995 3231 838 605 1979 2273 2364 2825 2270 1434 1263 1501 1934 1433 1679 1152 1155 1238 1670 2587 2237 1824 1698 2894 612 2407 1406 1019 2216 2699 1219 1839 2802 2014 2317 1175 1071 907 1981 2109 1005 460 2300 1131 1362 984 1342 2073 1017 2222 1732 2950 899 2407 660 672 1015 1285 2212 1605 822 2158 1494 1451 761 1764 2738 1438 2385 2320 721 1847 2326 1369 1724 2351 1615 2160 1839 1710 1507 2571 1088 1779 2156 2126 2082 1952 2837 1374 2526 2690 1263 1015 2487 2972 1693 2498 1202 2434 2509 1008 1375 1395 2792 2394 934 1980
551 2111 2532 1304 2283 2588 624 1057 2610 2706 1205 495 775 1316 2102 2355 1414 2184 962 795 1677 2891 2293 1656 2462 1041 1419 1499 1726 2412 2364 2025 1719 360 1288 1191 733 811 1567 1392 1472 2246 878 986 2364 1842 1907 856 1046 2971 1739 1887 1617 913 977 1678 822 1899 2283 2489 842 1337 2049 2421 896 2634 2194 1883 1273 2731 2134 1292 2377 2531 608 2159 1549 2829 2404 2425 2199 2547 1127 2338 1633 1048 1694 2625 2344 818 2896 1467 2425 1237 2292 2207 1159 1429 1418 1781 1057 1504 814 1622 1131 2158 975 2098 589 2388 2612 1351 2185 2081 2263 1706 831 729 2683 1179 1685 2553 2320 2587 1341 1485 2695 2535 2719 1430 676 2209 1218 1918 1730 2612 1652 1322 2301 1526 2319 2559 1555 1233 2080 1889 985 2090 1446 1531 816
1422 1238 1604 2218 1745 1733 1537 1774 1703 1816 1570 1168 1477 2128 1972 2199 1274 1261 1723 1127 1565 1986 1747 1527 2395 960 1503 1657 1123 1486 1890 2146 1492 1288 360 2009 1393 1436 1959 1711 555 1754 1266 1063 2102 1284 1737 1142 1967 2052 1776 1178 716 874 671 862 1461 972 2273 2247 1110 538 1470 1506 1765 1828 1763 1740 1440 2496 1527 2198 1656 2327 1187 1675 886 1903 2308 2026 1727 1634 2037 1898 1465 1464 1969 2487 2017 919 2026 864 1507 1980 1823 1754 1542 1243 1351 1955 689 1089 1588 1725 2049 1305 676 1874 1496 1685 1953 1358 1352 1786 1340 1193 875 1589 1757 539 1037 1672 1430 1864 1658 815 1874 1606 1803 958 1272 1712 1766 1397 1598 2321 988 1530 1844 635 1516 2165 1334 1657 1461 1035 685 1660 1324 1727 1177
880 2880 3196 782 2542 3114 946 642 3351 3274 1909 1254 1434 484 2878 3128 2233 2838 650 1617 2473 3479 2558 2458 2281 1512 2191 2237 2153 3117 2557 1763 1871 1191 2009 360 1451 1509 1184 2077 2204 3076 1156 1814 3162 2206 1947 1675 1042 3592 2491 2703 2274 1509 1723 2463 920 2582 2082 2460 1287 2104 2880 3151 665 3100 3021 1907 2042 2659 2476 727 3197 2460 1431 2989 2361 3478 2258 2543 2418 3165 696 2506 1771 1771 1386 2480 2414 1450 3426 1976 3150 536 3120 2410 1866 1682 1581 1543 1700 2335 781 1522 760 2712 1700 2131 970 3211 2935 2150 2974 2179 2915 2537 1493 821 3383 1948 2505 3115 2908 2972 2037 2025 3173 3215 3335 2258 1462 3040 873 2750 2528 2607 2139 2069 3129 2276 3120 2652 2376 1898 2441 2470 1683 2918 2260 1384 1629
866 2097 2612 1428 2574 2760 876 1384 2614 2849 841 818 444 1569 1788 2038 1171 2285 1280 645 1386 3017 2582 1373 2829 1343 1100 1155 1982 2459 2672 2398 2056 733 1393 1451 360 438 1934 1025 1545 2033 1245 816 2072 2115 2257 667 1038 3073 1405 1793 1748 1182 1106 1660 1189 1989 2652 2839 1185 1376 1884 2444 1147 2836 1963 2236 950 3084 2403 1435 2255 2886 588 1949 1480 2913 2768 2748 2503 2662 1278 2652 1975 689 2067 2987 2679 1089 3057 1705 2454 1537 2068 2516 796 1758 1765 2154 1267 1345 1145 1991 1255 2328 1130 2444 866 2255 2874 1068 2137 2417 2362 1551 1079 1022 2728 1237 1587 2705 2463 2826 976 1705 2889 2602 2830 1311 482 2001 1577 1741 1440 2957 1885 981 2073 1572 2245 2886 1315 861 2344 2055 1164 1865 1190 1903 614
938 2111 2642 1462 2641 2808 943 1453 2630 2891 770 895 441 1625 1730 1978 1139 2321 1349 673 1337 3056 2650 1327 2907 1416 1045 1089 2045 2484 2742 2476 2131 811 1436 1509 438 360 2011 952 1581 2002 1323 820 2020 2181 2333 679 1056 3107 1343 1792 1792 1251 1158 1676 1265 2025 2730 2915 1261 1407 1866 2464 1207 2889 1928 2313 896 3160 2468 1473 2244 2963 656 1919 1488 2943 2846 2821 2573 2699 1320 2723 2050 622 2144 3065 2754 1160 3102 1766 2474 1602 2034 2586 725 1833 1841 2232 1328 1334 1217 2070 1292 2377 1185 2520 936 2242 2937 1025 2143 2491 2397 1537 1147 1089 2751 1274 1587 2749 2506 2885 904 1764 2940 2631 2866 1310 544 1971 1652 1721 1392 3032 1946 919 2038 1602 2245 2959 1283 784 2408 2104 1222 1832 1154 1982 631
1325 2802 2917 1605 1913 2671 1465 997 3186 2867 2413 1529 1959 1192 3276 3529 2548 2572 1094 1962 2839 3082 1930 2812 1459 1358 2609 2702 1727 2905 1879 938 1260 1567 1959 1184 1934 2011 360 2599 2134 3285 1128 2118 3507 1711 1235 2026 1803 3230 2935 2770 2085 1480 1781 2461 1105 2385 1260 1670 1272 2114 3031 2976 1312 2597 3263 1190 2469 1851 1920 1549 3255 1657 1796 3200 2448 3160 1441 1819 1771 2825 1507 1815 1176 2255 565 1660 1672 1489 2967 1676 2967 1008 3345 1752 2367 1226 1085 732 1637 2537 1179 806 1570 2337 1736 1392 1455 3283 2321 2521 2938 1475 2640 2709 1540 1326 3145 1989 2604 2711 2552 2406 2548 1747 2677 2955 2982 2425 1882 3245 733 2929 2889 1820 1778 2525 3361 2227 3108 1908 2675 2435 1907 2157 1691 3156 2588 687 1999
1530 2117 2749 1955 3058 3042 1531 2043 2621 3081 547 1452 1014 2188 1216 1446 943 2481 1938 1061 936 3212 3063 949 3453 1903 672 577 2435 2552 3181 3046 2628 1392 1711 2077 1025 952 2599 360 1787 1673 1885 1020 1535 2587 2848 1008 1513 3224 815 1708 2044 1724 1525 1736 1853 2195 3283 3423 1798 1606 1642 2496 1783 3165 1570 2833 641 3673 2857 1979 2056 3480 1181 1603 1509 3040 3385 3285 3012 2856 1844 3173 2558 705 2725 3598 3237 1647 3310 2153 2513 2184 1681 3031 593 2328 2361 2803 1736 1242 1809 2628 1803 2631 1569 3027 1527 2038 3300 789 2090 2980 2549 1392 1618 1678 2797 1532 1536 2957 2714 3216 416 2129 3203 2719 3008 1299 1082 1653 2243 1498 980 3529 2314 555 1676 1767 2140 3425 1032 540 2793 2373 1620 1498 918 2550 1009
1613 1045 1430 2408 1759 1618 1726 1969 1509 1678 1664 1356 1629 2323 1941 2153 1292 1100 1918 1268 1561 1835 1758 1521 2498 1140 1548 1705 1159 1299 1916 2286 1598 1472 555 2204 1545 1581 2134 1787 360 1644 1458 1169 2035 1320 1842 1272 2144 1888 1792 1033 626 1067 856 700 1656 804 2389 2319 1302 542 1349 1313 1958 1737 1667 1850 1508 2564 1529 2390 1491 2406 1352 1570 796 1730 2408 2068 1761 1478 2228 1934 1584 1575 2132 2576 2077 1114 1897 944 1315 2174 1716 1792 1642 1376 1496 2107 879 1056 1783 1875 2238 1203 868 1963 1685 1524 1919 1400 1166 1862 1176 1113 1070 1782 1570 668 928 1542 1298 1809 1738 878 1775 1427 1645 932 1428 1602 1954 1297 1586 2381 1018 1598 1739 456 1334 2205 1323 1756 1462 950 880 1570 1340 1888 1313
2438 1348 2003 3101 2990 2521 2493 2927 1666 2450 1724 2205 2084 3200 1046 1100 1223 1919 2841 1819 1097 2490 2986 1086 3781 2312 1386 1458 2430 1769 3160 3537 2879 2246 1754 3076 2033 2002 3285 1673 1644 360 2526 1622 890 2586 3124 1765 2696 2419 1284 999 1855 2168 1865 1323 2637 1758 3666 3598 2375 1577 662 1652 2775 2719 483 3130 1507 3840 2752 3109 893 3688 2005 447 1228 2221 3691 3326 3016 2194 2949 3188 2858 1786 3330 3860 3351 2157 2685 2227 1680 3118 436 3050 1745 2637 2742 3336 2034 1115 2690 3110 2929 2244 1911 3247 2466 848 3054 1347 1203 3144 1949 937 2106 2615 1917 1670 1079 2391 2199 2897 1668 2162 2719 1940 2287 1221 1987 402 3017 719 1054 3653 2290 1537 464 1553 1118 3458 1079 1800 2688 2094 1960 536 1209 3096 1814
767 2143 2405 1471 1851 2326 926 889 2587 2480 1698 793 1292 1262 2513 2766 1780 2047 867 1211 2074 2684 1864 2047 1945 717 1858 1963 1377 2338 1907 1520 1232 878 1266 1156 1245 1323 1128 1885 1458 2526 360 1354 2739 1455 1400 1274 1407 2796 2184 2042 1490 752 1033 1757 602 1801 1766 1979 517 1396 2281 2382 998 2326 2499 1373 1723 2218 1740 1434 2537 2017 1064 2439 1708 2684 1886 1944 1748 2369 1298 1871 1138 1540 1215 2107 1850 732 2638 1181 2378 1090 2583 1750 1653 966 921 1279 938 1773 776 1106 1335 1918 994 1593 891 2559 2216 1760 2258 1589 2123 1951 784 865 2600 1255 1863 2321 2112 2225 1831 1229 2396 2427 2539 1665 1165 2485 864 2172 2124 2107 1349 1787 2598 1541 2418 2074 1906 1737 1696 1674 958 2392 1822 1024 1254
1177 1653 2206 1862 2398 2425 1231 1678 2172 2487 868 965 890 1938 1518 1771 794 1900 1587 558 1080 2638 2403 1054 2853 1281 882 1013 1775 2037 2523 2489 1995 986 1063 1814 816 820 2118 1020 1169 1622 1354 360 1754 1928 2226 512 1493 2676 1203 1336 1410 1101 868 1220 1409 1604 2696 2790 1231 987 1443 2011 1513 2530 1568 2215 773 3041 2197 1863 1801 2854 743 1535 1028 2506 2779 2633 2355 2280 1700 2518 1934 765 2208 2985 2593 1041 2707 1494 2022 1863 1666 2375 839 1699 1751 2257 1083 897 1437 2058 1686 2002 914 2397 1204 1804 2643 768 1683 2339 1974 1103 1002 1353 2301 885 1130 2352 2108 2565 965 1470 2574 2189 2442 854 737 1586 1804 1305 1130 2889 1655 856 1675 1172 1788 2774 931 954 2133 1736 968 1464 831 2002 565
2547 1861 2529 3106 3426 3030 2579 3062 2197 2970 1653 2359 2100 3281 687 585 1321 2421 2965 1931 1049 3018 3424 1067 4131 2592 1335 1328 2835 2295 3588 3832 3231 2364 2102 3162 2072 2020 3507 1535 2035 890 2739 1754 360 2996 3475 1868 2672 2950 1081 1469 2276 2427 2131 1754 2803 2232 3998 3987 2603 1926 1148 2181 2857 3220 790 3476 1484 4234 3191 3124 1418 4069 2115 911 1599 2751 4046 3743 3436 2714 2977 3609 3195 1766 3583 4229 3751 2394 3207 2602 2208 3235 826 3467 1689 2964 3051 3613 2330 1379 2818 3398 2944 2726 2181 3617 2561 1370 3527 1374 1726 3527 2458 1281 2346 2717 2448 1978 1478 2903 2701 3381 1553 2544 3225 2467 2813 1508 2063 915 3199 1125 994 4055 2694 1472 799 1955 1649 3880 1193 1702 3125 2549 2236 854 1283 3363 1907
1840 1762 1632 2561 830 1319 1993 1924 1989 1517 2425 1709 2190 2292 2891 3110 2197 1332 1937 1918 2490 1733 835 2451 1620 1163 2413 2563 521 1685 965 1575 838 1842 1284 2206 2115 2181 1711 2587 1320 2586 1455 1928 2996 360 1018 1957 2483 1888 2698 1952 1091 1298 1423 1623 1692 1269 1560 1378 1389 1446 2285 1789 2092 1262 2621 1047 2334 1614 652 2520 2332 1473 1886 2517 1756 1838 1524 1108 804 1503 2391 975 901 2293 1601 1658 1124 1393 1618 794 1772 2092 2661 832 2390 888 1010 1494 1220 2003 1869 1291 2430 1017 1382 1067 1953 2376 1131 2272 1932 942 1382 2074 1397 1958 1882 1448 1883 1364 1232 1130 2532 830 1339 1686 1648 1874 1997 2545 1751 2250 2521 1426 662 2421 2686 1402 2108 1245 2257 2500 602 933 1334 2526 2247 1386 1973
1797 2387 2287 2357 1053 1911 1956 1683 2646 2125 2667 1800 2315 1996 3320 3558 2585 1990 1739 2147 2890 2339 1071 2855 1017 1307 2746 2879 1123 2343 1003 929 605 1907 1737 1947 2257 2333 1235 2848 1842 3124 1400 2226 3475 1018 360 2201 2415 2508 3061 2512 1670 1487 1738 2177 1573 1902 915 941 1432 1915 2831 2445 1944 1793 3139 404 2636 1187 1118 2306 2936 991 2048 3047 2259 2479 930 957 908 2146 2215 939 651 2515 1064 1121 829 1560 2181 1259 2428 1792 3195 883 2625 887 852 913 1523 2456 1735 798 2269 1669 1688 553 1925 2976 1459 2620 2552 600 2041 2571 1591 1865 2539 1858 2405 1982 1881 1566 2792 1329 1876 2343 2281 2327 2159 3082 1434 2771 2931 1067 1241 2714 3217 1936 2729 1066 2676 2723 1128 1583 1631 3037 2633 935 2199
1044 1793 2327 1711 2426 2515 1089 1554 2311 2589 832 858 743 1798 1614 1867 918 2010 1459 424 1182 2747 2432 1161 2814 1255 943 1051 1811 2166 2542 2427 1979 856 1142 1675 667 679 2026 1008 1272 1765 1274 512 1868 1957 2201 360 1341 2794 1270 1487 1497 1076 898 1357 1299 1714 2650 2774 1167 1095 1593 2145 1372 2609 1705 2187 809 3025 2235 1713 1954 2833 608 1678 1173 2628 2743 2640 2373 2390 1550 2531 1911 696 2129 2954 2590 1001 2804 1528 2155 1732 1806 2390 794 1680 1717 2190 1098 1048 1311 2001 1535 2087 935 2379 1065 1956 2692 858 1830 2331 2086 1255 970 1218 2432 971 1281 2449 2206 2625 952 1513 2656 2313 2555 1005 586 1730 1698 1454 1235 2880 1698 878 1814 1287 1938 2780 1061 903 2173 1817 983 1603 949 1935 413
883 2750 3211 803 2897 3272 849 1166 3261 3392 1378 1178 976 1119 2363 2599 1834 2867 1075 1307 2008 3577 2909 2003 2863 1684 1706 1707 2382 3081 2954 2364 2273 1046 1967 1042 1038 1056 1803 1513 2144 2696 1407 1493 2672 2483 2415 1341 360 3655 1961 2468 2302 1586 1656 2311 1202 2579 2668 2977 1453 1994 2561 3081 854 3310 2618 2381 1564 3200 2774 833 2933 2997 1165 2613 2148 3510 2825 2983 2796 3232 727 2916 2176 1278 1989 3050 2879 1494 3580 2138 3087 1202 2725 2797 1344 2013 1960 2125 1742 2024 1041 2040 671 2843 1659 2608 889 2934 3252 1712 2802 2623 2945 2229 1514 910 3352 1841 2262 3239 3007 3244 1485 2162 3373 3211 3404 1987 1122 2666 1438 2417 2061 3115 2322 1562 2728 2189 2918 3109 1977 1337 2725 2574 1671 2524 1846 1916 1288
3077 1502 835 3870 1901 967 3206 3322 1126 746 3138 2843 3157 3697 3037 3152 2652 1150 3302 2794 2818 551 1885 2781 2980 2440 2935 3086 1863 1045 2056 3077 2364 2971 2052 3592 3073 3107 3230 3224 1888 2419 2796 2676 2950 1888 2508 2794 3655 360 3076 1941 1714 2468 2360 1848 3033 1444 2989 2622 2670 2059 2187 1136 3398 1149 2523 2545 2946 2771 1756 3843 1906 2729 2877 2404 2075 558 2886 2245 2030 788 3689 2127 2429 3075 3129 2931 2373 2548 810 1980 1112 3515 2487 2069 3124 2370 2508 3020 2289 2353 3193 2819 3710 1256 2356 2484 3163 1959 1634 2798 1597 2344 1072 2252 2517 3231 864 2196 2067 886 1047 1440 3183 1927 1080 870 616 2285 2956 2394 3209 2269 2815 2576 1833 3029 2515 1866 1661 2310 2608 3233 1740 1481 2347 2484 2688 2908 2837
1906 1935 2609 2400 3162 2991 1922 2425 2401 2992 948 1766 1417 2607 762 999 863 2393 2323 1334 617 3094 3164 655 3695 2122 686 616 2538 2391 3304 3331 2825 1739 1776 2491 1405 1343 2935 815 1792 1284 2184 1203 1081 2698 3061 1270 1961 3076 360 1497 2058 1943 1684 1634 2199 2133 3540 3616 2070 1629 1332 2311 2190 3143 1169 3052 826 3867 2943 2422 1739 3685 1499 1228 1412 2882 3619 3431 3139 2749 2280 3308 2770 1080 3039 3822 3406 1885 3229 2269 2333 2583 1276 3164 988 2534 2593 3097 1901 1117 2184 2901 2243 2612 1734 3226 1910 1710 3351 800 1867 3159 2451 1183 1845 2066 2610 1610 1377 2887 2653 3239 836 2228 3168 2566 2884 1226 1424 1273 2597 1205 626 3707 2405 783 1266 1743 1875 3572 842 985 2877 2378 1790 1118 813 2841 1295
2070 799 1481 2818 2350 1930 2152 2508 1276 1892 1668 1809 1865 2827 1478 1635 1125 1319 2437 1521 1240 1971 2346 1204 3166 1773 1399 1538 1798 1256 2520 2958 2270 1887 1178 2703 1793 1792 2770 1708 1033 999 2042 1336 1469 1952 2512 1487 2468 1941 1497 360 1221 1657 1370 695 2199 1125 3062 2968 1885 1015 697 1173 2421 2114 1053 2522 1450 3207 2113 2813 856 3059 1682 939 701 1746 3075 2688 2378 1640 2648 2549 2258 1657 2787 3235 2717 1671 2131 1613 1195 2710 1076 2413 1669 2048 2165 2773 1493 838 2290 2542 2642 1618 1408 2625 2117 876 2422 1282 742 2517 1362 680 1620 2247 1473 1147 566 1809 1597 2272 1677 1543 2122 1433 1762 842 1707 959 2547 710 1234 3017 1659 1520 1102 938 814 2820 1047 1763 2049 1455 1446 974 1150 2545 1540
1727 1093 1286 2523 1509 1378 1853 2019 1467 1462 1913 1489 1832 2387 2198 2405 1558 931 1983 1483 1826 1637 1507 1786 2317 1140 1811 1969 937 1208 1672 2159 1434 1617 716 2274 1748 1792 2085 2044 626 1855 1490 1410 2276 1091 1670 1497 2302 1714 2058 1221 360 1127 1011 892 1714 671 2225 2106 1348 799 1554 1259 2057 1481 1892 1685 1767 2346 1275 2499 1625 2198 1538 1787 1044 1577 2223 1833 1523 1290 2342 1695 1439 1814 2053 2377 1856 1200 1670 789 1253 2221 1930 1556 1888 1260 1394 2004 941 1318 1862 1772 2360 952 1003 1770 1810 1665 1653 1664 1248 1658 1009 1357 1166 1886 1470 887 1158 1317 1075 1543 1993 715 1523 1300 1461 1196 1627 1814 1960 1522 1849 2157 799 1857 1955 685 1426 1967 1588 2002 1209 689 992 1799 1606 1808 1533
972 1752 2053 1762 1752 2048 1109 1264 2205 2178 1546 777 1255 1625 2231 2478 1488 1696 1219 1024 1793 2372 1761 1761 2112 540 1623 1752 1175 1968 1850 1767 1263 913 874 1509 1182 1251 1480 1724 1067 2168 752 1101 2427 1298 1487 1076 1586 2468 1943 1657 1127 360 663 1365 953 1433 1957 2058 596 1006 1910 2003 1291 2084 2152 1474 1509 2308 1589 1734 2149 2118 955 2083 1328 2341 2037 1934 1682 2040 1581 1833 1195 1399 1525 2244 1876 456 2358 914 2001 1469 2230 1695 1505 963 1009 1546 551 1427 1094 1333 1603 1622 616 1663 1066 2173 2065 1503 1865 1616 1774 1590 466 1123 2234 870 1485 2022 1798 2034 1668 936 2146 2068 2212 1309 1068 2127 1255 1810 1838 2165 1099 1587 2246 1149 2025 2073 1598 1608 1533 1359 571 2045 1534 1297 1078
