140 2013 2626 2852 1506 2423 2418 1493 1391 773 1317 2362 2030 2152 2563 2176 817 2378 758 1707 1861 758 1031 2197 1324 325 2245 483 688 1742 1970 2313 1905 1310 888 2497 3123 817 2353 1222 1144 2034 1650 601 869 1996 462 1577 1073 582 1414 1967 1766 1376 2272 2288 1317 2320 2760 2412 2399 2652 982 1799 1017 2438 788 1303 2245 2173 2579 2352 1665 2169 2294 2083 3025 1502 1388 452 1779 657 1941 811 896 2118 1291 1903 1422 914 1309 2004 2149
2113 360 2139 2897 3231 2187 3613 3310 2525 1743 2783 1677 1089 500 2743 1556 2180 3154 2083 1060 512 2225 2323 1237 2919 2048 2791 2396 2587 669 2805 2934 3605 2784 2141 2127 3259 2733 3011 2984 3060 2369 2905 2351 1863 1433 2329 1408 2653 1869 3242 1339 1724 1425 1194 3402 1276 3945 2587 3466 1730 2647 2955 608 2492 1687 1843 1234 2669 1343 2560 2910 1893 3515 667 1019 2992 956 2442 2225 599 2047 3569 2052 1523 3116 1158 485 2720 2549 3079 2769 3190
2726 2139 360 1238 3041 668 2697 3225 2111 2229 2509 822 1414 2134 1243 960 2304 2005 3099 1595 2130 2387 2236 1265 2705 2711 1606 2814 3267 2273 1895 1743 3265 2517 3222 519 1582 3006 1818 2935 3228 1300 2348 3161 2980 1132 2736 1474 2571 2415 3197 1216 1220 1666 1332 2476 1821 3418 871 2459 769 1032 3354 2014 3511 827 2198 2611 1443 1155 974 1672 1352 2786 2054 1479 1271 1920 2024 2996 2090 2362 3145 2233 2566 2194 1983 2073 2319 3465 3004 1812 2277
2952 2897 1238 360 2818 1075 2111 3030 1991 2542 2348 1646 2175 2920 660 1713 2420 1398 3450 2250 2855 2497 2262 2070 2532 2975 1128 2943 3444 2966 1516 1190 2927 2358 3586 1170 721 3029 1233 2806 3162 1178 2060 3412 3391 1824 2878 1995 2502 2698 3026 1918 1642 2131 2158 1921 2329 2963 731 1855 1603 611 3384 2727 3815 1680 2462 3177 1031 1944 699 1107 1612 2299 2868 2259 543 2537 1936 3256 2796 2554 2778 2401 3017 1705 2523 2810 2136 3727 2849 1433 1773
1606 3231 3041 2818 360 2747 1553 578 1291 1860 896 2997 2949 3355 2527 2854 1410 1916 2187 2685 3087 1369 1297 3051 705 1763 2051 1384 1695 3024 1663 2019 760 889 2295 2882 2945 1102 2007 643 918 2135 1117 1885 2333 2735 1409 2388 940 1781 605 2758 2334 2254 3157 1540 2337 1176 2915 1679 3011 2722 1283 2986 2259 3083 1750 2708 2154 2969 2686 2095 2123 1231 3455 3036 2998 2639 1382 1838 2995 1558 808 1538 2300 1561 2432 3107 1083 2087 562 1745 1532
2523 2187 668 1075 2747 360 2393 2936 1822 2046 2219 944 1461 2206 992 998 2063 1709 2941 1564 2152 2147 1973 1355 2415 2519 1306 2584 3054 2274 1586 1446 2961 2227 3069 514 1436 2753 1523 2654 2959 993 2044 2970 2843 1118 2509 1360 2296 2225 2911 1212 1042 1530 1447 2171 1710 3110 770 2158 907 830 3105 2027 3340 991 1997 2541 1142 1229 750 1379 1119 2478 2153 1544 1165 1870 1737 2806 2098 2143 2839 2004 2441 1887 1892 2104 2024 3279 2719 1504 1970
2518 3613 2697 2111 1553 2393 360 1752 1499 2475 1463 2864 3086 3705 1896 2793 2047 1079 3137 2935 3497 2067 1821 3106 1504 2630 1452 2344 2781 3505 1212 1325 1412 1470 3266 2548 2085 2185 1260 1739 2098 1801 1145 2907 3216 2759 2327 2581 1711 2502 1797 2824 2340 2549 3220 585 2719 1269 2361 616 2853 2137 2449 3371 3322 2941 2345 3384 1613 2988 2146 1404 2127 687 3747 3186 2262 3041 1562 2810 3408 2252 1246 2139 3029 885 2887 3490 1376 3166 1711 1278 802
1593 3310 3225 3030 578 2936 1752 360 1474 1928 1077 3160 3076 3438 2738 3009 1502 2135 2140 2799 3162 1448 1427 3188 880 1761 2264 1370 1602 3086 1877 2235 827 1069 2237 3067 3162 1047 2225 689 783 2332 1331 1817 2306 2881 1410 2518 1058 1825 440 2899 2492 2371 3291 1752 2436 1253 3118 1890 3176 2929 1146 3068 2164 3246 1828 2732 2363 3112 2890 2311 2287 1426 3548 3159 3211 2726 1561 1793 3071 1622 936 1628 2321 1780 2514 3187 1277 1987 598 1958 1750
1491 2525 2111 1991 1291 1822 1499 1474 360 1340 757 2076 2104 2630 1691 1943 948 1348 2090 1887 2398 994 721 2177 954 1568 1274 1389 1891 2387 946 1309 1559 765 2226 1953 2194 1405 1338 1198 1535 1230 740 1932 2128 1843 1342 1551 870 1388 1449 1881 1425 1467 2288 1320 1612 1818 2025 1425 2086 1852 1758 2278 2359 2162 1211 2246 1324 2081 1803 1362 1206 1353 2698 2198 2174 1936 455 1801 2307 1149 1473 1016 1900 1101 1765 2400 582 2232 1259 994 1145
873 1743 2229 2542 1860 2046 2475 1928 1340 360 1469 1949 1635 1873 2270 1763 826 2254 1268 1317 1594 852 1025 1794 1571 843 2032 1059 1421 1523 1839 2129 2247 1468 1403 2107 2844 1371 2184 1604 1690 1741 1695 1292 1221 1583 982 1164 1295 550 1859 1555 1372 963 1875 2301 924 2616 2406 2403 1988 2324 1645 1504 1654 2025 490 1272 1994 1763 2244 2150 1305 2294 1992 1696 2706 1169 1292 1127 1504 665 2231 708 923 2068 953 1621 1472 1596 1700 1849 2120
1417 2783 2509 2348 896 2219 1463 1077 757 1469 360 2462 2440 2899 2050 2321 1004 1563 2035 2193 2646 999 821 2530 556 1535 1598 1242 1701 2607 1224 1598 1201 370 2163 2351 2518 1135 1606 818 1182 1619 731 1807 2125 2207 1224 1878 609 1447 1054 2236 1800 1761 2639 1349 1871 1521 2410 1481 2474 2228 1459 2535 2227 2548 1344 2373 1677 2443 2185 1665 1588 1218 2985 2530 2531 2187 846 1706 2553 1197 1146 1122 1986 1238 1993 2658 571 2077 867 1294 1245
2462 1677 822 1646 2997 944 2864 3160 2076 1949 2462 360 956 1672 1573 548 2125 2226 2765 1174 1672 2205 2110 803 2652 2431 1817 2597 3010 1823 2018 1966 3273 2468 2879 837 2004 2835 2046 2847 3095 1424 2380 2872 2622 738 2518 1147 2471 2140 3119 799 1029 1350 876 2639 1464 3486 1300 2649 414 1411 3166 1561 3189 446 1946 2197 1659 695 1334 1910 1234 2896 1597 1017 1709 1503 1982 2708 1637 2138 3174 2031 2202 2341 1599 1614 2298 3163 2927 1947 2425
2130 1089 1414 2175 2949 1461 3086 3076 2104 1635 2440 956 360 1105 2039 827 1949 2541 2319 684 1076 2017 2013 554 2610 2081 2152 2331 2669 1228 2241 2301 3281 2444 2418 1397 2537 2623 2381 2747 2923 1726 2464 2488 2145 725 2253 921 2379 1815 3021 638 1107 1070 602 2864 1073 3563 1858 2906 1010 1926 2918 966 2750 981 1678 1646 2014 622 1841 2265 1318 3046 1071 460 2264 973 2010 2332 1042 1893 3211 1831 1729 2566 1132 1018 2322 2754 2837 2189 2646
2252 500 2134 2920 3355 2206 3705 3438 2630 1873 2899 1672 1105 360 2781 1569 2304 3226 2222 1134 651 2351 2441 1229 3040 2187 2854 2532 2727 805 2888 2999 3726 2901 2278 2135 3282 2868 3078 3111 3194 2430 3010 2491 2000 1464 2464 1488 2776 2004 3371 1372 1787 1524 1169 3492 1389 4060 2599 3551 1724 2672 3093 729 2628 1674 1969 1368 2727 1345 2586 2972 1967 3617 538 1022 3006 1075 2545 2365 734 2177 3686 2176 1663 3202 1284 611 2829 2687 3206 2848 3278
2663 2743 1243 660 2527 992 1896 2738 1691 2270 2050 1573 2039 2781 360 1599 2126 1178 3174 2069 2686 2202 1964 1962 2236 2691 849 2647 3149 2781 1231 939 2653 2060 3311 1128 936 2728 997 2509 2863 891 1772 3125 3125 1676 2583 1782 2202 2419 2732 1768 1426 1898 2061 1692 2101 2714 825 1644 1539 601 3084 2554 3531 1624 2184 2949 734 1832 630 856 1360 2053 2748 2131 843 2334 1636 2969 2619 2266 2508 2112 2762 1450 2298 2646 1839 3438 2553 1146 1524
2276 1556 960 1713 2854 998 2793 3009 1943 1763 2321 548 827 1569 1599 360 1954 2185 2576 1000 1535 2033 1952 722 2508 2244 1780 2417 2824 1674 1941 1931 3143 2327 2691 930 2075 2662 2012 2693 2929 1367 2264 2684 2435 550 2337 960 2316 1954 2966 620 880 1162 824 2568 1276 3374 1391 2589 594 1467 2990 1417 3000 622 1764 2022 1629 593 1384 1883 1097 2802 1515 906 1797 1328 1848 2520 1491 1958 3051 1856 2015 2268 1414 1482 2166 2975 2775 1875 2351
917 2180 2304 2420 1410 2063 2047 1502 948 826 1004 2125 1949 2304 2126 1954 360 1928 1503 1660 2036 443 589 2077 1107 982 1789 887 1383 1980 1516 1855 1788 1002 1640 2160 2676 1070 1896 1172 1340 1603 1262 1373 1542 1800 818 1405 834 815 1441 1801 1468 1238 2174 1890 1293 2150 2363 2004 2152 2234 1410 1935 1795 2209 705 1729 1795 2016 2167 1894 1312 1843 2408 2027 2597 1589 934 1230 1944 565 1766 488 1349 1688 1382 2056 1031 1683 1266 1548 1728
2478 3154 2005 1398 1916 1709 1079 2135 1348 2254 1563 2226 2541 3226 1178 2185 1928 360 3071 2454 3059 1980 1707 2525 1705 2550 769 2371 2866 3104 775 623 1941 1573 3208 1863 1420 2333 547 1987 2368 1180 1200 2921 3090 2188 2328 2107 1786 2342 2151 2266 1802 2133 2638 883 2328 1931 1643 826 2207 1419 2663 2927 3347 2296 2134 3105 930 2400 1432 693 1621 1268 3238 2641 1556 2630 1354 2790 2977 2120 1783 1974 2813 715 2518 3039 1374 3218 2002 769 760
858 2083 3099 3450 2187 2941 3137 2140 2090 1268 2035 2765 2319 2222 3174 2576 1503 3071 360 2002 1940 1457 1728 2507 2036 881 2904 1174 978 1778 2657 2984 2580 2029 498 2989 3746 1454 3030 1906 1745 2644 2366 712 594 2387 1174 1990 1791 1116 2059 2335 2259 1794 2557 3005 1660 3003 3311 3127 2810 3232 1470 1923 791 2831 1351 1229 2883 2516 3153 3016 2212 2886 2389 2346 3615 1716 2076 709 1877 1312 2631 1462 954 2826 1549 1999 2137 825 1985 2684 2860
1807 1060 1595 2250 2685 1564 2935 2799 1887 1317 2193 1174 684 1134 2069 1000 1660 2454 2002 360 980 1724 1749 865 2352 1757 2090 2016 2344 1075 2113 2233 3033 2196 2105 1539 2608 2316 2311 2469 2623 1671 2261 2164 1836 823 1939 713 2108 1495 2740 740 1026 792 927 2720 753 3339 1974 2777 1226 1999 2602 847 2433 1224 1370 1382 1971 880 1911 2210 1193 2861 1175 738 2365 688 1798 2008 910 1587 2976 1538 1417 2428 812 949 2097 2432 2561 2073 2505
1961 512 2130 2855 3087 2152 3497 3162 2398 1594 2646 1672 1076 651 2686 1535 2036 3059 1940 980 360 2079 2185 1245 2778 1895 2706 2244 2436 547 2701 2846 3463 2647 2001 2104 3215 2581 2923 2838 2909 2289 2779 2202 1722 1394 2177 1313 2510 1718 3094 1300 1646 1308 1221 3289 1146 3808 2558 3357 1727 2604 2802 493 2352 1693 1697 1101 2590 1337 2516 2827 1800 3391 809 1024 2958 822 2317 2074 452 1900 3430 1909 1374 3006 1015 430 2589 2405 2933 2668 3079
858 2225 2387 2497 1369 2147 2067 1448 994 852 999 2205 2017 2351 2202 2033 443 1980 1457 1724 2079 360 633 2149 1082 936 1856 807 1306 2015 1572 1917 1754 996 1593 2243 2749 990 1956 1120 1267 1682 1284 1308 1510 1877 740 1478 804 807 1384 1876 1550 1307 2245 1918 1350 2127 2445 2036 2233 2314 1328 1981 1732 2289 742 1736 1867 2091 2248 1959 1396 1851 2459 2094 2675 1637 990 1170 1987 559 1742 546 1346 1729 1427 2101 1052 1615 1215 1607 1765
1131 2323 2236 2262 1297 1973 1821 1427 721 1025 821 2110 2013 2441 1964 1952 589 1707 1728 1749 2185 633 360 2121 964 1207 1594 1052 1557 2147 1299 1649 1648 821 1865 2085 2499 1143 1685 1103 1354 1457 1036 1578 1772 1816 996 1453 728 1041 1378 1832 1441 1317 2225 1661 1413 1982 2240 1774 2131 2093 1499 2075 2003 2196 896 1937 1616 2045 2032 1694 1253 1629 2530 2099 2442 1727 719 1443 2093 794 1605 679 1569 1459 1532 2198 809 1882 1189 1337 1498
2297 1237 1265 2070 3051 1355 3106 3188 2177 1794 2530 803 554 1229 1962 722 2077 2525 2507 865 1245 2149 2121 360 2707 2251 2126 2485 2840 1407 2254 2276 3368 2535 2608 1270 2430 2766 2357 2862 3057 1705 2523 2666 2336 706 2406 1033 2489 1979 3136 656 1132 1207 474 2882 1241 3631 1735 2913 855 1826 3070 1144 2938 810 1827 1840 1979 489 1744 2233 1354 3089 1159 581 2144 1166 2082 2509 1221 2038 3290 1964 1919 2582 1318 1183 2398 2937 2949 2195 2664
1424 2919 2705 2532 705 2415 1504 880 954 1571 556 2652 2610 3040 2236 2508 1107 1705 2036 2352 2778 1082 964 2707 360 1560 1775 1223 1637 2727 1393 1764 1045 548 2157 2547 2689 1042 1765 643 1023 1814 865 1775 2150 2389 1223 2048 638 1520 860 2414 1988 1920 2814 1426 2015 1405 2603 1563 2666 2418 1333 2672 2183 2738 1452 2454 1861 2624 2377 1835 1778 1220 3133 2698 2715 2324 1042 1694 2686 1279 1020 1233 2056 1364 2123 2794 760 2024 677 1469 1356
425 2048 2711 2975 1763 2519 2630 1761 1568 843 1535 2431 2081 2187 2691 2244 982 2550 881 1757 1895 936 1207 2251 1560 360 2394 752 948 1776 2137 2470 2163 1529 1018 2586 3256 1094 2514 1480 1423 2159 1852 811 951 2061 714 1644 1299 655 1683 2028 1852 1442 2323 2490 1369 2573 2866 2610 2470 2768 1267 1835 1200 2506 882 1342 2384 2231 2692 2504 1767 2392 2330 2131 3145 1542 1555 647 1814 796 2191 950 933 2305 1334 1939 1621 1121 1570 2166 2340
2345 2791 1606 1128 2051 1306 1452 2264 1274 2032 1598 1817 2152 2854 849 1780 1789 769 2904 2090 2706 1856 1594 2126 1775 2394 360 2286 2791 2766 748 510 2164 1608 3042 1460 1282 2319 591 2054 2420 786 1293 2803 2891 1794 2230 1754 1776 2151 2263 1874 1427 1808 2237 1234 2011 2232 1291 1213 1797 1074 2669 2572 3223 1886 1925 2825 523 1999 1067 483 1269 1575 2856 2251 1308 2295 1240 2658 2627 1958 2019 1804 2572 970 2207 2680 1387 3112 2091 667 1048
583 2396 2814 2943 1384 2584 2344 1370 1389 1059 1242 2597 2331 2532 2647 2417 887 2371 1174 2016 2244 807 1052 2485 1223 752 2286 360 865 2140 1976 2336 1783 1235 1293 2674 3189 705 2367 1101 1036 2129 1597 924 1308 2247 439 1832 993 894 1291 2232 1962 1640 2570 2230 1623 2200 2891 2359 2629 2761 946 2171 1347 2678 1019 1733 2307 2445 2695 2384 1827 2080 2665 2395 3122 1852 1407 831 2158 819 1823 941 1322 2086 1636 2281 1377 1207 1187 2021 2107
788 2587 3267 3444 1695 3054 2781 1602 1891 1421 1701 3010 2669 2727 3149 2824 1383 2866 978 2344 2436 1306 1557 2840 1637 948 2791 865 360 2297 2477 2839 2063 1692 1036 3134 3694 963 2869 1434 1183 2627 2068 627 1199 2644 926 2225 1456 1230 1523 2614 2407 2024 2911 2688 1958 2492 3377 2822 3047 3256 862 2391 924 3086 1431 1791 2811 2819 3187 2888 2295 2493 2881 2717 3621 2118 1912 722 2361 1271 2143 1415 1426 2569 1915 2486 1860 752 1495 2524 2583
1842 669 2273 2966 3024 2274 3505 3086 2387 1523 2607 1823 1228 805 2781 1674 1980 3104 1778 1075 547 2015 2147 1407 2727 1776 2766 2140 2297 360 2731 2902 3408 2607 1832 2237 3323 2482 2977 2766 2812 2358 2767 2055 1555 1519 2076 1375 2454 1626 3016 1428 1724 1333 1393 3303 1148 3767 2683 3379 1877 2715 2683 623 2183 1849 1636 924 2660 1490 2626 2889 1857 3380 977 1188 3078 834 2311 1935 546 1827 3385 1854 1231 3027 982 618 2567 2243 2862 2705 3096
2070 2805 1895 1516 1663 1586 1212 1877 946 1839 1224 2018 2241 2888 1231 1941 1516 775 2657 2113 2701 1572 1299 2254 1393 2137 748 1976 2477 2731 360 735 1785 1234 2795 1739 1655 1969 753 1675 2046 964 905 2517 2675 1908 1928 1759 1420 1926 1877 1975 1493 1759 2369 987 1947 1887 1651 1025 2009 1443 2312 2570 2942 2096 1718 2701 865 2136 1422 801 1287 1252 2917 2341 1696 2258 942 2382 2615 1706 1646 1559 2400 687 2131 2686 1017 2818 1707 447 770
2413 2934 1743 1190 2019 1446 1325 2235 1309 2129 1598 1966 2301 2999 939 1931 1855 623 2984 2233 2846 1917 1649 2276 1764 2470 510 2336 2839 2902 735 360 2100 1608 3123 1600 1287 2343 441 2047 2420 934 1267 2866 2983 1943 2284 1893 1794 2238 2241 2023 1572 1939 2387 1115 2139 2137 1398 1079 1945 1176 2687 2713 3289 2034 2017 2943 667 2149 1181 443 1406 1475 3004 2400 1362 2430 1290 2725 2766 2034 1949 1882 2677 875 2334 2821 1392 3172 2076 675 946
2005 3605 3265 2927 760 2961 1412 827 1559 2247 1201 3273 3281 3726 2653 3143 1788 1941 2580 3033 3463 1754 1648 3368 1045 2163 2164 1783 2063 3408 1785 2100 360 1198 2684 3105 3001 1487 2069 1043 1250 2331 1276 2268 2731 3040 1809 2720 1314 2177 903 3073 2625 2601 3478 1475 2700 788 3076 1602 3281 2868 1612 3358 2627 3358 2132 3107 2291 3277 2845 2182 2406 1091 3819 3371 3102 3010 1655 2230 3371 1948 526 1915 2700 1594 2808 3480 1337 2452 956 1872 1541
1410 2784 2517 2358 889 2227 1470 1069 765 1468 370 2468 2444 2901 2060 2327 1002 1573 2029 2196 2647 996 821 2535 548 1529 1608 1235 1692 2607 1234 1608 1198 360 2157 2359 2528 1125 1616 808 1172 1628 740 1799 2120 2212 1217 1882 601 1444 1045 2241 1806 1764 2643 1357 1872 1521 2419 1490 2481 2238 1449 2536 2219 2554 1342 2370 1687 2448 2194 1675 1594 1223 2987 2533 2541 2188 854 1699 2554 1194 1144 1120 1983 1248 1993 2659 581 2069 858 1305 1254
988 2141 3222 3586 2295 3069 3266 2237 2226 1403 2163 2879 2418 2278 3311 2691 1640 3208 498 2105 2001 1593 1865 2608 2157 1018 3042 1293 1036 1832 2795 3123 2684 2157 360 3115 3883 1556 3169 2016 1833 2781 2499 783 641 2501 1300 2110 1918 1254 2157 2446 2387 1916 2654 3137 1775 3109 3443 3260 2925 3366 1537 1994 710 2943 1488 1272 3021 2622 3287 3155 2345 3011 2448 2440 3749 1809 2214 823 1945 1450 2741 1601 1049 2961 1653 2063 2270 796 2092 2822 2994
2597 2127 519 1170 2882 514 2548 3067 1953 2107 2351 837 1397 2135 1128 930 2160 1863 2989 1539 2104 2243 2085 1270 2547 2586 1460 2674 3134 2237 1739 1600 3105 2359 3115 360 1527 2858 1677 2779 3076 1141 2189 3037 2879 1079 2598 1378 2416 2291 3039 1169 1094 1562 1352 2326 1729 3261 825 2313 792 941 3208 1983 3396 870 2069 2541 1297 1150 870 1532 1208 2631 2069 1472 1234 1857 1866 2873 2057 2226 2985 2093 2470 2042 1900 2051 2160 3344 2847 1657 2125
3223 3259 1582 721 2945 1436 2085 3162 2194 2844 2518 2004 2537 3282 936 2075 2676 1420 3746 2608 3215 2749 2499 2430 2689 3256 1282 3189 3694 3323 1655 1287 3001 2528 3883 1527 360 3240 1299 2971 3340 1462 2194 3684 3701 2185 3129 2342 2698 2990 3168 2279 1986 2468 2518 1926 2670 2978 1071 1832 1959 971 3591 3086 4095 2034 2755 3518 1242 2305 1058 1214 1935 2321 3230 2621 685 2889 2153 3531 3154 2827 2843 2672 3338 1767 2865 3170 2308 3997 3002 1583 1820
917 2733 3006 3029 1102 2753 2185 1047 1405 1371 1135 2835 2623 2868 2728 2662 1070 2333 1454 2316 2581 990 1143 2766 1042 1094 2319 705 963 2482 1969 2343 1487 1125 1556 2858 3240 360 2361 832 691 2235 1506 1142 1620 2504 765 2099 909 1223 966 2499 2178 1918 2857 2105 1928 1914 3023 2241 2863 2871 717 2503 1523 2919 1306 2077 2367 2714 2813 2402 2014 1891 2996 2693 3211 2177 1452 1106 2494 1090 1551 1168 1666 2013 1961 2616 1320 1355 900 2029 2018
2453 3011 1818 1233 2007 1523 1260 2225 1338 2184 1606 2046 2381 3078 997 2012 1896 547 3030 2311 2923 1956 1685 2357 1765 2514 591 2367 2869 2977 753 441 2069 1616 3169 1677 1299 2361 360 2049 2425 1015 1263 2903 3035 2024 2318 1969 1811 2288 2233 2104 1651 2011 2468 1055 2211 2090 1460 1010 2026 1237 2701 2789 3328 2115 2070 3009 748 2231 1247 506 1482 1426 3084 2481 1399 2504 1326 2765 2843 2079 1915 1928 2736 836 2405 2899 1404 3207 2073 708 900
1322 2984 2935 2806 643 2654 1739 689 1198 1604 818 2847 2747 3111 2509 2693 1172 1987 1906 2469 2838 1120 1103 2862 643 1480 2054 1101 1434 2766 1675 2047 1043 808 2016 2779 2971 832 2049 360 741 2069 1148 1610 2050 2560 1126 2191 736 1511 634 2575 2178 2041 2964 1685 2106 1459 2862 1824 2865 2684 1071 2742 1995 2933 1501 2433 2135 2788 2639 2117 1979 1433 3219 2830 2989 2398 1277 1556 2746 1299 1085 1299 2023 1643 2187 2861 1029 1827 455 1749 1632
1244 3060 3228 3162 918 2959 2098 783 1535 1690 1182 3095 2923 3194 2863 2929 1340 2368 1745 2623 2909 1267 1354 3057 1023 1423 2420 1036 1183 2812 2046 2420 1250 1172 1833 3076 3340 691 2425 741 360 2401 1527 1410 1927 2779 1096 2385 1029 1551 707 2782 2428 2213 3152 2059 2239 1677 3196 2199 3119 3027 726 2829 1742 3180 1615 2406 2491 2997 2977 2488 2247 1782 3320 2996 3345 2499 1602 1405 2821 1397 1348 1453 1997 2025 2282 2943 1392 1565 748 2117 2013
2134 2369 1300 1178 2135 993 1801 2332 1230 1741 1619 1424 1726 2430 891 1367 1603 1180 2644 1671 2289 1682 1457 1705 1814 2159 786 2129 2627 2358 964 934 2331 1628 2781 1141 1462 2235 1015 2069 2401 360 1415 2595 2600 1369 2062 1342 1732 1888 2314 1449 1005 1420 1817 1576 1625 2479 1155 1585 1411 996 2592 2155 3000 1499 1653 2461 661 1579 938 902 870 1855 2430 1825 1353 1892 1158 2439 2213 1736 2207 1583 2247 1280 1823 2260 1415 2909 2126 887 1364
1750 2905 2348 2060 1117 2044 1145 1331 740 1695 731 2380 2464 3010 1772 2264 1262 1200 2366 2261 2779 1284 1036 2523 865 1852 1293 1597 2068 2767 905 1267 1276 740 2499 2189 2194 1506 1263 1148 1527 1415 360 2161 2434 2182 1569 1918 972 1716 1333 2228 1756 1845 2636 998 1992 1470 2172 1123 2383 1973 1825 2658 2584 2464 1565 2607 1400 2421 1942 1341 1533 972 3074 2560 2241 2317 824 2050 2688 1467 1159 1355 2245 867 2145 2780 591 2440 1170 987 875
701 2351 3161 3412 1885 2970 2907 1817 1932 1292 1807 2872 2488 2491 3125 2684 1373 2921 712 2164 2202 1308 1578 2666 1775 811 2803 924 627 2055 2517 2866 2268 1799 783 3037 3684 1142 2903 1610 1410 2595 2161 360 931 2498 954 2084 1558 1106 1736 2460 2303 1882 2731 2794 1789 2696 3315 2923 2912 3211 1118 2166 786 2944 1332 1534 2805 2657 3137 2908 2216 2636 2650 2529 3585 1914 1937 524 2131 1218 2333 1372 1188 2646 1721 2255 1939 674 1682 2555 2670
969 1863 2980 3391 2333 2843 3216 2306 2128 1221 2125 2622 2145 2000 3125 2435 1542 3090 594 1836 1722 1510 1772 2336 2150 951 2891 1308 1199 1555 2675 2983 2731 2120 641 2879 3701 1620 3035 2050 1927 2600 2434 931 360 2245 1291 1866 1890 1108 2226 2186 2161 1677 2379 3069 1522 3149 3227 3185 2669 3164 1676 1713 990 2684 1326 999 2856 2356 3082 3008 2140 2983 2169 2164 3549 1534 2102 884 1664 1339 2770 1477 781 2870 1387 1783 2203 1053 2135 2693 2910
2096 1433 1132 1824 2735 1118 2759 2881 1843 1583 2207 738 725 1464 1676 550 1800 2188 2387 823 1394 1877 1816 706 2389 2061 1794 2247 2644 1519 1908 1943 3040 2212 2501 1079 2185 2504 2024 2560 2779 1369 2182 2498 2245 360 2168 778 2184 1773 2834 453 787 979 821 2535 1086 3292 1525 2568 784 1573 2825 1269 2811 806 1590 1840 1652 598 1487 1904 1010 2743 1436 821 1924 1147 1748 2336 1341 1790 2956 1696 1825 2236 1225 1346 2065 2787 2644 1850 2318
562 2329 2736 2878 1409 2509 2327 1410 1342 982 1224 2518 2253 2464 2583 2337 818 2328 1174 1939 2177 740 996 2406 1223 714 2230 439 926 2076 1928 2284 1809 1217 1300 2598 3129 765 2318 1126 1096 2062 1569 954 1291 2168 360 1753 977 821 1332 2152 1884 1561 2491 2205 1546 2221 2819 2332 2550 2693 1024 2101 1381 2598 940 1684 2246 2365 2625 2330 1751 2072 2595 2317 3055 1780 1354 842 2090 739 1840 864 1272 2051 1563 2212 1345 1250 1215 1971 2076
1677 1408 1474 1995 2388 1360 2581 2518 1551 1164 1878 1147 921 1488 1782 960 1405 2107 1990 713 1313 1478 1453 1033 2048 1644 1754 1832 2225 1375 1759 1893 2720 1882 2110 1378 2342 2099 1969 2191 2385 1342 1918 2084 1866 778 1753 360 1820 1355 2466 760 716 562 1133 2366 711 3008 1762 2423 1188 1748 2413 1180 2409 1221 1173 1546 1644 975 1660 1875 847 2514 1526 1011 2128 913 1459 1921 1233 1378 2653 1293 1453 2075 893 1291 1766 2377 2280 1721 2151
1173 2653 2571 2502 940 2296 1711 1058 870 1295 609 2471 2379 2776 2202 2316 834 1786 1791 2108 2510 804 728 2489 638 1299 1776 993 1456 2454 1420 1794 1314 601 1918 2416 2698 909 1811 736 1029 1732 972 1558 1890 2184 977 1820 360 1243 1010 2200 1802 1677 2592 1598 1757 1683 2527 1729 2490 2360 1253 2407 1978 2557 1178 2176 1834 2413 2308 1855 1605 1456 2875 2463 2685 2060 933 1459 2418 1001 1297 961 1779 1474 1855 2529 771 1829 821 1482 1487
682 1869 2415 2698 1781 2225 2502 1825 1388 550 1447 2140 1815 2004 2419 1954 815 2342 1116 1495 1718 807 1041 1979 1520 655 2151 894 1230 1626 1926 2238 2177 1444 1254 2291 2990 1223 2288 1511 1551 1888 1716 1106 1108 1773 821 1355 1243 360 1752 1745 1557 1154 2057 2341 1102 2564 2578 2452 2178 2486 1474 1639 1481 2216 596 1293 2127 1951 2409 2266 1476 2296 2133 1873 2866 1318 1356 942 1630 611 2177 732 899 2128 1102 1752 1486 1414 1607 1945 2173
1514 3242 3197 3026 605 2911 1797 440 1449 1859 1054 3119 3021 3371 2732 2966 1441 2151 2059 2740 3094 1384 1378 3136 860 1683 2263 1291 1523 3016 1877 2241 903 1045 2157 3039 3168 966 2233 634 707 2314 1333 1736 2226 2834 1332 2466 1010 1752 360 2849 2450 2314 3239 1785 2374 1331 3103 1924 3137 2918 1072 3002 2085 3205 1762 2656 2357 3063 2877 2315 2249 1473 3483 3103 3208 2660 1533 1712 3004 1554 1003 1566 2244 1797 2448 3120 1260 1909 552 1956 1772
2067 1339 1216 1918 2758 1212 2824 2899 1881 1555 2236 799 638 1372 1768 620 1801 2266 2335 740 1300 1876 1832 656 2414 2028 1874 2232 2614 1428 1975 2023 3073 2241 2446 1169 2279 2499 2104 2575 2782 1449 2228 2460 2186 453 2152 760 2200 1745 2849 360 844 953 768 2601 1036 3335 1618 2637 850 1667 2813 1176 2762 857 1572 1762 1736 575 1580 1987 1063 2798 1348 736 2018 1068 1786 2298 1248 1778 2994 1692 1765 2302 1160 1252 2102 2744 2661 1920 2383
1866 1724 1220 1642 2334 1042 2340 2492 1425 1372 1800 1029 1107 1787 1426 880 1468 1802 2259 1026 1646 1550 1441 1132 1988 1852 1427 1962 2407 1724 1493 1572 2625 1806 2387 1094 1986 2178 1651 2178 2428 1005 1756 2303 2161 787 1884 716 1802 1557 2450 844 360 855 1247 2118 1048 2867 1430 2158 1050 1397 2517 1512 2662 1115 1338 1895 1305 1025 1310 1546 583 2316 1796 1208 1780 1269 1329 2138 1572 1507 2535 1384 1762 1819 1241 1616 1648 2609 2258 1441 1900
1476 1425 1666 2131 2254 1530 2549 2371 1467 963 1761 1350 1070 1524 1898 1162 1238 2133 1794 792 1308 1307 1317 1207 1920 1442 1808 1640 2024 1333 1759 1939 2601 1764 1916 1562 2468 1918 2011 2041 2213 1420 1845 1882 1677 979 1561 562 1677 1154 2314 953 855 360 1299 2341 565 2911 1924 2411 1390 1889 2224 1181 2210 1423 981 1410 1716 1164 1803 1932 910 2453 1591 1149 2274 859 1381 1718 1220 1191 2545 1120 1271 2059 763 1301 1671 2176 2132 1732 2131
2372 1194 1332 2158 3157 1447 3220 3291 2288 1875 2639 876 602 1169 2061 824 2174 2638 2557 927 1221 2245 2225 474 2814 2323 2237 2570 2911 1393 2369 2387 3478 2643 2654 1352 2518 2857 2468 2964 3152 1817 2636 2731 2379 821 2491 1133 2592 2057 3239 768 1247 1299 360 2996 1315 3743 1816 3027 925 1918 3156 1133 2989 867 1914 1857 2088 597 1837 2343 1469 3204 1081 578 2226 1205 2193 2575 1209 2128 3401 2059 1965 2696 1373 1155 2509 2995 3053 2309 2779
2388 3402 2476 1921 1540 2171 585 1752 1320 2301 1349 2639 2864 3492 1692 2568 1890 883 3005 2720 3289 1918 1661 2882 1426 2490 1234 2230 2688 3303 987 1115 1475 1357 3137 2326 1926 2105 1055 1685 2059 1576 998 2794 3069 2535 2205 2366 1598 2341 1785 2601 2118 2341 2996 360 2515 1413 2153 499 2627 1931 2394 3161 3216 2715 2171 3204 1395 2763 1935 1196 1907 758 3530 2965 2079 2836 1374 2687 3201 2095 1309 1973 2860 659 2688 3280 1228 3067 1672 1052 577
1417 1276 1821 2329 2337 1710 2719 2436 1612 924 1871 1464 1073 1389 2101 1276 1293 2328 1660 753 1146 1350 1413 1241 2015 1369 2011 1623 1958 1148 1947 2139 2700 1872 1775 1729 2670 1928 2211 2106 2239 1625 1992 1789 1522 1086 1546 711 1757 1102 2374 1036 1048 565 1315 2515 360 3031 2111 2591 1510 2086 2209 1028 2086 1530 983 1208 1921 1227 1999 2134 1115 2604 1478 1132 2469 684 1531 1629 1055 1201 2657 1167 1105 2239 558 1150 1804 2069 2200 1924 2308
2420 3945 3418 2963 1176 3110 1269 1253 1818 2616 1521 3486 3563 4060 2714 3374 2150 1931 3003 3339 3808 2127 1982 3631 1405 2573 2232 2200 2492 3767 1887 2137 788 1521 3109 3261 2978 1914 2090 1459 1677 2479 1470 2696 3149 3292 2221 3008 1683 2564 1331 3335 2867 2911 3743 1413 3031 360 3164 1510 3487 2946 2037 3697 3056 3570 2495 3498 2378 3531 2937 2221 2643 1024 4141 3657 3126 3348 1912 2654 3715 2325 746 2274 3095 1624 3154 3819 1603 2880 1377 1973 1551
2860 2587 871 731 2915 770 2361 3118 2025 2406 2410 1300 1858 2599 825 1391 2363 1643 3311 1974 2558 2445 2240 1735 2603 2866 1291 2891 3377 2683 1651 1398 3076 2419 3443 825 1071 3023 1460 2862 3196 1155 2172 3315 3227 1525 2819 1762 2527 2578 3103 1618 1430 1924 1816 2153 2111 3164 360 2109 1253 583 3379 2434 3699 1324 2345 2948 1147 1614 590 1317 1461 2506 2534 1936 769 2280 1953 3153 2506 2469 2938 2322 2832 1902 2296 2508 2202 3628 2917 1564 1978
2512 3466 2459 1855 1679 2158 616 1890 1425 2403 1481 2649 2906 3551 1644 2589 2004 826 3127 2777 3357 2036 1774 2913 1563 2610 1213 2359 2822 3379 1025 1079 1602 1490 3260 2313 1832 2241 1010 1824 2199 1585 1123 2923 3185 2568 2332 2423 1729 2452 1924 2637 2158 2411 3027 499 2591 1510 2109 360 2634 1885 2533 3228 3346 2723 2275 3300 1376 2792 1898 1156 1953 874 3582 3006 2005 2908 1472 2813 3270 2208 1435 2081 2965 711 2768 3345 1350 3199 1812 1078 645
2499 1730 769 1603 3011 907 2853 3176 2086 1988 2474 414 1010 1724 1539 594 2152 2207 2810 1226 1727 2233 2131 855 2666 2470 1797 2629 3047 1877 2009 1945 3281 2481 2925 792 1959 2863 2026 2865 3119 1411 2383 2912 2669 784 2550 1188 2490 2178 3137 850 1050 1390 925 2627 1510 3487 1253 2634 360 1370 3196 1615 3233 449 1981 2249 1638 749 1294 1888 1248 2891 1647 1070 1662 1555 1992 2749 1691 2170 3179 2060 2249 2331 1648 1668 2307 3205 2944 1936 2415
2752 2647 1032 611 2722 830 2137 2929 1852 2324 2228 1411 1926 2672 601 1467 2234 1419 3232 1999 2604 2314 2093 1826 2418 2768 1074 2761 3256 2715 1443 1176 2868 2238 3366 941 971 2871 1237 2684 3027 996 1973 3211 3164 1573 2693 1748 2360 2486 2918 1667 1397 1889 1918 1931 2086 2946 583 1885 1370 360 3228 2475 3606 1450 2250 2933 937 1699 448 1094 1383 2286 2623 2012 745 2287 1787 3052 2544 2356 2728 2205 2783 1682 2278 2559 2018 3525 2735 1356 1758
1082 2955 3354 3384 1283 3105 2449 1146 1758 1645 1459 3166 2918 3093 3084 2990 1410 2663 1470 2602 2802 1328 1499 3070 1333 1267 2669 946 862 2683 2312 2687 1612 1449 1537 3208 3591 717 2701 1071 726 2592 1825 1118 1676 2825 1024 2413 1253 1474 1072 2813 2517 2224 3156 2394 2209 2037 3379 2533 3196 3228 360 2738 1400 3249 1603 2222 2721 3027 3170 2748 2362 2138 3233 2981 3567 2430 1808 1159 2719 1395 1714 1495 1827 2332 2215 2844 1656 1221 1101 2375 2329
1899 608 2014 2727 2986 2027 3371 3068 2278 1504 2535 1561 966 729 2554 1417 1935 2927 1923 847 493 1981 2075 1144 2672 1835 2572 2171 2391 623 2570 2713 3358 2536 1994 1983 3086 2503 2789 2742 2829 2155 2658 2166 1713 1269 2101 1180 2407 1639 3002 1176 1512 1181 1133 3161 1028 3697 2434 3228 1615 2475 2738 360 2343 1586 1600 1119 2457 1228 2387 2693 1667 3269 855 925 2832 708 2195 2031 436 1808 3321 1807 1341 2877 914 482 2472 2384 2837 2537 2950
1117 2492 3511 3815 2259 3340 3322 2164 2359 1654 2227 3189 2750 2628 3531 3000 1795 3347 791 2433 2352 1732 2003 2938 2183 1200 3223 1347 924 2183 2942 3289 2627 2219 710 3396 4095 1523 3328 1995 1742 3000 2584 786 990 2811 1381 2409 1978 1481 2085 2762 2662 2210 2989 3216 2086 3056 3699 3346 3233 3606 1400 2343 360 3256 1716 1622 3220 2945 3530 3329 2597 3044 2799 2777 3984 2147 2362 925 2295 1629 2707 1784 1384 3072 1980 2414 2364 539 2059 2980 3095
2538 1687 827 1680 3083 991 2941 3246 2162 2025 2548 446 981 1674 1624 622 2209 2296 2831 1224 1693 2289 2196 810 2738 2506 1886 2678 3086 1849 2096 2034 3358 2554 2943 870 2034 2919 2115 2933 3180 1499 2464 2944 2684 806 2598 1221 2557 2216 3205 857 1115 1423 867 2715 1530 3570 1324 2723 449 1450 3249 1586 3256 360 2025 2243 1727 720 1376 1977 1320 2977 1587 1030 1732 1551 2068 2781 1663 2219 3258 2113 2263 2419 1658 1632 2383 3234 3013 2024 2503
888 1843 2198 2462 1750 1997 2345 1828 1211 490 1344 1946 1678 1969 2184 1764 705 2134 1351 1370 1697 742 896 1827 1452 882 1925 1019 1431 1636 1718 2017 2132 1342 1488 2069 2755 1306 2070 1501 1615 1653 1565 1332 1326 1590 940 1173 1178 596 1762 1572 1338 981 1914 2171 983 2495 2345 2275 1981 2250 1603 1600 1716 2025 360 1402 1895 1785 2173 2041 1244 2164 2081 1747 2630 1258 1165 1169 1605 577 2111 582 1050 1941 1045 1719 1342 1643 1597 1731 1992
1403 1234 2611 3177 2708 2541 3384 2732 2246 1272 2373 2197 1646 1368 2949 2022 1729 3105 1229 1382 1101 1736 1937 1840 2454 1342 2825 1733 1791 924 2701 2943 3107 2370 1272 2541 3518 2077 3009 2433 2406 2461 2607 1534 999 1840 1684 1546 2176 1293 2656 1762 1895 1410 1857 3204 1208 3498 2948 3300 2249 2933 2222 1119 1622 2243 1402 360 2750 1889 2845 2948 1954 3206 1541 1639 3314 1054 2190 1436 1058 1537 3111 1618 771 2958 1014 1168 2385 1693 2526 2695 3015
2345 2669 1443 1031 2154 1142 1613 2363 1324 1994 1677 1659 2014 2727 734 1629 1795 930 2883 1971 2590 1867 1616 1979 1861 2384 523 2307 2811 2660 865 667 2291 1687 3021 1297 1242 2367 748 2135 2491 661 1400 2805 2856 1652 2246 1644 1834 2127 2357 1736 1305 1716 2088 1395 1921 2378 1147 1376 1638 937 2721 2457 3220 1727 1895 2750 360 1851 919 614 1168 1726 2722 2112 1214 2193 1275 2655 2514 1951 2151 1795 2519 1123 2119 2561 1465 3117 2179 779 1203
2273 1343 1155 1944 2969 1229 2988 3112 2081 1763 2443 695 622 1345 1832 593 2016 2400 2516 880 1337 2091 2045 489 2624 2231 1999 2445 2819 1490 2136 2149 3277 2448 2622 1150 2305 2714 2231 2788 2997 1579 2421 2657 2356 598 2365 975 2413 1951 3063 575 1025 1164 597 2763 1227 3531 1614 2792 749 1699 3027 1228 2945 720 1785 1889 1851 360 1616 2105 1248 2979 1284 684 2022 1201 1986 2497 1304 1992 3194 1908 1935 2464 1329 1279 2304 2935 2874 2075 2546
2679 2560 974 699 2686 750 2146 2890 1803 2244 2185 1334 1841 2586 630 1384 2167 1432 3153 1911 2516 2248 2032 1744 2377 2692 1067 2695 3187 2626 1422 1181 2845 2194 3287 870 1058 2813 1247 2639 2977 938 1942 3137 3082 1487 2625 1660 2308 2409 2877 1580 1310 1803 1837 1935 1999 2937 590 1898 1294 448 3170 2387 3530 1376 2173 2845 919 1616 360 1102 1302 2282 2540 1927 830 2199 1735 2977 2456 2284 2708 2134 2699 1677 2191 2471 1976 3451 2692 1335 1755
2452 2910 1672 1107 2095 1379 1404 2311 1362 2150 1665 1910 2265 2972 856 1883 1894 693 3016 2210 2827 1959 1694 2233 1835 2504 483 2384 2888 2889 801 443 2182 1675 3155 1532 1214 2402 506 2117 2488 902 1341 2908 3008 1904 2330 1875 1855 2266 2315 1987 1546 1932 2343 1196 2134 2221 1317 1156 1888 1094 2748 2693 3329 1977 2041 2948 614 2105 1102 360 1391 1558 2971 2364 1280 2418 1336 2765 2749 2068 2031 1915 2692 959 2331 2800 1457 3215 2148 733 1030
1765 1893 1352 1612 2123 1119 2127 2287 1206 1305 1588 1234 1318 1967 1360 1097 1312 1621 2212 1193 1800 1396 1253 1354 1778 1767 1269 1827 2295 1857 1287 1406 2406 1594 2345 1208 1935 2014 1482 1979 2247 870 1533 2216 2140 1010 1751 847 1605 1476 2249 1063 583 910 1469 1907 1115 2643 1461 1953 1248 1383 2362 1667 2597 1320 1244 1954 1168 1248 1302 1391 360 2095 1990 1418 1768 1386 1111 2054 1720 1383 2314 1246 1765 1610 1313 1778 1428 2528 2056 1242 1689
2269 3515 2786 2299 1231 2478 687 1426 1353 2294 1218 2896 3046 3617 2053 2802 1843 1268 2886 2861 3391 1851 1629 3089 1220 2392 1575 2080 2493 3380 1252 1475 1091 1223 3011 2631 2321 1891 1426 1433 1782 1855 972 2636 2983 2743 2072 2514 1456 2296 1473 2798 2316 2453 3204 758 2604 1024 2506 874 2891 2286 2138 3269 3044 2977 2164 3206 1726 2979 2282 1558 2095 360 3676 3145 2463 2929 1433 2550 3299 2044 925 1948 2833 964 2757 3391 1183 2883 1397 1333 889
2394 667 2054 2868 3455 2153 3747 3548 2698 1992 2985 1597 1071 538 2748 1515 2408 3238 2389 1175 809 2459 2530 1159 3133 2330 2856 2665 2881 977 2917 3004 3819 2987 2448 2069 3230 2996 3084 3219 3320 2430 3074 2650 2169 1436 2595 1526 2875 2133 3483 1348 1796 1591 1081 3530 1478 4141 2534 3582 1647 2623 3233 855 2799 1587 2081 1541 2722 1284 2540 2971 1990 3676 360 976 2944 1183 2610 2519 879 2292 3771 2280 1821 3237 1398 754 2903 2854 3314 2871 3314
2183 1019 1479 2259 3036 1544 3186 3159 2198 1696 2530 1017 460 1022 2131 906 2027 2641 2346 738 1024 2094 2099 581 2698 2131 2251 2395 2717 1188 2341 2400 3371 2533 2440 1472 2621 2693 2481 2830 2996 1825 2560 2529 2164 821 2317 1011 2463 1873 3103 736 1208 1149 578 2965 1132 3657 1936 3006 1070 2012 2981 925 2777 1030 1747 1639 2112 684 1927 2364 1418 3145 976 360 2343 990 2105 2376 1001 1963 3304 1907 1753 2667 1168 961 2415 2787 2920 2289 2747
3125 2992 1271 543 2998 1165 2262 3211 2174 2706 2531 1709 2264 3006 843 1797 2597 1556 3615 2365 2958 2675 2442 2144 2715 3145 1308 3122 3621 3078 1696 1362 3102 2541 3749 1234 685 3211 1399 2989 3345 1353 2241 3585 3549 1924 3055 2128 2685 2866 3208 2018 1780 2274 2226 2079 2469 3126 769 2005 1662 745 3567 2832 3984 1732 2630 3314 1214 2022 830 1280 1768 2463 2944 2343 360 2661 2118 3427 2903 2728 2951 2575 3169 1875 2660 2910 2319 3899 3031 1613 1940
1602 956 1920 2537 2639 1870 3041 2726 1936 1169 2187 1503 973 1075 2334 1328 1589 2630 1716 688 822 1637 1727 1166 2324 1542 2295 1852 2118 834 2258 2430 3010 2188 1809 1857 2889 2177 2504 2398 2499 1892 2317 1914 1534 1147 1780 913 2060 1318 2660 1068 1269 859 1205 2836 684 3348 2280 2908 1555 2287 2430 708 2147 1551 1258 1054 2193 1201 2199 2418 1386 2929 1183 990 2661 360 1856 1766 730 1469 2972 1461 1122 2557 576 830 2127 2162 2493 2231 2627
1488 2442 2024 1936 1382 1737 1562 1561 455 1292 846 1982 2010 2545 1636 1848 934 1354 2076 1798 2317 990 719 2082 1042 1555 1240 1407 1912 2311 942 1290 1655 854 2214 1866 2153 1452 1326 1277 1602 1158 824 1937 2102 1748 1354 1459 933 1356 1533 1786 1329 1381 2193 1374 1531 1912 1953 1472 1992 1787 1808 2195 2362 2068 1165 2190 1275 1986 1735 1336 1111 1433 2610 2105 2118 1856 360 1800 2226 1126 1568 984 1855 1136 1690 2317 678 2242 1342 978 1188
552 2225 2996 3256 1838 2806 2810 1793 1801 1127 1706 2708 2332 2365 2969 2520 1230 2790 709 2008 2074 1170 1443 2509 1694 647 2658 831 722 1935 2382 2725 2230 1699 823 2873 3531 1106 2765 1556 1405 2439 2050 524 884 2336 842 1921 1459 942 1712 2298 2138 1718 2575 2687 1629 2654 3153 2813 2749 3052 1159 2031 925 2781 1169 1436 2655 2497 2977 2765 2054 2550 2519 2376 3427 1766 1800 360 1999 1064 2282 1219 1063 2525 1569 2125 1824 834 1636 2417 2553
1879 599 2090 2796 2995 2098 3408 3071 2307 1504 2553 1637 1042 734 2619 1491 1944 2977 1877 910 452 1987 2093 1221 2686 1814 2627 2158 2361 546 2615 2766 3371 2554 1945 2057 3154 2494 2843 2746 2821 2213 2688 2131 1664 1341 2090 1233 2418 1630 3004 1248 1572 1220 1209 3201 1055 3715 2506 3270 1691 2544 2719 436 2295 1663 1605 1058 2514 1304 2456 2749 1720 3299 879 1001 2903 730 2226 1999 360 1809 3338 1817 1303 2919 923 485 2497 2341 2842 2584 2991
757 2047 2362 2554 1558 2143 2252 1622 1149 665 1197 2138 1893 2177 2266 1958 565 2120 1312 1587 1900 559 794 2038 1279 796 1958 819 1271 1827 1706 2034 1948 1194 1450 2226 2827 1090 2079 1299 1397 1736 1467 1218 1339 1790 739 1378 1001 611 1554 1778 1507 1191 2128 2095 1201 2325 2469 2208 2170 2356 1395 1808 1629 2219 577 1537 1951 1992 2284 2068 1383 2044 2292 1963 2728 1469 1126 1064 1809 360 1939 515 1149 1890 1254 1926 1236 1532 1395 1732 1932
2041 3569 3145 2778 808 2839 1246 936 1473 2231 1146 3174 3211 3686 2508 3051 1766 1783 2631 2976 3430 1742 1605 3290 1020 2191 2019 1823 2143 3385 1646 1949 526 1144 2741 2985 2843 1551 1915 1085 1348 2207 1159 2333 2770 2956 1840 2653 1297 2177 1003 2994 2535 2545 3401 1309 2657 746 2938 1435 3179 2728 1714 3321 2707 3258 2111 3111 2151 3194 2708 2031 2314 925 3771 3304 2951 2972 1568 2282 3338 1939 360 1891 2709 1439 2776 3443 1251 2534 1011 1733 1382
911 2052 2233 2401 1538 2004 2139 1628 1016 708 1122 2031 1831 2176 2112 1856 488 1974 1462 1538 1909 546 679 1964 1233 950 1804 941 1415 1854 1559 1882 1915 1120 1601 2093 2672 1168 1928 1299 1453 1583 1355 1372 1477 1696 864 1293 961 732 1566 1692 1384 1120 2059 1973 1167 2274 2322 2081 2060 2205 1495 1807 1784 2113 582 1618 1795 1908 2134 1915 1246 1948 2280 1907 2575 1461 984 1219 1817 515 1891 360 1250 1756 1254 1928 1128 1686 1393 1582 1801
996 1523 2566 3017 2300 2441 3029 2321 1900 923 1986 2202 1729 1663 2762 2015 1349 2813 954 1417 1374 1346 1569 1919 2056 933 2572 1322 1426 1231 2400 2677 2700 1983 1049 2470 3338 1666 2736 2023 1997 2247 2245 1188 781 1825 1272 1453 1779 899 2244 1765 1762 1271 1965 2860 1105 3095 2832 2965 2249 2783 1827 1341 1384 2263 1050 771 2519 1935 2699 2692 1765 2833 1821 1753 3169 1122 1855 1063 1303 1149 2709 1250 360 2631 966 1427 2018 1407 2116 2406 2682
2218 3116 2194 1705 1561 1887 885 1780 1101 2068 1238 2341 2566 3202 1450 2268 1688 715 2826 2428 3006 1729 1459 2582 1364 2305 970 2086 2569 3027 687 875 1594 1248 2961 2042 1767 2013 836 1643 2025 1280 867 2646 2870 2236 2051 2075 1474 2128 1797 2302 1819 2059 2696 659 2239 1624 1902 711 2331 1682 2332 2877 3072 2419 1941 2958 1123 2464 1677 959 1610 964 3237 2667 1875 2557 1136 2525 2919 1890 1439 1756 2631 360 2417 2995 1069 2933 1653 754 444
1391 1158 1983 2523 2432 1892 2887 2514 1765 953 1993 1599 1132 1284 2298 1414 1382 2518 1549 812 1015 1427 1532 1318 2123 1334 2207 1636 1915 982 2131 2334 2808 1993 1653 1900 2865 1961 2405 2187 2282 1823 2145 1721 1387 1225 1563 893 1855 1102 2448 1160 1241 763 1373 2688 558 3154 2296 2768 1648 2278 2215 914 1980 1658 1045 1014 2119 1329 2191 2331 1313 2757 1398 1168 2660 576 1690 1569 923 1254 2776 1254 966 2417 360 1034 1945 1981 2282 2113 2484
2003 485 2073 2810 3107 2104 3490 3187 2400 1621 2658 1614 1018 611 2646 1482 2056 3039 1999 949 430 2101 2198 1183 2794 1939 2680 2281 2486 618 2686 2821 3480 2659 2063 2051 3170 2616 2899 2861 2943 2260 2780 2255 1783 1346 2212 1291 2529 1752 3120 1252 1616 1301 1155 3280 1150 3819 2508 3345 1668 2559 2844 482 2414 1632 1719 1168 2561 1279 2471 2800 1778 3391 754 961 2910 830 2317 2125 485 1926 3443 1928 1427 2995 1034 360 2595 2463 2956 2651 3068
