140 2047 1641 1416 2015 2893 877 1543 2632 1987 813 2157 680 1183 1831 526 2475 2436 1093 2167 712 972 1961 912 1209 2316 1741 1498 1767 1589 620 1077 1408 538 2042 2426 753 1989 626 766 460 1864 1005 1501 980 2735 2969 557 3034 852 1635 2662 948 2015 2334 2210 683 2564 1026 2389 871 2271 1974 2043 1859 605 2365 859 2460 639 2427 758 1051 667 2119 2518 875 1448 2575 1154 2003 1950 1619 1288 2337 1751 2666 907 655 2108 2544 1635 1911 1949 2228 3007 2158 1782 3073 1477 1933 2158 1016 1842 1184 2027 545 371 529 820
2147 360 1905 1286 602 2384 2027 967 2217 987 2606 1862 2237 3001 1167 2459 2311 2901 2773 2767 1914 2592 1494 2069 2513 2541 2772 1020 2417 827 2303 1776 2564 2201 2385 2918 2238 2085 2631 2336 2463 2002 2120 1067 2563 2602 2443 2448 2432 1560 1493 2639 2572 2132 1033 923 2543 2567 2714 2527 2560 2506 642 1313 3083 2004 1027 2858 830 1865 3656 2563 1672 1993 606 2188 2074 2103 2380 1636 3417 471 3210 2047 911 1848 1779 2638 2413 936 2175 2210 1229 1823 1426 2532 2261 3013 2547 1188 2666 3417 1539 1150 1455 932 2390 2272 2535 2720
1741 1905 360 2087 2065 1626 1143 1362 1365 2327 2415 925 2198 2776 2346 1800 1194 1408 1695 1230 1992 1549 948 1126 1271 1127 1285 1897 877 1580 2181 2199 1197 1518 889 1416 1363 712 2054 1435 1924 584 1069 1256 1506 1464 1701 2158 1777 1478 774 1410 1545 746 1664 1613 1752 1312 1669 1168 1595 1082 1646 1158 1622 1396 1707 2330 2043 1399 2148 2359 1013 2024 2128 1244 1161 679 1294 2150 1997 1887 1931 773 1767 500 1569 2506 1609 2363 1275 682 1127 715 1256 1731 900 1565 1802 1121 1122 1934 1906 2342 1055 2314 2145 1711 1995 1893
1516 1286 2087 360 1129 3010 1755 1213 2788 954 1792 2331 1421 2161 775 1892 2776 3127 2377 2916 1126 2212 1978 1811 2284 2847 2711 646 2501 1045 1508 874 2416 1729 2616 3132 1865 2393 1983 1943 1830 2273 1902 1283 2199 3079 3080 1698 3100 1110 1777 3070 2188 2437 1872 1739 2027 2980 2309 2873 2140 2804 1401 1902 2951 1577 1882 2148 1756 1431 3552 1759 1527 1203 1224 2717 1795 2124 2867 730 3204 1176 2889 1997 1791 2106 2517 1800 1940 1089 2721 2296 1763 2196 2079 3153 2592 2873 3191 1390 2740 3287 760 786 1399 1008 1631 1705 1887 2186
2115 602 2065 1129 360 2621 2086 1077 2448 746 2518 2075 2144 2903 939 2451 2528 3085 2817 2935 1826 2637 1702 2133 2595 2735 2897 902 2568 882 2219 1639 2666 2214 2564 3099 2278 2274 2602 2373 2435 2182 2195 1184 2612 2823 2680 2382 2672 1551 1661 2854 2616 2321 1274 1165 2551 2779 2755 2728 2594 2698 866 1535 3195 2023 1267 2810 1019 1877 3780 2478 1748 1906 464 2413 2133 2234 2601 1495 3513 549 3279 2160 1149 2022 2020 2539 2431 698 2402 2357 1438 2019 1659 2768 2456 3123 2785 1316 2818 3533 1440 922 1539 690 2320 2260 2504 2726
2993 2384 1626 3010 2621 360 2408 2157 620 2991 3662 1101 3411 4034 3113 3066 865 1616 2899 1737 3162 2777 1399 2393 2456 1292 2210 2745 1792 2340 3409 3286 2312 2783 1457 1650 2628 1313 3320 2696 3189 1418 2332 2093 2734 857 436 3409 525 2616 1671 995 2778 1306 1760 1834 3013 1022 2887 1188 2838 1307 2116 1478 2512 2649 1786 3596 2196 2630 2813 3606 2216 3208 2627 743 2427 1897 796 3199 2890 2438 2994 2029 1911 1504 1024 3748 2872 2959 711 1767 1609 1304 1324 507 1219 2494 545 2005 1872 2711 2974 3102 2157 2946 3390 2974 3261 3144
977 2027 1143 1755 2086 2408 360 1426 2147 2203 1647 1688 1480 1997 2126 1022 1969 1941 1111 1680 1353 930 1562 416 891 1800 1340 1691 1266 1572 1443 1653 1026 735 1526 1934 611 1481 1275 705 1141 1359 517 1339 898 2221 2483 1388 2557 1005 1241 2146 913 1504 2098 1997 1002 2047 1057 1872 919 1755 1858 1698 1556 645 2136 1552 2344 727 2158 1592 723 1358 2179 2027 407 931 2069 1659 1818 1958 1552 771 2145 1265 2265 1743 852 2290 2057 1120 1592 1475 1862 2514 1643 1478 2585 1252 1458 1891 1430 2130 941 2219 1383 930 1212 1165
1643 967 1362 1213 1077 2157 1426 360 1937 1326 2195 1490 1852 2599 1372 1914 1943 2401 2176 2233 1540 1995 1128 1466 1906 2075 2181 955 1854 579 1894 1544 1959 1636 1878 2413 1648 1609 2113 1746 1944 1504 1513 467 1964 2247 2226 1995 2248 1058 978 2251 1977 1656 1166 1035 1977 2166 2120 2083 1970 2034 802 1053 2483 1436 1192 2362 1295 1310 3064 2145 1067 1609 1153 1870 1473 1517 2030 1434 2811 915 2604 1447 1154 1337 1688 2248 1840 1361 1872 1643 912 1380 1237 2300 1803 2412 2337 601 2105 2820 1240 1365 848 1311 1947 1735 2020 2155
2732 2217 1365 2788 2448 620 2147 1937 360 2807 3402 846 3155 3774 2915 2805 658 1473 2648 1551 2910 2523 1170 2132 2206 1109 1988 2531 1557 2130 3151 3044 2069 2522 1232 1505 2368 1058 3060 2436 2928 1160 2072 1866 2480 802 696 3149 774 2365 1423 905 2523 1055 1632 1687 2754 892 2634 1015 2582 1114 1941 1280 2302 2389 1663 3336 2081 2371 2643 3346 1958 2955 2463 488 2167 1640 632 2962 2685 2261 2764 1770 1784 1243 972 3489 2612 2786 450 1517 1400 1045 1151 740 985 2277 801 1771 1660 2521 2733 2905 1905 2767 3130 2713 3000 2887
2087 987 2327 954 746 2991 2203 1326 2807 360 2384 2410 2014 2746 599 2452 2867 3368 2891 3196 1719 2717 2035 2255 2731 3037 3093 875 2806 1107 2102 1453 2831 2256 2845 3379 2359 2572 2564 2447 2406 2470 2332 1431 2698 3166 3052 2291 3048 1594 1943 3187 2694 2619 1661 1549 2574 3107 2825 3040 2658 2998 1235 1887 3369 2082 1653 2739 1383 1931 3965 2352 1903 1797 787 2764 2248 2450 2945 1312 3659 915 3383 2353 1535 2304 2402 2388 2472 501 2756 2594 1778 2330 2026 3138 2762 3293 3158 1565 3056 3708 1343 580 1718 431 2225 2261 2467 2742
913 2606 2415 1792 2518 3662 1647 2195 3402 2384 360 2923 733 763 2179 1096 3249 3180 1653 2907 1053 1599 2708 1679 1904 3082 2438 1975 2520 2186 664 1300 2112 1287 2808 3168 1491 2762 920 1473 931 2637 1767 2176 1623 3508 3738 619 3801 1507 2386 3433 1579 2788 3001 2870 1247 3335 1598 3158 1490 3038 2594 2768 2494 1378 3027 856 3056 1394 3014 415 1810 973 2620 3289 1642 2217 3348 1435 2555 2499 2130 2058 2981 2523 3406 466 1312 2521 3314 2401 2630 2717 2958 3778 2930 2423 3843 2180 2668 2754 1437 2195 1915 2440 632 1089 897 1274
2257 1862 925 2331 2075 1101 1688 1490 846 2410 2923 360 2670 3300 2493 2350 816 1474 2256 1433 2423 2114 734 1679 1824 1082 1724 2086 1270 1696 2668 2563 1721 2060 1035 1499 1920 732 2603 1996 2465 768 1630 1409 2071 1118 1177 2673 1237 1879 938 1138 2110 761 1390 1399 2313 1064 2233 1043 2161 1058 1580 916 2060 1916 1430 2880 1834 1890 2503 2868 1475 2468 2108 752 1712 1233 899 2485 2448 1885 2449 1339 1530 789 1036 3008 2167 2408 764 1159 996 573 881 1227 818 2019 1285 1303 1450 2331 2253 2485 1419 2378 2651 2246 2538 2457
780 2237 2198 1421 2144 3411 1480 1852 3155 2014 733 2670 360 1123 1814 1110 3028 3059 1703 2794 683 1602 2421 1523 1849 2913 2381 1602 2385 1826 463 943 2048 1176 2640 3051 1391 2551 1054 1406 966 2423 1623 1844 1614 3303 3487 683 3542 1186 2110 3242 1578 2582 2657 2524 1279 3143 1639 2978 1496 2867 2236 2460 2496 1194 2681 1129 2691 1159 3057 697 1559 606 2247 3048 1488 2046 3128 1070 2621 2129 2220 1885 2628 2292 3105 762 1285 2150 3069 2238 2318 2472 2651 3535 2732 2420 3595 1862 2563 2788 1064 1829 1626 2069 617 1007 981 1372
1283 3001 2776 2161 2903 4034 1997 2599 3774 2746 763 3300 1123 360 2531 1378 3606 3475 1851 3198 1447 1841 3099 2021 2174 3411 2694 2361 2832 2587 1066 1653 2383 1623 3137 3459 1810 3118 1142 1773 1226 2996 2101 2580 1872 3855 4110 990 4177 1909 2775 3773 1825 3141 3405 3274 1496 3675 1808 3492 1737 3367 2996 3166 2700 1744 3431 930 3454 1778 3171 814 2193 1369 3005 3657 1985 2555 3706 1794 2698 2893 2265 2401 3384 2891 3800 724 1598 2885 3684 2733 3030 3091 3355 4146 3277 2635 4214 2581 2956 2924 1825 2547 2310 2805 1023 1426 1167 1463
1931 1167 2346 775 939 3113 2126 1372 2915 599 2179 2493 1814 2531 360 2306 2949 3394 2779 3204 1534 2611 2122 2181 2658 3083 3054 815 2801 1158 1906 1240 2775 2134 2873 3403 2258 2618 2397 2341 2245 2508 2265 1468 2595 3252 3178 2104 3182 1492 1987 3261 2587 2665 1832 1711 2439 3177 2712 3094 2543 3041 1380 1997 3313 1973 1830 2557 1596 1824 3914 2150 1858 1609 1002 2862 2169 2434 3032 1104 3584 1075 3285 2323 1718 2340 2552 2176 2347 737 2858 2591 1875 2392 2151 3260 2814 3236 3286 1596 3048 3652 1175 379 1695 669 2037 2118 2302 2600
626 2459 1800 1892 2451 3066 1022 1914 2805 2452 1096 2350 1110 1378 2306 360 2615 2459 953 2183 1197 867 2211 1033 1169 2395 1701 1952 1814 1993 1024 1562 1378 660 2123 2445 801 2127 614 755 526 2011 1098 1855 887 2850 3141 859 3217 1262 1885 2762 845 2146 2674 2558 528 2666 889 2479 758 2352 2355 2327 1767 849 2708 890 2847 963 2312 1049 1311 1148 2553 2684 999 1551 2712 1640 1871 2369 1471 1403 2695 1926 2918 1203 580 2568 2715 1721 2207 2137 2501 3168 2275 1694 3241 1806 1942 2046 1494 2316 1492 2488 893 551 571 655
2575 2311 1194 2776 2528 865 1969 1943 658 2867 3249 816 3028 3606 2949 2615 360 1182 2406 1253 2807 2293 1191 1947 1963 811 1705 2537 1288 2152 3014 2978 1811 2344 951 1214 2173 848 2869 2233 2748 971 1876 1858 2250 663 930 2992 1031 2273 1363 690 2295 829 1789 1820 2548 636 2398 719 2360 816 2028 1358 2011 2230 1826 3142 2241 2231 2345 3193 1832 2844 2557 555 1983 1427 460 2910 2392 2338 2488 1572 1937 1097 1225 3340 2412 2862 599 1280 1450 946 1280 929 718 1990 1011 1745 1370 2224 2672 2941 1819 2834 2979 2540 2816 2670
2536 2901 1408 3127 3085 1616 1941 2401 1473 3368 3180 1474 3059 3475 3394 2459 1182 360 2055 637 2922 2009 1791 1895 1664 755 1190 2945 1035 2620 3014 3184 1458 2261 882 394 2050 1177 2693 2069 2619 1262 1795 2297 1973 1133 1658 2925 1770 2466 1786 989 2021 1131 2502 2499 2340 955 2074 825 2106 776 2625 2006 1386 2226 2543 2937 2939 2291 1564 3128 1992 2935 3137 1378 1930 1399 1204 3155 1719 2900 1941 1554 2638 1425 2040 3283 2239 3396 1422 1209 2046 1445 1996 1610 1020 1399 1695 2164 879 1498 2911 3390 2087 3351 2933 2455 2670 2406
1193 2773 1695 2377 2817 2899 1111 2176 2648 2891 1653 2256 1703 1851 2779 953 2406 2055 360 1780 1758 541 2231 1076 803 2090 1233 2375 1498 2312 1617 2120 974 1007 1841 2034 898 1950 1096 805 1107 1861 1057 2091 573 2589 2970 1440 3061 1657 1933 2478 560 1953 2833 2738 784 2388 428 2189 596 2053 2609 2399 1210 1169 2873 1284 3095 1319 1724 1613 1475 1720 2913 2520 1065 1382 2496 2178 1277 2700 887 1291 2889 1835 2901 1759 808 2992 2558 1491 2309 2050 2543 2976 2048 1144 3057 2002 1543 1461 1996 2786 1692 2916 1481 1084 1120 749
2267 2767 1230 2916 2935 1737 1680 2233 1551 3196 2907 1433 2794 3198 3204 2183 1253 637 1780 360 2669 1731 1698 1633 1386 805 923 2751 783 2450 2746 2942 1181 1990 763 622 1779 1084 2415 1794 2343 1134 1532 2126 1695 1293 1790 2652 1899 2232 1635 1155 1744 1043 2432 2411 2062 1091 1798 908 1828 796 2499 1921 1160 1964 2474 2660 2852 2037 1455 2855 1762 2678 2995 1438 1667 1160 1302 2921 1522 2754 1697 1308 2558 1279 2063 3010 1963 3234 1484 980 1938 1352 1943 1758 984 1159 1844 1992 602 1334 2679 3202 1879 3184 2662 2183 2394 2129
812 1914 1992 1126 1826 3162 1353 1540 2910 1719 1053 2423 683 1447 1534 1197 2807 2922 1758 2669 360 1623 2149 1404 1805 2736 2315 1284 2249 1504 752 725 1986 1141 2470 2918 1337 2344 1235 1383 1099 2214 1507 1540 1624 3092 3237 932 3286 907 1851 3043 1598 2379 2341 2207 1355 2945 1690 2793 1528 2690 1915 2170 2478 1080 2364 1382 2367 991 3063 1012 1339 440 1929 2810 1373 1887 2906 812 2656 1806 2285 1729 2308 2071 2818 1085 1311 1851 2827 2080 2026 2235 2362 3291 2533 2400 3347 1570 2451 2792 746 1547 1365 1769 865 1035 1144 1489
1072 2592 1549 2212 2637 2777 930 1995 2523 2717 1599 2114 1602 1841 2611 867 2293 2009 541 1731 1623 360 2069 897 708 2004 1213 2201 1409 2131 1523 1979 910 851 1745 1991 720 1824 1061 630 1032 1727 885 1910 403 2492 2849 1367 2937 1484 1765 2388 384 1831 2658 2561 712 2295 489 2099 469 1965 2428 2230 1260 997 2697 1290 2915 1147 1815 1554 1294 1591 2733 2395 884 1245 2385 2029 1393 2519 1037 1138 2711 1688 2748 1706 677 2816 2432 1373 2137 1905 2379 2861 1937 1187 2940 1822 1490 1546 1838 2617 1512 2741 1398 960 1062 758
2061 1494 948 1978 1702 1399 1562 1128 1170 2035 2708 734 2421 3099 2122 2211 1191 1791 2231 1698 2149 2069 360 1569 1832 1415 1867 1723 1433 1327 2433 2249 1780 1911 1297 1811 1812 979 2456 1900 2303 931 1549 1055 2028 1491 1472 2468 1506 1603 687 1512 2060 1023 1097 1073 2205 1436 2195 1394 2094 1383 1212 583 2205 1741 1140 2731 1514 1682 2709 2653 1272 2203 1738 1103 1597 1256 1271 2159 2583 1513 2512 1304 1219 826 1068 2784 2055 2034 1103 1262 625 708 674 1539 1135 2151 1583 966 1657 2509 1937 2113 1155 2003 2438 2079 2380 2366
1012 2069 1126 1811 2133 2393 416 1466 2132 2255 1679 1679 1523 2021 2181 1033 1947 1895 1076 1633 1404 897 1569 360 837 1764 1285 1744 1221 1617 1483 1708 970 757 1490 1888 603 1458 1287 690 1160 1339 463 1377 862 2194 2468 1419 2543 1060 1252 2115 881 1480 2123 2025 998 2017 1025 1839 895 1719 1895 1713 1500 691 2162 1564 2379 781 2102 1624 760 1407 2225 2011 396 898 2046 1714 1765 2003 1505 739 2174 1253 2268 1776 850 2341 2041 1083 1610 1465 1873 2496 1616 1422 2568 1285 1409 1836 1486 2185 979 2271 1417 955 1229 1156
1309 2513 1271 2284 2595 2456 891 1906 2206 2731 1904 1824 1849 2174 2658 1169 1963 1664 803 1386 1805 708 1832 837 360 1658 895 2220 1063 2074 1784 2139 569 1037 1402 1647 828 1508 1391 803 1333 1423 760 1808 670 2151 2526 1657 2618 1533 1556 2043 718 1510 2480 2398 1037 1952 797 1754 802 1619 2315 2016 1038 1098 2522 1633 2785 1226 1635 1855 1207 1791 2683 2077 849 952 2053 2162 1288 2455 1066 890 2553 1411 2480 2009 951 2814 2116 1048 1942 1622 2146 2533 1605 959 2613 1700 1144 1366 1945 2662 1420 2745 1678 1205 1377 1106
2416 2541 1127 2847 2735 1292 1800 2075 1109 3037 3082 1082 2913 3411 3083 2395 811 755 2090 805 2736 2004 1415 1764 1658 360 1305 2642 955 2294 2882 2962 1477 2156 634 782 1960 825 2643 2000 2544 936 1675 1975 1964 871 1347 2823 1455 2240 1456 748 2011 778 2113 2116 2301 665 2094 467 2087 406 2261 1625 1587 2082 2153 2905 2554 2119 1893 3028 1767 2760 2781 1002 1801 1228 857 2917 1960 2548 2096 1389 2251 1104 1651 3181 2179 3056 1047 1041 1676 1078 1604 1319 640 1575 1405 1846 957 1779 2672 3077 1821 3015 2822 2355 2604 2398
1841 2772 1285 2711 2897 2210 1340 2181 1988 3093 2438 1724 2381 2694 3054 1701 1705 1190 1233 923 2315 1213 1867 1285 895 1305 360 2602 813 2379 2318 2632 693 1565 1115 1166 1351 1354 1913 1337 1867 1327 1184 2074 1182 1816 2272 2193 2376 1972 1680 1688 1229 1334 2590 2536 1561 1610 1259 1411 1318 1278 2535 2082 699 1596 2632 2140 2960 1705 1243 2389 1556 2308 2974 1863 1310 1030 1777 2639 1084 2735 1150 1100 2691 1400 2399 2544 1486 3157 1907 964 2051 1566 2163 2256 1364 655 2341 1947 709 1011 2408 3055 1734 3095 2214 1740 1907 1601
1598 1020 1897 646 902 2745 1691 955 2531 875 1975 2086 1602 2361 815 1952 2537 2945 2375 2751 1284 2201 1723 1744 2220 2642 2602 360 2346 767 1677 1115 2328 1743 2426 2953 1843 2181 2082 1931 1919 2066 1824 1039 2182 2841 2814 1844 2830 1078 1553 2840 2179 2226 1586 1452 2067 2753 2310 2660 2143 2600 1115 1630 2867 1566 1596 2278 1489 1416 3466 1936 1406 1364 1005 2466 1735 1978 2625 975 3149 908 2868 1868 1507 1898 2236 1997 1960 979 2467 2136 1496 1966 1803 2890 2378 2790 2924 1160 2592 3206 898 815 1239 901 1781 1760 1984 2237
1867 2417 877 2501 2568 1792 1266 1854 1557 2806 2520 1270 2385 2832 2801 1814 1288 1035 1498 783 2249 1409 1433 1221 1063 955 813 2346 360 2067 2343 2519 888 1595 704 1029 1389 902 2057 1419 1968 878 1123 1746 1368 1451 1859 2262 1957 1808 1290 1340 1416 884 2167 2124 1711 1250 1499 1051 1493 916 2162 1654 1150 1551 2210 2315 2558 1617 1637 2467 1341 2260 2635 1429 1256 738 1370 2498 1537 2394 1567 884 2278 971 1946 2622 1595 2854 1472 572 1639 1118 1721 1854 933 1108 1937 1613 610 1437 2255 2800 1468 2799 2268 1792 2025 1804
1689 827 1580 1045 882 2340 1572 579 2130 1107 2186 1696 1826 2587 1158 1993 2152 2620 2312 2450 1504 2131 1327 1617 2074 2294 2379 767 2067 360 1881 1442 2144 1734 2097 2632 1775 1828 2171 1872 2002 1723 1675 684 2104 2454 2408 2009 2423 1098 1198 2463 2111 1875 1219 1083 2075 2379 2252 2301 2096 2253 771 1224 2674 1537 1236 2404 1235 1398 3261 2139 1227 1580 969 2070 1619 1721 2236 1318 2991 747 2762 1641 1168 1557 1832 2228 1946 1147 2069 1855 1091 1595 1396 2485 2021 2601 2518 818 2317 3012 1159 1150 1017 1094 1954 1807 2075 2253
720 2303 2181 1508 2219 3409 1443 1894 3151 2102 664 2668 463 1066 1906 1024 3014 3014 1617 2746 752 1523 2433 1483 1784 2882 2318 1677 2343 1881 360 1041 1986 1119 2608 3005 1333 2533 953 1341 873 2405 1580 1879 1537 3283 3485 580 3543 1212 2116 3218 1500 2562 2700 2568 1192 3119 1554 2951 1416 2836 2289 2482 2421 1160 2725 1027 2751 1143 2976 620 1552 672 2322 3041 1447 2013 3114 1164 2535 2196 2130 1852 2677 2280 3124 716 1210 2237 3064 2203 2342 2466 2672 3529 2710 2346 3592 1888 2513 2708 1139 1921 1637 2155 514 939 884 1277
1177 1776 2199 874 1639 3286 1653 1544 3044 1453 1300 2563 943 1653 1240 1562 2978 3184 2120 2942 725 1979 2249 1708 2139 2962 2632 1115 2519 1442 1041 360 2308 1491 2705 3183 1676 2540 1588 1731 1459 2412 1810 1577 1978 3273 3359 1252 3396 1082 1984 3240 1954 2579 2301 2165 1720 3144 2051 3008 1888 2916 1842 2226 2816 1401 2317 1706 2245 1287 3408 1273 1557 780 1737 2955 1681 2145 3075 504 3010 1664 2646 1994 2241 2256 2869 1296 1672 1592 2967 2334 2081 2394 2415 3422 2736 2737 3470 1644 2736 3137 672 1256 1520 1513 1183 1398 1500 1854
1508 2564 1197 2416 2666 2312 1026 1959 2069 2831 2112 1721 2048 2383 2775 1378 1811 1458 974 1181 1986 910 1780 970 569 1477 693 2328 888 2144 1986 2308 360 1231 1233 1441 1018 1381 1600 1006 1542 1313 874 1857 874 1979 2380 1864 2476 1668 1536 1865 922 1376 2466 2395 1246 1776 982 1576 1008 1440 2347 1980 898 1268 2508 1839 2800 1384 1499 2063 1288 1976 2749 1940 991 884 1897 2322 1213 2514 1094 882 2551 1332 2391 2218 1159 2905 1981 923 1922 1532 2091 2380 1453 822 2462 1738 939 1238 2096 2777 1487 2839 1883 1408 1586 1308
638 2201 1518 1729 2214 2783 735 1636 2522 2256 1287 2060 1176 1623 2134 660 2344 2261 1007 1990 1141 851 1911 757 1037 2156 1565 1743 1595 1734 1119 1491 1231 360 1882 2250 574 1855 906 602 765 1735 841 1570 846 2591 2859 1028 2931 1028 1584 2511 826 1877 2381 2268 701 2414 939 2233 771 2111 2078 2026 1700 559 2416 1182 2572 697 2282 1233 1011 1119 2314 2403 721 1293 2443 1537 1879 2117 1527 1137 2407 1640 2619 1387 577 2363 2432 1475 1907 1848 2200 2890 2014 1622 2960 1513 1755 2011 1348 2142 1197 2285 1033 558 838 880
2142 2385 889 2616 2564 1457 1526 1878 1232 2845 2808 1035 2640 3137 2873 2123 951 882 1841 763 2470 1745 1297 1490 1402 634 1115 2426 704 2097 2608 2705 1233 1882 360 895 1687 680 2372 1729 2271 743 1401 1774 1703 1108 1521 2549 1623 1983 1264 1004 1750 639 2028 2011 2032 910 1840 716 1824 589 2112 1519 1432 1808 2070 2636 2452 1849 1831 2754 1507 2491 2619 1108 1526 954 1029 2666 1817 2380 1897 1116 2156 902 1684 2906 1908 2874 1152 766 1542 950 1540 1512 611 1405 1596 1641 794 1673 2421 2869 1580 2828 2547 2080 2332 2135
2526 2918 1416 3132 3099 1650 1934 2413 1505 3379 3168 1499 3051 3459 3403 2445 1214 394 2034 622 2918 1991 1811 1888 1647 782 1166 2953 1029 2632 3005 3183 1441 2250 895 360 2039 1195 2677 2056 2605 1277 1788 2308 1955 1167 1692 2913 1804 2467 1800 1024 2004 1149 2525 2521 2324 988 2054 856 2089 801 2642 2028 1356 2219 2566 2920 2961 2287 1530 3116 1993 2930 3153 1409 1923 1397 1237 3156 1686 2915 1913 1551 2660 1438 2070 3272 2225 3409 1454 1209 2065 1464 2020 1644 1043 1370 1729 2175 863 1465 2912 3399 2093 3363 2923 2444 2656 2388
853 2238 1363 1865 2278 2628 611 1648 2368 2359 1491 1920 1391 1810 2258 801 2173 2050 898 1779 1337 720 1812 603 828 1960 1351 1843 1389 1775 1333 1676 1018 574 1687 2039 360 1686 1055 458 943 1571 657 1568 699 2410 2703 1234 2781 1127 1491 2324 698 1704 2344 2240 755 2226 837 2042 682 1916 2086 1949 1501 648 2382 1329 2576 794 2091 1438 962 1322 2375 2245 574 1109 2271 1709 1706 2163 1386 961 2387 1493 2512 1593 607 2457 2277 1282 1842 1707 2113 2728 1834 1423 2802 1490 1542 1820 1503 2264 1173 2382 1243 764 1006 914
2089 2085 712 2393 2274 1313 1481 1609 1058 2572 2762 732 2551 3118 2618 2127 848 1177 1950 1084 2344 1824 979 1458 1508 825 1354 2181 902 1828 2533 2540 1381 1855 680 1195 1686 360 2381 1748 2259 489 1389 1510 1781 1111 1386 2505 1472 1823 991 1060 1824 407 1708 1692 2065 964 1935 840 1885 785 1808 1200 1689 1744 1750 2655 2133 1752 2134 2707 1364 2376 2323 931 1494 945 947 2484 2077 2087 2097 1084 1836 647 1404 2855 1927 2591 968 821 1230 631 1221 1404 559 1650 1480 1382 1079 1959 2242 2612 1384 2550 2493 2051 2328 2192
726 2631 2054 1983 2602 3320 1275 2113 3060 2564 920 2603 1054 1142 2397 614 2869 2693 1096 2415 1235 1061 2456 1287 1391 2643 1913 2082 2057 2171 953 1588 1600 906 2372 2677 1055 2381 360 1002 529 2265 1352 2063 1091 3102 3396 741 3471 1433 2128 3013 1044 2400 2890 2771 714 2916 1044 2728 955 2600 2549 2563 1942 1079 2923 637 3038 1172 2454 884 1549 1169 2705 2938 1253 1804 2966 1688 1995 2536 1572 1657 2903 2180 3164 1025 823 2688 2969 1972 2439 2390 2741 3423 2528 1874 3495 2025 2174 2195 1584 2409 1717 2606 799 744 457 713
866 2336 1435 1943 2373 2696 705 1746 2436 2447 1473 1996 1406 1773 2341 755 2233 2069 805 1794 1383 630 1900 690 803 2000 1337 1931 1419 1872 1341 1731 1006 602 1729 2056 458 1748 1002 360 910 1637 726 1667 615 2461 2770 1221 2850 1213 1582 2370 607 1764 2442 2338 677 2274 742 2085 583 1958 2185 2042 1459 727 2480 1270 2675 876 2040 1422 1060 1360 2470 2312 665 1165 2330 1771 1641 2260 1305 1026 2485 1567 2597 1578 539 2547 2345 1329 1937 1783 2204 2792 1888 1381 2867 1589 1554 1769 1573 2347 1272 2471 1238 762 965 826
560 2463 1924 1830 2435 3189 1141 1944 2928 2406 931 2465 966 1226 2245 526 2748 2619 1107 2343 1099 1032 2303 1160 1333 2544 1867 1919 1968 2002 873 1459 1542 765 2271 2605 943 2259 529 910 360 2140 1236 1895 1053 2991 3265 695 3337 1264 1976 2907 1011 2280 2724 2604 685 2809 1046 2625 923 2500 2380 2405 1932 923 2756 789 2869 1007 2471 883 1393 1039 2539 2809 1124 1690 2846 1550 2024 2368 1616 1537 2735 2046 3012 1037 742 2528 2838 1866 2279 2253 2584 3296 2414 1859 3366 1859 2103 2206 1430 2257 1554 2447 733 584 437 766
1964 2002 584 2273 2182 1418 1359 1504 1160 2470 2637 768 2423 2996 2508 2011 971 1262 1861 1134 2214 1727 931 1339 1423 936 1327 2066 878 1723 2405 2412 1313 1735 743 1277 1571 489 2265 1637 2140 360 1274 1402 1684 1240 1493 2380 1574 1694 886 1190 1726 527 1668 1640 1954 1093 1842 961 1783 893 1729 1154 1666 1618 1711 2540 2080 1624 2144 2582 1234 2246 2236 1035 1375 842 1071 2357 2052 1997 2040 971 1789 528 1443 2729 1814 2495 1069 750 1164 600 1205 1517 684 1620 1590 1272 1088 1953 2114 2503 1257 2451 2367 1929 2209 2087
1105 2120 1069 1902 2195 2332 517 1513 2072 2332 1767 1630 1623 2101 2265 1098 1876 1795 1057 1532 1507 885 1549 463 760 1675 1184 1824 1123 1675 1580 1810 874 841 1401 1788 657 1389 1352 726 1236 1274 360 1419 846 2115 2407 1508 2485 1154 1241 2032 874 1407 2136 2043 1043 1934 1014 1752 904 1630 1933 1706 1409 793 2176 1626 2411 883 2011 1713 808 1510 2285 1949 495 814 1974 1815 1687 2058 1450 664 2195 1201 2239 1866 900 2414 1981 994 1612 1417 1858 2431 1538 1331 2504 1318 1306 1746 1585 2269 1025 2345 1509 1040 1301 1188
1601 1067 1256 1283 1184 2093 1339 467 1866 1431 2176 1409 1844 2580 1468 1855 1858 2297 2091 2126 1540 1910 1055 1377 1808 1975 2074 1039 1746 684 1879 1577 1857 1570 1774 2308 1568 1510 2063 1667 1895 1402 1419 360 1878 2161 2164 1967 2191 1030 879 2161 1893 1557 1193 1069 1909 2074 2036 1986 1890 1934 878 1009 2379 1371 1223 2317 1367 1253 2958 2125 977 1605 1259 1794 1386 1409 1946 1476 2709 1020 2509 1342 1200 1235 1654 2235 1769 1469 1797 1535 864 1287 1198 2234 1705 2308 2275 494 1997 2715 1267 1462 758 1418 1922 1681 1972 2087
1080 2563 1506 2199 2612 2734 898 1964 2480 2698 1623 2071 1614 1872 2595 887 2250 1973 573 1695 1624 403 2028 862 670 1964 1182 2182 1368 2104 1537 1978 874 846 1703 1955 699 1781 1091 615 1053 1684 846 1878 360 2450 2806 1387 2894 1466 1725 2347 408 1788 2621 2525 739 2254 528 2058 495 1924 2396 2191 1243 982 2660 1325 2882 1131 1807 1576 1262 1595 2707 2352 852 1202 2343 2023 1392 2491 1049 1096 2676 1646 2705 1729 688 2796 2389 1330 2098 1862 2339 2818 1894 1169 2897 1788 1453 1537 1829 2602 1480 2721 1416 969 1087 796
2835 2602 1464 3079 2823 857 2221 2247 802 3166 3508 1118 3303 3855 3252 2850 663 1133 2589 1293 3092 2492 1491 2194 2151 871 1816 2841 1451 2454 3283 3273 1979 2591 1108 1167 2410 1111 3102 2461 2991 1240 2115 2161 2450 360 890 3249 1002 2564 1665 503 2497 1081 2053 2095 2771 566 2588 766 2569 902 2320 1649 2091 2491 2087 3371 2505 2503 2337 3452 2113 3126 2848 780 2230 1660 581 3208 2455 2633 2607 1814 2204 1382 1414 3602 2641 3158 805 1492 1748 1246 1553 837 937 2083 921 2049 1468 2256 2969 3243 2113 3132 3240 2789 3056 2880
3069 2443 1701 3080 2680 436 2483 2226 696 3052 3738 1177 3487 4110 3178 3141 930 1658 2970 1790 3237 2849 1472 2468 2526 1347 2272 2814 1859 2408 3485 3359 2380 2859 1521 1692 2703 1386 3396 2770 3265 1493 2407 2164 2806 890 360 3486 472 2691 1746 1031 2850 1378 1811 1889 3087 1067 2958 1241 2912 1364 2177 1545 2571 2726 1835 3671 2242 2706 2859 3682 2292 3284 2684 817 2503 1971 855 3272 2947 2498 3058 2104 1961 1580 1064 3824 2947 3018 786 1839 1678 1380 1387 458 1287 2554 471 2078 1932 2763 3047 3166 2232 3007 3466 3050 3336 3218
657 2448 2158 1698 2382 3409 1388 1995 3149 2291 619 2673 683 990 2104 859 2992 2925 1440 2652 932 1367 2468 1419 1657 2823 2193 1844 2262 2009 580 1252 1864 1028 2549 2913 1234 2505 741 1221 695 2380 1508 1967 1387 3249 3486 360 3550 1298 2144 3174 1345 2530 2798 2670 1020 3076 1381 2899 1257 2778 2410 2539 2267 1122 2827 814 2884 1147 2804 565 1563 855 2486 3035 1383 1957 3091 1369 2355 2345 1940 1798 2788 2268 3170 719 1067 2423 3061 2142 2404 2465 2726 3524 2671 2194 3590 1959 2414 2540 1314 2118 1681 2341 428 830 684 1080
3134 2432 1777 3100 2672 525 2557 2248 774 3048 3801 1237 3542 4177 3182 3217 1031 1770 3061 1899 3286 2937 1506 2543 2618 1455 2376 2830 1957 2423 3543 3396 2476 2931 1623 1804 2781 1472 3471 2850 3337 1574 2485 2191 2894 1002 472 3550 360 2739 1795 1143 2937 1467 1786 1873 3168 1178 3048 1350 2997 1471 2172 1559 2678 2793 1808 3747 2208 2767 2971 3745 2352 3335 2671 901 2578 2055 961 3304 3054 2493 3160 2184 1935 1651 1028 3885 3026 3008 865 1929 1697 1446 1391 546 1385 2659 497 2111 2038 2873 3083 3169 2281 3000 3529 3120 3409 3301
952 1560 1478 1110 1551 2616 1005 1058 2365 1594 1507 1879 1186 1909 1492 1262 2273 2466 1657 2232 907 1484 1603 1060 1533 2240 1972 1078 1808 1098 1212 1082 1668 1028 1983 2467 1127 1823 1433 1213 1264 1694 1154 1030 1466 2564 2691 1298 2739 360 1304 2523 1461 1861 1860 1732 1360 2427 1591 2286 1424 2194 1482 1633 2201 847 1888 1670 1967 697 2803 1455 835 960 1652 2267 1044 1431 2372 1049 2455 1467 2154 1287 1852 1542 2279 1568 1245 1696 2283 1617 1492 1695 1825 2746 2017 2123 2801 1037 2035 2536 807 1498 819 1620 1251 1073 1337 1534
1735 1493 774 1777 1661 1671 1241 978 1423 1943 2386 938 2110 2775 1987 1885 1363 1786 1933 1635 1851 1765 687 1252 1556 1456 1680 1553 1290 1198 2116 1984 1536 1584 1264 1800 1491 991 2128 1582 1976 886 1241 879 1725 1665 1746 2144 1795 1304 360 1652 1754 1038 1289 1221 1882 1562 1893 1467 1782 1415 1232 825 2009 1413 1331 2403 1640 1357 2554 2331 945 1900 1720 1330 1277 1021 1457 1909 2372 1479 2254 1027 1377 721 1396 2465 1733 1969 1343 1089 746 779 981 1802 1186 1947 1856 752 1536 2331 1675 1981 846 1924 2115 1751 2052 2046
2762 2639 1410 3070 2854 995 2146 2251 905 3187 3433 1138 3242 3773 3261 2762 690 989 2478 1155 3043 2388 1512 2115 2043 748 1688 2840 1340 2463 3218 3240 1865 2511 1004 1024 2324 1060 3013 2370 2907 1190 2032 2161 2347 503 1031 3174 1143 2523 1652 360 2394 1024 2118 2150 2676 458 2480 649 2468 784 2356 1687 1955 2421 2154 3279 2570 2442 2194 3378 2063 3073 2885 854 2152 1578 644 3180 2315 2664 2477 1735 2267 1343 1515 3529 2550 3186 888 1401 1775 1234 1610 980 870 1949 1065 2042 1338 2114 2939 3253 2081 3156 3168 2710 2970 2779
1048 2572 1545 2188 2616 2778 913 1977 2523 2694 1579 2110 1578 1825 2587 845 2295 2021 560 1744 1598 384 2060 881 718 2011 1229 2179 1416 2111 1500 1954 922 826 1750 2004 698 1824 1044 607 1011 1726 874 1893 408 2497 2850 1345 2937 1461 1754 2394 360 1832 2644 2547 693 2301 503 2105 449 1972 2411 2220 1282 974 2683 1276 2898 1124 1839 1533 1277 1567 2712 2396 868 1243 2388 2004 1418 2499 1061 1133 2696 1684 2741 1685 653 2794 2432 1375 2125 1900 2370 2863 1940 1209 2941 1806 1502 1570 1813 2594 1494 2719 1376 936 1042 748
2115 2132 746 2437 2321 1306 1504 1656 1055 2619 2788 761 2582 3141 2665 2146 829 1131 1953 1043 2379 1831 1023 1480 1510 778 1334 2226 884 1875 2562 2579 1376 1877 639 1149 1704 407 2400 1764 2280 527 1407 1557 1788 1081 1378 2530 1467 1861 1038 1024 1832 360 1750 1736 2079 926 1940 795 1895 738 1855 1243 1666 1770 1792 2673 2177 1783 2101 2733 1399 2410 2370 927 1516 958 926 2525 2055 2134 2085 1103 1879 691 1428 2881 1943 2639 966 822 1276 676 1260 1391 517 1629 1469 1428 1049 1931 2282 2659 1425 2597 2520 2074 2348 2203
2434 1033 1664 1872 1274 1760 2098 1166 1632 1661 3001 1390 2657 3405 1832 2674 1789 2502 2833 2432 2341 2658 1097 2123 2480 2113 2590 1586 2167 1219 2700 2301 2466 2381 2028 2525 2344 1708 2890 2442 2724 1668 2136 1193 2621 2053 1811 2798 1786 1860 1289 2118 2644 1750 360 495 2712 2063 2787 2072 2658 2087 831 874 2925 2185 402 3149 812 2078 3444 2951 1743 2412 1256 1633 2141 1947 1840 2175 3296 1116 3182 1955 512 1556 1120 3054 2566 1601 1609 1986 903 1439 873 1904 1842 2867 1909 1228 2394 3237 2015 1817 1544 1605 2751 2507 2801 2887
2310 923 1613 1739 1165 1834 1997 1035 1687 1549 2870 1399 2524 3274 1711 2558 1820 2499 2738 2411 2207 2561 1073 2025 2398 2116 2536 1452 2124 1083 2568 2165 2395 2268 2011 2521 2240 1692 2771 2338 2604 1640 2043 1069 2525 2095 1889 2670 1873 1732 1221 2150 2547 1736 495 360 2602 2089 2690 2083 2557 2087 700 853 2868 2070 517 3027 801 1959 3400 2820 1638 2279 1157 1675 2041 1882 1878 2039 3234 997 3103 1878 515 1515 1215 2922 2457 1498 1656 1935 846 1421 902 1981 1840 2808 1991 1114 2358 3186 1880 1696 1433 1496 2622 2388 2681 2778
783 2543 1752 2027 2551 3013 1002 1977 2754 2574 1247 2313 1279 1496 2439 528 2548 2340 784 2062 1355 712 2205 998 1037 2301 1561 2067 1711 2075 1192 1720 1246 701 2032 2324 755 2065 714 677 685 1954 1043 1909 739 2771 3087 1020 3168 1360 1882 2676 693 2079 2712 2602 360 2580 722 2389 604 2259 2419 2337 1608 901 2748 964 2913 1037 2145 1203 1331 1310 2651 2630 969 1480 2644 1791 1702 2457 1303 1343 2744 1884 2907 1354 509 2686 2663 1638 2224 2099 2504 3109 2200 1536 3184 1847 1820 1880 1632 2448 1529 2607 1058 685 709 538
2664 2567 1312 2980 2779 1022 2047 2166 892 3107 3335 1064 3143 3675 3177 2666 636 955 2388 1091 2945 2295 1436 2017 1952 665 1610 2753 1250 2379 3119 3144 1776 2414 910 988 2226 964 2916 2274 2809 1093 1934 2074 2254 566 1067 3076 1178 2427 1562 458 2301 926 2063 2089 2580 360 2389 560 2374 697 2284 1618 1886 2322 2100 3183 2514 2344 2152 3280 1966 2975 2813 820 2054 1480 620 3086 2253 2589 2401 1637 2210 1248 1491 3431 2454 3110 859 1304 1700 1146 1552 1027 772 1877 1113 1954 1261 2060 2844 3170 1986 3078 3070 2612 2873 2686
1126 2714 1669 2309 2755 2887 1057 2120 2634 2825 1598 2233 1639 1808 2712 889 2398 2074 428 1798 1690 489 2195 1025 797 2094 1259 2310 1499 2252 1554 2051 982 939 1840 2054 837 1935 1044 742 1046 1842 1014 2036 528 2588 2958 1381 3048 1591 1893 2480 503 1940 2787 2690 722 2389 360 2191 528 2056 2555 2359 1258 1103 2826 1245 3042 1253 1784 1557 1421 1652 2852 2506 1012 1361 2489 2109 1341 2640 955 1261 2840 1809 2871 1704 739 2927 2544 1479 2266 2025 2507 2967 2040 1190 3047 1950 1558 1519 1928 2719 1638 2851 1420 1017 1063 705
2489 2527 1168 2873 2728 1188 1872 2083 1015 3040 3158 1043 2978 3492 3094 2479 719 825 2189 908 2793 2099 1394 1839 1754 467 1411 2660 1051 2301 2951 3008 1576 2233 716 856 2042 840 2728 2085 2625 961 1752 1986 2058 766 1241 2899 1350 2286 1467 649 2105 795 2072 2083 2389 560 2191 360 2180 496 2245 1596 1694 2151 2111 2993 2517 2181 1991 3104 1817 2819 2770 914 1876 1301 755 2957 2066 2539 2202 1461 2213 1127 1575 3255 2265 3052 958 1119 1658 1070 1560 1212 641 1682 1298 1860 1064 1882 2713 3088 1858 3015 2895 2432 2687 2491
971 2560 1595 2140 2594 2838 919 1970 2582 2658 1490 2161 1496 1737 2543 758 2360 2106 596 1828 1528 469 2094 895 802 2087 1318 2143 1493 2096 1416 1888 1008 771 1824 2089 682 1885 955 583 923 1783 904 1890 495 2569 2912 1257 2997 1424 1782 2468 449 1895 2658 2557 604 2374 528 2180 360 2047 2408 2246 1369 937 2696 1191 2898 1087 1920 1444 1280 1494 2692 2456 876 1301 2454 1943 1491 2483 1119 1182 2704 1733 2782 1596 577 2761 2491 1442 2146 1949 2402 2927 2007 1296 3004 1809 1586 1652 1759 2551 1494 2685 1290 860 953 671
2371 2506 1082 2804 2698 1307 1755 2034 1114 2998 3038 1058 2867 3367 3041 2352 816 776 2053 796 2690 1965 1383 1719 1619 406 1278 2600 916 2253 2836 2916 1440 2111 589 801 1916 785 2600 1958 2500 893 1630 1934 1924 902 1364 2778 1471 2194 1415 784 1972 738 2087 2087 2259 697 2056 496 2047 360 2226 1595 1567 2036 2127 2863 2526 2073 1890 2983 1721 2714 2745 1002 1756 1183 870 2871 1943 2511 2069 1344 2224 1061 1642 3136 2137 3017 1048 996 1642 1042 1580 1340 607 1553 1426 1804 932 1768 2627 3036 1777 2976 2776 2310 2561 2358
2074 642 1646 1401 866 2116 1858 802 1941 1235 2594 1580 2236 2996 1380 2355 2028 2625 2609 2499 1915 2428 1212 1895 2315 2261 2535 1115 2162 771 2289 1842 2347 2078 2112 2642 2086 1808 2549 2185 2380 1729 1933 878 2396 2320 2177 2410 2172 1482 1232 2356 2411 1855 831 700 2419 2284 2555 2245 2408 2226 360 1031 2854 1879 841 2792 853 1751 3416 2546 1494 1990 889 1908 1904 1865 2099 1712 3199 681 3019 1825 759 1579 1532 2638 2282 1205 1896 1958 947 1544 1153 2264 1981 2787 2283 975 2408 3184 1568 1366 1276 1189 2357 2175 2455 2598
2143 1313 1158 1902 1535 1478 1698 1053 1280 1887 2768 916 2460 3166 1997 2327 1358 2006 2399 1921 2170 2230 583 1713 2016 1625 2082 1630 1654 1224 2482 2226 1980 2026 1519 2028 1949 1200 2563 2042 2405 1154 1706 1009 2191 1649 1545 2539 1559 1633 825 1687 2220 1243 874 853 2337 1618 2359 1596 2246 1595 1031 360 2420 1844 917 2834 1294 1766 2931 2715 1375 2230 1560 1238 1737 1455 1427 2123 2795 1346 2707 1486 996 1044 1008 2837 2187 1872 1229 1478 505 929 552 1624 1347 2364 1654 959 1880 2727 1916 1986 1218 1849 2503 2181 2482 2504
1959 3083 1622 2951 3195 2512 1556 2483 2302 3369 2494 2060 2496 2700 3313 1767 2011 1386 1210 1160 2478 1260 2205 1500 1038 1587 699 2867 1150 2674 2421 2816 898 1700 1432 1356 1501 1689 1942 1459 1932 1666 1409 2379 1243 2091 2571 2267 2678 2201 2009 1955 1282 1666 2925 2868 1608 1886 1258 1694 1369 1567 2854 2420 360 1776 2968 2131 3288 1904 961 2451 1825 2459 3276 2179 1518 1351 2076 2840 748 3039 925 1396 3024 1739 2734 2600 1571 3441 2224 1302 2385 1905 2503 2547 1683 438 2633 2255 1001 699 2621 3316 2019 3376 2299 1849 1956 1599
705 2004 1396 1577 2023 2649 645 1436 2389 2082 1378 1916 1194 1744 1973 849 2230 2226 1169 1964 1080 997 1741 691 1098 2082 1596 1566 1551 1537 1160 1401 1268 559 1808 2219 648 1744 1079 727 923 1618 793 1371 982 2491 2726 1122 2793 847 1413 2421 974 1770 2185 2070 901 2322 1103 2151 937 2036 1879 1844 1776 360 2220 1351 2372 510 2371 1323 830 1078 2122 2273 657 1213 2330 1425 1994 1921 1672 1052 2209 1507 2449 1471 769 2184 2300 1404 1720 1707 2022 2762 1914 1697 2829 1317 1739 2101 1215 1980 1002 2107 1109 698 1000 1079
2465 1027 1707 1882 1267 1786 2136 1192 1663 1653 3027 1430 2681 3431 1830 2708 1826 2543 2873 2474 2364 2697 1140 2162 2522 2153 2632 1596 2210 1236 2725 2317 2508 2416 2070 2566 2382 1750 2923 2480 2756 1711 2176 1223 2660 2087 1835 2827 1808 1888 1331 2154 2683 1792 402 517 2748 2100 2826 2111 2696 2127 841 917 2968 2220 360 3181 778 2111 3487 2977 1780 2436 1244 1667 2180 1989 1875 2189 3339 1114 3223 1997 486 1599 1141 3079 2603 1589 1643 2028 946 1482 911 1930 1883 2910 1932 1262 2437 3280 2034 1814 1579 1596 2779 2540 2834 2923
959 2858 2330 2148 2810 3596 1552 2362 3336 2739 856 2880 1129 930 2557 890 3142 2937 1284 2660 1382 1290 2731 1564 1633 2905 2140 2278 2315 2404 1027 1706 1839 1182 2636 2920 1329 2655 637 1270 789 2540 1626 2317 1325 3371 3671 814 3747 1670 2403 3279 1276 2673 3149 3027 964 3183 1245 2993 1191 2863 2792 2834 2131 1351 3181 360 3278 1435 2603 846 1822 1307 2914 3214 1529 2075 3239 1823 2132 2758 1699 1930 3155 2456 3439 941 1090 2869 3245 2239 2708 2667 3013 3698 2799 2068 3771 2287 2418 2355 1758 2570 1983 2787 882 1013 712 899
2560 830 2043 1756 1019 2196 2344 1295 2081 1383 3056 1834 2691 3454 1596 2847 2241 2939 3095 2852 2367 2915 1514 2379 2785 2554 2960 1489 2558 1235 2751 2245 2800 2572 2452 2961 2576 2133 3038 2675 2869 2080 2411 1367 2882 2505 2242 2884 2208 1967 1640 2570 2898 2177 812 801 2913 2514 3042 2517 2898 2526 853 1294 3288 2372 778 3278 360 2244 3831 3010 1980 2445 956 2085 2390 2298 2292 2105 3647 941 3491 2278 664 1951 1540 3093 2775 1287 2061 2364 1280 1862 1323 2338 2279 3225 2336 1454 2795 3611 2000 1578 1764 1316 2829 2666 2944 3091
739 1865 1399 1431 1877 2630 727 1310 2371 1931 1394 1890 1159 1778 1824 963 2231 2291 1319 2037 991 1147 1682 781 1226 2119 1705 1416 1617 1398 1143 1287 1384 697 1849 2287 794 1752 1172 876 1007 1624 883 1253 1131 2503 2706 1147 2767 697 1357 2442 1124 1783 2078 1959 1037 2344 1253 2181 1087 2073 1751 1766 1904 510 2111 1435 2244 360 2502 1338 776 1004 1977 2260 754 1260 2331 1298 2135 1780 1820 1100 2093 1497 2387 1478 913 2034 2283 1452 1636 1686 1949 2748 1932 1825 2812 1212 1820 2233 1078 1831 909 1957 1122 789 1084 1215
2527 3656 2148 3552 3780 2813 2158 3064 2643 3965 3014 2503 3057 3171 3914 2312 2345 1564 1724 1455 3063 1815 2709 2102 1635 1893 1243 3466 1637 3261 2976 3408 1499 2282 1831 1530 2091 2134 2454 2040 2471 2144 2011 2958 1807 2337 2859 2804 2971 2803 2554 2194 1839 2101 3444 3400 2145 2152 1784 1991 1920 1890 3416 2931 961 2371 3487 2603 3831 2502 360 2976 2422 3040 3858 2533 2119 1913 2386 3437 835 3618 1267 1980 3554 2248 3153 3119 2133 4035 2579 1826 2914 2382 2988 2814 2072 1039 2899 2830 1417 631 3220 3916 2611 3971 2844 2416 2484 2101
858 2563 2359 1759 2478 3606 1592 2145 3346 2352 415 2868 697 814 2150 1049 3193 3128 1613 2855 1012 1554 2653 1624 1855 3028 2389 1936 2467 2139 620 1273 2063 1233 2754 3116 1438 2707 884 1422 883 2582 1713 2125 1576 3452 3682 565 3745 1455 2331 3378 1533 2733 2951 2820 1203 3280 1557 3104 1444 2983 2546 2715 2451 1323 2977 846 3010 1338 2976 360 1754 932 2581 3233 1587 2162 3293 1405 2518 2456 2096 2003 2932 2467 3351 515 1263 2488 3258 2347 2577 2662 2904 3722 2875 2379 3788 2127 2616 2715 1397 2165 1861 2407 576 1035 854 1237
1151 1672 1013 1527 1748 2216 723 1067 1958 1903 1810 1475 1559 2193 1858 1311 1832 1992 1475 1762 1339 1294 1272 760 1207 1767 1556 1406 1341 1227 1552 1557 1288 1011 1507 1993 962 1364 1549 1060 1393 1234 808 977 1262 2113 2292 1563 2352 835 945 2063 1277 1399 1743 1638 1331 1966 1421 1817 1280 1721 1494 1375 1825 830 1780 1822 1980 776 2422 1754 360 1373 1836 1849 769 962 1932 1523 2127 1609 1898 830 1784 1095 1980 1893 1184 1977 1872 1144 1256 1274 1552 2337 1554 1750 2399 889 1575 2165 1279 1859 578 1911 1538 1168 1470 1504
767 1993 2024 1203 1906 3208 1358 1609 2955 1797 973 2468 606 1369 1609 1148 2844 2935 1720 2678 440 1591 2203 1407 1791 2760 2308 1364 2260 1580 672 780 1976 1119 2491 2930 1322 2376 1169 1360 1039 2246 1510 1605 1595 3126 3284 855 3335 960 1900 3073 1567 2410 2412 2279 1310 2975 1652 2819 1494 2714 1990 2230 2459 1078 2436 1307 2445 1004 3040 932 1373 360 2009 2852 1375 1904 2944 880 2625 1885 2246 1744 2382 2107 2877 1008 1277 1930 2871 2097 2087 2277 2422 3335 2563 2381 3393 1631 2456 2769 826 1623 1413 1848 788 995 1080 1437
