140 1581 2368 2113 1703 2517 1158 1994 1469 1016 674 760 865 1584 2553 1044 2061 2823 2494 2093 2378 1103 2622 1754 960 2401 748 723 1325 1301 2205 2195 1056 743 1018 690 806 2231 741 963 2028 1626 1897 1849 2924 1925 2524 1069 2445 2474 2185 2727 2154 2443 1083 1709 2012 1560 1635 2565 1973 882 1211 875 1244 2061 818 2053 1637 2034 2178 1911 551 2248 1854 2631 1923 2583 2392 1882 1926 2830 1630 1064 2769 2376 2456 807 2071 2294 570 1081 2327 2220 1864 2173 1781 1129 2834 2355 2624 1224 511 634 1539 283 2047 432 2547 2022 2108 886 1138 1246 1219 952 1515 2444 2175 2298 1836 1032 1147 2595 653 2348 2236 3013 2369 708 2363 2085 2053 339 2878 1318 3171 2199 2186 1064 2359 988 1453 735 1440 1184 953 1422 1624 1677 1556 670 1894 2449 2198 480 2497 1606 969 652 756 1861 2088 2067 1252 345 1739 2502 2214 2920 2765 875 1911 601 839 1394 894 2092 2415 1972 1477 2162 1346 2412 1815 486 2491 1845 1637 398 1102 1889 1542 1326 658 1759 618 569 2286 1362 1542 2088 1225 1274 1635 1016 2704 916 2289 803 2867 1480 1146 1061 893 797 2584 2194 1352 1134 2589 1746 1310 2099 2310 957 482 2802 1854 2465 1756 2218 1007 2342 1384 504 2422 1550 2425 2235 1982 1956 2289 2175 1095 2441 1424 867 1987 1197 2098 2108 321 873 2475 1821 446 2523 1925 2156 1830 2668 759 1824 985 509 1954 356 2364 1645 1463 1467 1059 804 747 1530 3134 1725 1903 1623 2663 1494 1176 2016 278 815 2569 832 1806 2249 1410 1797 2104 1725 1819 312 1521 459 2219 804 768 867 1731
1681 360 2380 2316 1268 2718 862 2349 2053 2395 1685 2300 1119 2388 2800 2333 1010 2126 2123 1732 1711 2426 2640 2753 2312 1965 1905 1550 1330 1245 1017 1065 1776 2157 1890 1283 1943 2193 1836 1683 2963 2075 1596 1549 2780 1003 1846 2413 1306 2966 1102 2137 3131 1562 2299 877 2366 980 2745 1999 2775 2024 2122 1496 1334 891 2062 2458 2179 2009 969 2451 1666 3117 2582 2489 837 1778 1527 663 2410 2778 2388 1399 2514 1745 1316 2327 2877 2379 1890 2340 1200 1103 1749 1660 711 1510 2448 1146 2286 2173 1573 1491 1345 1824 2386 1961 2844 1902 2755 1637 837 695 732 1417 1095 1507 1360 2535 1104 2260 2040 2655 1588 2466 2991 2438 1282 2245 1579 1651 3025 1707 2380 1143 2714 1404 1953 1207 3316 1412 1402 2262 2292 798 2208 1542 1898 459 2790 2119 2337 2977 3227 1747 2255 1222 1047 2189 2184 1683 2970 2037 2195 1663 593 2599 1029 2690 2417 2070 3007 1588 1165 750 2171 873 2329 2173 2614 965 2481 1784 2207 1991 2158 1418 1448 1805 1018 2406 2368 617 1376 617 1975 2024 2827 711 2717 1039 2564 2646 1184 2428 2458 2141 3181 2099 2666 2428 1161 1180 1999 1580 1858 978 1388 2503 2493 863 2622 3046 1238 2385 1495 2283 1633 1665 669 2560 2149 1353 1280 1736 1242 2098 1361 1060 775 3086 3297 1150 926 1786 2461 2051 769 2591 1552 3091 1627 1406 2236 2961 1862 2138 2254 1033 1307 2598 1255 1559 1909 1727 2938 1619 1639 721 1921 840 997 2082 1233 2551 2664 1905 1016 892 1845 1123 766 2739 1748 2326 1632 2266 1174 1102 584 2754 3115 659 1367 1634 2699 1983 1749 1217 2294 2280 762
2468 2380 360 686 1473 757 2550 899 1348 3312 2060 2862 2516 1536 855 3366 2064 1544 951 1072 1424 3414 630 1866 3271 1059 2086 2010 1547 1622 2821 2223 1691 3049 1779 2235 3114 547 3026 3117 1843 1165 1151 1194 926 1897 1444 2329 2312 1227 3035 1338 1989 1780 3411 2892 892 2943 2038 1265 1577 3197 1728 1867 1602 2774 2153 952 1230 741 2718 1153 2178 1817 1428 675 2818 1666 1748 2433 1075 823 1470 2998 880 1367 2318 2678 1616 476 2895 2178 3063 2202 996 1241 2721 1620 1077 2831 921 1763 2226 2726 1424 2567 865 2559 933 838 1345 1842 2178 2321 2252 1818 1654 1880 1682 708 1701 2128 1733 635 2823 524 1590 1437 2163 2722 1613 1174 1929 2390 1255 2960 1381 1648 836 1835 2060 2954 1420 2908 1612 2483 3282 1359 1105 2379 2261 2439 1030 1278 2122 2776 752 1519 2104 2810 2418 1057 1766 709 1750 2385 2247 589 2838 968 991 2092 2119 2779 2141 2027 3222 2607 510 777 2043 2406 2015 1361 1012 2772 891 1338 1308 2379 1971 1124 1568 2306 2165 2239 2946 2433 1220 2089 2134 3006 2364 2457 1555 2456 831 3244 1884 2217 904 1738 2861 1860 1999 2932 1531 2513 1492 3424 606 1929 2336 1900 2118 3228 2315 1252 1107 1642 2164 861 3329 1964 1547 2791 2432 1277 2124 2351 2394 2212 2127 2017 2559 1402 1868 2080 2456 2480 1320 1978 2519 2861 746 2172 2775 975 901 2941 1460 663 2148 1181 1827 2232 1908 2564 1519 2736 1288 1910 2044 2194 2523 1855 1370 1003 1859 1853 1706 1632 2361 1451 2459 2648 1903 3116 1603 2277 2482 1803 2032 2149 1388 2516 2134 2554 1161 2127 2935 3160 2783
2213 2316 686 360 1443 785 2414 576 1044 3037 1799 2570 2340 1210 851 3100 2105 1792 1201 1164 1585 3143 884 1546 3001 1265 1801 1768 1399 1483 2824 2277 1420 2780 1492 2030 2871 697 2789 2907 1543 864 1164 1190 1234 1920 1639 2011 2403 1062 3014 1593 1698 1922 3152 2813 572 2837 1714 1492 1274 2952 1416 1637 1437 2758 1854 649 912 727 2726 834 1922 1544 1112 1001 2778 1850 1882 2416 754 1102 1144 2817 1204 1533 2411 2376 1326 574 2643 1861 3061 2263 956 1358 2666 1404 1389 2856 1212 1449 1982 2511 1331 2305 551 2283 887 864 1066 1589 2046 2205 2133 1603 1581 2012 1773 580 1710 1814 1429 847 2602 600 1326 1734 2255 2428 1753 1263 1630 2134 1551 2818 1703 1747 971 1663 1790 2767 1291 2621 1289 2353 3023 1188 864 2331 1935 2144 705 1096 1830 2533 1036 1462 1939 2525 2117 1035 1475 718 1434 2134 2217 750 2841 1293 1302 1791 1806 2555 1955 1940 2963 2611 814 513 1717 2439 1690 1537 693 2503 1149 1346 1231 2112 1823 802 1242 2203 1947 2213 2688 2146 992 1995 1808 2973 2042 2134 1510 2141 1153 2989 1614 1917 1228 1412 2704 1690 1703 2720 1730 2542 1339 3146 931 1913 2012 1606 2202 2948 2082 1534 1092 1802 2142 635 3080 2068 1420 2550 2507 968 2229 2402 2397 1900 1845 2084 2413 1581 1542 1780 2456 2158 1410 1682 2277 2666 1023 1853 2519 1230 578 2925 1468 971 1948 1165 1538 1969 1600 2325 1668 2660 1011 1836 1893 1895 2331 1529 1690 797 1880 1812 1902 1552 2234 1155 2201 2346 2058 2840 1606 2336 2386 1485 1735 2121 1389 2273 1808 2275 1298 1933 2647 2886 2716
1803 1268 1473 1443 360 1824 1510 1520 1396 2672 1519 2366 1566 1763 1910 2672 1059 1482 1267 848 1035 2746 1732 2172 2607 1130 1681 1395 776 769 1741 1240 1342 2400 1487 1412 2335 1286 2231 2222 2316 1338 689 641 1885 862 1182 2146 1421 2128 1934 1406 2491 1152 2682 1783 1534 1851 2236 1245 2082 2424 1639 1248 854 1676 1824 1633 1463 1110 1644 1681 1588 2420 1879 1589 1707 1251 1099 1334 1621 1873 1737 2029 1636 1035 1431 2279 2173 1479 2173 2022 1978 1236 852 850 1607 1056 1612 1780 1425 1696 1565 1876 581 1932 1547 2002 1962 995 1992 1335 1156 1258 1198 1147 582 1189 893 1655 651 1942 1577 1748 1986 1567 2252 1705 1285 2257 1038 791 2393 1753 1597 1913 1920 900 1051 999 2647 2003 704 2372 1717 1435 2562 853 1124 1265 2363 2022 1542 2150 2608 2028 1366 456 1174 2277 2050 780 2294 1135 1706 1726 1138 1695 1758 1811 1565 1795 2453 1956 1271 939 2509 1529 1422 1313 2146 1373 2040 1073 1413 2148 1290 529 598 1802 1017 1632 1760 1224 1407 1132 2246 1963 2015 1005 2257 1898 2261 2359 451 2221 1576 2508 2489 1885 1780 1878 1847 1004 1694 2056 1241 1472 784 2790 1588 830 2286 2397 1223 2619 1585 1509 727 1138 1060 1705 2563 1153 697 2032 1491 1406 1294 1354 1315 2544 2658 1081 1536 1099 1959 1775 1373 2335 760 2458 1798 1935 1345 2442 2083 1289 1427 1843 489 1692 1325 652 1530 1661 2322 1824 1025 1626 1241 812 1086 1860 1617 2019 1875 1083 821 739 1331 584 1316 2012 1821 2262 1296 2494 550 1303 1388 2148 2495 1041 486 1799 2246 2011 918 1286 2404 2526 1670
2617 2718 757 785 1824 360 2837 886 1417 3419 2202 2934 2765 1479 458 3492 2448 1912 1332 1461 1821 3529 671 1721 3389 1452 2182 2181 1821 1904 3194 2611 1820 3169 1875 2453 3279 925 3201 3328 1629 1250 1517 1553 1023 2274 1836 2324 2707 878 3397 1704 1750 2177 3549 3222 869 3254 1918 1649 1383 3358 1760 2055 1862 3138 2216 856 1260 1074 3092 1057 2326 1550 1290 939 3171 2059 2145 2796 1002 847 1410 3242 1143 1763 2714 2726 1393 709 3047 2178 3434 2591 1332 1636 3065 1828 1376 3211 1268 1782 2393 2931 1739 2703 834 2669 543 1198 1122 1999 2468 2624 2552 2026 1983 2277 2076 579 2071 2142 1789 600 3020 619 1320 1754 2558 2790 2010 1564 1711 2537 1577 3242 1621 2042 1229 2088 1782 3191 1709 2992 1591 2775 3420 1612 1287 2726 2157 2508 1004 939 1880 2942 1119 1856 2364 2899 2472 1404 1537 1051 1763 2540 2603 548 3210 1148 1298 2149 1937 2972 2380 2349 3360 2980 889 938 1960 2788 1964 1756 1062 2894 1269 1704 1631 2508 2246 1052 1519 2618 2368 2597 3087 2521 936 2407 2033 3363 2328 2412 1899 2460 1119 3389 1611 2275 1083 1680 3129 2116 2070 3140 1921 2894 1761 3526 864 2290 2283 1670 2511 3327 2497 1594 1459 2038 2523 689 3484 2360 1838 2960 2824 1336 2520 2738 2765 2024 1867 2407 2837 1797 1810 2142 2826 2450 1711 1749 2688 3090 1120 2010 2920 1352 951 3306 1828 822 2372 1534 1918 2369 1713 2737 1916 3067 1415 2240 2317 2255 2755 1770 1625 1222 2235 2202 2096 1957 2655 1252 2602 2694 2300 3223 1970 2666 2799 1649 1806 2506 1752 2683 2038 2659 1558 2358 3016 3270 3120
1258 862 2550 2414 1510 2837 360 2393 1988 1901 1406 1859 653 2271 2905 1833 1487 2530 2417 1998 2090 1927 2820 2583 1817 2275 1618 1295 1375 1293 1418 1564 1622 1675 1699 951 1442 2371 1336 1185 2824 2063 1825 1773 3021 1431 2234 2097 1808 2990 1387 2507 2982 2006 1797 927 2411 833 2533 2356 2678 1522 1945 1308 1338 1271 1763 2490 2141 2169 1405 2434 1346 3008 2503 2719 1125 2206 1965 1155 2410 2988 2287 917 2784 2113 1818 1924 2783 2523 1407 2054 1529 1600 1920 1979 984 1432 2761 1577 2576 1987 1235 1002 1490 1398 2438 1549 2933 2089 2714 1441 731 620 672 1269 1292 1967 1773 2632 1459 1981 1861 2821 1092 2602 2920 2812 1776 1826 1992 1939 2875 1320 2728 769 3057 1812 2187 1125 3179 918 1492 1809 2150 438 1708 1586 1933 961 2531 1750 2347 2989 3060 1271 2510 1432 856 1747 1826 1873 2851 2201 2013 1275 1081 2750 1426 2958 2716 1789 2809 1099 906 943 1673 1334 2532 2261 2386 1466 2248 2153 2226 1537 2441 1680 1610 1427 951 2394 2241 681 1069 1106 1491 1649 2828 877 2478 1291 2255 2325 1419 2084 2723 1641 3065 1786 2924 2261 701 1096 1741 1078 2263 1469 1435 2008 2707 1256 2326 2906 1728 1899 1124 2635 1834 2087 1138 2621 1647 1823 1364 1256 1744 2051 1851 1563 1275 2876 3140 1625 427 2164 2263 1772 1260 2259 1876 2938 1197 904 2489 2744 1395 2438 2301 1358 1596 2808 972 1769 1703 1390 2780 1176 2034 847 1888 1072 883 1773 773 2363 3010 1977 1431 1208 2279 1302 554 2670 1344 1929 2095 1783 1493 1603 645 2599 2952 1116 1632 1206 2459 1575 2058 953 1840 1793 933
2094 2349 899 576 1520 886 2393 360 890 2893 1680 2410 2289 1001 918 2965 2206 1993 1407 1318 1755 3002 1067 1330 2862 1458 1655 1668 1395 1481 2894 2384 1299 2642 1349 1960 2759 905 2683 2823 1334 728 1280 1296 1431 2015 1822 1821 2528 976 3068 1797 1493 2078 3023 2829 378 2835 1499 1688 1065 2836 1240 1551 1417 2818 1691 473 735 884 2801 619 1805 1352 897 1214 2821 2026 2035 2478 538 1286 934 2758 1419 1706 2537 2206 1124 785 2524 1673 3127 2373 1062 1515 2701 1341 1606 2940 1427 1266 1876 2426 1373 2179 413 2142 920 1015 878 1483 2034 2203 2130 1535 1625 2163 1908 672 1802 1631 1265 1018 2511 787 1144 1948 2382 2267 1911 1411 1421 2015 1766 2789 1919 1885 1152 1629 1597 2703 1307 2467 1091 2338 2894 1177 821 2375 1722 1984 493 992 1625 2423 1250 1521 1904 2373 1950 1143 1271 886 1249 2019 2274 919 2911 1501 1519 1626 1590 2462 1902 1963 2834 2685 1031 592 1506 2532 1485 1714 540 2368 1358 1449 1290 1982 1804 585 1035 2211 1867 2272 2563 1995 856 2014 1595 3020 1842 1932 1574 1954 1369 2864 1423 1752 1436 1204 2664 1658 1544 2635 1913 2631 1334 2999 1142 1985 1808 1400 2326 2800 1986 1746 1199 1969 2204 592 2961 2204 1432 2441 2623 809 2364 2505 2472 1685 1645 2200 2385 1759 1335 1617 2527 1961 1553 1475 2170 2597 1237 1636 2397 1438 455 2982 1566 1172 1883 1265 1391 1846 1387 2220 1831 2680 902 1872 1870 1731 2268 1317 1907 806 1974 1871 2082 1592 2223 951 2079 2175 2219 2697 1697 2445 2395 1269 1527 2181 1487 2165 1596 2132 1465 1874 2491 2743 2742
1569 2053 1348 1044 1396 1417 1988 890 360 2363 1159 1887 1837 727 1446 2435 2083 2216 1696 1436 1871 2472 1568 1136 2331 1683 1125 1164 1096 1175 2664 2265 782 2112 818 1487 2236 1267 2163 2322 1291 542 1303 1289 1912 1886 1978 1349 2456 1392 2794 2048 1465 2125 2494 2482 907 2452 1221 1906 1083 2311 742 1070 1078 2564 1170 943 529 1124 2584 820 1283 1425 889 1652 2529 2142 2075 2243 821 1786 706 2286 1834 1835 2467 1693 1184 1250 1998 1199 2879 2265 1122 1612 2396 919 1975 2742 1770 784 1363 1927 1187 1651 943 1612 1437 1194 1086 977 1659 1839 1767 1082 1406 2186 1897 1200 1683 1143 746 1529 2005 1283 1302 2265 2322 1744 1974 1496 1364 1491 2093 2362 2311 1890 1379 1235 1636 2225 1076 1940 700 1944 2365 914 696 2100 1388 1461 785 1380 1576 1902 1605 1353 1491 1845 1433 1180 1284 1149 776 1498 2035 1430 2679 1951 1891 1107 1419 1954 1458 1666 2305 2468 1441 930 1160 2369 1087 1857 717 1837 1665 1406 1165 1453 1428 789 725 1866 1382 2039 2035 1466 1216 1701 1268 2731 1404 1501 1412 1471 1775 2336 1491 1233 1889 861 2221 1265 1020 2135 2065 2456 1045 2470 1592 1799 1392 1374 2259 2271 1481 2048 1218 2056 1983 1109 2434 2180 1165 1921 2520 441 2327 2371 2267 1512 1633 2117 1967 1900 966 1096 2313 1512 1604 1430 1653 2114 1586 1416 1870 1729 833 2720 1492 1648 1421 1251 861 1320 1288 1704 1918 2344 515 1608 1480 1211 1797 1003 2288 809 1845 1661 2213 1368 1840 1050 1553 1662 2273 2167 1586 2329 2047 1112 1463 1954 1424 1647 1261 1602 1599 1421 1965 2213 2416
1116 2395 3312 3037 2672 3419 1901 2893 2363 360 1617 891 1638 2381 3443 519 2959 3795 3469 3070 3347 481 3556 2418 447 3378 1598 1692 2302 2275 2939 3070 1981 633 1906 1628 843 3186 936 1204 2691 2536 2874 2825 3875 2846 3494 1611 3321 3297 2845 3703 2772 3389 631 2347 2910 2148 2241 3540 2715 790 2035 1848 2220 2791 1575 2934 2520 2994 2939 2765 1505 2922 2645 3588 2621 3542 3339 2694 2796 3770 2440 1499 3734 3347 3332 1139 2799 3230 875 1713 3002 3101 2836 3147 2496 2099 3807 3106 3597 2026 1487 1263 2515 1118 2945 1113 3425 2991 2903 1838 2025 2079 2077 1928 2475 3380 3124 3204 2782 1710 1994 3524 1168 3276 2972 3990 3265 1027 3320 3060 2688 1302 3855 1848 4145 3151 3158 2034 2968 1442 2430 807 2242 1957 602 2394 2567 2494 2069 1288 2779 3261 2776 1024 3466 2575 1896 889 1346 2836 2773 3026 2050 1320 2592 3427 2944 3880 3737 1643 2478 1166 1777 2301 606 2874 3371 2904 2097 3000 2000 3384 2719 904 3464 2819 2614 1295 2045 2752 2337 2162 1625 2615 793 1260 3106 2257 2115 2742 1714 1700 2600 1483 3670 663 2947 1523 3826 2225 1710 2028 1712 1209 3551 3009 2329 478 3542 2662 1804 2745 3209 471 1447 3779 2830 3423 2628 3104 742 3265 2359 1029 3274 2443 3329 3089 2810 2489 2872 3084 1834 3411 2127 1648 2800 1616 3070 2729 1234 1389 3444 2367 948 3499 2835 2844 2797 3615 1710 2801 1861 1444 2596 1211 3328 2339 2388 2394 1990 1540 1530 2221 4109 2676 2830 2553 3622 2458 1999 2790 1231 1173 3507 556 2762 3118 2186 2479 2707 2599 2790 1232 2095 1121 3195 1752 793 512 2416
774 1685 2060 1799 1519 2202 1406 1680 1159 1617 360 1221 1166 1316 2239 1666 2016 2610 2227 1846 2180 1715 2311 1561 1572 2150 579 501 1108 1113 2343 2175 741 1350 722 815 1438 1929 1364 1536 1820 1312 1654 1611 2620 1849 2320 1087 2416 2177 2388 2493 1966 2303 1713 1968 1699 1873 1490 2332 1721 1515 949 631 1027 2211 736 1742 1327 1737 2292 1608 484 2024 1580 2331 2113 2411 2250 1960 1618 2520 1353 1547 2478 2168 2427 1119 1824 1983 1205 1017 2510 2193 1589 1952 1967 858 2559 2468 2347 978 577 1149 1324 867 1733 874 2235 1738 1826 581 1209 1373 1319 733 1372 2323 2035 1983 1713 941 872 2283 1216 2035 1981 2767 2316 1102 2198 1853 1860 695 2621 1702 2899 2050 1910 927 2168 1478 1218 1243 1177 1395 1583 1152 1314 1768 1486 864 1583 2156 2032 1103 2211 1428 998 1145 902 1598 1864 1769 1006 699 1779 2189 2355 2623 2486 748 1769 1164 887 1385 1524 2189 2114 1659 1341 2194 1203 2202 1501 1074 2218 1638 1402 682 1059 1583 1278 1437 696 1794 1248 804 1992 1380 1432 2302 1238 1321 1470 1116 2414 1549 2074 777 2569 1253 1539 940 695 1352 2389 2249 1118 1731 2286 1689 1298 1898 2252 1539 708 2551 1599 2298 1768 1906 1641 2248 1182 1122 2423 1239 2356 2242 2035 1833 2117 2108 1361 2235 1231 730 2057 1269 1891 1921 855 1361 2190 1699 1079 2258 1610 2337 1649 2362 803 1581 701 532 1762 907 2182 1864 1148 1413 1056 758 1087 1336 2865 1420 1819 1547 2490 1342 1332 1747 761 1103 2440 1422 1659 2236 1579 1588 1928 1736 1621 849 1413 876 1986 834 1274 1464 1948
860 2300 2862 2570 2366 2934 1859 2410 1887 891 1221 360 1565 1866 2951 1017 2775 3470 3083 2707 3035 1012 3094 1887 898 3011 1137 1333 1963 1957 2915 2913 1542 746 1442 1406 1082 2751 1105 1415 2160 2066 2516 2472 3428 2632 3177 1079 3163 2780 2877 3355 2243 3132 1115 2389 2426 2220 1711 3194 2188 1097 1535 1485 1881 2769 1078 2442 2035 2570 2893 2263 1138 2391 2126 3152 2623 3257 3080 2602 2300 3310 1928 1634 3313 3026 3174 608 2270 2772 899 1184 3024 2938 2444 2812 2483 1720 3410 3068 3198 1520 1168 1253 2180 837 2462 726 2926 2586 2383 1436 1859 1965 1940 1582 2196 3140 2863 2722 2528 1186 1505 3056 1208 2810 2443 3628 3083 504 3039 2715 2158 988 3479 1947 3751 2883 2763 1738 2440 1561 2079 455 1730 1892 1013 2012 2127 2397 1546 786 2290 2742 2250 981 3054 2272 1683 471 827 2457 2242 2601 1542 1024 2459 2958 2923 3449 3334 1144 1952 1173 1552 2109 966 2809 2935 2446 1566 2883 1469 3061 2243 687 3071 2494 2263 924 1806 2254 1822 2046 1355 2480 844 792 2590 2081 1586 2777 1188 1183 2308 954 3250 1029 2416 1019 3391 1702 1782 1741 1227 1321 3244 2914 1978 976 3099 2456 1279 2214 3023 782 1190 3411 2461 3141 2476 2612 1146 3047 2033 1004 3142 1965 3136 2955 2703 1968 2347 2886 1793 3093 1600 1152 2707 1097 2748 2200 1032 1466 3033 1843 843 3115 2360 2855 2495 3165 1467 2443 1394 1066 2065 1044 3032 2341 1933 2175 1770 1039 1446 1691 3719 2242 2608 2328 3337 2171 1894 2266 929 643 3263 723 2488 2968 2122 1948 2179 2444 2474 1025 1566 714 2848 1512 458 771 2425
965 1119 2516 2340 1566 2765 653 2289 1837 1638 1166 1565 360 2084 2825 1585 1694 2652 2464 2040 2202 1675 2786 2365 1556 2335 1367 1076 1330 1261 1709 1795 1439 1398 1493 721 1202 2345 1093 1018 2618 1938 1853 1799 3022 1603 2350 1825 2044 2863 1679 2604 2768 2170 1563 1208 2308 1079 2296 2446 2494 1288 1737 1129 1273 1563 1503 2377 2000 2140 1692 2295 1088 2813 2331 2718 1419 2352 2125 1421 2282 2969 2108 842 2807 2216 2055 1632 2599 2474 1131 1794 1823 1827 1908 2055 1278 1307 2812 1865 2616 1773 973 735 1491 1105 2338 1256 2843 2080 2558 1246 788 802 809 1119 1345 2145 1919 2553 1585 1725 1654 2778 838 2547 2745 2907 1995 1532 2132 1997 2662 1035 2804 898 3126 1953 2202 1041 2969 802 1462 1518 1954 689 1462 1520 1841 1218 2275 1465 2227 2855 2838 989 2529 1476 774 1454 1543 1873 2653 2173 1801 991 1314 2699 1718 2976 2758 1535 2575 832 747 1066 1421 1614 2518 2187 2146 1722 2007 2256 2114 1246 2479 1734 1611 1143 921 2259 2050 885 840 1337 1216 1363 2692 1010 2232 1583 1985 2050 1479 1804 2744 1397 2867 1519 2936 2050 745 1016 1500 866 2390 1737 1384 1748 2696 1420 2060 2697 1942 1626 851 2715 1844 2232 1354 2521 1420 2015 1344 977 1995 1907 2064 1810 1534 2637 2922 1825 590 2274 2037 1520 1527 1981 1958 2724 904 728 2507 2504 1108 2488 2201 1652 1672 2791 776 1788 1488 1122 2565 882 2160 1140 1759 1181 847 1508 479 2141 3082 1904 1594 1336 2429 1343 721 2500 1054 1638 2274 1507 1595 1841 921 2388 2733 1327 1693 913 2212 1283 2125 777 1549 1521 1225
1684 2388 1536 1210 1763 1479 2271 1001 727 2381 1316 1866 2084 360 1475 2477 2450 2533 1981 1771 2214 2498 1704 771 2365 1992 1197 1371 1451 1527 3014 2631 1008 2156 957 1723 2341 1506 2285 2488 935 827 1655 1645 2072 2252 2313 1209 2824 1275 3131 2353 1106 2483 2551 2793 1012 2743 884 2221 770 2407 732 1323 1424 2908 1171 987 706 1408 2936 782 1432 1097 630 1851 2862 2487 2433 2594 842 1921 428 2499 2052 2175 2834 1638 874 1424 2094 1067 3223 2632 1460 1955 2725 1239 2223 3098 2031 723 1534 2105 1554 1744 1044 1665 1438 1503 887 1198 1968 2150 2081 1365 1768 2548 2260 1290 2050 1044 804 1650 2167 1428 1025 2544 2689 1722 2328 1840 1002 1615 2365 2621 2548 2251 1680 1549 1287 2432 1441 1937 504 2237 2426 1280 1037 2443 1089 1453 868 1240 1212 2025 1857 1720 1783 1851 1399 1525 944 1426 696 1635 2386 1551 3029 2142 2137 1103 1055 2114 1727 2007 2367 2821 1657 1151 867 2731 847 2193 898 1896 1941 1769 1531 1549 1745 791 404 2187 1607 2393 2114 1491 1085 2038 962 3063 1209 1295 1779 1348 1999 2409 1157 1218 2077 563 2468 1579 1055 2306 2401 2817 1404 2478 1781 2161 1169 1018 2626 2279 1664 2332 1568 2406 2338 1149 2517 2545 1524 2048 2887 726 2694 2736 2624 1149 1274 2484 2242 2237 694 1102 2668 1331 1956 1069 1797 2316 1841 1063 1964 2013 998 3060 1857 1814 1672 1608 974 1445 922 1851 2267 2661 882 1960 1788 1203 2025 682 2532 1133 2212 2021 2555 1730 2141 792 1665 1605 2631 2190 1953 2695 2363 745 1099 2309 1788 1789 961 1647 1934 1683 1956 2239 2737
2653 2800 855 851 1910 458 2905 918 1446 3443 2239 2951 2825 1475 360 3520 2541 2008 1430 1557 1920 3554 755 1690 3415 1551 2207 2225 1890 1974 3283 2705 1858 3196 1904 2507 3317 1021 3241 3377 1580 1287 1607 1642 1088 2366 1935 2324 2803 796 3484 1800 1693 2276 3580 3300 900 3328 1891 1747 1343 3395 1775 2103 1928 3226 2233 869 1283 1162 3182 1055 2363 1487 1269 1031 3255 2158 2244 2883 1010 908 1407 3300 1230 1862 2810 2737 1344 802 3082 2180 3523 2686 1418 1733 3148 1882 1465 3303 1363 1793 2434 2980 1817 2736 865 2696 449 1288 1079 2040 2538 2696 2625 2080 2064 2375 2172 633 2162 2149 1809 685 3066 713 1258 1844 2655 2806 2109 1660 1660 2574 1669 3309 1700 2139 1326 2152 1714 3247 1782 3012 1594 2844 3451 1679 1344 2810 2133 2526 1024 860 1820 2981 1217 1939 2428 2919 2485 1491 1485 1140 1772 2578 2689 645 3300 1223 1389 2166 1894 3018 2439 2427 3391 3069 987 1003 1943 2881 1955 1855 1098 2923 1368 1794 1711 2539 2314 1058 1517 2694 2418 2683 3120 2543 878 2484 2010 3448 2320 2401 1983 2462 1210 3422 1545 2291 1160 1672 3192 2179 2091 3189 2020 2987 1830 3548 957 2378 2271 1616 2608 3348 2542 1688 1547 2137 2610 698 3519 2457 1911 3000 2920 1364 2618 2832 2855 1978 1803 2502 2903 1896 1801 2160 2916 2443 1807 1694 2728 3144 1218 1972 2955 1450 994 3393 1918 907 2427 1622 1945 2404 1668 2778 2015 3146 1458 2321 2383 2271 2811 1754 1706 1287 2326 2286 2194 2037 2726 1213 2637 2704 2398 3248 2060 2760 2875 1617 1751 2592 1841 2723 2017 2684 1655 2415 3035 3295 3200
1144 2333 3366 3100 2672 3492 1833 2965 2435 519 1666 1017 1585 2477 3520 360 2917 3795 3494 3087 3344 458 3616 2537 479 3396 1672 1727 2317 2284 2853 3021 2040 684 1976 1620 752 3233 857 1088 2812 2603 2891 2841 3925 2815 3493 1734 3269 3392 2745 3712 2900 3367 471 2249 2983 2045 2367 3550 2824 680 2122 1879 2237 2706 1667 3013 2596 3037 2859 2850 1548 3043 2744 3634 2531 3530 3319 2629 2877 3826 2534 1392 3773 3348 3280 1266 2911 3288 859 1827 2905 3053 2867 3154 2411 2133 3836 3022 3626 2118 1514 1210 2527 1158 3018 1184 3505 3026 3003 1885 1990 2028 2032 1953 2469 3353 3106 3274 2764 1817 2075 3586 1107 3338 3083 4003 3221 1145 3307 3072 2813 1338 3874 1743 4171 3135 3189 2039 3098 1342 2449 927 2336 1894 485 2425 2621 2432 2203 1388 2856 3358 2908 1005 3501 2576 1879 995 1453 2862 2892 3070 2143 1349 2538 3491 2858 3923 3768 1735 2610 1114 1766 2269 526 2800 3418 2963 2219 2938 2116 3386 2789 958 3492 2825 2630 1348 2031 2835 2433 2110 1633 2562 790 1347 3202 2222 2243 2642 1845 1838 2597 1612 3709 553 3070 1619 3871 2330 1615 2030 1796 1122 3546 2942 2349 560 3591 2630 1937 2869 3167 622 1457 3795 2852 3410 2580 3182 597 3232 2369 1003 3215 2516 3288 3032 2748 2625 3004 3046 1767 3411 2238 1737 2734 1753 3073 2856 1241 1304 3479 2501 960 3523 2903 2750 2795 3668 1707 2818 1934 1493 2720 1209 3320 2252 2449 2369 1972 1634 1485 2334 4133 2725 2801 2529 3609 2454 1946 2893 1268 1299 3481 656 2751 3065 2119 2596 2836 2553 2793 1241 2223 1197 3207 1747 919 607 2327
2161 1010 2064 2105 1059 2448 1487 2206 2083 2959 2016 2775 1694 2450 2541 2917 360 1520 1657 1353 1158 3005 2293 2854 2881 1491 2217 1876 1382 1326 1138 541 1954 2703 2094 1731 2536 1884 2428 2311 3011 2036 1301 1275 2346 557 1268 2718 759 2804 1386 1570 3185 928 2897 1446 2220 1602 2900 1455 2780 2622 2283 1764 1435 1128 2373 2320 2161 1746 1030 2379 2043 3119 2577 2085 1240 1156 902 837 2318 2385 2428 2040 2055 1206 771 2749 2872 2099 2444 2613 1380 544 1511 1208 1207 1654 1938 1127 1815 2339 1980 2067 1256 2302 2229 2413 2603 1614 2690 1886 1295 1255 1245 1662 1055 861 791 2305 768 2531 2212 2325 2172 2188 2950 1856 668 2694 985 1252 3086 2149 1830 1793 2158 837 1591 1450 3345 2046 1369 2756 2391 1413 2795 1529 1823 931 3003 2509 2238 2831 3300 2295 1834 1090 1452 2671 2557 1431 2992 1764 2354 2111 776 2294 1154 2227 1927 2360 3131 2162 1583 1027 2752 931 1973 1989 2796 702 2679 1240 2109 2498 1706 1120 1298 2229 1334 2330 2443 1176 1784 752 2527 2429 2703 1063 2906 1387 2852 2946 1031 2768 2009 2731 3188 2425 2218 2548 1806 1436 2268 2189 1259 810 1418 3073 2109 687 2891 3092 610 2933 1944 1733 1373 1054 709 2376 2753 703 1301 2290 797 2100 730 658 740 3220 3353 500 1544 1228 2616 2340 805 2908 1112 3152 2123 2025 1819 3112 2390 1663 2117 1287 1000 2215 1668 1303 2129 2114 3012 2129 1066 1309 1930 966 1365 2403 1792 2687 2106 1779 598 831 1215 1093 1337 2712 2206 2740 983 2809 872 605 1230 2835 3187 731 1079 2128 2893 2431 1299 1624 2789 2830 1307
2923 2126 1544 1792 1482 1912 2530 1993 2216 3795 2610 3470 2652 2533 2008 3795 1520 360 955 1151 811 3869 1631 2925 3730 901 2741 2497 1867 1882 2243 1581 2354 3522 2491 2534 3451 1455 3346 3310 2966 2069 1325 1364 1475 1483 663 3148 1513 2410 2513 567 3127 960 3802 2601 1995 2743 3057 671 2698 3541 2566 2344 1949 2269 2866 2082 2186 1490 2137 2246 2692 2977 2518 1350 2397 729 978 1997 2166 1598 2479 3083 1194 807 1514 3359 2757 1645 3296 3007 2471 1542 1459 1018 2366 2116 973 2172 1006 2618 2681 2986 1650 3051 1981 3111 2095 1389 2498 2405 2225 2271 2231 2249 1687 1053 1127 1890 1433 2936 2530 1694 3096 1709 2756 717 1400 3352 907 1121 3052 2870 777 2895 1048 1084 1214 2121 3222 3069 1752 3483 2552 2452 3683 1838 1880 2067 3243 3100 2097 2462 3258 3150 1155 1579 2285 3386 3114 1416 2904 1478 2618 2844 1904 1723 2258 1312 1019 2824 3201 3070 2390 1957 3631 2060 1396 1775 3014 1796 2942 770 2013 3268 1013 1338 1568 2910 2129 2205 2549 2211 2529 1884 3369 3052 2400 2019 3120 2530 3235 3335 1557 3246 1186 3628 3046 2931 1339 2708 2871 2127 2720 3155 629 1894 1852 3913 1417 1641 3237 3033 1394 3740 2708 707 1395 826 1819 2034 3679 1216 1801 3154 1664 2181 1320 1691 1895 3297 3277 1393 2573 744 2821 2806 1958 3330 1085 3108 2920 3018 1158 3229 3206 929 1944 2414 1359 1491 2448 1396 2540 2764 3013 2947 856 2459 2081 1834 2194 2906 2718 2846 996 1768 1473 1685 690 1701 2346 2584 2939 3338 976 3615 1417 1602 2324 2875 3159 1827 1364 2922 3115 3118 994 2408 3515 3648 2464
2594 2123 951 1201 1267 1332 2417 1407 1696 3469 2227 3083 2464 1981 1430 3494 1657 955 360 783 896 3557 1077 2359 3414 525 2319 2137 1540 1586 2435 1787 1914 3196 2037 2262 3187 863 3088 3112 2382 1532 974 1026 1049 1531 874 2669 1822 1819 2679 752 2539 1250 3519 2637 1408 2733 2505 677 2113 3275 2068 1981 1618 2418 2423 1491 1638 935 2327 1664 2328 2384 1940 816 2501 1098 1230 2094 1583 1109 1923 2933 759 838 1827 2939 2167 1049 2999 2522 2677 1758 999 825 2430 1731 708 2411 523 2115 2342 2748 1343 2710 1391 2742 1514 869 1906 2008 2063 2162 2105 1901 1488 1357 1231 1295 1381 2457 2046 1132 2854 1116 2162 928 1679 2954 1097 839 2468 2526 761 2817 1037 1188 684 1832 2629 2904 1407 3111 2019 2341 3393 1436 1370 2094 2705 2684 1518 1870 2671 2862 575 1350 2058 3012 2684 992 2316 915 2111 2509 1941 1145 2451 933 658 2372 2630 2819 2135 1840 3337 2227 805 1200 2478 1992 2420 818 1448 2927 422 1097 1230 2545 1903 1625 2003 2123 2226 1926 3063 2653 1804 1906 2579 2669 2738 2836 1358 2780 712 3345 2453 2489 920 2168 2754 1847 2270 2939 954 2100 1505 3586 865 1624 2729 2446 1645 3400 2398 712 1002 1098 1852 1438 3413 1472 1499 2871 1957 1648 1624 1914 2026 2725 2686 1574 2443 852 2288 2356 2091 2842 932 2522 2614 2830 572 2666 2893 392 1366 2580 1187 959 2171 1043 2088 2394 2434 2650 998 2482 1579 1711 1977 2464 2503 2301 1000 1251 1502 1601 1127 1484 2222 1996 2597 2915 1354 3279 1310 1831 2276 2305 2574 1846 1144 2613 2576 2743 734 2138 3141 3318 2511
2193 1732 1072 1164 848 1461 1998 1318 1436 3070 1846 2707 2040 1771 1557 3087 1353 1151 783 360 806 3153 1302 2176 3012 668 1961 1745 1130 1169 2117 1511 1567 2796 1701 1845 2772 896 2671 2689 2255 1304 556 607 1407 1192 902 2357 1609 1862 2341 1010 2424 1120 3108 2250 1326 2331 2290 852 1993 2860 1776 1589 1210 2079 2080 1425 1427 799 2012 1546 1939 2304 1799 1119 2140 1080 1079 1743 1470 1413 1725 2510 1148 763 1617 2581 2068 1116 2590 2216 2360 1490 674 556 2056 1347 1132 2120 938 1829 1943 2328 924 2314 1325 2356 1625 664 1835 1632 1641 1746 1686 1502 1067 1208 977 1340 1008 2144 1739 1332 2435 1204 2103 1282 1460 2584 952 463 2339 2129 1146 2401 1452 946 598 1415 2547 2481 999 2728 1776 1923 2984 1057 1101 1715 2464 2323 1393 1899 2552 2451 883 928 1635 2630 2332 625 2207 805 1830 2109 1570 1301 2134 1324 1079 2035 2458 2401 1715 1426 2928 1904 982 1086 2237 1695 2158 782 1286 2531 802 680 816 2157 1480 1500 1783 1711 1815 1558 2657 2282 1794 1492 2344 2320 2444 2544 939 2456 1090 2934 2376 2145 1296 1935 2333 1429 1932 2517 990 1803 1100 3187 1130 1248 2448 2328 1411 3006 1990 1069 608 1012 1483 1438 2999 1267 1082 2458 1723 1409 1429 1639 1693 2554 2583 1306 2023 825 2043 2018 1757 2538 611 2399 2206 2407 863 2474 2488 808 1246 2245 785 1236 1755 629 1751 2008 2287 2240 873 2093 1295 1298 1553 2120 2080 2076 1411 997 1157 1201 1145 1061 1804 1895 2200 2559 1260 2883 921 1565 1870 2134 2445 1472 730 2206 2338 2361 523 1720 2759 2920 2129
2478 1711 1424 1585 1035 1821 2090 1755 1871 3347 2180 3035 2202 2214 1920 3344 1158 811 896 806 360 3419 1599 2620 3281 740 2323 2061 1432 1440 1928 1267 1950 3075 2091 2084 2999 1277 2894 2860 2700 1747 932 959 1578 1074 508 2755 1286 2268 2183 786 2869 718 3351 2206 1762 2331 2730 657 2438 3089 2193 1910 1514 1927 2456 1859 1871 1231 1820 1990 2256 2746 2245 1351 2032 634 694 1623 1913 1645 2169 2638 1280 418 1290 2935 2511 1496 2846 2619 2168 1235 1113 618 1981 1694 1142 1890 1039 2248 2239 2534 1215 2607 1757 2673 1997 1102 2274 1981 1775 1830 1786 1813 1236 823 728 1737 990 2544 2148 1647 2644 1578 2540 1087 1144 2921 560 734 2785 2427 1035 2464 1368 682 976 1674 2989 2623 1325 3044 2211 2011 3232 1429 1539 1663 2896 2676 1836 2311 2997 2699 1101 1131 1833 2948 2696 1051 2652 1231 2251 2401 1501 1643 1944 1445 1137 2418 2903 2618 1939 1511 3180 1727 1297 1524 2669 1478 2584 442 1732 2823 954 902 1147 2472 1677 1944 2224 1773 2082 1482 2920 2623 2217 1575 2778 2185 2853 2953 1107 2844 1242 3177 2817 2519 1444 2372 2431 1679 2315 2704 569 1585 1423 3465 1393 1213 2864 2774 1113 3295 2260 938 1014 578 1413 1854 3227 937 1361 2703 1423 1849 1087 1392 1538 2998 3028 1057 2129 434 2475 2399 1603 2940 650 2845 2472 2569 1092 2917 2758 893 1687 2084 909 1492 1998 995 2139 2328 2733 2498 462 2057 1724 1386 1742 2494 2267 2514 1317 1440 1056 1241 701 1250 1902 2338 2496 2916 839 3169 967 1306 1897 2579 2891 1415 921 2474 2770 2681 650 1958 3076 3201 2072
1203 2426 3414 3143 2746 3529 1927 3002 2472 481 1715 1012 1675 2498 3554 458 3005 3869 3557 3153 3419 360 3661 2539 503 3462 1707 1784 2384 2353 2950 3111 2084 724 2014 1696 848 3284 951 1187 2812 2643 2957 2908 3975 2899 3567 1732 3360 3413 2844 3782 2894 3449 549 2347 3019 2144 2363 3619 2835 777 2149 1938 2303 2802 1690 3046 2631 3091 2956 2879 1601 3044 2762 3686 2628 3608 3400 2723 2908 3873 2556 1491 3829 3421 3371 1260 2920 3334 934 1833 3003 3143 2927 3225 2507 2191 3897 3119 3687 2141 1574 1300 2595 1211 3055 1220 3537 3084 3021 1936 2075 2118 2120 2015 2545 3437 3186 3312 2844 1829 2106 3629 1198 3381 3092 4072 3309 1147 3386 3141 2810 1394 3939 1842 4234 3215 3249 2110 3090 1440 2514 928 2358 1987 582 2485 2668 2525 2190 1405 2890 3378 2897 1082 3559 2649 1958 1007 1464 2924 2895 3123 2166 1408 2629 3533 2955 3977 3828 1758 2600 1203 1843 2354 614 2895 3469 3008 2218 3031 2120 3459 2828 1001 3554 2896 2697 1394 2109 2865 2454 2200 1702 2652 859 1373 3223 2307 2237 2740 1835 1821 2672 1605 3765 649 3068 1639 3924 2344 1713 2102 1825 1219 3622 3036 2413 466 3641 2715 1926 2866 3255 593 1525 3862 2916 3488 2669 3215 692 3317 2438 1083 3307 2552 3376 3123 2841 2611 2993 3133 1861 3484 2247 1762 2828 1737 3145 2851 1309 1400 3537 2489 1025 3586 2942 2848 2870 3716 1781 2884 1970 1542 2718 1281 3397 2349 2492 2451 2052 1655 1573 2341 4197 2775 2885 2611 3687 2529 2037 2908 1323 1295 3565 667 2829 3156 2212 2600 2829 2642 2866 1308 2217 1229 3276 1821 914 619 2424
2722 2640 630 884 1732 671 2820 1067 1568 3556 2311 3094 2786 1704 755 3616 2293 1631 1077 1302 1599 3661 360 1990 3518 1219 2323 2268 1817 1893 3060 2445 1936 3297 2014 2502 3373 811 3287 3384 1923 1388 1405 1450 732 2135 1591 2528 2513 1189 3281 1425 2052 1958 3664 3154 1055 3209 2178 1391 1668 3455 1939 2128 1872 3019 2379 1081 1432 1011 2955 1292 2431 1857 1551 641 3071 1816 1932 2680 1223 579 1636 3268 834 1541 2519 2900 1687 687 3151 2379 3303 2421 1263 1452 2978 1883 1070 3060 985 1969 2483 2992 1693 2818 1021 2803 845 1100 1413 2095 2448 2589 2521 2082 1919 2062 1893 781 1945 2335 1954 431 3088 645 1626 1449 2366 2952 1797 1401 2006 2643 1276 3230 1309 1855 1064 2105 2091 3223 1691 3144 1799 2752 3534 1628 1358 2635 2411 2669 1200 1250 2182 3035 862 1783 2374 3048 2642 1320 1835 979 1953 2640 2499 516 3076 839 996 2315 2222 3043 2410 2292 3475 2846 680 1012 2203 2635 2191 1527 1216 3019 1015 1589 1575 2627 2241 1275 1741 2573 2430 2490 3199 2669 1242 2355 2285 3256 2550 2639 1816 2660 817 3498 1919 2442 774 1908 3132 2130 2227 3199 1671 2743 1762 3667 575 2179 2514 1968 2325 3470 2576 1301 1368 1810 2415 940 3586 2162 1817 3050 2640 1492 2320 2573 2635 2311 2173 2235 2829 1564 2039 2305 2698 2669 1541 2047 2778 3129 869 2288 3028 1092 1099 3186 1709 511 2416 1441 2061 2482 2001 2824 1699 2998 1528 2174 2314 2419 2791 2013 1313 1263 2099 2110 1843 1899 2631 1537 2711 2870 2069 3360 1851 2495 2747 1922 2104 2401 1640 2774 2288 2796 1364 2395 3170 3405 3042
1854 2753 1866 1546 2172 1721 2583 1330 1136 2418 1561 1887 2365 771 1690 2537 2854 2925 2359 2176 2620 2539 1990 360 2419 2383 1385 1651 1844 1914 3391 3034 1339 2230 1244 2006 2473 1868 2436 2678 637 1234 2066 2056 2362 2657 2715 1168 3231 1368 3493 2739 764 2894 2625 3126 1335 3056 570 2614 719 2527 999 1641 1808 3279 1297 1278 1108 1795 3318 1073 1658 866 800 2177 3220 2894 2844 2975 1152 2197 811 2738 2386 2580 3242 1640 769 1750 2227 1072 3592 3036 1867 2363 3079 1608 2576 3483 2393 955 1770 2320 1960 1893 1360 1779 1630 1899 979 1503 2311 2492 2425 1703 2166 2959 2672 1570 2457 1095 1083 1928 2363 1735 936 2913 3098 1753 2738 2248 660 1804 2732 2903 2888 2663 2070 1905 968 2666 1844 1972 826 2558 2509 1685 1447 2814 814 1525 1205 1313 838 2188 2217 2125 2113 1902 1450 1934 715 1809 929 1833 2769 1834 3406 2455 2489 1240 643 2310 2038 2381 2453 3204 2001 1519 683 3127 783 2597 1272 2001 2315 2181 1942 1716 2098 1104 772 2536 1886 2777 2229 1594 1199 2405 704 3419 1090 1144 2184 1301 2338 2504 899 1320 2388 685 2741 1933 1240 2507 2805 3209 1800 2499 2102 2559 1014 704 3035 2309 1903 2706 1978 2815 2726 1410 2619 2956 1920 2213 3291 1138 3104 3136 3012 738 917 2892 2546 2641 693 1248 3053 1210 2366 719 1992 2547 2203 667 2100 2391 1354 3426 2268 2118 1971 2019 1240 1649 561 2045 2676 3003 1292 2344 2132 1315 2289 586 2876 1539 2617 2416 2961 2127 2473 842 1839 1605 3042 2241 2362 3099 2706 435 729 2696 2200 1984 717 1755 2338 1990 1984 2290 3082
1060 2312 3271 3001 2607 3389 1817 2862 2331 447 1572 898 1556 2365 3415 479 2881 3730 3414 3012 3281 503 3518 2419 360 3320 1567 1640 2242 2213 2853 2990 1942 581 1873 1559 756 3141 849 1118 2694 2502 2815 2766 3832 2770 3429 1615 3240 3280 2758 3642 2781 3316 582 2260 2879 2061 2248 3479 2708 705 2012 1795 2161 2705 1555 2907 2491 2947 2854 2742 1457 2925 2631 3543 2534 3473 3267 2611 2770 3730 2422 1411 3685 3282 3251 1147 2795 3191 800 1710 2915 3022 2783 3085 2410 2048 3754 3020 3544 2007 1431 1181 2454 1067 2915 1079 3399 2940 2889 1792 1948 1999 1998 1872 2408 3306 3053 3172 2711 1701 1968 3487 1085 3239 2967 3930 3186 1026 3251 3000 2695 1250 3797 1761 4091 3080 3106 1970 2979 1355 2372 808 2224 1874 522 2342 2525 2412 2084 1273 2750 3246 2789 949 3416 2510 1824 879 1337 2781 2774 2980 2032 1265 2511 3391 2858 3834 3685 1623 2491 1084 1707 2226 519 2789 3326 2866 2101 2917 1998 3320 2687 858 3411 2756 2555 1251 1974 2728 2321 2081 1562 2534 722 1236 3090 2180 2124 2655 1726 1719 2534 1492 3621 579 2951 1506 3780 2215 1623 1963 1687 1122 3484 2926 2271 552 3498 2586 1817 2750 3131 515 1384 3720 2774 3353 2548 3076 667 3189 2297 952 3192 2412 3251 3007 2728 2506 2885 3007 1751 3346 2121 1626 2717 1634 3006 2737 1169 1303 3394 2382 884 3444 2801 2757 2731 3573 1643 2742 1830 1399 2601 1143 3260 2253 2350 2320 1918 1522 1450 2217 4054 2632 2755 2480 3552 2391 1918 2779 1179 1180 3434 538 2693 3037 2102 2478 2717 2520 2726 1168 2104 1090 3135 1684 800 488 2330
2501 1965 1059 1265 1130 1452 2275 1458 1683 3378 2150 3011 2335 1992 1551 3396 1491 901 525 668 740 3462 1219 2383 3320 360 2257 2051 1438 1475 2269 1622 1858 3104 1988 2151 3078 935 2977 2988 2428 1530 864 914 1215 1367 745 2635 1663 1919 2513 725 2590 1098 3416 2478 1461 2578 2516 591 2160 3167 2042 1895 1518 2252 2371 1551 1645 948 2162 1708 2245 2447 1978 972 2337 967 1074 1930 1628 1269 1938 2799 924 681 1668 2879 2223 1143 2898 2491 2512 1593 941 665 2268 1651 846 2246 685 2092 2251 2631 1230 2621 1450 2662 1632 849 1970 1935 1926 2018 1962 1809 1352 1203 1065 1389 1222 2422 2012 1269 2739 1219 2232 976 1518 2886 939 698 2514 2437 838 2671 1151 1023 673 1722 2693 2773 1308 3033 2015 2198 3292 1359 1348 1934 2706 2621 1558 1966 2721 2758 721 1218 1935 2935 2627 915 2369 937 2090 2417 1779 1270 2286 1098 811 2324 2660 2706 2019 1694 3236 2062 924 1236 2478 1826 2410 667 1472 2839 578 960 1125 2463 1778 1666 2009 1976 2123 1764 2965 2584 1887 1760 2582 2505 2713 2813 1220 2740 878 3241 2518 2437 1086 2170 2614 1735 2220 2818 833 1934 1408 3495 1012 1465 2711 2496 1482 3313 2298 761 910 951 1690 1520 3305 1312 1389 2766 1796 1644 1466 1750 1860 2756 2743 1409 2304 706 2285 2307 1926 2812 772 2571 2514 2703 711 2688 2797 534 1404 2415 1039 1112 2061 937 2039 2313 2472 2548 841 2324 1554 1564 1850 2412 2380 2307 1107 1233 1339 1448 1007 1351 2081 2049 2508 2856 1211 3191 1156 1666 2124 2333 2621 1685 1004 2514 2577 2666 578 2026 3064 3228 2351
848 1905 2086 1801 1681 2182 1618 1655 1125 1598 579 1137 1367 1197 2207 1672 2217 2741 2319 1961 2323 1707 2323 1385 1567 2257 360 716 1265 1285 2562 2380 766 1348 669 1027 1505 1974 1448 1662 1654 1298 1776 1737 2652 2043 2459 870 2617 2095 2607 2611 1789 2472 1736 2183 1672 2081 1294 2453 1585 1573 825 813 1188 2431 518 1700 1284 1794 2511 1541 640 1868 1467 2374 2333 2565 2419 2178 1565 2538 1245 1712 2536 2307 2628 981 1684 1999 1259 798 2729 2396 1681 2085 2186 990 2639 2687 2427 836 755 1295 1473 907 1708 848 2193 1816 1722 706 1428 1593 1538 916 1554 2499 2208 1965 1896 723 767 2288 1343 2041 1849 2872 2512 1000 2358 1980 1686 784 2718 1896 2980 2219 1996 1126 1994 1640 1359 1181 1053 1611 1607 1264 1350 1987 1272 725 1543 2068 1847 1188 2280 1595 1218 1084 732 1702 1707 1825 864 809 1994 2191 2574 2671 2562 530 1573 1290 1106 1598 1548 2407 2157 1673 1140 2406 1002 2339 1481 1077 2303 1784 1536 712 1272 1524 1155 1656 911 2009 1285 706 1907 1595 1225 2521 1019 1103 1641 911 2473 1584 1913 568 2614 1096 1729 1143 507 1486 2533 2464 1263 1706 2322 1890 1078 1728 2448 1507 884 2654 1712 2456 1980 1869 1688 2434 1345 1212 2630 1205 2548 2451 2250 1632 1934 2303 1571 2374 1052 513 2274 1055 2033 1744 971 1521 2259 1497 1128 2351 1597 2557 1809 2390 1021 1705 623 623 1587 1024 2335 2081 1158 1618 1273 545 1278 1159 2950 1465 2012 1746 2644 1522 1551 1628 829 958 2613 1402 1834 2441 1799 1421 1746 1948 1773 962 1205 837 2109 1054 1208 1448 2166
