140 1200 1447 2018 1309 1772 1139 1034 2081 1462 1264 1213 2863 604 1581 2618 1496 1905 969 2248 1425 3078 1039 1822 1042 777 2439 1607 2234 2885 1182 1619 1204 1804 1374 628 1395 740 1730 877 2576 1559 1820 1195 2362 1013 2309 2281 1623 1870 2115 1008 1145 657 1562 1837 1424 781 2813 2079 1393 1123 1832 2017 1316 1696 2103 2263 2925 2365 904 2100 1747 774 901 2321 2057 2057 2186 3119 838 2485 2144 2792 1005 2311 1949 1844 2113 1191 1669 1108 1646 1771 1674 2657 2249 1650 3257 2355 2295 1201 2528 1325 2588 2973 2567 1709 1127 2295 793 3042 1693 2716 1535 2189 2236 1666 2287 1691 2527 1330 629 1638 980 2455 431 789 2298 2319 1121 1740 830 957 1469 1992 2313 1116 1690 498 1177 2111 2444 1783 339 2303 1925 1396 963 2448
1300 360 1639 1405 570 1346 926 531 1400 1696 447 880 2059 1178 740 1853 790 1950 1758 1613 863 2245 1460 1083 1314 1722 1644 1820 1664 2051 1470 780 756 1872 987 1069 1689 1810 1178 692 1822 1682 1856 527 1574 1881 1476 2203 1738 1089 1481 569 1229 1167 1324 1777 1467 781 2017 1378 1122 1411 995 1727 974 1165 2023 1909 2131 1984 1756 1908 1883 795 1879 1482 1348 1896 1722 2298 1997 1734 1324 1979 1157 2017 1584 1130 1282 1253 1145 1786 1065 1652 1159 1848 1453 1435 2421 1919 1455 945 1763 1188 1790 2171 1726 918 1527 1722 1947 2225 933 1876 1069 1637 1882 826 1499 1444 1693 1821 1021 1047 595 2160 1135 1204 1560 2033 1240 1142 1960 1580 726 1842 1486 580 1363 1115 1602 1510 1713 1001 1233 1656 1704 613 790 1640
1547 1639 360 2675 1519 2616 2072 1542 1695 2715 1722 2077 3112 1855 1856 2261 1487 821 1121 1728 2136 3171 775 2320 781 1325 2202 545 1620 2755 624 1827 1977 2995 2225 1267 488 2106 1329 1602 2984 2764 2994 1481 2122 2420 2269 1211 2828 1769 2744 1640 779 1177 900 811 570 1559 3094 1729 2332 2365 2069 2982 2193 1291 1046 3180 3204 1489 2311 1113 2971 1457 2295 2449 1731 3118 1448 3276 1996 2906 2070 2556 895 3279 2851 1622 2333 748 2423 2498 1345 2847 1264 2907 2061 2653 3305 3198 2374 1064 2188 847 2879 3220 2608 1707 698 1669 1837 3227 1634 2704 1183 2913 3153 1877 2639 2673 2665 2680 1733 2327 1493 1490 1495 2022 1950 1365 2269 2420 1744 2320 1995 995 2231 1781 1028 1681 2490 2780 2044 1724 1616 2907 1012 1581 1245 2720
2118 1405 2675 360 1519 731 1249 1538 1959 1611 1318 1166 1393 1820 1221 2080 1616 2939 2758 2177 964 1730 2501 747 2358 2674 1832 2851 2304 1889 2515 1278 1183 1506 1014 2045 2732 2432 1979 1580 1012 1487 1460 1554 1813 2295 1507 3128 1498 1582 459 1477 2272 2158 2285 2746 2490 1672 1322 1909 1052 1593 1124 994 1074 1990 2963 1022 1413 2750 2203 2807 1587 1745 2394 1258 1876 1246 2461 1693 2740 930 1531 1988 2201 1169 832 1745 1090 2293 714 2072 1882 1191 1999 1245 1711 1033 1921 945 1327 1971 2015 2203 1150 1484 1478 1500 2571 2342 2752 1600 1578 1629 1976 608 1004 1246 911 988 1320 1920 1749 746 1601 2968 2007 1697 1949 2863 1434 642 2807 1927 1040 2769 1570 1328 2274 1881 1764 465 2070 1547 2040 645 2613 1471 1832 1095
1409 570 1519 1519 360 1513 1136 660 1203 1906 613 1086 2047 1347 714 1686 585 1789 1751 1410 1037 2195 1405 1161 1246 1752 1493 1693 1456 1941 1385 713 961 2078 1182 1116 1585 1955 968 849 1855 1891 2061 474 1418 2058 1367 2018 1946 925 1585 749 1131 1192 1146 1605 1331 919 2014 1185 1322 1618 962 1904 1175 956 1842 2070 2128 1776 1933 1716 2091 896 2042 1427 1157 2085 1512 2264 2106 1771 1195 1842 1091 2187 1753 936 1252 1146 1302 1980 855 1849 950 1836 1302 1629 2361 2064 1382 815 1595 1043 1789 2159 1652 760 1460 1514 2038 2198 754 1791 869 1762 2045 767 1517 1634 1646 2026 1183 1194 697 1956 1238 1395 1380 1831 1449 1278 2035 1772 849 1656 1366 790 1169 1259 1807 1624 1532 836 1354 1747 1512 450 772 1632
1872 1346 2616 731 1513 360 997 1435 2123 1239 1271 942 1765 1546 1303 2340 1666 2935 2583 2349 843 2099 2382 933 2257 2467 2090 2799 2456 2221 2424 1376 1011 1156 775 1877 2654 2119 2062 1420 1382 1117 1115 1512 2058 1949 1781 3171 1131 1738 821 1347 2199 1995 2299 2757 2451 1498 1693 2079 743 1243 1306 758 826 2064 2995 924 1783 2867 1864 2863 1229 1587 2061 1569 2045 977 2583 2065 2449 1301 1763 2293 2106 1033 600 1878 1371 2228 577 1715 1954 844 2067 1613 1944 663 2291 959 1623 1931 2266 2174 1519 1855 1809 1618 2461 2502 2480 1972 1686 1966 2013 793 897 1361 1263 620 1664 1551 1508 697 1490 3070 1792 1398 2162 2954 1101 659 2548 1583 1035 2808 1836 1199 2316 1638 1403 773 2297 1683 1798 980 2661 1491 1736 1453
1239 926 2072 1249 1136 997 360 922 1941 1131 899 458 2181 930 1142 2329 1351 2443 1953 2161 705 2453 1788 1134 1680 1830 2096 2257 2224 2402 1852 1215 556 1317 596 1258 2090 1557 1744 831 1850 1116 1306 1077 2038 1488 1857 2732 1174 1591 1348 810 1654 1377 1857 2290 1934 887 2121 1912 634 878 1313 1295 536 1732 2549 1523 2228 2550 1377 2452 1320 986 1549 1758 1880 1406 2289 2462 1851 1759 1755 2390 1540 1597 1195 1669 1534 1690 895 1323 1631 1135 1725 1990 1915 945 2643 1591 1768 1443 2242 1683 1908 2286 2020 1428 1872 2280 1864 2376 1464 2182 1630 1409 1495 1236 1607 972 1929 1292 872 885 954 2721 1155 824 2068 2592 692 980 1923 1134 878 2377 1889 708 1914 1002 1079 1336 2219 1510 1163 1534 2248 1165 1193 1790
1134 531 1542 1538 660 1435 922 360 1499 1666 609 905 2229 1047 910 1984 879 1888 1598 1700 960 2416 1323 1239 1186 1553 1786 1726 1734 2211 1350 944 797 1879 1044 901 1578 1660 1228 549 1986 1672 1869 555 1713 1759 1636 2169 1731 1221 1620 474 1123 1002 1294 1729 1386 623 2186 1483 1161 1354 1165 1800 1017 1208 1986 1998 2300 2011 1633 1891 1878 625 1742 1652 1456 1947 1764 2469 1832 1897 1476 2129 1032 2097 1668 1235 1453 1154 1250 1688 1119 1688 1196 2019 1595 1482 2591 2025 1622 882 1894 1124 1959 2341 1894 1053 1396 1793 1778 2396 1053 2042 1085 1762 1971 992 1667 1498 1864 1753 882 1165 426 2171 967 1103 1680 2039 1200 1265 1789 1480 874 1814 1642 599 1357 963 1534 1642 1832 1132 1070 1799 1687 735 661 1810
2181 1400 1695 1959 1203 2123 1941 1499 360 2708 1406 1871 1936 2184 1198 940 979 1680 2269 586 1731 1901 1842 1583 1688 2361 872 1794 706 1428 1732 1121 1748 2825 1916 1830 1814 2761 752 1688 1948 2670 2798 1304 795 2897 1031 1696 2718 745 1977 1593 1519 1858 1156 1471 1493 1746 1942 414 2065 2447 1196 2516 1930 793 1578 2612 2037 1180 2771 1374 2857 1701 2868 1299 443 2739 898 2029 2856 1897 866 1220 1587 2753 2347 631 1303 1496 1910 2823 803 2554 821 1759 767 2329 2009 2543 1203 1277 860 1300 1767 2030 1363 882 1847 743 2756 1999 836 1419 950 2198 2591 1125 1633 2318 1476 2859 2017 1790 1524 1412 2015 2238 616 1334 2269 1830 2722 2616 1493 1392 972 1613 1030 2078 2641 2045 735 806 2146 2070 1237 1147 1478 1623
1562 1696 2715 1611 1906 1239 1131 1666 2708 360 1670 1197 2645 1249 1888 3060 2123 3129 2389 2930 1369 2976 2364 1720 2297 2195 2819 2897 2996 3048 2467 1964 1320 723 1177 1817 2705 1525 2513 1523 2260 513 755 1839 2769 1217 2547 3450 554 2348 1699 1551 2317 1923 2590 2998 2613 1534 2573 2676 1036 712 2012 1186 1148 2499 3265 1425 2662 3314 1183 3189 647 1634 1384 2387 2644 1084 3057 2944 1903 2180 2476 3079 2184 1399 1236 2437 2170 2359 1340 946 2401 864 2491 2490 2647 940 3168 1585 2422 2166 2977 2393 2396 2734 2642 2189 2455 3051 1998 2852 2231 2804 2389 1620 1404 1977 2128 989 2514 699 1345 1422 1681 3477 1616 1064 2820 3345 826 1461 2105 929 1599 3105 2589 1476 2663 1419 671 1644 2969 2270 1535 1844 2987 1937 1891 2320
1364 447 1722 1318 613 1271 899 609 1406 1670 360 839 1980 1215 681 1831 814 2024 1844 1623 789 2175 1548 996 1401 1803 1614 1902 1686 2000 1557 732 714 1828 929 1151 1774 1856 1213 748 1737 1647 1809 603 1548 1906 1428 2267 1700 1073 1394 617 1314 1250 1391 1847 1547 842 1937 1379 1069 1401 927 1657 923 1205 2089 1832 2051 2026 1783 1968 1844 869 1915 1416 1348 1833 1757 2223 2058 1649 1286 1940 1244 1944 1510 1134 1211 1337 1066 1797 1100 1596 1201 1770 1425 1376 2353 1838 1394 1024 1742 1265 1710 2092 1665 904 1615 1741 2014 2149 931 1817 1122 1552 1806 773 1417 1382 1623 1814 1064 965 675 2208 1203 1222 1549 2084 1223 1057 2031 1592 638 1905 1443 571 1421 1167 1596 1423 1702 987 1293 1568 1764 627 878 1561
1313 880 2077 1166 1086 942 458 905 1871 1197 839 360 2084 1017 1059 2243 1294 2433 2001 2093 606 2354 1812 1036 1695 1889 2008 2262 2163 2305 1866 1133 485 1352 526 1296 2102 1652 1692 846 1757 1167 1336 1040 1952 1587 1764 2710 1221 1514 1264 798 1657 1414 1831 2273 1929 917 2025 1839 616 967 1219 1270 479 1682 2528 1487 2132 2503 1476 2423 1365 1011 1647 1660 1807 1403 2237 2364 1939 1666 1666 2297 1551 1571 1155 1600 1435 1691 815 1419 1579 1143 1677 1892 1829 937 2544 1542 1672 1426 2157 1669 1811 2190 1922 1353 1894 2217 1946 2279 1394 2084 1589 1339 1459 1151 1509 956 1830 1378 944 794 946 2680 1215 921 1988 2553 778 891 2000 1232 785 2352 1797 672 1880 1075 1168 1257 2139 1434 1235 1451 2218 1106 1192 1691
2963 2059 3112 1393 2047 1765 2181 2229 1936 2645 1980 2084 360 2727 1698 1681 1997 3220 3438 2075 1839 734 3084 1413 2922 3420 1512 3256 2239 1176 3040 1694 2045 2516 1970 2768 3206 3374 2184 2352 756 2520 2468 2139 1555 3292 1264 3272 2527 1713 1307 2224 2785 2861 2603 3009 2903 2450 437 1883 2051 2605 1444 1951 2028 2216 3149 1851 462 2726 3190 2949 2606 2488 3369 1025 1862 2193 2463 660 3638 825 1443 1409 2771 1992 1821 1879 1156 2787 1701 3086 2138 2207 2237 571 1535 2066 909 1680 1109 2460 1668 2631 635 472 947 1766 3130 2248 3616 567 1837 969 2293 1437 1849 1640 938 2019 821 2950 2616 1665 2294 2961 2814 2645 1767 2900 2432 1587 3644 2925 1753 2957 1325 2106 2524 2740 2786 1369 1804 1748 2886 1190 2798 1962 2455 778
704 1178 1855 1820 1347 1546 930 1047 2184 1249 1215 1017 2727 360 1533 2669 1565 2291 1511 2379 1253 2975 1483 1674 1433 1338 2463 2031 2398 2851 1598 1587 1041 1575 1165 948 1831 1013 1884 858 2412 1331 1588 1241 2393 1073 2281 2640 1396 1904 1918 970 1482 1043 1830 2185 1780 799 2671 2170 1163 898 1762 1774 1105 1858 2456 2021 2780 2615 946 2414 1526 865 1060 2242 2143 1813 2396 2999 1281 2321 2140 2795 1341 2066 1711 1922 2023 1527 1465 1039 1782 1527 1841 2529 2272 1406 3161 2118 2233 1416 2579 1606 2452 2835 2499 1735 1574 2458 1295 2916 1740 2657 1713 1971 1994 1627 2149 1449 2434 1186 527 1452 1019 2741 729 549 2368 2605 877 1549 1362 840 1352 2316 2298 1020 1934 534 996 1906 2520 1816 653 2105 2221 1419 1133 2323
1681 740 1856 1221 714 1303 1142 910 1198 1888 681 1059 1698 1533 360 1546 755 2083 2099 1425 893 1868 1760 839 1601 2085 1317 2023 1519 1679 1736 437 946 1987 1082 1437 1930 2177 1126 1068 1501 1839 1960 800 1256 2214 1108 2267 1884 822 1273 938 1481 1525 1428 1887 1659 1160 1663 1160 1230 1661 617 1701 1101 1133 2101 1830 1777 1924 2093 1948 2022 1175 2231 1103 1126 1913 1639 1925 2377 1418 979 1628 1446 1960 1537 940 909 1492 1086 2087 1024 1717 1140 1487 1133 1492 2041 1795 1074 1159 1459 1371 1436 1810 1346 678 1814 1568 2328 1856 742 1496 1114 1470 1806 456 1162 1483 1315 2075 1384 966 970 2130 1516 1525 1291 2018 1475 1024 2339 1887 655 1907 1127 875 1412 1488 1861 1323 1441 751 1612 1421 1752 637 1116 1281
2718 1853 2261 2080 1686 2340 2329 1984 940 3060 1831 2243 1681 2669 1546 360 1482 2183 2849 909 2051 1520 2423 1766 2268 2937 609 2344 1057 958 2311 1475 2132 3111 2244 2381 2383 3280 1332 2172 1836 2995 3076 1797 651 3374 933 2109 3034 1124 2063 2060 2100 2420 1727 1984 2063 2245 1714 922 2387 2847 1414 2701 2273 1373 2032 2737 1781 1494 3249 1818 3162 2216 3367 1212 935 2945 1290 1673 3405 1817 946 698 2164 2887 2530 1135 1349 2077 2148 3267 1375 2813 1401 1562 774 2597 1576 2627 1125 1847 450 1881 1608 1748 1111 1294 2427 1036 3315 1673 1292 1075 1529 2285 2721 1452 1605 2574 1284 3261 2507 2038 2023 1719 2547 2693 689 1692 2660 2043 3288 3063 1823 1868 870 2042 1593 2585 3048 2140 577 1213 2672 2097 1732 1610 2022 1509
1596 790 1487 1616 585 1666 1351 879 979 2123 814 1294 1997 1565 755 1482 360 1689 1842 1185 1209 2101 1456 1235 1292 1876 1306 1646 1234 1790 1403 709 1169 2280 1373 1272 1573 2158 763 1068 1856 2101 2260 684 1227 2278 1230 1876 2155 741 1668 974 1148 1328 1033 1491 1283 1131 1974 964 1518 1841 942 2064 1373 759 1707 2210 2086 1577 2152 1560 2298 1094 2255 1346 937 2259 1304 2187 2287 1779 1041 1665 1149 2335 1905 717 1208 1149 1450 2204 651 2037 760 1789 1119 1814 2256 2185 1284 826 1392 1000 1755 2107 1543 605 1495 1291 2206 2129 562 1668 719 1864 2186 754 1511 1814 1567 2251 1399 1334 908 1768 1425 1619 1168 1649 1670 1405 2191 1997 991 1514 1215 1009 1019 1467 2031 1718 1318 660 1549 1814 1361 548 911 1596
2005 1950 821 2939 1789 2935 2443 1888 1680 3129 2024 2433 3220 2291 2083 2183 1689 360 1550 1635 2452 3219 1236 2563 1227 1771 2187 703 1490 2739 1083 2037 2323 3389 2568 1705 904 2567 1399 1983 3153 3166 3384 1783 2113 2878 2330 756 3229 1873 2996 1996 1173 1625 1015 571 876 1957 3214 1727 2689 2784 2255 3317 2544 1371 618 3496 3318 1194 2767 776 3374 1856 2756 2558 1739 3475 1268 3342 2449 3084 2140 2508 1311 3607 3174 1702 2484 1130 2729 2947 1461 3216 1352 3027 2083 3010 3329 3493 2471 1369 2127 1124 3015 3322 2670 1862 1158 1522 2287 3306 1782 2739 1333 3185 3470 2080 2811 3024 2760 3118 2158 2622 1850 1117 1940 2449 1913 1018 2673 2707 2188 2764 2278 686 2279 2125 1060 2119 2921 3042 1969 1854 2066 3143 812 1829 1612 2859
1069 1758 1121 2758 1751 2583 1953 1598 2269 2389 1844 2001 3438 1511 2099 2849 1842 1550 360 2364 2157 3578 791 2477 941 605 2735 1207 2289 3258 931 2105 1946 2725 2167 1073 1010 1487 1877 1538 3221 2480 2739 1659 2652 1860 2710 1946 2545 2207 2846 1642 1109 960 1524 1572 1229 1451 3402 2288 2226 2045 2353 2881 2117 1836 1796 3115 3516 2239 1775 1874 2672 1373 1697 2814 2279 2951 2156 3654 1283 3132 2517 3101 1058 3181 2789 2109 2644 1135 2437 2012 1841 2665 1808 3227 2563 2517 3737 3182 2761 1388 2767 1332 3176 3550 3024 2087 814 2345 1112 3589 2036 3150 1681 2964 3088 2159 2894 2552 3034 2253 1467 2374 1532 2251 1169 1700 2521 2125 2020 2477 1002 1880 2111 1756 2691 1790 1672 1356 2106 2860 2643 2136 1218 3029 1758 1839 1343 3021
2348 1613 1728 2177 1410 2349 2161 1700 586 2930 1623 2093 2075 2379 1425 909 1185 1635 2364 360 1958 1996 1932 1804 1788 2478 942 1801 525 1476 1806 1348 1970 3051 2142 1988 1853 2936 879 1887 2126 2894 3025 1505 884 3091 1182 1585 2943 971 2190 1799 1619 2003 1209 1435 1539 1939 2089 630 2290 2663 1417 2741 2155 916 1492 2833 2177 1011 2965 1280 3083 1886 3053 1469 664 2966 758 2135 3008 2081 1047 1235 1705 2975 2571 852 1501 1589 2136 3028 963 2781 940 1912 906 2556 2082 2760 1370 1418 853 1393 1931 2162 1490 1108 1924 536 2899 2116 1058 1518 1080 2414 2813 1352 1824 2545 1625 3074 2211 2016 1720 1246 2186 2443 669 1188 2487 2055 2856 2821 1720 1322 1115 1829 1066 2263 2855 2260 694 1033 2321 2276 1183 1361 1648 1796
1525 863 2136 964 1037 843 705 960 1731 1369 789 606 1839 1253 893 2051 1209 2452 2157 1958 360 2108 1920 789 1786 2069 1810 2318 2045 2073 1951 971 581 1453 552 1443 2178 1895 1611 978 1520 1309 1427 1029 1760 1832 1546 2695 1352 1356 1056 883 1720 1558 1820 2276 1968 1068 1781 1694 698 1190 1004 1228 587 1609 2518 1406 1889 2424 1722 2392 1488 1144 1894 1422 1660 1411 2147 2118 2172 1428 1466 2080 1633 1515 1081 1468 1197 1748 649 1656 1500 1191 1609 1646 1637 966 2297 1424 1439 1448 1968 1691 1565 1946 1684 1209 1995 2096 2169 2033 1265 1846 1543 1169 1379 975 1263 964 1586 1592 1159 578 1018 2618 1405 1167 1819 2497 1002 682 2215 1474 598 2333 1584 732 1845 1289 1390 1063 1965 1285 1446 1243 2189 1026 1261 1445
3178 2245 3171 1730 2195 2099 2453 2416 1901 2976 2175 2354 734 2975 1868 1520 2101 3219 3578 1996 2108 360 3198 1679 3033 3587 1413 3299 2160 937 3134 1845 2298 2868 2258 2943 3276 3628 2210 2561 1120 2857 2821 2298 1477 3578 1262 3220 2869 1765 1651 2430 2884 3026 2641 3009 2961 2657 810 1853 2354 2907 1611 2313 2313 2246 3115 2222 782 2634 3470 2907 2955 2681 3641 1127 1840 2558 2394 522 3866 1179 1461 1200 2890 2364 2176 1910 1324 2879 2010 3387 2186 2557 2271 845 1496 2402 552 2053 1178 2566 1532 2707 940 708 924 1857 3233 2157 3829 569 1918 841 2350 1799 2219 1793 1216 2358 912 3270 2850 1957 2478 2865 3018 2912 1689 2822 2727 1891 3846 3216 1983 2932 1305 2329 2542 2967 3095 1718 1686 1820 3104 1552 2778 2105 2607 1026
1139 1460 775 2501 1405 2382 1788 1323 1842 2364 1548 1812 3084 1483 1760 2423 1456 1236 791 1932 1920 3198 360 2181 524 943 2317 927 1858 2849 521 1752 1731 2666 1972 910 716 1691 1450 1325 2900 2428 2671 1331 2234 2011 2314 1625 2493 1806 2580 1397 685 801 1093 1204 818 1260 3055 1863 2060 2011 2003 2721 1931 1409 1455 2938 3168 1833 1904 1495 2632 1162 1881 2442 1855 2830 1731 3283 1591 2815 2117 2682 674 3023 2606 1695 2288 705 2209 2101 1422 2550 1381 2874 2150 2373 3350 2979 2381 991 2341 902 2831 3195 2637 1700 451 1914 1440 3223 1642 2755 1258 2725 2910 1806 2562 2400 2662 2299 1381 2128 1262 1869 1114 1661 2095 1738 1938 2228 1358 1931 1826 1379 2289 1548 1241 1309 2118 2605 2214 1741 1223 2756 1356 1486 1030 2673
1922 1083 2320 747 1161 933 1134 1239 1583 1720 996 1036 1413 1674 839 1766 1235 2563 2477 1804 789 1679 2181 360 2030 2422 1516 2492 1925 1687 2179 892 992 1714 944 1774 2385 2322 1592 1327 1116 1629 1677 1213 1484 2259 1211 2742 1658 1202 793 1206 1929 1880 1907 2366 2128 1425 1357 1535 1056 1598 747 1306 996 1603 2579 1389 1467 2365 2151 2421 1775 1479 2324 1026 1501 1543 2076 1689 2587 1025 1191 1732 1873 1530 1135 1360 811 1945 751 2074 1496 1410 1613 1216 1372 1201 1869 1331 1065 1616 1693 1840 1138 1520 1283 1113 2245 1966 2573 1604 1190 1445 1594 996 1368 858 834 1173 1167 1982 1567 658 1305 2581 1783 1596 1597 2475 1414 638 2610 1898 727 2384 1264 1072 1890 1693 1793 845 1728 1162 1843 947 2227 1101 1513 1015
1142 1314 781 2358 1246 2257 1680 1186 1688 2297 1401 1695 2922 1433 1601 2268 1292 1227 941 1788 1786 3033 524 2030 360 1058 2157 960 1722 2687 533 1591 1607 2584 1852 845 772 1722 1296 1210 2742 2350 2586 1177 2074 2015 2149 1598 2415 1642 2436 1269 529 758 964 1156 744 1156 2893 1707 1947 1946 1842 2606 1814 1255 1420 2816 3006 1737 1902 1429 2557 1054 1901 2278 1698 2726 1611 3119 1667 2658 1953 2523 517 2906 2485 1534 2126 559 2076 2080 1262 2451 1227 2711 1989 2265 3185 2850 2216 826 2186 754 2670 3032 2472 1535 574 1780 1527 3059 1477 2591 1100 2587 2789 1645 2403 2289 2498 2258 1313 1991 1128 1796 1075 1601 1940 1661 1856 2089 1459 1899 1680 1317 2125 1418 1112 1259 2068 2463 2062 1576 1199 2609 1270 1326 887 2512
877 1722 1325 2674 1752 2467 1830 1553 2361 2195 1803 1889 3420 1338 2085 2937 1876 1771 605 2478 2069 3587 943 2422 1058 360 2802 1432 2419 3306 1101 2102 1851 2541 2055 1012 1226 1245 1973 1459 3176 2296 2558 1649 2720 1623 2744 2168 2360 2253 2766 1576 1222 920 1662 1773 1401 1364 3379 2374 2097 1860 2343 2739 2001 1933 2010 2981 3493 2416 1543 2070 2481 1303 1456 2819 2361 2790 2307 3651 1043 3086 2557 3167 1135 3036 2660 2175 2635 1257 2338 1787 1921 2505 1906 3209 2622 2372 3754 3061 2774 1451 2851 1448 3152 3532 3043 2118 994 2477 877 3581 2077 3177 1771 2866 2953 2155 2860 2411 3036 2037 1324 2287 1487 2447 1034 1525 2607 2317 1854 2391 779 1667 2056 1954 2732 1716 1810 1201 1903 2772 2737 2176 1048 2952 1939 1842 1340 3001
2539 1644 2202 1832 1493 2090 2096 1786 872 2819 1614 2008 1512 2463 1317 609 1306 2187 2735 942 1810 1413 2317 1516 2157 2802 360 2306 1107 916 2220 1249 1901 2863 2002 2217 2319 3086 1239 1971 1622 2751 2828 1607 442 3161 689 2166 2788 929 1817 1853 1992 2267 1662 1979 1997 2049 1534 833 2144 2615 1169 2451 2034 1279 2066 2491 1614 1585 3038 1856 2915 2029 3163 979 831 2695 1340 1553 3232 1595 703 726 2039 2640 2281 986 1101 1975 1899 3044 1255 2564 1307 1369 551 2349 1505 2384 887 1712 545 1783 1404 1592 925 1093 2331 1106 3152 1538 1106 936 1419 2041 2474 1221 1370 2325 1082 3027 2304 1790 1830 1819 2367 2476 637 1770 2427 1794 3134 2842 1586 1888 622 1823 1542 2389 2816 1894 653 1016 2486 1858 1739 1411 1856 1290
1707 1820 545 2851 1693 2799 2257 1726 1794 2897 1902 2262 3256 2031 2023 2344 1646 703 1207 1801 2318 3299 927 2492 960 1432 2306 360 1677 2862 793 1991 2162 3179 2409 1444 573 2250 1449 1787 3142 2947 3179 1660 2227 2577 2397 1099 3012 1905 2918 1824 964 1349 1017 777 724 1744 3241 1833 2517 2546 2229 3166 2378 1413 956 3363 3350 1477 2471 1071 3154 1641 2445 2591 1838 3303 1483 3409 2114 3066 2199 2651 1080 3463 3034 1750 2485 932 2604 2665 1479 3032 1388 3054 2175 2838 3426 3379 2512 1240 2277 1012 3029 3362 2738 1857 840 1720 1949 3363 1781 2826 1323 3091 3336 2039 2797 2858 2804 2855 1913 2507 1677 1438 1668 2201 2044 1326 2453 2599 1847 2491 2173 959 2355 1965 1124 1857 2667 2956 2126 1867 1784 3079 1021 1750 1430 2871
2334 1664 1620 2304 1456 2456 2224 1734 706 2996 1686 2163 2239 2398 1519 1057 1234 1490 2289 525 2045 2160 1858 1925 1722 2419 1107 1677 360 1635 1722 1444 2038 3136 2225 1968 1747 2929 873 1915 2282 2969 3112 1541 1048 3106 1342 1422 3020 1083 2323 1838 1557 1971 1125 1296 1442 1959 2252 758 2372 2715 1540 2852 2233 902 1335 2955 2341 848 2980 1122 3162 1896 3057 1626 790 3070 595 2300 2978 2234 1199 1389 1656 3094 2683 939 1646 1523 2241 3060 976 2875 922 2074 1067 2650 2245 2889 1528 1393 1009 1331 2090 2326 1654 1200 1842 421 2860 2281 1140 1683 1059 2544 2933 1455 1974 2642 1787 3122 2230 2121 1746 1083 2179 2476 834 1023 2545 2166 2809 2852 1810 1171 1277 1884 977 2272 2903 2390 849 1133 2316 2417 1040 1419 1645 1953
2985 2051 2755 1889 1941 2221 2402 2211 1428 3048 2000 2305 1176 2851 1679 958 1790 2739 3258 1476 2073 937 2849 1687 2687 3306 916 2862 1635 360 2761 1630 2219 3018 2254 2693 2870 3497 1788 2383 1445 2953 2976 2054 994 3518 935 2697 2979 1413 1839 2256 2525 2757 2215 2533 2548 2471 1229 1389 2379 2904 1455 2521 2299 1827 2608 2494 1267 2090 3400 2396 3088 2470 3547 1020 1385 2773 1871 1097 3683 1460 1109 626 2559 2645 2361 1514 1240 2512 2072 3365 1792 2704 1855 1129 1060 2513 977 2352 994 2230 987 2324 1207 1216 771 1551 2870 1623 3619 1115 1589 622 1958 2038 2484 1587 1341 2478 933 3302 2704 1985 2264 2317 2815 2830 1186 2286 2716 1953 3614 3174 1887 2435 936 2191 2097 2806 3103 1917 1147 1490 2922 1809 2289 1852 2336 1176
1282 1470 624 2515 1385 2424 1852 1350 1732 2467 1557 1866 3040 1598 1736 2311 1403 1083 931 1806 1951 3134 521 2179 533 1101 2220 793 1722 2761 360 1720 1776 2757 2021 1012 599 1845 1343 1382 2877 2522 2759 1325 2137 2156 2240 1467 2587 1732 2590 1437 615 916 958 1042 660 1329 3015 1757 2119 2116 1970 2776 1985 1302 1296 2985 3127 1675 2046 1333 2728 1228 2032 2388 1752 2899 1584 3226 1753 2795 2042 2582 678 3077 2653 1607 2248 614 2240 2234 1328 2624 1274 2831 2060 2437 3280 3015 2321 941 2232 797 2794 3150 2570 1640 479 1777 1602 3170 1576 2681 1162 2747 2957 1773 2536 2461 2608 2421 1482 2152 1294 1708 1234 1769 1987 1577 2029 2250 1518 2058 1835 1217 2211 1585 1105 1424 2234 2620 2099 1673 1353 2761 1197 1459 1049 2635
1719 780 1827 1278 713 1376 1215 944 1121 1964 732 1133 1694 1587 437 1475 709 2037 2105 1348 971 1845 1752 892 1591 2102 1249 1991 1444 1630 1720 360 1019 2064 1159 1458 1906 2228 1062 1112 1519 1916 2037 812 1186 2276 1056 2210 1962 745 1324 985 1464 1541 1382 1838 1627 1201 1662 1083 1307 1733 610 1773 1178 1072 2046 1897 1776 1853 2153 1888 2099 1208 2288 1077 1049 1987 1567 1910 2416 1439 915 1568 1438 2029 1608 864 898 1472 1159 2155 964 1793 1080 1483 1063 1568 2015 1856 1040 1139 1387 1340 1438 1806 1312 603 1803 1492 2362 1844 670 1458 1065 1527 1874 413 1175 1559 1294 2148 1435 1039 1001 2062 1551 1588 1216 1951 1547 1093 2368 1953 733 1851 1070 935 1358 1535 1933 1378 1366 674 1653 1466 1695 627 1125 1281
1304 756 1977 1183 961 1011 556 797 1748 1320 714 485 2045 1041 946 2132 1169 2323 1946 1970 581 2298 1731 992 1607 1851 1901 2162 2038 2219 1776 1019 360 1476 607 1234 2008 1691 1567 771 1737 1292 1460 918 1843 1660 1668 2592 1346 1395 1277 698 1558 1351 1713 2159 1823 855 1989 1718 728 1075 1126 1364 582 1557 2411 1569 2099 2378 1545 2302 1490 939 1705 1584 1686 1512 2111 2318 1956 1645 1560 2199 1458 1662 1237 1477 1360 1590 850 1510 1454 1259 1552 1847 1719 1047 2486 1609 1588 1314 2046 1558 1770 2153 1845 1233 1810 2093 1949 2235 1272 2006 1466 1378 1541 1040 1467 1061 1764 1489 939 797 844 2557 1184 977 1872 2430 888 901 1994 1315 692 2233 1697 558 1758 1069 1275 1280 2023 1314 1224 1464 2098 981 1092 1642
1904 1872 2995 1506 2078 1156 1317 1879 2825 723 1828 1352 2516 1575 1987 3111 2280 3389 2725 3051 1453 2868 2666 1714 2584 2541 2863 3179 3136 3018 2757 2064 1476 360 1271 2116 2997 1888 2681 1766 2121 604 411 2031 2823 1569 2565 3688 540 2448 1578 1766 2585 2228 2814 3243 2875 1797 2440 2787 1124 1040 2058 945 1266 2673 3504 1146 2517 3494 1543 3410 468 1899 1742 2365 2754 766 3224 2816 2266 2052 2526 3085 2460 1086 1055 2561 2162 2625 1325 1297 2568 674 2669 2386 2705 874 3057 1324 2415 2398 3033 2635 2291 2594 2606 2303 2756 3188 2360 2723 2357 2762 2582 1445 1130 2066 2054 902 2459 1024 1647 1432 1907 3673 1934 1385 2903 3546 1088 1436 2466 1292 1691 3334 2616 1661 2870 1737 1034 1510 3046 2378 1867 1688 3205 2092 2137 2241
1474 987 2225 1014 1182 775 596 1044 1916 1177 929 526 1970 1165 1082 2244 1373 2568 2167 2142 552 2258 1972 944 1852 2055 2002 2409 2225 2254 2021 1159 607 1271 360 1461 2255 1783 1776 1007 1627 1117 1248 1154 1952 1682 1735 2830 1162 1544 1113 945 1805 1580 1951 2401 2070 1082 1907 1880 508 1015 1196 1116 420 1770 2650 1325 2012 2590 1579 2535 1300 1173 1761 1598 1847 1269 2316 2258 2085 1537 1659 2269 1704 1415 993 1651 1375 1837 659 1490 1663 1027 1768 1786 1830 807 2450 1375 1622 1559 2160 1803 1700 2073 1859 1394 2053 2277 2100 2170 1446 2022 1692 1175 1297 1166 1404 817 1751 1407 1105 665 1092 2777 1381 1047 2010 2653 830 751 2158 1317 787 2470 1775 804 1989 1236 1211 1100 2157 1471 1397 1299 2331 1186 1339 1592
728 1069 1267 2045 1116 1877 1258 901 1830 1817 1151 1296 2768 948 1437 2381 1272 1705 1073 1988 1443 2943 910 1774 845 1012 2217 1444 1968 2693 1012 1458 1234 2116 1461 360 1248 1327 1468 825 2526 1877 2120 1008 2138 1566 2122 2062 1943 1653 2133 931 904 479 1299 1610 1199 739 2727 1832 1532 1464 1695 2193 1414 1433 1880 2420 2841 2102 1446 1856 2082 659 1477 2176 1812 2288 1918 3003 1385 2436 1944 2578 762 2495 2090 1606 1986 951 1724 1604 1389 2006 1410 2558 2031 1837 3114 2477 2137 934 2292 1063 2500 2880 2407 1502 1000 2029 1294 2932 1473 2548 1270 2251 2392 1510 2208 1868 2391 1774 832 1660 835 2202 600 1117 2056 2065 1387 1764 1280 1418 1407 1752 2117 1077 1424 774 1582 2146 2198 1569 736 2317 1673 1207 721 2349
1495 1689 488 2732 1585 2654 2090 1578 1814 2705 1774 2102 3206 1831 1930 2383 1573 904 1010 1853 2178 3276 716 2385 772 1226 2319 573 1747 2870 599 1906 2008 2997 2255 1248 360 2036 1442 1619 3065 2762 2998 1537 2237 2365 2375 1301 2826 1871 2804 1670 820 1147 1017 927 681 1568 3185 1847 2356 2353 2152 3011 2220 1402 1146 3216 3296 1614 2259 1230 2967 1466 2231 2546 1847 3137 1576 3377 1905 2985 2175 2674 911 3311 2886 1729 2421 799 2467 2457 1451 2862 1376 2999 2173 2674 3413 3242 2473 1131 2309 935 2968 3314 2712 1800 628 1796 1742 3326 1729 2812 1286 2967 3189 1957 2721 2697 2763 2652 1720 2375 1525 1605 1465 2005 2069 1484 2268 2471 1644 2286 2051 1113 2339 1816 1150 1657 2468 2837 2166 1822 1578 2971 1138 1652 1278 2809
840 1810 2106 2432 1955 2119 1557 1660 2761 1525 1856 1652 3374 1013 2177 3280 2158 2567 1487 2936 1895 3628 1691 2322 1722 1245 3086 2250 2929 3497 1845 2228 1691 1888 1783 1327 2036 360 2421 1478 3048 1662 1920 1842 3013 756 2924 2953 1717 2520 2532 1602 1838 1353 2262 2518 2107 1397 3316 2754 1745 1278 2412 2261 1723 2389 2779 2515 3424 3064 717 2789 1803 1424 573 2895 2731 2227 2886 3649 739 2957 2774 3428 1701 2524 2241 2514 2676 1884 2078 983 2332 1963 2368 3178 2895 1913 3814 2642 2884 1899 3189 2024 3099 3481 3151 2353 1772 2990 861 3566 2347 3307 2230 2553 2489 2270 2796 1963 3087 1266 1152 2083 1617 3150 1110 1095 2966 3013 1380 2174 987 959 2005 2679 2936 1671 2390 1057 1215 2509 3115 2431 975 2714 2620 2035 1648 2974
1830 1178 1329 1979 968 2062 1744 1228 752 2513 1213 1692 2184 1884 1126 1332 763 1399 1877 879 1611 2210 1450 1592 1296 1973 1239 1449 873 1788 1343 1062 1567 2681 1776 1468 1442 2421 360 1406 2119 2499 2662 1039 1157 2593 1308 1517 2553 834 2020 1336 1127 1484 792 1188 1121 1446 2176 774 1920 2218 1243 2460 1775 401 1363 2597 2281 1174 2467 1191 2698 1383 2545 1520 768 2660 904 2322 2489 2053 1112 1599 1198 2726 2299 665 1449 1105 1844 2549 473 2441 429 1988 1091 2217 2337 2559 1435 899 1251 909 1976 2287 1650 845 1457 934 2381 2280 765 1737 562 2228 2573 1093 1779 2216 1726 2621 1717 1726 1236 1368 1671 1967 1005 1252 2055 1790 2341 2342 1389 1166 1265 1397 700 1759 2402 2077 1126 821 1807 2148 1005 950 1134 1820
977 692 1602 1580 849 1420 831 549 1688 1523 748 846 2352 858 1068 2172 1068 1983 1538 1887 978 2561 1325 1327 1210 1459 1971 1787 1915 2383 1382 1112 771 1766 1007 825 1619 1478 1406 360 2084 1546 1761 744 1899 1570 1808 2288 1608 1408 1670 490 1185 940 1427 1840 1469 458 2305 1672 1097 1196 1315 1756 966 1383 2104 1972 2418 2173 1444 2025 1754 527 1554 1804 1645 1877 1935 2604 1670 1993 1655 2310 1069 2057 1641 1424 1596 1222 1260 1504 1299 1605 1369 2145 1780 1414 2740 2019 1782 1003 2082 1232 2079 2463 2053 1239 1407 1975 1629 2527 1242 2204 1251 1786 1945 1157 1780 1438 2009 1583 694 1195 530 2322 821 921 1869 2189 1058 1299 1652 1296 964 1941 1818 616 1506 783 1366 1681 2021 1319 905 1855 1824 922 731 1936
2676 1822 2984 1012 1855 1382 1850 1986 1948 2260 1737 1757 756 2412 1501 1836 1856 3153 3221 2126 1520 1120 2900 1116 2742 3176 1622 3142 2282 1445 2877 1519 1737 2121 1627 2526 3065 3048 2119 2084 360 2131 2072 1931 1641 2938 1313 3259 2136 1649 920 1961 2622 2628 2509 2945 2780 2181 679 1894 1691 2241 1274 1555 1687 2144 3117 1463 761 2767 2841 2930 2212 2233 3027 1018 1867 1798 2487 1055 3332 451 1443 1629 2586 1607 1425 1826 1030 2631 1342 2721 2052 1814 2162 679 1583 1679 1303 1299 1117 2298 1800 2496 599 835 1095 1653 2955 2303 3325 961 1732 1193 2189 1041 1459 1467 705 1631 914 2572 2316 1324 2052 3000 2540 2312 1836 2921 2075 1236 3365 2570 1481 2921 1383 1829 2454 2444 2416 977 1909 1659 2597 794 2760 1778 2243 693
1659 1682 2764 1487 1891 1117 1116 1672 2670 513 1647 1167 2520 1331 1839 2995 2101 3166 2480 2894 1309 2857 2428 1629 2350 2296 2751 2947 2969 2953 2522 1916 1292 604 1117 1877 2762 1662 2499 1546 2131 360 624 1834 2705 1366 2468 3474 425 2302 1572 1557 2357 1988 2605 3026 2650 1569 2447 2636 970 796 1942 1034 1099 2487 3289 1272 2533 3307 1326 3203 568 1671 1530 2293 2602 934 3043 2820 2038 2054 2409 2997 2229 1247 1092 2401 2080 2398 1241 1097 2385 713 2481 2371 2583 814 3048 1434 2333 2185 2914 2418 2277 2606 2545 2148 2518 3023 2126 2727 2196 2705 2387 1481 1251 1924 2016 860 2410 851 1407 1333 1694 3478 1691 1141 2768 3349 854 1360 2229 1063 1545 3123 2514 1465 2669 1494 807 1514 2915 2227 1623 1710 2999 1913 1917 2208
1920 1856 2994 1460 2061 1115 1306 1869 2798 755 1809 1336 2468 1588 1960 3076 2260 3384 2739 3025 1427 2821 2671 1677 2586 2558 2828 3179 3112 2976 2759 2037 1460 411 1248 2120 2998 1920 2662 1761 2072 624 360 2016 2789 1607 2528 3678 564 2420 1531 1756 2582 2233 2803 3235 2871 1795 2392 2760 1102 1058 2025 894 1246 2654 3495 1095 2468 3475 1577 3398 518 1897 1778 2324 2726 717 3204 2768 2297 2004 2492 3046 2459 1037 1007 2536 2123 2622 1288 1335 2549 631 2650 2340 2671 839 3010 1273 2376 2389 2999 2628 2244 2545 2564 2277 2760 3164 2388 2674 2332 2720 2566 1396 1079 2037 2009 864 2415 1066 1653 1398 1899 3657 1943 1398 2873 3530 1092 1399 2492 1322 1665 3323 2580 1647 2856 1747 1064 1462 3015 2352 1881 1639 3193 2072 2131 2196
1295 527 1481 1554 474 1512 1077 555 1304 1839 603 1040 2139 1241 800 1797 684 1783 1659 1505 1029 2298 1331 1213 1177 1649 1607 1660 1541 2054 1325 812 918 2031 1154 1008 1537 1842 1039 744 1931 1834 2016 360 1531 1953 1480 2036 1891 1038 1626 657 1078 1088 1157 1609 1304 808 2103 1288 1286 1539 1056 1895 1139 1022 1856 2075 2217 1834 1827 1744 2037 782 1932 1530 1261 2063 1580 2362 1992 1845 1309 1956 1020 2184 1751 1041 1347 1098 1309 1883 928 1817 1012 1928 1416 1602 2466 2080 1488 781 1707 1022 1876 2251 1759 874 1392 1600 1925 2294 865 1900 912 1792 2048 865 1597 1611 1747 1942 1075 1207 585 2004 1124 1298 1489 1875 1377 1299 1924 1675 874 1675 1479 730 1200 1147 1723 1660 1640 950 1240 1796 1539 561 675 1722
2462 1574 2122 1813 1418 2058 2038 1713 795 2769 1548 1952 1555 2393 1256 651 1227 2113 2652 884 1760 1477 2234 1484 2074 2720 442 2227 1048 994 2137 1186 1843 2823 1952 2138 2237 3013 1157 1899 1641 2705 2789 1531 360 3094 691 2103 2744 853 1804 1783 1909 2186 1581 1905 1916 1976 1573 754 2096 2557 1125 2426 1982 1197 1999 2475 1658 1532 2970 1789 2873 1954 3093 988 750 2667 1279 1613 3155 1608 657 809 1956 2623 2255 904 1086 1892 1862 2981 1172 2527 1225 1402 483 2310 1576 2374 892 1630 569 1700 1430 1639 968 1019 2248 1053 3073 1592 1029 997 1336 2029 2457 1162 1373 2288 1113 2971 2232 1751 1755 1767 2290 2410 574 1712 2370 1760 3054 2778 1532 1818 621 1757 1462 2316 2758 1880 630 941 2411 1855 1667 1338 1777 1308
1113 1881 2420 2295 2058 1949 1488 1759 2897 1217 1906 1587 3292 1073 2214 3374 2278 2878 1860 3091 1832 3578 2011 2259 2015 1623 3161 2577 3106 3518 2156 2276 1660 1569 1682 1566 2365 756 2593 1570 2938 1366 1607 1953 3094 360 2959 3253 1411 2610 2394 1675 2106 1622 2500 2806 2393 1512 3228 2882 1606 1066 2423 2016 1626 2565 3074 2265 3330 3298 486 3061 1473 1570 553 2884 2855 1941 3094 3580 1116 2850 2831 3483 1964 2252 2026 2635 2660 2153 1956 631 2493 1700 2547 3109 2972 1699 3769 2411 2888 2103 3284 2267 3023 3394 3146 2440 2097 3167 1255 3492 2449 3307 2415 2376 2242 2310 2726 1751 3058 911 1240 1987 1732 3407 1327 1049 3078 3270 1222 2066 1383 728 1992 2956 2981 1700 2616 1197 931 2358 3230 2522 1189 2566 2879 2127 1828 2913
2409 1476 2269 1507 1367 1781 1857 1636 1031 2547 1428 1764 1264 2281 1108 933 1230 2330 2710 1182 1546 1262 2314 1211 2149 2744 689 2397 1342 935 2240 1056 1668 2565 1735 2122 2375 2924 1308 1808 1313 2468 2528 1480 691 2959 360 2368 2502 868 1489 1682 1994 2190 1739 2118 2058 1896 1271 979 1870 2370 904 2132 1773 1344 2246 2164 1365 1831 2838 2045 2623 1895 2980 656 959 2379 1561 1374 3107 1277 559 894 2014 2313 1963 1007 777 1987 1600 2819 1284 2261 1368 1091 635 2051 1399 2055 560 1685 874 1809 1109 1359 701 986 2343 1357 3045 1336 1034 801 1449 1712 2148 1014 1043 2024 805 2777 2132 1497 1689 2066 2239 2269 883 1999 2181 1489 3042 2623 1339 2057 430 1623 1643 2231 2571 1567 961 934 2346 1529 1899 1278 1768 979
2381 2203 1211 3128 2018 3171 2732 2169 1696 3450 2267 2710 3272 2640 2267 2109 1876 756 1946 1585 2695 3220 1625 2742 1598 2168 2166 1099 1422 2697 1467 2210 2592 3688 2830 2062 1301 2953 1517 2288 3259 3474 3678 2036 2103 3253 2368 360 3535 1972 3174 2282 1518 1992 1239 814 1223 2276 3277 1749 2961 3111 2400 3563 2814 1501 545 3723 3373 993 3139 688 3681 2178 3137 2627 1770 3739 1187 3356 2845 3198 2195 2446 1660 3844 3411 1795 2592 1472 2957 3307 1607 3492 1490 3093 2101 3278 3307 3701 2533 1649 2069 1416 3094 3366 2697 2002 1550 1434 2684 3332 1921 2740 1519 3377 3698 2245 2926 3287 2812 3463 2497 2844 2141 823 2301 2788 1890 787 2987 2920 2584 3118 2498 722 2308 2397 1216 2471 3260 3228 1909 1975 2432 3305 875 2040 1919 2945
1723 1738 2828 1498 1946 1131 1174 1731 2718 554 1700 1221 2527 1396 1884 3034 2155 3229 2545 2943 1352 2869 2493 1658 2415 2360 2788 3012 3020 2979 2587 1962 1346 540 1162 1943 2826 1717 2553 1608 2136 425 564 1891 2744 1411 2502 3535 360 2347 1580 1617 2421 2053 2665 3088 2713 1633 2453 2683 1014 860 1979 1013 1148 2543 3351 1243 2537 3362 1377 3263 506 1735 1579 2320 2650 891 3098 2828 2093 2061 2448 3029 2294 1209 1085 2451 2109 2462 1268 1140 2440 696 2537 2384 2623 829 3060 1410 2363 2246 2953 2480 2289 2611 2569 2196 2583 3074 2184 2734 2245 2729 2444 1477 1224 1968 2034 871 2431 883 1472 1365 1755 3536 1756 1207 2811 3407 919 1386 2288 1118 1589 3184 2549 1521 2727 1559 861 1519 2957 2274 1688 1711 3059 1966 1979 2225
1970 1089 1769 1582 925 1738 1591 1221 745 2348 1073 1514 1713 1904 822 1124 741 1873 2207 971 1356 1765 1806 1202 1642 2253 929 1905 1083 1413 1732 745 1395 2448 1544 1653 1871 2520 834 1408 1649 2302 2420 1038 853 2610 868 1972 2347 360 1607 1296 1486 1708 1250 1663 1558 1483 1703 701 1693 2107 818 2131 1563 863 1828 2231 1809 1531 2486 1644 2484 1460 2603 1048 667 2354 1241 1866 2664 1586 671 1285 1509 2370 1962 537 980 1478 1525 2510 786 2173 884 1515 739 1948 1907 2168 966 1180 1034 1301 1501 1818 1201 530 1834 1126 2586 1818 539 1310 946 1826 2210 743 1313 1936 1259 2521 1743 1405 1262 1754 1798 1932 837 1658 1923 1444 2572 2305 1118 1632 843 1285 1174 1823 2305 1672 989 448 1918 1714 1471 846 1292 1346
2215 1481 2744 459 1585 821 1348 1620 1977 1699 1394 1264 1307 1918 1273 2063 1668 2996 2846 2190 1056 1651 2580 793 2436 2766 1817 2918 2323 1839 2590 1324 1277 1578 1113 2133 2804 2532 2020 1670 920 1572 1531 1626 1804 2394 1489 3174 1580 1607 360 1564 2344 2246 2341 2800 2556 1762 1234 1926 1152 1691 1149 1043 1174 2033 3011 1035 1322 2778 2302 2851 1663 1834 2494 1226 1893 1295 2488 1607 2839 841 1530 1953 2278 1185 890 1774 1078 2364 814 2169 1927 1265 2043 1168 1707 1119 1841 932 1302 2039 2002 2268 1072 1394 1432 1537 2649 2359 2850 1514 1616 1577 2027 585 1020 1288 857 1072 1266 2012 1846 839 1684 2999 2101 1797 1951 2897 1534 736 2904 2026 1115 2816 1554 1416 2323 1977 1860 438 2066 1578 2136 547 2659 1531 1911 1033
1108 569 1640 1477 749 1347 810 474 1593 1551 617 798 2224 970 938 2060 974 1996 1642 1799 883 2430 1397 1206 1269 1576 1853 1824 1838 2256 1437 985 698 1766 945 931 1670 1602 1336 490 1961 1557 1756 657 1783 1675 1682 2282 1617 1296 1564 360 1220 1042 1408 1840 1491 587 2177 1574 1055 1243 1185 1702 913 1318 2099 1907 2291 2124 1550 2005 1763 633 1670 1673 1545 1842 1875 2474 1800 1871 1533 2188 1119 2001 1576 1325 1465 1253 1171 1590 1226 1579 1307 2016 1662 1376 2609 1942 1652 993 1970 1234 1951 2335 1923 1125 1475 1897 1759 2398 1135 2075 1198 1692 1880 1029 1653 1394 1879 1644 812 1096 507 2285 950 1005 1763 2154 1086 1199 1781 1382 840 1928 1694 511 1472 910 1426 1580 1916 1207 1035 1747 1802 812 754 1807
1245 1229 779 2272 1131 2199 1654 1123 1519 2317 1314 1657 2785 1482 1481 2100 1148 1173 1109 1619 1720 2884 685 1929 529 1222 1992 964 1557 2525 615 1464 1558 2585 1805 904 820 1838 1127 1185 2622 2357 2582 1078 1909 2106 1994 1518 2421 1486 2344 1220 360 847 806 1065 658 1148 2759 1539 1913 1970 1714 2562 1773 1086 1335 2762 2872 1595 1989 1315 2565 1046 2006 2134 1531 2699 1453 2974 1812 2540 1797 2357 502 2860 2432 1371 1992 407 2008 2148 1096 2429 1058 2576 1826 2233 3033 2784 2069 685 2018 585 2538 2895 2321 1388 708 1615 1679 2917 1326 2436 933 2507 2735 1517 2280 2254 2355 2307 1345 1915 1073 1671 1144 1636 1772 1535 1863 2011 1617 1959 1591 1209 1968 1362 950 1312 2108 2377 1893 1424 1279 2513 1142 1203 825 2379
757 1167 1177 2158 1192 1995 1377 1002 1858 1923 1250 1414 2861 1043 1525 2420 1328 1625 960 2003 1558 3026 801 1880 758 920 2267 1349 1971 2757 916 1541 1351 2228 1580 479 1147 1353 1484 940 2628 1988 2233 1088 2186 1622 2190 1992 2053 1708 2246 1042 847 360 1270 1544 1130 857 2822 1864 1651 1570 1783 2312 1533 1447 1812 2539 2936 2071 1507 1802 2191 773 1518 2258 1846 2406 1904 3090 1366 2539 2007 2630 708 2614 2209 1647 2074 894 1840 1682 1414 2123 1422 2650 2083 1956 3193 2595 2214 944 2332 1033 2595 2974 2484 1565 892 2032 1258 3021 1530 2620 1282 2367 2511 1594 2306 1987 2475 1865 941 1774 935 2158 678 1220 2092 2021 1500 1878 1228 1503 1513 1695 2181 1190 1403 869 1680 2260 2230 1627 801 2429 1628 1282 782 2443
