140 1861 1762 513 801 2271 2208 782 2125 1386 1870 1671 620 1664 2538 714 2373 1683 3139 2044 1564 1759 1245 2911 1259 684 734 1912 2021 1707 2359 890 1783 2563 2071 471 1595 1118 2122 1449 2348 1705 1470 2490 1323 1438 2404 2301 2242 700 1856 2700 983 416 2111 1080 2163 922 1593 2011 2571 1337 934 1069 2443 375 2284 697 3124 938 1494 1691 2909 693 1997 912 2338 989 2559 3011 1355 2009 1975 1885 1548 2184 637 1927 2331 712 868 2521 2150 912 530 1587 2185 2034 2082 1955 1457 949 980 2371 1121 2127 1861 1519 516 1649 2014 2420 1544 1154 1858 488 1676 1488 1755 2220 1283 2328 959 2122 686 2034 2169 969 2266 2410 2974 1893 2342 420 2075 2019 1168 2352 890 734 1455 1249 1022 1436 2698 947 989 433 2282 3193 1960 2050 333 1426 1373 2717 1647 730 1223 709 1519 663 1228 2714 2045 2832 1693 1883 959 1556 2608 2173 2222 1702 2306 2673 217 1671 1007 2383 1909 2140 1468 1948 1390 974 2167 1147 2281 2076 2612 1380 2004 961 2225 949 591 1971 2450 1550 2464 406 674 1154 2004 1307 910 1146 833 2119 1740 795 850 1279 941 1080 1338 1628 1434 3220 265 2101 2597 1820 1930 898 1020 866 1192 1637 2089 2220 583 1044 2880 2476 733 2321 2456 291
1961 360 520 2063 2195 862 892 2600 1555 1919 2788 1881 2067 2949 1678 1548 1812 2381 2706 3199 1167 741 1713 2268 1365 1787 2092 625 1713 2521 3587 1403 2142 2032 3164 1958 1010 2533 1721 2232 2322 2383 2698 2215 1396 869 3548 1450 2558 2438 636 2113 2672 1909 1487 1191 2280 2743 1750 3297 2876 2915 2119 2027 1070 1879 785 2337 2570 2663 1866 813 2156 2386 504 1806 2165 2494 2897 2418 1070 785 751 2769 683 3235 1943 1573 3480 1968 1689 3660 1637 2497 2302 2956 1278 3253 842 2829 774 2029 2613 2157 1563 2672 600 2677 1965 2193 1889 1094 2665 2751 991 1734 589 2257 713 3038 1619 3512 1980 1211 1616 2301 2080 2391 3433 3404 2659 463 1085 1821 2794 1797 1376 2961 1808 1855 1892 1709 2266 789 2510 1443 2755 2066 3392 2637 2226 2708 2112 2235 946 2581 3018 2546 2626 2035 2520 2479 1039 2468 919 2005 978 1384 1262 857 2765 2313 722 2724 3212 2214 2020 778 2214 2597 508 2333 1751 1891 1147 2154 2454 2346 1773 940 2262 2327 1049 2589 3105 2512 1810 2507 1110 2575 1892 2199 1759 1738 1613 2241 1508 1077 1480 2285 1546 2259 2221 2419 1280 2607 2841 2183 818 2677 1992 3064 2155 894 2620 2535 2690 2228 1071 1612 1914 754 1906 2618 2223 2350 1772 2241 1774 1933
1862 520 360 1941 2058 888 1052 2495 1425 1760 2628 1721 2002 2797 1588 1471 1690 2221 2592 3042 1007 594 1556 2166 1370 1729 2037 769 1568 2361 3430 1278 1982 1913 3005 1881 1068 2390 1582 2073 2175 2222 2546 2079 1237 861 3389 1349 2401 2320 765 2002 2602 1796 1359 1066 2126 2645 1590 3143 2721 2777 1975 1876 1085 1789 915 2267 2464 2588 1706 890 2065 2311 655 1773 2023 2442 2742 2314 1073 715 896 2609 646 3076 1813 1426 3321 1834 1649 3501 1504 2436 2190 2807 1176 3097 787 2669 724 1883 2549 2017 1410 2512 505 2522 1843 2032 1738 1090 2510 2617 857 1637 446 2098 808 2877 1460 3354 1833 1105 1545 2144 1931 2344 3275 3243 2534 495 1055 1715 2633 1649 1223 2801 1773 1720 1732 1551 2121 725 2375 1306 2674 1985 3233 2533 2068 2548 2006 2077 801 2443 2868 2441 2482 1901 2363 2374 912 2335 833 1920 823 1239 1165 697 2615 2159 849 2566 3052 2093 1922 848 2068 2443 506 2178 1590 1737 988 2008 2298 2197 1644 1087 2133 2171 937 2458 2944 2454 1686 2347 1112 2418 1773 2092 1698 1584 1470 2085 1371 977 1418 2129 1390 2203 2172 2267 1184 2470 2700 2022 691 2572 1898 2904 2032 757 2459 2469 2623 2180 945 1453 1766 818 1780 2561 2122 2208 1639 2095 1664 1832
613 2063 1941 360 649 2418 2471 970 2120 1282 1716 1585 1094 1533 2552 1053 2348 1539 3063 1904 1615 1891 1180 2872 1635 1124 1208 2159 1983 1556 2233 1022 1667 2522 1926 939 1913 990 2089 1307 2248 1561 1326 2416 1334 1707 2268 2330 2111 741 2108 2661 1369 550 2116 1235 2055 1158 1526 1887 2433 1273 785 936 2570 801 2487 1135 3065 1308 1403 1973 2888 1110 2205 1361 2257 1435 2419 2961 1670 2137 2240 1731 1772 2038 538 1906 2195 591 1295 2386 2133 1345 647 1468 2233 1901 2205 1801 1687 813 1391 2295 1104 1981 2017 1371 458 1520 1948 2536 1393 1093 1940 805 1855 1345 2021 2066 1239 2195 832 2177 1062 1915 2086 1430 2131 2262 2888 2076 2447 672 1923 1966 1206 2201 1339 663 1358 1184 868 1659 2605 1021 1322 905 2141 3133 1845 1900 586 1283 1514 2617 1530 920 1098 566 1365 860 1389 2627 2149 2826 1779 1893 1187 1683 2482 2062 2423 1549 2153 2616 691 1946 853 2257 2084 2024 1397 1876 1463 822 2041 993 2254 2365 2543 1229 2080 908 2072 1384 616 1830 2568 1396 2434 620 1105 1084 1980 1158 964 1356 1185 2007 1715 1261 1321 1125 1173 984 1246 1499 1610 3157 734 1949 2541 1920 1780 1315 1412 1337 1355 1596 2025 2388 531 1469 2845 2383 708 2229 2445 665
901 2195 2058 649 360 2496 2642 1079 2056 1117 1431 1435 1380 1256 2500 1308 2255 1286 2902 1619 1629 1970 1087 2756 1890 1410 1494 2323 1882 1285 1956 1162 1467 2409 1638 1229 2130 728 1993 1064 2063 1311 1040 2262 1325 1897 1985 2297 1879 791 2276 2548 1584 821 2064 1368 1860 1277 1405 1615 2188 1080 551 742 2629 1088 2613 1392 2924 1513 1253 2167 2792 1356 2339 1647 2098 1692 2170 2832 1890 2204 2416 1447 1929 1749 634 1828 1911 588 1576 2103 2055 1594 812 1204 2223 1621 2266 1516 1851 631 1623 2140 1086 1724 2114 1081 692 1300 1813 2585 1103 918 1971 1070 1974 1100 2201 1781 1171 1915 676 2175 1329 1706 1927 1699 1848 1973 2714 2193 2487 939 1648 1850 1237 1929 1626 699 1201 1092 583 1820 2425 1112 1500 1189 1855 2990 1642 1632 857 1038 1618 2427 1267 1041 835 525 1081 1001 1516 2456 2195 2748 1821 1852 1376 1765 2254 1863 2548 1261 1864 2482 978 2135 580 2032 2193 1818 1277 1737 1507 571 1818 706 2160 2556 2394 962 2102 776 1784 1634 790 1581 2619 1110 2335 856 1389 996 1898 903 1047 1522 1439 1808 1640 1536 1602 838 1366 773 1019 1280 1737 3011 1023 1660 2409 1969 1513 1554 1630 1617 1486 1507 1890 2486 696 1710 2733 2206 783 2055 2367 954
2371 862 888 2418 2496 360 1131 2993 1371 2053 2894 1919 2530 3147 1325 1996 1565 2473 2397 3341 1274 887 1890 1925 1867 2257 2566 1047 1599 2627 3731 1761 2171 1758 3290 2405 1503 2800 1565 2372 2191 2468 2900 2010 1574 1366 3667 1155 2508 2799 1088 1807 3128 2288 1299 1555 2204 3152 1808 3473 2788 3201 2385 2255 568 2306 742 2793 2231 3112 1963 1301 1785 2835 812 2297 2006 2970 2818 2079 1571 657 1135 2867 1163 3345 2274 1485 3604 2282 2175 3772 1454 2964 2680 3178 1012 3411 613 2918 1248 2287 3076 1984 1793 2680 770 2861 2320 2270 1802 606 2840 3052 946 2150 967 2389 1194 3092 1787 3645 2235 974 2072 2272 1966 2872 3565 3485 2391 780 645 2218 2841 1695 1622 2959 2297 2168 2003 1885 2522 1252 2300 1760 3194 2507 3510 2293 2208 2746 2505 2382 1265 2381 3235 2940 2882 2349 2679 2873 1403 2242 722 1622 1057 1303 1683 1096 2641 2239 716 2866 3280 1943 2432 1272 2469 2509 747 2274 1853 1830 1354 2412 2409 2579 1557 1287 2024 2497 886 2908 3172 2982 2161 2533 614 2734 1625 2590 2226 1943 1494 2421 1822 1496 1946 2224 1538 2731 2700 2628 1703 2898 3109 2265 1199 2335 2411 3159 1898 907 2678 2997 3149 2708 1439 1649 1802 508 2250 3089 1880 2179 2092 2103 1483 2340
2308 892 1052 2471 2642 1131 360 2950 2047 2442 3310 2413 2312 3442 2087 1858 2283 2908 3151 3710 1699 1269 2229 2688 1467 2032 2307 681 2228 3044 4096 1839 2675 2493 3679 2243 1036 2996 2225 2750 2838 2910 3192 2708 1917 1130 4063 1891 3088 2829 725 2557 2913 2298 1976 1638 2806 3068 2282 3796 3402 3360 2591 2519 1303 2206 765 2590 2995 2921 2395 883 2553 2652 781 1975 2673 2686 3425 2842 1239 1237 593 3292 1076 3755 2377 2092 3994 2414 1887 4177 2131 2715 2677 3439 1728 3759 1264 3354 1151 2507 2836 2660 2065 3204 1110 3177 2376 2722 2411 1367 3169 3189 1501 2084 1109 2777 813 3567 2138 4024 2460 1671 1906 2832 2598 2571 3946 3928 3127 963 1415 2194 3324 2315 1878 3493 1984 2305 2418 2225 2740 1183 3003 1906 3028 2359 3909 3058 2758 3240 2478 2752 1444 3078 3501 2897 3095 2478 3030 2831 1502 2955 1371 2392 1507 1900 1643 1384 3284 2839 775 3237 3739 2678 2363 897 2690 3122 997 2862 2280 2417 1669 2629 2985 2830 2257 571 2742 2836 1528 3014 3632 2721 2231 3039 1364 3085 2355 2563 2012 2245 2125 2747 1971 1481 1756 2813 2076 2471 2414 2913 1657 3054 3300 2711 1297 3100 2326 3587 2626 1410 3150 2767 2922 2416 1527 2144 2431 984 2329 2820 2643 2855 2219 2755 2223 2288
882 2600 2495 970 1079 2993 2950 360 2726 1833 2013 2150 1131 1638 3161 1452 2946 1973 3621 2030 2222 2473 1771 3461 1960 1345 1214 2654 2577 1937 2267 1593 2185 3112 2087 1104 2325 1168 2686 1767 2782 1998 1530 2980 1944 2181 2352 2940 2578 649 2599 3251 955 1066 2725 1798 2578 558 2108 1925 2868 1153 1270 1460 3157 1104 3023 946 3639 872 1967 2430 3486 871 2737 1525 2816 1181 2846 3543 2089 2722 2717 2041 2289 2207 1145 2508 2285 1179 1531 2461 2736 1064 683 1518 2842 1985 2792 2103 2199 1343 1034 2857 1713 2392 2586 1611 1058 2013 2524 3128 1651 1007 2542 1230 2408 1799 2497 2352 1840 2263 1381 2786 1412 2419 2645 1246 2217 2434 3433 2627 3042 1139 2275 2553 1814 2558 1505 1269 1916 1776 1260 2177 3144 1617 813 992 2261 3706 2359 2281 848 1740 2088 3145 1565 413 1236 1127 1703 480 1951 3175 2745 3430 2379 2502 1698 2266 2954 2579 2962 1826 2385 3194 947 2412 1281 2735 2641 2533 1979 2450 2065 1287 2524 1350 2852 2813 3111 1639 2684 866 2328 1103 1210 2267 3159 1711 3031 763 1350 1676 2581 1600 1565 1883 1562 2525 2317 1147 1239 1462 1680 1040 1225 1993 2164 3727 983 2180 3120 2516 2168 994 1003 1251 1915 2193 2601 2950 1139 1136 3436 2925 1317 2774 3048 1027
2225 1555 1425 2120 2056 1371 2047 2726 360 1361 2049 1093 2565 2425 807 2063 643 1642 1545 2523 978 1192 1328 1181 2273 2358 2645 1821 623 1802 2898 1644 1286 869 2452 2394 2094 2242 556 1631 1180 1629 2206 1021 1162 1821 2806 664 1523 2463 1826 983 3069 2080 432 1543 1212 2918 1046 2698 1782 2645 1884 1700 1343 2239 1725 2762 1449 3024 1227 1943 1148 2773 1630 2507 996 3020 1814 1310 2014 1171 1946 2014 1629 2482 1942 593 2751 1908 2372 2898 444 2970 2407 2496 728 2613 1156 2051 1654 1789 3056 976 1377 1734 1315 2140 2040 1442 826 1261 2106 2541 927 2079 1420 1632 1871 2176 1248 2802 1740 756 2150 1312 962 2957 2724 2585 1470 1461 1147 2073 1928 717 1321 1996 2497 1817 1281 1323 1978 1628 1317 1549 3064 2457 2651 1520 1265 1828 2298 1651 1350 1391 2543 2678 2292 1964 1931 2621 1474 1272 1042 1067 1006 613 1755 1220 1629 1247 1678 2075 2372 1038 2295 1898 1931 1506 1420 1291 1158 878 1161 1890 1430 1981 581 2134 1068 1791 879 2455 2267 3001 1907 1612 1291 1982 736 2364 2321 1420 540 1744 1577 1642 2093 1241 776 2785 2793 1975 1772 2380 2522 1445 1443 1556 2298 2287 971 1027 1785 2972 3104 2805 1497 913 805 1481 1957 3105 1143 1173 1779 1092 691 2201
1486 1919 1760 1282 1117 2053 2442 1833 1361 360 1228 678 1932 1464 1807 1595 1521 832 2148 1652 1145 1584 591 2004 2072 1833 2038 2130 1151 962 2042 1192 762 1659 1609 1753 2132 1243 1263 679 1326 839 1226 1506 884 1840 1991 1640 1244 1548 2101 1797 2292 1332 1387 1282 1137 2032 675 1780 1588 1644 928 735 2132 1583 2281 2041 2167 2229 500 2083 2051 2025 2054 2051 1343 2335 1585 2075 1936 1760 2249 1210 1763 1676 1115 1128 1925 1050 1936 2101 1343 2255 1541 1515 1610 1718 1801 1272 1720 850 2310 1384 792 1211 1752 1175 1236 680 1058 2069 1150 1546 1469 1465 1694 700 2071 1497 666 1961 815 1581 1662 1014 1172 2310 1881 1846 1967 1876 1957 1389 1268 1104 953 1489 2033 1011 445 593 991 1683 1683 1059 2235 1768 1835 2232 936 1198 1502 688 1367 1695 1567 1793 1290 1083 985 1746 1358 1707 1702 2022 1364 1210 1436 1422 1594 1147 2218 1175 1661 1725 1561 2040 949 1370 1858 1115 572 981 1133 921 1157 980 1428 2425 1637 811 1564 1481 1555 2293 1167 1037 2104 1040 1596 1541 1800 633 1188 749 1026 1470 1693 1093 959 2133 2174 977 1441 1387 1520 662 1520 2254 1586 1505 1652 1509 1092 2232 2334 2190 1348 818 1135 2092 1163 2383 1983 1462 1028 1308 1646 1486
1970 2788 2628 1716 1431 2894 3310 2013 2049 1228 360 1345 2451 895 2451 2289 2095 781 2354 835 2004 2447 1443 2421 2837 2454 2565 2997 1790 628 1210 1971 1123 2134 763 2294 2964 1205 1885 923 1540 788 854 1846 1753 2681 1133 2353 1145 1750 2966 2251 2594 1866 2098 2109 1348 2188 1446 1035 1312 1392 1309 1248 2948 2143 3144 2451 2463 2515 1294 2934 2533 2405 2922 2691 1691 2747 1275 2431 2750 2608 3114 405 2623 811 1633 1840 1071 1555 2601 1238 1998 2641 1847 1029 2373 933 2640 450 2574 1332 2652 1744 1624 858 2616 765 1735 986 1604 2878 723 1429 2307 2087 2562 893 2930 710 1531 1117 1351 2363 2334 1173 1571 2764 1037 980 2134 2743 2762 1970 653 1703 1804 919 2670 1601 1260 1447 1208 2537 1852 1853 2467 2260 975 2512 1180 709 1927 926 2231 1810 1038 1997 1144 1534 713 1984 2207 1918 2534 2565 2220 1983 2224 2291 1470 1325 3081 547 816 2109 2048 2893 1225 1302 2724 1260 1408 1538 2001 1266 1159 1084 2018 3288 1973 885 2382 1511 721 2682 1764 854 2912 680 2135 1918 2428 1442 1871 976 1801 2297 2410 1290 1728 2605 2673 952 2224 1340 1253 989 2383 2517 2091 637 2057 2360 661 2592 2641 2688 2192 1607 1656 2945 1702 2747 2418 1688 1667 1590 2241 2013
1771 1881 1721 1585 1435 1919 2413 2150 1093 678 1345 360 2197 1692 1527 1804 1217 925 1838 1809 1074 1512 791 1686 2218 2067 2298 2119 855 1084 2193 1371 621 1343 1747 2017 2206 1547 965 900 1041 916 1475 1191 924 1907 2116 1389 1075 1866 2099 1481 2593 1614 1131 1401 879 2348 495 1972 1418 1938 1246 1053 1964 1847 2196 2328 1849 2533 543 2123 1738 2319 2003 2271 1032 2618 1428 1757 2038 1642 2244 1314 1789 1792 1413 867 2056 1354 2147 2217 1059 2543 1853 1765 1391 1892 1667 1361 1765 1167 2605 1070 966 1150 1680 1407 1531 720 740 1893 1373 1853 1337 1714 1670 899 2092 1535 790 2102 1129 1378 1881 814 861 2584 2022 1925 1664 1819 1777 1655 1285 795 1061 1439 2255 1300 593 789 1305 1729 1387 1238 2545 2045 1959 1916 731 1194 1799 921 1396 1409 1811 2108 1584 1392 1198 2060 1433 1404 1557 1718 1275 998 1589 1394 1376 899 2136 1349 1721 1407 1845 2077 1265 1163 1793 887 574 663 1137 1239 974 1282 1126 2430 1321 1063 1400 1797 1613 2580 1442 987 1927 1249 1286 1845 2032 878 912 1027 1225 1576 1886 851 744 2406 2440 1256 1598 1695 1808 719 1546 1938 1865 1603 1333 1401 1119 2526 2634 2454 1434 634 817 1983 1453 2674 1666 1165 1300 1010 1349 1764
720 2067 2002 1094 1380 2530 2312 1131 2565 1932 2451 2197 360 2223 2947 900 2829 2258 3640 2609 1964 2058 1765 3374 1238 642 474 2051 2497 2286 2910 1280 2334 3033 2641 540 1647 1680 2589 2022 2879 2279 2041 2994 1775 1580 2964 2700 2804 1191 1992 3165 967 970 2539 1414 2704 1175 2105 2560 3137 1844 1514 1639 2721 710 2467 638 3607 968 2028 1790 3353 703 2186 759 2851 819 3127 3485 1433 2302 2086 2465 1744 2756 1206 2388 2892 1284 795 3081 2601 794 1030 2135 2564 2592 2379 2535 1653 1523 906 2880 1611 2701 2124 2095 1089 2212 2517 2712 2121 1668 2210 852 1923 2061 1877 2800 1785 2885 1527 2496 819 2586 2685 754 2827 2983 3487 2121 2651 903 2655 2508 1608 2931 740 1287 1994 1768 1602 1643 3221 1381 1077 552 2847 3678 2509 2628 889 2001 1687 3246 2193 1092 1781 1287 2099 1043 1536 3230 2365 3259 2048 2313 1229 1874 3164 2717 2412 2281 2884 3158 763 1784 1588 2939 2147 2688 1986 2456 1780 1554 2724 1726 2741 2148 3111 1960 2356 1479 2805 816 1124 2542 2739 2130 2922 921 667 1681 2464 1884 1365 1404 946 2663 2210 580 602 1858 1208 1621 1869 2190 1703 3707 723 2678 3081 2153 2507 828 982 617 1502 2124 2590 2453 1145 923 3340 2999 1264 2845 2895 812
1764 2949 2797 1533 1256 3147 3442 1638 2425 1464 895 1692 2223 360 2855 2203 2521 1171 2874 754 2233 2653 1618 2903 2783 2297 2334 3121 2180 1026 1060 1992 1534 2594 811 2095 2994 905 2286 1159 2040 1191 610 2332 1939 2738 1100 2720 1670 1423 3081 2720 2233 1715 2463 2173 1836 1785 1756 722 1845 901 1231 1283 3235 1972 3342 2158 2971 2150 1578 3005 2999 2098 3092 2532 2170 2436 1807 2927 2760 2851 3227 938 2729 931 1520 2198 1028 1456 2468 1217 2389 2322 1562 502 2708 729 2896 968 2663 1303 2308 2222 1747 1391 2816 649 1588 1353 2021 3173 679 995 2568 1966 2720 1153 3023 1152 1720 1023 1345 2683 2226 1654 2030 2476 963 1157 2656 2924 3061 1835 1186 2106 1933 1431 2510 1543 1528 1623 1084 2629 2369 1902 2080 2032 989 3024 1641 1243 1699 1142 2365 2333 503 1636 802 1408 853 1641 2301 2430 2802 3012 2450 2307 2232 2469 2004 1818 3277 752 1131 2593 1841 2969 1128 1831 2914 1755 1675 1947 2178 1188 1671 977 2436 3384 2464 1013 2668 1139 1098 2363 1674 1358 3208 804 2575 1663 2279 1575 2245 1085 1840 2350 2333 1776 2050 2337 2417 890 2225 973 783 1346 2507 3031 1889 940 2534 2600 1178 2261 2281 2432 2278 1913 2084 3173 1587 2409 2895 2192 1626 2078 2663 1836
2638 1678 1588 2552 2500 1325 2087 3161 807 1807 2451 1527 2947 2855 360 2426 733 2058 1433 2927 1343 1387 1773 961 2547 2721 3019 1931 1035 2216 3293 2032 1694 838 2850 2783 2295 2689 930 2067 1426 2043 2643 1157 1581 2057 3188 613 1835 2902 1953 852 3477 2499 797 1899 1530 3350 1492 3113 2030 3091 2330 2147 1207 2636 1707 3161 1268 3436 1671 2117 838 3178 1707 2846 1224 3406 2070 1115 2265 1253 2044 2413 1845 2868 2375 1040 3138 2345 2711 3274 828 3365 2839 2932 778 3022 1201 2442 1894 2234 3457 1182 1808 2085 1450 2573 2469 1864 1207 1124 2537 2988 1144 2473 1614 2066 2026 2538 1689 3193 2185 852 2513 1668 1272 3335 3116 2950 1446 1575 1042 2481 2297 1112 1729 2321 2838 2251 1726 1767 2425 1875 1411 1952 3483 2855 3037 1331 1639 2197 2720 2089 1659 1499 2977 3112 2738 2403 2363 3053 1802 1339 1119 694 1285 1019 2103 1493 1841 1563 1678 2494 2735 1011 2706 2076 2378 1775 1529 1619 1605 1275 1527 2337 1756 2427 796 2219 1123 2230 1020 2902 2635 3394 2329 1987 1143 2411 737 2790 2685 1863 979 2187 1988 1963 2436 1574 1222 3167 3167 2418 2122 2827 2967 1870 1714 1373 2705 2672 985 1232 2171 3373 3509 3178 1830 1360 1157 1466 2385 3499 916 1356 2207 1340 589 2610
814 1548 1471 1053 1308 1996 1858 1452 2063 1595 2289 1804 900 2203 2426 360 2337 2004 3184 2554 1450 1518 1387 2882 942 655 956 1569 2028 2075 2903 801 1989 2550 2561 770 1242 1673 2110 1775 2477 2021 1977 2550 1307 1092 2922 2176 2477 1361 1512 2677 1492 863 2032 886 2324 1572 1692 2563 2822 1963 1356 1404 2184 707 1961 1156 3131 1477 1658 1338 2847 1200 1675 827 2419 1355 2820 3002 1001 1763 1625 2292 1226 2665 1043 1906 2849 1113 703 3041 2108 1334 1197 2151 2034 2565 1839 2363 1134 1318 1442 2442 1198 2431 1588 2002 980 1907 2079 2173 2014 1782 1675 610 1389 1813 1407 2624 1374 2857 1298 1964 447 2235 2262 1273 2788 2880 3048 1594 2111 741 2437 2052 1139 2692 812 1049 1638 1388 1489 1119 2798 928 1566 878 2786 3202 2152 2389 994 1760 1149 2834 2215 1400 1781 1155 1941 1334 998 2797 1825 2745 1515 1810 690 1335 2813 2343 1903 2147 2743 2688 867 1320 1454 2593 1617 2324 1590 2027 1264 1401 2386 1611 2253 1722 2657 1765 1820 1591 2651 1356 893 2260 2200 1984 2431 1076 619 1322 1981 1676 939 864 491 2292 1741 1113 1102 1733 669 1678 1940 1887 1164 3234 828 2548 2612 1615 2271 1361 1513 1113 965 1676 2146 1926 976 1464 2846 2582 982 2430 2391 802
2473 1812 1690 2348 2255 1565 2283 2946 643 1521 2095 1217 2829 2521 733 2337 360 1714 1266 2570 1258 1461 1535 905 2557 2631 2912 2077 732 1869 2930 1911 1348 587 2489 2656 2371 2403 621 1750 1056 1697 2320 812 1416 2102 2822 772 1461 2674 2086 701 3317 2323 696 1820 1157 3141 1213 2763 1665 2796 2074 1884 1495 2498 1937 3017 1166 3269 1381 2214 900 3024 1874 2785 854 3282 1703 1028 2296 1408 2199 2055 1906 2504 2169 806 2773 2127 2650 2905 589 3228 2631 2607 917 2668 1379 2081 1934 1984 3309 816 1614 1713 1571 2244 2273 1528 860 1409 2206 2708 1195 2340 1692 1744 2138 2168 1468 2830 1938 971 2424 1300 900 3223 2753 2580 1207 1714 1307 2326 1929 782 1581 1947 2774 2045 1437 1530 2152 1909 1095 1809 3302 2714 2672 1237 1276 1829 2536 1774 1633 1178 2648 2900 2441 2179 2033 2845 1756 1037 1272 861 1287 892 2033 1502 1484 1190 1896 2150 2364 763 2544 2170 2108 1405 1671 1246 1338 935 1439 2074 1382 2138 454 2385 820 1916 1123 2640 2265 3260 2148 1621 1435 2078 454 2598 2594 1630 729 1884 1832 1924 2371 1202 994 3049 3061 2113 2050 2548 2666 1537 1725 1273 2550 2307 704 1295 1809 3226 3354 3073 1778 1113 800 1690 2190 3362 870 1000 2015 969 508 2451
1783 2381 2221 1539 1286 2473 2908 1973 1642 832 781 925 2258 1171 2058 2004 1714 360 2109 1244 1588 2033 1060 2096 2518 2210 2370 2599 1387 520 1628 1637 726 1783 1182 2087 2601 1211 1488 595 1255 386 996 1530 1352 2311 1554 1944 967 1686 2571 1910 2510 1649 1688 1748 1044 2165 1025 1416 1261 1534 1115 980 2527 1923 2728 2311 2184 2437 877 2555 2188 2280 2513 2440 1365 2612 1243 2128 2399 2188 2718 754 2235 1231 1411 1427 1492 1333 2336 1658 1597 2517 1738 1269 1956 1330 2220 809 2192 1095 2550 1416 1255 803 2202 909 1528 565 1215 2457 866 1503 1887 1835 2158 556 2543 1025 1138 1537 1093 1944 2062 862 1220 2608 1457 1383 1899 2332 2341 1734 801 1306 1424 1047 2420 1344 849 1063 1077 2155 1605 1509 2415 2076 1397 2240 835 744 1765 617 1839 1585 1304 1944 1202 1335 703 1914 1830 1656 2113 2201 1803 1564 1888 1884 1342 1032 2666 796 1191 1788 1860 2512 1066 1128 2311 972 992 1143 1599 1081 925 984 1632 2897 1664 693 1961 1516 1084 2558 1513 655 2491 738 1765 1779 2180 1080 1462 743 1466 1937 2115 984 1308 2438 2494 886 1890 1369 1392 568 1992 2252 1896 1048 1727 1941 628 2480 2556 2509 1819 1185 1275 2526 1474 2636 2086 1408 1392 1281 1858 1805
3239 2706 2592 3063 2902 2397 3151 3621 1545 2148 2354 1838 3640 2874 1433 3184 1266 2109 360 2777 2142 2366 2254 848 3452 3471 3733 2969 1517 2223 3060 2745 1809 1039 2677 3461 3277 2941 1443 2253 1217 2084 2740 1009 2237 3007 2913 1622 1569 3333 2983 955 4069 3082 1602 2687 1429 3819 1905 3008 1516 3283 2710 2520 2278 3295 2779 3795 580 4011 2020 3119 1023 3790 2757 3644 1166 4078 1565 703 3198 2291 3089 2309 2812 2643 2890 1646 2887 2832 3511 2962 1477 4010 3330 2994 1791 2890 2251 2301 2839 2639 4078 1128 2390 1861 2468 2648 3006 1997 1485 2196 2602 3243 2100 3148 2597 2229 3040 2260 2219 2955 2604 1855 3268 1607 1337 4033 2892 2627 582 2606 2116 3109 2091 1493 2406 1956 3632 2774 2068 2250 2743 2813 866 2627 4023 3503 2791 572 1648 2010 3275 2281 2528 905 3017 3581 2946 2870 2451 3535 2641 813 2154 1186 2191 1781 2900 2405 1300 1437 2748 2483 2431 868 3312 3074 2712 1416 2562 1496 2031 1551 2314 2696 1564 2687 1326 3270 888 2411 2017 3227 2361 4045 2907 1876 2213 2479 1178 3323 3434 2347 1574 2417 2636 2809 3233 1488 1803 3856 3879 2618 2915 3098 3141 2014 2628 552 3327 2466 939 2200 2058 3997 4110 3893 2660 1876 1410 2536 2927 4143 891 1065 2766 1209 1293 3226
2144 3199 3042 1904 1619 3341 3710 2030 2523 1652 835 1809 2609 754 2927 2554 2570 1244 2777 360 2438 2875 1845 2881 3127 2669 2721 3392 2264 1085 750 2301 1597 2603 465 2476 3308 1289 2361 1333 1995 1255 939 2306 2166 3039 728 2826 1578 1816 3356 2718 2626 2081 2571 2466 1812 2173 1902 598 1664 1271 1561 1569 3406 2346 3572 2551 2903 2543 1738 3301 3000 2492 3338 2906 2156 2830 1619 2881 3081 3051 3504 874 3007 560 1871 2311 655 1801 2835 847 2473 2716 1953 874 2841 475 3088 854 2948 1617 2702 2209 2005 1282 3043 915 1950 1450 2080 3338 911 1385 2755 2326 2971 1313 3309 901 1942 674 1652 2828 2584 1642 2043 2870 598 770 2555 3162 3223 2197 1048 2178 2191 1215 2884 1875 1698 1850 1425 2913 2284 2198 2469 2417 597 2947 1654 1137 2082 1326 2626 2233 837 2029 1190 1761 1039 2035 2581 2356 2985 3037 2656 2447 2549 2706 1855 1787 3508 837 801 2570 2221 3262 1461 1722 3147 1723 1848 2014 2414 1516 1610 1304 2494 3670 2429 1233 2838 1534 813 2757 2021 1318 3372 984 2609 2050 2649 1824 2344 1323 2139 2650 2683 1756 2190 2729 2808 1189 2545 1367 1168 1450 2774 2949 2269 675 2521 2801 1126 2655 2673 2823 2561 2063 2131 3384 1940 2803 2880 2139 1954 2051 2717 2210
1664 1167 1007 1615 1629 1274 1699 2222 978 1145 2004 1074 1964 2233 1343 1450 1258 1588 2142 2438 360 804 977 1800 1673 1746 2038 1408 1005 1735 2828 1048 1335 1479 2392 1799 1555 1903 1060 1464 1577 1588 1986 1547 668 1262 2773 1100 1761 1987 1391 1600 2497 1534 942 926 1500 2403 943 2561 2089 2310 1495 1350 1375 1653 1500 2178 2063 2460 1071 1440 1757 2198 1291 1888 1454 2423 2107 1927 1433 978 1534 1981 1104 2455 1448 863 2708 1436 1753 2882 1032 2381 1899 2265 982 2503 1025 2037 1101 1395 2474 1460 904 1864 973 1947 1524 1394 1134 1323 1927 2172 705 1489 958 1485 1395 2236 874 2745 1342 923 1537 1501 1333 2353 2666 2611 2037 1107 1220 1505 1990 1064 768 2153 1879 1328 1103 971 1624 1069 1829 976 2513 1872 2616 2135 1424 1903 1759 1473 752 1886 2322 2171 1979 1500 1768 2108 860 1807 937 1656 579 726 1137 687 2000 1530 1437 1960 2415 1634 1731 1394 1571 1815 1084 1543 956 1117 545 1517 1658 1672 1182 1721 1632 1584 833 2046 2307 2410 1373 1700 1357 1824 1352 1834 1709 1035 930 1507 1021 1028 1474 1496 764 2184 2186 1715 1154 2013 2209 1385 876 2169 1727 2276 1562 727 1818 2390 2529 2198 880 806 1179 1306 1443 2516 1762 1636 1268 1505 1301 1635
1859 741 594 1891 1970 887 1269 2473 1192 1584 2447 1512 2058 2653 1387 1518 1461 2033 2366 2875 804 360 1396 1951 1527 1798 2107 1002 1334 2178 3265 1239 1773 1686 2833 1919 1276 2281 1347 1902 1941 2032 2403 1845 1074 1030 3215 1140 2179 2273 999 1780 2643 1767 1128 1039 1898 2636 1385 2990 2494 2679 1865 1745 1044 1806 1057 2309 2245 2620 1515 1113 1859 2345 852 1877 1788 2510 2516 2096 1239 610 1129 2425 818 2897 1746 1193 3149 1754 1746 3324 1271 2492 2157 2674 969 2937 684 2482 868 1768 2599 1782 1277 2301 529 2372 1793 1838 1507 1021 2355 2527 626 1645 591 1924 1038 2680 1296 3185 1716 896 1600 1923 1699 2421 3105 3056 2302 667 952 1703 2433 1416 1100 2589 1874 1640 1546 1391 2005 853 2140 1232 2695 2014 3058 2314 1849 2345 1987 1908 746 2208 2733 2419 2366 1822 2201 2353 893 2101 672 1722 599 1004 1191 568 2383 1931 994 2398 2859 1865 1922 1068 1952 2215 640 1952 1400 1509 837 1894 2075 2069 1413 1319 1901 2013 726 2381 2752 2514 1635 2140 1050 2256 1547 2070 1764 1438 1235 1931 1294 1014 1491 1904 1166 2268 2249 2127 1212 2374 2591 1829 720 2353 1904 2720 1802 526 2262 2517 2667 2258 928 1240 1533 882 1723 2622 1908 1973 1565 1861 1444 1827
1345 1713 1556 1180 1087 1890 2229 1771 1328 591 1443 791 1765 1618 1773 1387 1535 1060 2254 1845 977 1396 360 2053 1844 1640 1866 1914 1166 1182 2234 969 963 1703 1811 1585 1901 1304 1274 881 1473 1069 1370 1605 682 1610 2195 1576 1452 1499 1882 1842 2176 1188 1338 1051 1304 1967 708 1953 1799 1713 918 746 1989 1415 2091 1902 2247 2120 631 1855 2075 1896 1852 1850 1453 2189 1800 2141 1704 1594 2030 1429 1540 1885 1002 1102 2126 954 1730 2307 1329 2117 1459 1648 1516 1902 1642 1493 1493 821 2183 1486 562 1440 1562 1335 1115 910 1131 1933 1318 1590 1318 1282 1485 909 1847 1725 462 2158 771 1476 1459 1208 1284 2152 2079 2064 2089 1677 1825 1224 1499 1146 724 1720 1833 882 613 366 1028 1457 1817 835 2141 1615 2040 2315 1125 1429 1383 882 1148 1840 1705 1726 1372 1003 1167 1672 1129 1830 1552 2024 1193 1131 1208 1221 1787 1321 2026 1370 1884 1797 1418 1813 977 1566 1663 1299 583 1063 928 930 1360 1060 1440 2204 1729 976 1430 1490 1779 2153 1014 1265 1967 1222 1619 1436 1605 455 1173 894 808 1239 1478 1269 913 1975 2008 1098 1214 1428 1604 893 1299 2341 1436 1721 1721 1343 1322 2103 2216 2022 1118 782 1207 1915 1033 2249 2026 1595 872 1440 1642 1335
3011 2268 2166 2872 2756 1925 2688 3461 1181 2004 2421 1686 3374 2903 961 2882 905 2096 848 2881 1800 1951 2053 360 3083 3176 3458 2526 1250 2236 3208 2456 1746 709 2789 3200 2867 2865 1149 2184 1246 2074 2729 935 1959 2612 3078 1178 1675 3183 2545 571 3854 2859 1222 2364 1433 3658 1713 3096 1748 3241 2570 2377 1795 3040 2307 3558 666 3803 1865 2697 544 3563 2305 3328 1093 3825 1795 513 2813 1845 2641 2378 2407 2779 2693 1347 3040 2647 3193 3144 1134 3769 3152 3005 1351 2988 1798 2387 2446 2485 3849 1040 2149 1966 2034 2644 2802 1939 1306 1715 2602 3171 1691 2883 2182 2170 2612 2409 1995 3103 2443 1421 2969 1612 1238 3768 3032 2808 925 2166 1641 2866 2199 1268 2125 2135 3318 2571 1919 2048 2632 2423 1031 2353 3831 3256 2940 730 1622 2105 3068 2211 2166 1114 3039 3417 2890 2694 2435 3365 2294 947 1709 698 1806 1434 2576 2022 1530 1456 2279 2514 2598 671 3082 2654 2592 1557 2121 1520 1842 1383 1982 2565 1631 2601 992 2818 812 2351 1589 3123 2512 3802 2682 1927 1730 2474 811 3126 3139 2148 1270 2335 2374 2462 2914 1492 1530 3593 3606 2556 2594 3016 3104 1952 2247 771 3090 2588 728 1788 2120 3766 3891 3619 2318 1637 1230 2067 2719 3904 405 1109 2547 1191 870 2990
1359 1365 1370 1635 1890 1867 1467 1960 2273 2072 2837 2218 1238 2783 2547 942 2557 2518 3452 3127 1673 1527 1844 3083 360 978 1214 1257 2314 2606 3482 1241 2439 2782 3130 1216 792 2256 2373 2298 2848 2531 2553 2857 1660 868 3496 2296 2925 1919 1199 2894 1821 1444 2223 1177 2727 2041 2089 3144 3272 2540 1926 1949 2075 1244 1699 1512 3362 1837 2103 973 3011 1581 1446 870 2752 1580 3277 3220 657 1722 1257 2836 1084 3230 1622 2175 3423 1688 803 3615 2336 1615 1750 2734 2129 3143 1796 2906 1019 1877 1738 2764 1642 2923 1514 2573 1563 2392 2417 2092 2582 2358 1763 1190 1316 2335 1077 3161 1802 3433 1850 2055 938 2669 2613 1464 3363 3440 3350 1450 2065 1322 2958 2364 1516 3198 882 1612 2096 1844 2064 1033 3132 1372 1953 1331 3356 3433 2586 2900 1549 2287 1284 3182 2797 1913 2363 1734 2496 1852 1179 3115 1828 2882 1637 2031 996 1422 3231 2751 1655 2706 3293 2944 1408 983 2026 3021 1488 2744 2013 2381 1511 1971 2827 2183 2487 1285 2945 2312 1889 2166 3196 1619 1468 2749 2110 2542 2649 1625 970 1802 2243 2220 1411 1015 811 2706 2048 1372 1309 2301 990 2259 2521 2374 1197 3470 1361 3103 2873 1675 2786 1672 1825 1311 1166 2027 2473 1754 1555 1715 3042 2929 1537 2787 2573 1364
784 1787 1729 1124 1410 2257 2032 1345 2358 1833 2454 2067 642 2297 2721 655 2631 2210 3471 2669 1746 1798 1640 3176 978 360 670 1769 2316 2261 2995 1086 2234 2842 2689 602 1371 1752 2402 1975 2746 2229 2090 2833 1593 1297 3033 2471 2717 1335 1710 2971 1250 952 2327 1182 2585 1423 1962 2648 3059 1980 1504 1592 2451 684 2186 920 3422 1250 1911 1509 3143 980 1905 597 2698 1074 3054 3295 1153 2038 1805 2462 1465 2799 1181 2198 2959 1259 547 3151 2402 1069 1164 2226 2327 2666 2115 2534 1374 1489 1185 2723 1463 2647 1854 2130 1083 2134 2359 2446 2149 1798 1966 734 1651 2014 1595 2798 1641 2960 1480 2257 568 2484 2538 983 2896 3021 3330 1845 2389 844 2629 2337 1424 2895 576 1226 1885 1642 1618 1366 3075 1205 1356 714 2905 3494 2403 2591 977 1957 1438 3108 2287 1299 1858 1282 2101 1241 1288 3077 2108 3041 1808 2105 981 1622 3064 2601 2131 2297 2901 2978 829 1502 1593 2842 1872 2579 1853 2304 1560 1548 2631 1744 2546 1871 2943 1940 2111 1605 2815 1085 1057 2480 2471 2139 2725 1041 396 1566 2273 1856 1205 1144 670 2549 2029 834 811 1873 961 1723 1983 2114 1439 3525 779 2700 2902 1903 2471 1108 1264 821 1256 1958 2428 2175 1112 1192 3141 2856 1179 2704 2686 820
834 2092 2037 1208 1494 2566 2307 1214 2645 2038 2565 2298 474 2334 3019 956 2912 2370 3733 2721 2038 2107 1866 3458 1214 670 360 2059 2586 2400 3019 1361 2440 3119 2754 645 1635 1792 2676 2134 2980 2391 2154 3089 1862 1595 3075 2770 2913 1295 2000 3250 967 1081 2617 1480 2807 1238 2203 2669 3247 1946 1627 1750 2760 815 2484 668 3695 984 2131 1790 3432 744 2206 710 2947 764 3238 3571 1434 2348 2085 2579 1771 2869 1318 2473 3003 1396 780 3191 2684 769 1137 2245 2630 2703 2425 2649 1681 1635 889 2976 1706 2813 2164 2208 1202 2321 2612 2756 2234 1772 2271 946 1960 2173 1882 2914 1882 2995 1638 2560 870 2692 2783 676 2937 3096 3583 2152 2698 1009 2769 2600 1694 3044 695 1396 2099 1869 1716 1674 3320 1468 1103 666 2959 3766 2614 2741 1002 2113 1745 3346 2302 1179 1893 1400 2213 1135 1594 3327 2417 3335 2111 2392 1286 1930 3271 2821 2431 2395 2998 3247 877 1788 1702 3047 2180 2793 2086 2553 1853 1668 2832 1841 2826 2135 3204 2073 2417 1585 2919 780 1231 2653 2781 2244 3006 1031 703 1784 2550 1997 1457 1453 980 2768 2298 526 508 1973 1266 1730 1976 2300 1749 3796 836 2792 3171 2210 2620 819 974 521 1561 2216 2684 2482 1256 885 3423 3099 1370 2944 2975 924
2012 625 769 2159 2323 1047 681 2654 1821 2130 2997 2119 2051 3121 1931 1569 2077 2599 2969 3392 1408 1002 1914 2526 1257 1769 2059 360 1976 2732 3777 1520 2379 2296 3363 1966 843 2676 1986 2435 2583 2602 2871 2480 1606 837 3747 1710 2808 2522 419 2375 2658 1990 1753 1318 2535 2781 1985 3475 3130 3043 2270 2198 1251 1914 803 2328 2829 2659 2089 645 2409 2385 596 1743 2429 2451 3150 2677 987 1041 487 2980 755 3440 2060 1835 3677 2095 1641 3860 1902 2468 2374 3117 1539 3439 1090 3042 833 2185 2588 2422 1746 2909 866 2857 2063 2417 2148 1293 2849 2872 1257 1785 809 2463 540 3260 1825 3706 2139 1474 1624 2549 2340 2340 3628 3616 2924 723 1306 1889 3020 2058 1560 3198 1749 1985 2110 1910 2419 863 2776 1585 2760 2080 3593 2896 2472 2938 2176 2436 1126 2847 3180 2602 2774 2159 2713 2535 1180 2734 1177 2254 1232 1646 1332 1084 3024 2567 765 2920 3430 2479 2068 635 2369 2852 767 2585 1975 2146 1360 2308 2704 2509 2038 677 2528 2518 1314 2700 3323 2478 1915 2741 1301 2767 2156 2263 1745 1927 1876 2429 1651 1164 1477 2537 1798 2225 2176 2592 1348 2736 2980 2405 977 2936 2033 3274 2421 1159 2845 2515 2670 2180 1206 1854 2175 908 2014 2581 2481 2614 1900 2503 2036 1989
2121 1713 1568 1983 1882 1599 2228 2577 623 1151 1790 855 2497 2180 1035 2028 732 1387 1517 2264 1005 1334 1166 1250 2314 2316 2586 1976 360 1546 2637 1590 1027 902 2192 2321 2191 2034 472 1394 970 1373 1968 902 1084 1903 2543 927 1272 2303 1973 1039 2964 1968 682 1531 965 2773 840 2444 1551 2430 1701 1511 1592 2158 1935 2671 1469 2912 1011 2060 1270 2674 1806 2487 817 2944 1579 1350 2078 1368 2103 1753 1730 2220 1804 504 2489 1759 2354 2635 569 2884 2265 2258 979 2356 1367 1789 1739 1611 2961 817 1260 1473 1479 1898 1911 1190 567 1512 1862 2337 1086 2005 1546 1392 2000 1913 1104 2541 1566 993 2112 1051 731 2891 2462 2322 1396 1628 1396 1980 1664 457 1252 1738 2475 1681 1066 1160 1780 1708 1185 1477 2941 2371 2389 1540 1002 1565 2177 1416 1397 1245 2302 2532 2075 1809 1688 2478 1496 1162 1250 1231 1112 689 1744 1307 1417 1000 1883 1822 2108 1021 2193 2014 1736 1271 1591 1038 965 615 1164 1702 1175 1769 638 2293 994 1558 1082 2267 2004 2917 1792 1349 1543 1736 813 2236 2280 1261 465 1520 1492 1663 2076 988 647 2715 2733 1751 1759 2178 2302 1195 1516 1570 2203 2025 945 1179 1523 2878 3001 2747 1512 747 564 1697 1828 3018 1222 1002 1656 888 855 2102
1807 2521 2361 1556 1285 2627 3044 1937 1802 962 628 1084 2286 1026 2216 2075 1869 520 2223 1085 1735 2178 1182 2236 2606 2261 2400 2732 1546 360 1469 1731 882 1930 1024 2121 2714 1146 1646 670 1378 533 878 1666 1487 2427 1400 2104 1042 1657 2702 2055 2494 1685 1848 1858 1171 2124 1181 1257 1295 1430 1132 1032 2684 1962 2875 2318 2310 2419 1025 2676 2334 2280 2655 2495 1503 2618 1270 2261 2505 2340 2850 608 2362 1079 1447 1587 1337 1368 2398 1506 1756 2518 1728 1134 2116 1170 2373 671 2315 1133 2542 1555 1368 815 2348 784 1558 724 1371 2615 738 1421 2040 1889 2296 635 2670 914 1267 1380 1142 2103 2126 988 1365 2623 1300 1243 2009 2475 2499 1780 729 1464 1545 1005 2475 1396 992 1185 1064 2278 1717 1608 2387 2100 1243 2364 974 708 1777 679 1968 1689 1164 1913 1118 1359 604 1889 1949 1774 2267 2353 1952 1723 1984 2024 1408 1155 2812 641 1062 1926 1885 2634 1065 1207 2456 1092 1139 1301 1735 1093 1022 953 1788 3026 1798 686 2117 1458 959 2559 1564 717 2649 619 1917 1781 2233 1188 1622 765 1560 2047 2190 1111 1466 2456 2517 834 1985 1300 1287 725 2120 2373 1923 902 1868 2092 591 2475 2541 2533 1936 1341 1429 2677 1514 2631 2229 1531 1454 1413 2014 1838
2459 3587 3430 2233 1956 3731 4096 2267 2898 2042 1210 2193 2910 1060 3293 2903 2930 1628 3060 750 2828 3265 2234 3208 3482 2995 3019 3777 2637 1469 360 2674 1972 2947 806 2789 3680 1603 2730 1723 2323 1636 1291 2638 2555 3416 530 3202 1893 2090 3741 3055 2853 2416 2948 2845 2153 2384 2289 709 1913 1474 1922 1947 3793 2671 3962 2821 3203 2770 2127 3680 3337 2756 3726 3229 2496 3085 1865 3195 3450 3441 3888 1244 3390 789 2220 2691 533 2153 3168 581 2845 2968 2241 1134 3223 701 3477 1210 3330 1985 2939 2548 2390 1602 3433 1286 2289 1833 2447 3724 1289 1625 3144 2667 3359 1703 3691 1163 2331 465 2023 3212 2926 1992 2395 3137 536 816 2839 3552 3609 2536 1371 2549 2577 1465 3207 2236 2088 2239 1779 3295 2584 2575 2682 2721 629 3242 2014 1468 2392 1716 3012 2524 1076 2275 1497 2108 1427 2292 2964 2660 3374 3385 3046 2832 2919 3095 2121 2125 3898 1227 990 2899 2535 3642 1819 2022 3537 2063 2238 2385 2803 1878 1940 1664 2857 4052 2755 1620 3225 1800 1061 3008 2373 1668 3758 1372 2963 2349 2978 2211 2721 1708 2515 3026 3033 2100 2576 3009 3092 1559 2914 1648 1410 1835 3159 3240 2585 984 2855 3190 1481 2901 2900 3107 2943 2450 2495 3774 2287 3042 3210 2459 2317 2386 3078 2535
990 1403 1278 1022 1162 1761 1839 1593 1644 1192 1971 1371 1280 1992 2032 801 1911 1637 2745 2301 1048 1239 969 2456 1241 1086 1361 1520 1590 1731 2674 360 1571 2119 2290 1112 1366 1518 1677 1421 2038 1650 1746 2108 867 1106 2667 1788 2060 1402 1474 2249 1811 887 1619 572 1890 1759 1254 2353 2407 1882 1123 1094 1923 965 1827 1490 2697 1777 1236 1375 2432 1511 1546 1268 1977 1737 2409 2571 1142 1488 1614 1966 1126 2383 901 1473 2595 934 1140 2785 1682 1693 1279 1972 1662 2332 1559 2035 1048 1049 1786 2000 770 2043 1357 1749 924 1512 1637 1895 1750 1713 1328 801 1192 1458 1402 2286 942 2614 1010 1597 884 1811 1821 1673 2539 2584 2607 1413 1814 830 2078 1612 698 2316 1254 825 1223 969 1272 1017 2357 494 1838 1184 2520 2769 1728 2018 1108 1412 855 2393 2036 1540 1619 998 1642 1474 726 2355 1516 2340 1163 1393 613 1032 2385 1911 1762 1854 2426 2252 1055 1340 1225 2168 1421 1896 1158 1586 867 1164 1966 1374 1824 1759 2217 1451 1474 1546 2326 1722 767 1869 1926 1692 2004 1191 1049 921 1549 1358 531 721 874 1862 1302 1500 1509 1475 614 1575 1820 1493 948 2800 1045 2243 2176 1290 1905 1702 1842 1522 693 1235 1705 1726 862 1827 2422 2141 740 1990 1975 959
1883 2142 1982 1667 1467 2171 2675 2185 1286 762 1123 621 2334 1534 1694 1989 1348 726 1809 1597 1335 1773 963 1746 2439 2234 2440 2379 1027 882 1972 1571 360 1424 1526 2155 2453 1495 1124 806 958 709 1344 1195 1167 2154 1884 1590 849 1896 2359 1554 2674 1731 1336 1628 752 2383 753 1779 1196 1857 1277 1095 2205 1985 2455 2435 1859 2609 695 2377 1829 2416 2265 2449 1026 2732 1198 1790 2275 1897 2504 1088 2044 1559 1508 1081 1827 1439 2332 1980 1236 2649 1911 1626 1616 1689 1920 1127 2016 1219 2699 1075 1161 889 1941 1263 1630 553 849 2131 1223 1800 1593 1867 1930 787 2349 1281 997 1877 1194 1611 2059 611 869 2710 1798 1679 1612 2080 2015 1791 1030 942 1287 1179 2432 1410 711 962 1295 1980 1320 1437 2606 2168 1728 1920 537 936 1891 833 1649 1319 1664 2149 1509 1463 1052 2108 1675 1357 1808 1837 1536 1236 1804 1655 1191 756 2395 1162 1470 1443 1959 2331 1267 968 2054 717 790 778 1392 1257 757 1238 1266 2689 1330 969 1648 1778 1363 2687 1569 726 2165 1094 1400 1925 2200 1028 1108 968 1412 1809 2081 701 992 2534 2576 1177 1811 1652 1719 568 1800 1936 1985 1366 1378 1660 870 2623 2718 2592 1673 894 909 2239 1560 2775 1734 1105 1430 961 1492 1887
2663 2032 1913 2522 2409 1758 2493 3112 869 1659 2134 1343 3033 2594 838 2550 587 1783 1039 2603 1479 1686 1703 709 2782 2842 3119 2296 902 1930 2947 2119 1424 360 2516 2858 2598 2526 803 1853 1001 1762 2408 697 1617 2329 2828 964 1433 2834 2308 498 3506 2511 924 2038 1153 3309 1364 2809 1580 2909 2223 2030 1668 2697 2136 3212 943 3455 1519 2439 765 3216 2089 3002 812 3482 1623 812 2522 1622 2418 2092 2132 2518 2344 1005 2784 2297 2867 2903 807 3425 2803 2690 1125 2706 1588 2109 2161 2137 3502 761 1802 1709 1792 2327 2453 1614 963 1583 2286 2833 1421 2541 1917 1841 2362 2163 1646 2844 2095 1184 2636 1321 925 3427 2770 2571 994 1933 1489 2520 1936 919 1784 1914 2991 2222 1573 1698 2288 2136 932 2012 3482 2911 2683 1015 1317 1838 2719 1878 1858 1020 2727 3068 2556 2345 2116 3015 1979 861 1485 798 1514 1114 2251 1728 1380 1182 2099 2211 2356 545 2735 2395 2248 1345 1890 1244 1493 1041 1658 2219 1370 2262 658 2602 644 2020 1342 2779 2263 3458 2334 1644 1605 2157 500 2777 2805 1798 929 1999 2030 2147 2588 1208 1185 3252 3267 2223 2268 2677 2774 1625 1952 1049 2744 2323 506 1520 1837 3420 3543 3280 2000 1288 889 1890 2370 3559 684 900 2198 926 636 2644
