140 1808 999 1389 2177 659 956 2377 3101 1860 2790 2392 483 795 702 3143 1961 982 2499 1110 1872 2474 2409 827 2371 2214 2739 2588 1224 674 545 730 2253 1566 2620 1281 2320 873 2042 1008 1089 1602 1362 953 2683 931 2073 776 2868 509 2263 2106 1202 2025 2353 2351 1450 1112 1649 1090 1679 2100 2264 3057 1617 2154 791 921 2437 1829 1682 312 621 1356 789 489 2215 1696 2315 1802 2341 1997 749 2568 1540 1078 2155 680 1339 1373 1164 2624 2941 1154 1881 1718 1388 1270 1957 1845 1806 894 2358 1722 2209 1630 1865 1132 689 2116 1883 2329 2688 882 1457 2503 3113 1869 2125 1416 1531 892 2289 382 1057 1150 2954 1917
1908 360 2222 1063 2097 1926 2724 1902 1788 574 1348 1637 2237 1975 1491 1829 812 1862 1100 2435 639 1314 2250 1816 1989 2024 1734 1448 1825 1539 2245 2007 1448 1888 1214 1295 1298 1307 1221 2675 2212 1271 1448 1955 1247 1871 626 1576 1505 1931 1543 826 1112 1753 1517 912 891 2152 1820 1104 2045 1327 831 1718 1747 1260 2458 1312 2603 1521 490 2026 1826 2274 1473 1806 1120 2121 896 1310 1867 1007 2354 1218 1087 1135 724 1890 828 803 2483 1782 1510 2405 1224 2185 803 900 2509 1847 1158 1534 1532 1180 2349 2242 719 1070 1488 2052 1383 2088 1321 1323 903 1588 1807 426 1942 1417 2314 1922 1572 1921 2012 1188 1648 863
1099 2222 360 2084 3070 1615 1383 3200 3640 2178 3183 3139 1272 635 1227 3682 2528 1925 2762 2034 2391 3081 3300 771 3215 1880 3422 3209 2152 1170 962 1689 2204 2483 2879 2065 2365 1522 2066 1029 2045 2370 2196 1907 3093 714 2455 1631 3366 1467 3011 2634 1889 1781 3073 2764 2071 540 1324 1514 2611 2080 2595 3576 2505 2837 1592 1307 3375 1679 2124 1253 857 2315 1162 982 2325 2636 2621 2561 3161 2120 807 2775 1648 1717 2585 1632 1805 1801 2085 3359 3355 2091 2604 2664 1917 1731 2913 2730 1843 1050 2293 2451 3137 2584 2117 1536 1265 3008 2653 3200 3181 1325 2085 3207 3657 2288 1809 2239 2490 660 2188 1338 2013 1394 3497 2513
1489 1063 2084 360 1540 1343 2274 1516 2089 1244 1893 1415 1767 1809 1218 2130 976 1195 1787 1782 954 1448 1738 1688 1559 2453 1720 1559 1125 1276 1883 1403 2048 1200 1893 593 1955 926 1801 2347 1541 683 749 1295 1776 1785 1290 1012 1881 1398 1287 1141 556 2184 1351 1477 534 2084 2073 1016 1363 1903 1506 2054 1081 1130 1908 1174 2001 1931 951 1565 1597 1575 1290 1510 1786 1435 1580 848 1477 1624 2053 1917 1441 728 1292 1301 851 912 1825 1635 2015 1739 880 1497 724 877 1824 1232 1648 1448 2146 728 1739 1543 1351 1023 1184 1484 943 1597 1712 1136 520 1492 2099 1094 2360 727 1611 1809 2152 1436 1335 1241 1942 913
2277 2097 3070 1540 360 1913 2854 832 2265 2310 2494 1171 2420 2806 2245 2294 1725 1579 2666 1931 1852 1711 592 2728 725 3633 1576 1713 1326 2296 2670 1890 3175 984 2737 1426 3035 1971 2936 3106 1699 1227 1257 1646 2387 2839 2219 1799 2242 2051 1134 1850 1676 3363 1270 2232 1678 3120 3242 2173 928 3041 2400 2296 925 1369 2359 2287 879 3109 2032 2288 2578 1479 2359 2448 2856 963 2480 1147 827 2735 2886 2830 2619 1842 2124 1879 2030 2089 1936 1325 2523 1843 1246 994 1896 2057 1117 701 2811 2542 3264 1280 666 1149 2447 2187 2199 422 1079 568 2160 2235 1659 1385 2258 2093 3540 1231 1333 2844 3291 2161 1574 2405 2160 1643
759 1926 1615 1343 1913 360 1346 2162 3064 2034 2858 2232 871 1393 1052 3105 1958 695 2661 929 1912 2412 2144 1387 2140 2695 2615 2512 947 1063 1125 460 2600 1291 2778 1165 2614 1018 2367 1552 819 1465 1182 654 2743 1500 2189 710 2865 509 2107 2120 1200 2476 2215 2428 1460 1717 2155 1332 1391 2442 2397 3034 1368 2051 926 1249 2143 2252 1796 744 1186 1067 1186 1037 2482 1403 2461 1658 2128 2272 1346 2759 1872 1152 2233 402 1490 1543 985 2467 2990 940 1763 1422 1482 1439 1658 1592 2143 1353 2706 1610 1920 1331 2079 1375 1009 1853 1727 2079 2696 1190 1460 2371 3072 1978 2601 1244 1236 1474 2660 636 758 1484 2918 1897
1056 2724 1383 2274 2854 1346 360 3142 4001 2769 3707 3218 866 1383 1605 4043 2866 1653 3407 1377 2785 3362 3080 1516 3112 2880 3593 3470 1902 1566 888 1339 3073 2233 3529 2131 3176 1788 2885 807 1540 2442 2167 1573 3599 1567 2989 1626 3776 1247 3092 3015 2098 2745 3197 3268 2354 1562 2309 1998 2297 2928 3178 3961 2337 3020 866 1814 2989 2593 2599 1073 1368 1810 1663 1316 3089 2286 3227 2639 3109 2870 939 3468 2395 1988 3072 1387 2256 2287 1405 3452 3858 1465 2736 2284 2304 2185 2424 2553 2647 1709 3173 2580 2804 2153 2764 2039 1600 2797 2711 3035 3599 1784 2359 3352 4011 2786 2802 2228 1997 1502 3088 1198 1639 2024 3853 2817
2477 1902 3200 1516 832 2162 3142 360 1807 2115 2106 734 2671 2926 2338 1834 1471 1849 2357 2298 1629 1305 810 2822 483 3533 1109 1281 1605 2394 2882 2163 2988 1305 2412 1494 2813 2045 2763 3338 2047 1200 1377 1935 2007 2925 1961 1965 1814 2284 751 1557 1695 3259 857 1908 1604 3220 3211 2171 1317 2870 2114 1846 1169 1039 2669 2326 1284 3012 1869 2510 2703 1869 2430 2590 2634 1373 2190 1031 399 2548 3084 2527 2528 1872 1838 2123 1964 2013 2311 854 2112 2215 1056 1419 1822 2010 1586 975 2677 2598 3068 1165 1127 1570 2261 2175 2297 847 936 658 1754 2284 1585 939 1798 1881 3444 1327 1749 2943 3113 2376 1887 2392 1711 1403
3201 1788 3640 2089 2265 3064 4001 1807 360 1889 1053 1455 3494 3384 2846 402 1502 2855 1592 3425 1615 1018 2248 3230 1929 3252 1066 946 2686 2901 3580 3113 2515 2523 1554 2261 2255 2596 2390 4034 3165 1990 2291 2958 1055 3293 1596 2741 667 3127 1516 1371 2262 3011 1372 1300 2011 3579 3197 2493 2612 2475 1550 463 2345 1411 3631 2704 2728 2827 1877 3289 3212 3088 2861 3165 2121 2687 1576 1828 1803 2185 3723 1731 2482 2386 1441 3021 2200 2199 3457 1324 915 3362 1696 2746 2105 2275 2985 2264 2457 2950 2543 1831 2569 2877 2005 2467 2830 2264 1798 2105 836 2700 2004 1240 386 1723 3191 2229 3029 3341 2647 3163 2963 2613 507 1544
1960 574 2178 1244 2310 2034 2769 2115 1889 360 1364 1842 2297 1948 1524 1928 1015 2006 999 2565 847 1480 2465 1784 2203 1831 1911 1612 1993 1565 2270 2121 1234 2080 1120 1469 1087 1388 1010 2680 2354 1476 1633 2094 1279 1824 653 1689 1591 2021 1752 999 1259 1563 1720 960 1070 2090 1674 1131 2240 1116 780 1809 1946 1466 2542 1322 2814 1341 654 2089 1824 2437 1481 1827 911 2315 819 1523 2080 793 2357 1084 953 1245 811 2000 904 855 2616 1978 1539 2542 1439 2378 932 961 2704 2055 970 1507 1317 1391 2559 2427 508 1090 1530 2264 1597 2303 1412 1346 1085 1781 1910 597 1752 1606 2489 1880 1358 1996 2159 1153 1756 1073
2890 1348 3183 1893 2494 2858 3707 2106 1053 1364 360 1733 3213 2948 2479 1079 1290 2726 912 3314 1306 1161 2550 2785 2227 2595 1506 1213 2619 2527 3234 2928 1844 2557 862 2112 1578 2281 1747 3663 3068 1930 2206 2827 478 2828 1092 2510 773 2885 1729 1121 2018 2368 1609 799 1758 3094 2607 2092 2684 1822 955 951 2383 1490 3411 2298 3005 2208 1469 3002 2810 3061 2460 2795 1460 2764 950 1837 2087 1561 3341 1039 1935 2090 995 2818 1815 1792 3356 1716 541 3267 1697 2828 1764 1888 3118 2379 1853 2506 1863 1775 2796 2931 1443 2057 2475 2473 1851 2387 724 2311 1760 1550 1079 1284 2541 2153 3050 2884 1973 2890 2860 2153 984 1369
2492 1637 3139 1415 1171 2232 3218 734 1455 1842 1733 360 2725 2864 2272 1485 1186 1952 2012 2466 1357 932 1183 2743 857 3297 791 908 1734 2330 2896 2252 2704 1495 2058 1470 2510 1979 2491 3361 2207 1150 1410 2048 1637 2837 1652 1977 1441 2335 489 1238 1610 3025 492 1560 1453 3136 3029 2039 1553 2596 1784 1485 1327 736 2776 2219 1653 2785 1629 2543 2651 2074 2344 2555 2333 1623 1857 950 720 2270 3083 2183 2316 1783 1514 2190 1793 1832 2489 594 1738 2391 895 1678 1653 1851 1895 1196 2432 2494 2776 1048 1476 1818 1990 2034 2237 1169 869 1026 1380 2187 1436 574 1449 1604 3213 1349 1984 2863 2833 2409 2023 2242 1349 1136
583 2237 1272 1767 2420 871 866 2671 3494 2297 3213 2725 360 1137 1145 3536 2361 1201 2937 1129 2284 2855 2651 1212 2651 2617 3093 2964 1454 1117 680 893 2691 1796 3058 1629 2763 1292 2483 1048 1190 1943 1677 1139 3103 1301 2503 1121 3272 750 2598 2512 1592 2441 2699 2774 1848 1419 2044 1530 1885 2539 2697 3455 1879 2516 697 1365 2619 2254 2109 571 1018 1471 1231 911 2659 1887 2751 2141 2637 2440 895 3009 1981 1487 2578 909 1770 1806 1177 2959 3360 1195 2235 1898 1808 1702 2094 2102 2246 1324 2795 2077 2410 1786 2306 1572 1130 2360 2216 2589 3095 1325 1853 2853 3505 2297 2530 1736 1658 1250 2724 691 1226 1593 3347 2311
895 1975 635 1809 2806 1393 1383 2926 3384 1948 2948 2864 1137 360 952 3425 2263 1685 2551 1862 2131 2814 3035 525 2943 1867 3150 2942 1902 895 876 1475 2075 2227 2671 1792 2208 1247 1910 1131 1840 2095 1926 1678 2855 544 2217 1370 3114 1249 2736 2374 1614 1722 2799 2523 1799 686 1292 1251 2360 1939 2368 3322 2241 2564 1473 1041 3126 1576 1871 1062 588 2099 891 727 2148 2390 2399 2286 2888 1936 827 2578 1455 1442 2339 1404 1544 1545 1915 3084 3118 1909 2329 2421 1650 1469 2683 2465 1678 801 2172 2176 2883 2350 1899 1277 990 2744 2378 2932 2930 1054 1813 2933 3400 2041 1785 1967 2268 480 2078 1122 1785 1155 3239 2245
802 1491 1227 1218 2245 1052 1605 2338 2846 1524 2479 2272 1145 952 360 2888 1708 1239 2162 1617 1594 2250 2470 846 2359 2007 2567 2373 1407 418 1114 1152 1937 1701 2283 1205 1986 654 1716 1552 1498 1503 1351 1271 2376 954 1752 857 2593 964 2144 1836 1022 1784 2209 2042 1220 1243 1482 753 1849 1781 1934 2793 1687 1978 1429 581 2605 1561 1371 947 741 1708 498 679 1875 1891 1982 1693 2299 1657 1236 2226 1212 853 1848 1039 1025 1048 1673 2493 2638 1632 1738 1932 1102 951 2226 1904 1483 683 2043 1584 2353 1889 1523 793 410 2183 1785 2358 2410 540 1232 2346 2861 1555 1912 1388 1848 965 1986 887 1375 817 2699 1680
3243 1829 3682 2130 2294 3105 4043 1834 402 1928 1079 1485 3536 3425 2888 360 1544 2895 1622 3464 1657 1058 2274 3272 1956 3286 1090 983 2725 2943 3622 3154 2546 2560 1581 2302 2285 2638 2425 4077 3204 2030 2331 2998 1086 3334 1635 2782 703 3168 1549 1413 2304 3046 1406 1337 2053 3620 3235 2535 2647 2509 1585 489 2382 1449 3672 2746 2754 2864 1918 3331 3254 3126 2903 3207 2153 2722 1610 1867 1831 2221 3765 1758 2521 2428 1480 3063 2242 2241 3496 1348 935 3401 1735 2781 2147 2317 3017 2298 2494 2991 2573 1871 2597 2912 2043 2508 2872 2294 1836 2132 875 2742 2046 1271 396 1764 3225 2269 3065 3382 2678 3205 3002 2654 549 1586
2061 812 2528 976 1725 1958 2866 1471 1502 1015 1290 1186 2361 2263 1708 1544 360 1800 1309 2387 534 915 1851 2116 1567 2476 1302 1046 1689 1764 2438 2019 1882 1650 1392 1185 1702 1454 1664 2893 2139 1010 1276 1902 1172 2190 856 1619 1271 2004 1099 529 1129 2205 1066 909 872 2486 2247 1374 1790 1770 1037 1456 1484 810 2521 1582 2243 1970 825 2153 2080 2133 1734 2025 1522 1870 1116 962 1439 1445 2583 1468 1518 1244 764 1916 1085 1100 2428 1332 1401 2339 840 1935 972 1158 2243 1526 1610 1841 1958 866 2001 2023 1164 1353 1690 1687 1009 1684 1098 1571 867 1140 1515 777 2393 1225 2131 2232 2009 2030 1931 1529 1354 446
1082 1862 1925 1195 1579 695 1653 1849 2855 2006 2726 1952 1201 1685 1239 2895 1800 360 2601 947 1789 2196 1810 1654 1819 2871 2353 2284 613 1269 1460 675 2677 956 2712 974 2653 1088 2434 1887 710 1226 925 463 2608 1769 2110 753 2682 840 1831 1968 1110 2633 1950 2312 1346 2011 2361 1409 1057 2521 2325 2835 1044 1815 1186 1392 1815 2394 1736 1077 1466 837 1377 1319 2503 1074 2395 1404 1816 2307 1679 2718 1965 1137 2125 665 1483 1545 990 2185 2842 905 1524 1098 1433 1451 1361 1263 2227 1562 2783 1383 1587 1025 2078 1447 1190 1519 1460 1749 2523 1330 1340 2108 2860 1904 2776 988 968 1754 2754 960 516 1606 2712 1728
2599 1100 2762 1787 2666 2661 3407 2357 1592 999 912 2012 2937 2551 2162 1622 1309 2601 360 3175 1223 1485 2772 2386 2467 2045 1906 1585 2552 2201 2903 2744 1291 2575 481 2020 1026 2024 1208 3301 2951 1935 2159 2695 897 2410 857 2312 1292 2656 1966 1175 1852 1823 1879 811 1621 2652 2093 1770 2724 1275 642 1492 2418 1680 3180 1956 3185 1679 1228 2729 2447 3002 2112 2460 912 2803 566 1910 2330 1043 2979 531 1477 1868 904 2625 1537 1493 3224 2064 1087 3145 1788 2868 1540 1599 3183 2475 1343 2118 1311 1807 2948 2942 1013 1728 2170 2631 1957 2604 1170 1983 1630 1873 1618 1057 1993 2119 3030 2472 1420 2635 2750 1768 1500 1395
1210 2435 2034 1782 1931 929 1377 2298 3425 2565 3314 2466 1129 1862 1617 3464 2387 947 3175 360 2375 2766 2143 1894 2240 3250 2885 2846 1101 1623 1449 829 3168 1352 3289 1562 3175 1576 2933 1748 621 1796 1496 846 3196 2000 2689 1242 3263 1020 2354 2556 1684 3038 2484 2899 1929 2169 2698 1896 1363 3010 2903 3410 1503 2376 881 1818 1989 2818 2307 1160 1688 818 1748 1545 3036 1331 2971 1959 2270 2830 1661 3285 2440 1680 2711 950 2028 2085 416 2694 3429 451 2088 1313 1998 1984 1411 1682 2711 1905 3274 1956 1827 1167 2624 1938 1576 1881 2002 2130 3107 1759 1924 2642 3429 2481 3158 1556 996 1962 3230 1128 822 2054 3285 2314
1972 639 2391 954 1852 1912 2785 1629 1615 847 1306 1357 2284 2131 1594 1657 534 1789 1223 2375 360 1069 1992 1979 1720 2302 1471 1203 1707 1648 2337 1981 1719 1712 1319 1182 1551 1359 1497 2786 2135 1073 1303 1888 1191 2048 736 1565 1359 1943 1265 603 1072 2031 1238 883 812 2340 2076 1239 1861 1604 941 1558 1556 980 2467 1450 2365 1796 655 2073 1957 2157 1606 1914 1371 1940 1020 1069 1595 1280 2471 1371 1346 1157 699 1872 946 951 2419 1506 1440 2334 966 2005 852 1021 2322 1626 1437 1701 1799 952 2117 2080 995 1214 1581 1810 1132 1827 1178 1445 814 1313 1630 612 2219 1260 2173 2092 1845 1956 1929 1377 1469 585
2574 1314 3081 1448 1711 2412 3362 1305 1018 1480 1161 932 2855 2814 2250 1058 915 2196 1485 2766 1069 360 1752 2670 1427 2945 799 494 2029 2306 2962 2458 2279 1882 1515 1607 2054 1981 2095 3422 2507 1331 1632 2300 1067 2745 1225 2096 899 2481 938 848 1631 2682 809 1043 1393 3041 2774 1928 1983 2195 1298 1007 1703 759 2978 2134 2214 2462 1363 2653 2626 2437 2283 2563 1886 2060 1361 1173 1288 1872 3118 1656 2041 1770 1062 2369 1640 1655 2799 940 1172 2704 1039 2122 1524 1712 2384 1647 2091 2396 2336 1173 2017 2244 1623 1908 2227 1697 1151 1590 810 2120 1383 756 1024 1261 2869 1571 2388 2786 2412 2524 2304 2083 878 930
2509 2250 3300 1738 592 2144 3080 810 2248 2465 2550 1183 2651 3035 2470 2274 1851 1810 2772 2143 1992 1752 360 2954 686 3823 1544 1731 1557 2521 2902 2119 3336 1214 2834 1641 3183 2192 3101 3337 1918 1417 1479 1875 2449 3064 2348 2029 2264 2283 1183 1959 1885 3551 1302 2328 1865 3347 3448 2381 1146 3207 2517 2291 1156 1453 2583 2504 840 3299 2195 2520 2806 1686 2581 2677 3003 1172 2595 1309 824 2895 3118 2940 2808 2055 2239 2110 2222 2280 2144 1285 2561 2053 1387 1193 2085 2255 1251 930 2989 2762 3422 1447 742 1346 2605 2394 2424 653 1228 528 2202 2453 1845 1388 2238 2240 3731 1449 1529 3070 3456 2393 1801 2612 2157 1773
927 1816 771 1688 2728 1387 1516 2822 3230 1784 2785 2743 1212 525 846 3272 2116 1654 2386 1894 1979 2670 2954 360 2846 1765 3015 2799 1854 792 993 1477 1925 2167 2505 1691 2050 1137 1752 1292 1844 1985 1837 1659 2693 475 2055 1308 2957 1253 2615 2223 1496 1600 2672 2362 1665 758 1192 1102 2308 1785 2204 3167 2167 2432 1549 896 3071 1437 1715 1100 566 2091 758 712 1986 2343 2235 2172 2784 1772 981 2413 1291 1320 2179 1392 1393 1390 1949 2959 2956 1933 2207 2379 1506 1319 2655 2387 1518 641 2023 2057 2823 2319 1734 1125 890 2666 2265 2844 2773 918 1680 2802 3247 1882 1679 1874 2251 480 1933 1131 1767 992 3086 2102
2471 1989 3215 1559 725 2140 3112 483 1929 2203 2227 857 2651 2943 2359 1956 1567 1819 2467 2240 1720 1427 686 2846 360 3604 1229 1404 1570 2414 2874 2134 3077 1253 2525 1514 2909 2069 2849 3325 1995 1237 1381 1900 2127 2951 2062 1965 1937 2268 865 1662 1730 3331 978 2019 1661 3243 3267 2215 1246 2955 2220 1969 1135 1147 2632 2361 1160 3082 1949 2497 2718 1802 2458 2600 2729 1296 2297 1086 499 2636 3081 2637 2595 1907 1943 2102 2022 2074 2251 972 2235 2155 1131 1337 1881 2064 1482 923 2754 2630 3159 1224 1010 1491 2348 2222 2317 750 994 537 1877 2317 1641 1062 1920 1971 3515 1336 1672 2965 3201 2365 1845 2440 1834 1496
2314 2024 1880 2453 3633 2695 2880 3533 3252 1831 2595 3297 2617 1867 2007 3286 2476 2871 2045 3250 2302 2945 3823 1765 3604 360 3381 3075 2995 1992 2383 2795 1120 3224 2119 2602 1389 2156 1224 2549 3146 2767 2786 2914 2563 1686 2083 2478 2945 2590 3197 2469 2339 633 3181 2332 2317 1701 935 1864 3387 1137 2068 3158 3148 2921 2953 1839 4088 883 2030 2486 1960 3347 1870 2085 1495 3445 2037 2883 3496 1440 2304 1948 1374 2198 2249 2685 1962 1903 3307 3446 2772 3273 2836 3497 2097 1939 3814 3322 1225 1705 1133 2743 3825 3487 1684 1838 2053 3577 2971 3673 2791 1902 2337 3251 3277 2064 455 2791 3473 1746 1004 2486 3016 1640 3141 2521
2839 1734 3422 1720 1576 2615 3593 1109 1066 1911 1506 791 3093 3150 2567 1090 1302 2353 1906 2885 1471 799 1544 3015 1229 3381 360 682 2146 2625 3239 2644 2718 1923 1923 1824 2492 2283 2533 3704 2624 1511 1795 2452 1435 3099 1663 2334 1137 2706 891 1273 1915 3115 763 1475 1711 3399 3188 2282 1984 2634 1734 1118 1753 949 3169 2480 2024 2891 1767 2902 2948 2502 2620 2868 2325 2054 1795 1316 1110 2310 3413 2074 2457 2075 1501 2572 2008 2032 2910 618 1460 2812 1219 2108 1879 2075 2317 1627 2522 2750 2775 1377 1876 2250 2056 2269 2538 1583 1253 1405 1144 2457 1697 604 1055 1685 3303 1733 2415 3134 2852 2769 2435 2460 989 1290
2688 1448 3209 1559 1713 2512 3470 1281 946 1612 1213 908 2964 2942 2373 983 1046 2284 1585 2846 1203 494 1731 2799 1404 3075 682 360 2106 2430 3079 2554 2401 1937 1605 1706 2172 2102 2221 3541 2586 1418 1718 2387 1130 2875 1352 2203 893 2586 943 982 1746 2812 803 1152 1514 3172 2908 2057 2027 2321 1413 955 1759 830 3077 2262 2202 2594 1497 2764 2751 2502 2411 2685 2006 2103 1473 1247 1269 1999 3239 1754 2175 1890 1188 2469 1771 1787 2877 863 1195 2781 1120 2163 1652 1843 2411 1682 2222 2526 2455 1264 2019 2291 1754 2038 2350 1704 1212 1574 849 2247 1503 705 947 1394 3000 1656 2442 2915 2535 2634 2386 2216 819 1056
1324 1825 2152 1125 1326 947 1902 1605 2686 1993 2619 1734 1454 1902 1407 2725 1689 613 2552 1101 1707 2029 1557 1854 1570 2995 2146 2106 360 1446 1709 926 2731 704 2657 891 2678 1199 2484 2140 840 1064 772 689 2501 1970 2055 910 2536 1088 1618 1858 1101 2746 1744 2224 1294 2227 2511 1498 818 2577 2270 2675 796 1636 1424 1525 1583 2499 1707 1326 1678 810 1540 1535 2518 849 2345 1218 1574 2335 1927 2682 2043 1183 2047 914 1507 1573 1131 1964 2721 1035 1350 885 1429 1491 1183 1011 2293 1729 2834 1225 1346 851 2084 1530 1357 1266 1260 1496 2387 1463 1283 1902 2690 1858 2899 828 862 1961 2819 1204 649 1715 2547 1609
774 1539 1170 1276 2296 1063 1566 2394 2901 1565 2527 2330 1117 895 418 2943 1764 1269 2201 1623 1648 2306 2521 792 2414 1992 2625 2430 1446 360 1067 1163 1949 1745 2323 1260 2007 711 1732 1500 1515 1560 1404 1295 2425 902 1799 895 2646 965 2201 1890 1079 1775 2267 2090 1278 1189 1458 797 1891 1794 1978 2847 1736 2036 1411 609 2650 1557 1420 925 683 1733 485 628 1901 1932 2024 1751 2355 1683 1183 2262 1229 911 1898 1054 1075 1095 1679 2551 2687 1642 1796 1971 1156 1001 2261 1955 1497 654 2055 1642 2399 1925 1558 835 457 2234 1843 2411 2463 578 1290 2404 2915 1603 1898 1441 1877 911 1994 878 1401 836 2754 1737
645 2245 962 1883 2670 1125 888 2882 3580 2270 3234 2896 680 876 1114 3622 2438 1460 2903 1449 2337 2962 2902 993 2874 2383 3239 3079 1709 1067 360 1172 2545 2053 3025 1785 2649 1344 2357 825 1499 2106 1867 1414 3130 1057 2506 1281 3337 980 2767 2576 1692 2232 2856 2796 1931 1121 1808 1504 2156 2400 2685 3531 2115 2651 989 1308 2905 2070 2124 743 840 1778 1151 803 2565 2167 2730 2306 2846 2347 583 2955 1869 1554 2602 1155 1779 1802 1497 3128 3391 1514 2382 2183 1846 1705 2397 2342 2120 1182 2646 2224 2685 2081 2254 1542 1119 2609 2388 2828 3155 1286 1940 3004 3593 2309 2301 1922 1963 997 2561 870 1510 1505 3432 2399
830 2007 1689 1403 1890 460 1339 2163 3113 2121 2928 2252 893 1475 1152 3154 2019 675 2744 829 1981 2458 2119 1477 2134 2795 2644 2554 926 1163 1172 360 2699 1265 2860 1212 2710 1112 2465 1581 726 1500 1208 606 2812 1589 2268 792 2922 586 2129 2183 1271 2576 2242 2500 1529 1798 2253 1429 1352 2541 2478 3087 1359 2090 885 1349 2093 2352 1877 801 1275 986 1286 1126 2576 1357 2543 1688 2129 2367 1395 2845 1971 1237 2307 483 1578 1633 885 2487 3056 839 1799 1370 1564 1529 1590 1578 2242 1452 2805 1650 1878 1269 2170 1471 1110 1830 1752 2063 2755 1290 1527 2400 3121 2058 2701 1271 1162 1561 2760 713 697 1584 2968 1955
2353 1448 2204 2048 3175 2600 3073 2988 2515 1234 1844 2704 2691 2075 1937 2546 1882 2677 1291 3168 1719 2279 3336 1925 3077 1120 2718 2401 2731 1949 2545 2699 360 2883 1359 2248 628 1959 608 2842 3003 2322 2428 2746 1820 1897 1421 2301 2209 2535 2621 1833 1998 933 2578 1623 1883 2051 1321 1635 3047 517 1355 2417 2769 2330 3000 1720 3670 896 1503 2512 2066 3146 1827 2143 759 3117 1310 2390 2954 801 2543 1188 1088 1910 1578 2577 1587 1521 3223 2820 2017 3167 2312 3177 1688 1599 3504 2902 816 1732 466 2255 3411 3203 1091 1594 1969 3127 2468 3175 2066 1775 1901 2622 2540 1467 1080 2414 3233 1966 494 2464 2833 1481 2412 1945
1666 1888 2483 1200 984 1291 2233 1305 2523 2080 2557 1495 1796 2227 1701 2560 1650 956 2575 1352 1712 1882 1214 2167 1253 3224 1923 1937 704 1745 2053 1265 2883 360 2670 997 2796 1457 2635 2483 1102 1002 815 1022 2440 2282 2084 1219 2413 1432 1394 1813 1255 2965 1532 2199 1372 2549 2773 1720 524 2735 2293 2526 538 1483 1743 1787 1264 2713 1786 1670 2000 939 1827 1862 2626 595 2372 1084 1278 2463 2271 2721 2236 1386 2042 1258 1662 1727 1368 1714 2635 1270 1225 657 1555 1665 984 690 2467 2016 2982 1146 1015 733 2192 1746 1651 925 1091 1162 2283 1728 1356 1685 2524 1907 3128 834 866 2278 2983 1546 955 1950 2393 1564
2720 1214 2879 1893 2737 2778 3529 2412 1554 1120 862 2058 3058 2671 2283 1581 1392 2712 481 3289 1319 1515 2834 2505 2525 2119 1923 1605 2657 2323 3025 2860 1359 2670 360 2126 1091 2143 1299 3422 3063 2029 2260 2807 873 2529 963 2428 1263 2775 2020 1249 1964 1907 1926 866 1729 2768 2195 1891 2816 1359 747 1452 2510 1741 3299 2077 3257 1775 1343 2850 2568 3108 2233 2581 999 2896 677 1994 2386 1149 3100 538 1592 1985 989 2742 1656 1613 3337 2095 1025 3257 1867 2961 1656 1719 3273 2558 1449 2239 1369 1895 3024 3039 1134 1850 2291 2705 2036 2667 1161 2104 1738 1909 1580 1168 2071 2219 3131 2590 1485 2755 2860 1889 1475 1479
1381 1295 2065 593 1426 1165 2131 1494 2261 1469 2112 1470 1629 1792 1205 2302 1185 974 2020 1562 1182 1607 1641 1691 1514 2602 1824 1706 891 1260 1785 1212 2248 997 2126 360 2170 916 2000 2250 1316 680 545 1077 1995 1797 1523 870 2073 1243 1341 1353 622 2338 1433 1704 763 2089 2181 1112 1161 2098 1739 2235 906 1249 1731 1222 1848 2085 1179 1438 1568 1342 1306 1459 2005 1229 1813 880 1456 1833 1974 2150 1603 777 1521 1122 1025 1090 1603 1702 2227 1515 966 1289 921 1030 1616 1094 1831 1483 2348 809 1585 1322 1569 1130 1163 1366 963 1519 1911 1172 751 1585 2269 1327 2507 554 1380 1811 2346 1304 1108 1344 2116 1113
2420 1298 2365 1955 3035 2614 3176 2813 2255 1087 1578 2510 2763 2208 1986 2285 1702 2653 1026 3175 1551 2054 3183 2050 2909 1389 2492 2172 2678 2007 2649 2710 628 2796 1091 2170 360 1958 659 2980 2990 2203 2343 2730 1559 2039 1217 2294 1951 2566 2435 1632 1936 1191 2381 1383 1783 2224 1541 1642 2958 664 1118 2156 2668 2142 3055 1764 3541 1107 1377 2572 2169 3108 1891 2227 539 3031 1064 2247 2781 705 2671 919 1142 1875 1363 2587 1533 1469 3228 2610 1751 3165 2156 3093 1611 1561 3420 2782 891 1827 649 2118 3286 3133 964 1599 2011 2990 2318 3018 1813 1812 1800 2412 2280 1303 1346 2322 3180 2107 755 2509 2809 1530 2156 1773
973 1307 1522 926 1971 1018 1788 2045 2596 1388 2281 1979 1292 1247 654 2638 1454 1088 2024 1576 1359 1981 2192 1137 2069 2156 2283 2102 1199 711 1344 1112 1959 1457 2143 916 1958 360 1720 1801 1404 1209 1073 1149 2172 1241 1574 702 2356 993 1850 1594 730 1911 1918 1842 949 1535 1677 684 1613 1802 1773 2548 1422 1693 1515 689 2356 1668 1179 1080 1031 1565 750 945 1823 1664 1831 1399 2006 1615 1497 2112 1239 571 1646 989 847 892 1630 2202 2430 1569 1446 1711 876 787 2021 1632 1505 931 2065 1291 2098 1691 1423 724 618 1909 1491 2074 2176 631 958 2058 2608 1366 2061 1104 1679 1257 2030 974 1241 880 2448 1416
2142 1221 2066 1801 2936 2367 2885 2763 2390 1010 1747 2491 2483 1910 1716 2425 1664 2434 1208 2933 1497 2095 3101 1752 2849 1224 2533 2221 2484 1732 2357 2465 608 2635 1299 2000 659 1720 360 2682 2762 2079 2180 2505 1706 1740 1230 2061 2083 2308 2402 1632 1750 981 2367 1467 1637 1926 1265 1397 2799 466 1204 2297 2522 2115 2784 1496 3427 837 1265 2298 1877 2900 1613 1942 661 2869 1175 2153 2728 583 2374 1147 863 1664 1393 2342 1339 1273 2988 2619 1927 2929 2080 2929 1440 1352 3256 2658 598 1536 710 2017 3167 2955 862 1355 1745 2886 2233 2942 1926 1548 1655 2421 2414 1247 1160 2167 2986 1807 715 2243 2590 1258 2277 1723
1108 2675 1029 2347 3106 1552 807 3338 4034 2680 3663 3361 1048 1131 1552 4077 2893 1887 3301 1748 2786 3422 3337 1292 3325 2549 3704 3541 2140 1500 825 1581 2842 2483 3422 2250 2980 1801 2682 360 1861 2570 2327 1827 3562 1304 2931 1744 3785 1418 3232 3027 2156 2448 3321 3228 2390 1207 1993 1931 2573 2709 3099 3983 2558 3116 1228 1724 3304 2330 2559 1188 1215 2142 1563 1232 2918 2575 3138 2770 3302 2704 682 3338 2222 2013 3037 1588 2215 2232 1785 3593 3825 1828 2848 2584 2293 2140 2765 2784 2449 1544 2936 2689 3097 2468 2648 1965 1565 3045 2852 3271 3603 1713 2399 3469 4048 2740 2479 2383 2330 1236 2838 1321 1913 1893 3887 2858
1189 2212 2045 1541 1699 819 1540 2047 3165 2354 3068 2207 1190 1840 1498 3204 2139 710 2951 621 2135 2507 1918 1844 1995 3146 2624 2586 840 1515 1499 726 3003 1102 3063 1316 2990 1404 2762 1861 360 1537 1238 621 2950 1956 2460 1061 3007 952 2094 2308 1460 2920 2222 2658 1696 2161 2612 1728 1131 2845 2675 3151 1246 2116 1034 1680 1811 2689 2086 1151 1642 641 1635 1493 2845 1110 2746 1698 2019 2645 1720 3068 2282 1479 2473 822 1827 1887 652 2435 3179 559 1828 1104 1782 1790 1265 1433 2549 1808 3109 1698 1625 973 2423 1768 1453 1646 1741 1893 2853 1619 1689 2380 3169 2255 3051 1298 829 1928 3073 1078 567 1908 3025 2064
1702 1271 2370 683 1227 1465 2442 1200 1990 1476 1930 1150 1943 2095 1503 2030 1010 1226 1935 1796 1073 1331 1417 1985 1237 2767 1511 1418 1064 1560 2106 1500 2322 1002 2029 680 2203 1209 2079 2570 1537 360 661 1329 1812 2086 1447 1188 1831 1555 1021 1175 854 2497 1115 1559 811 2383 2396 1338 1148 2183 1654 1974 843 950 2025 1486 1707 2243 1186 1756 1875 1495 1590 1772 2027 1227 1733 560 1161 1887 2293 2084 1753 1032 1400 1422 1165 1223 1830 1382 2022 1736 659 1292 1030 1198 1609 940 1945 1757 2415 521 1448 1373 1602 1346 1464 1173 645 1274 1683 1444 792 1269 1995 1282 2674 599 1481 2106 2434 1622 1333 1565 1849 925
1462 1448 2196 749 1257 1182 2167 1377 2291 1633 2206 1410 1677 1926 1351 2331 1276 925 2159 1496 1303 1632 1479 1837 1381 2786 1795 1718 772 1404 1867 1208 2428 815 2260 545 2343 1073 2180 2327 1238 661 360 1028 2088 1946 1662 948 2128 1286 1284 1445 808 2523 1394 1815 923 2232 2360 1293 979 2280 1876 2274 722 1249 1734 1391 1665 2270 1340 1501 1699 1217 1462 1579 2175 1049 1953 840 1340 2009 2067 2296 1788 956 1642 1140 1208 1274 1531 1644 2308 1438 958 1110 1099 1215 1437 920 2014 1644 2527 820 1403 1154 1740 1313 1306 1196 904 1367 1976 1338 908 1551 2296 1474 2691 422 1231 1955 2528 1367 1033 1525 2150 1196
1053 1955 1907 1295 1646 654 1573 1935 2958 2094 2827 2048 1139 1678 1271 2998 1902 463 2695 846 1888 2300 1875 1659 1900 2914 2452 2387 689 1295 1414 606 2746 1022 2807 1077 2730 1149 2505 1827 621 1329 1028 360 2710 1774 2205 808 2786 804 1929 2070 1203 2682 2049 2412 1444 2004 2393 1473 1106 2589 2420 2939 1126 1918 1095 1439 1851 2446 1828 1036 1465 797 1409 1316 2584 1112 2490 1505 1903 2384 1636 2809 2028 1218 2224 635 1565 1626 891 2281 2944 809 1627 1128 1523 1530 1366 1340 2294 1590 2852 1487 1632 1036 2162 1512 1223 1587 1560 1822 2627 1377 1438 2208 2964 1999 2819 1091 952 1754 2820 930 467 1661 2816 1831
2783 1247 3093 1776 2387 2743 3599 2007 1055 1279 478 1637 3103 2855 2376 1086 1172 2608 897 3196 1191 1067 2449 2693 2127 2563 1435 1130 2501 2425 3130 2812 1820 2440 873 1995 1559 2172 1706 3562 2950 1812 2088 2710 360 2739 998 2396 754 2772 1626 1003 1903 2327 1510 694 1643 3009 2546 1991 2568 1786 885 957 2267 1380 3298 2199 2900 2157 1365 2892 2712 2943 2360 2693 1428 2648 894 1721 1988 1510 3242 1044 1860 1979 888 2703 1711 1690 3238 1633 623 3150 1581 2713 1655 1784 3004 2266 1795 2413 1847 1657 2688 2814 1369 1957 2371 2364 1737 2285 654 2210 1644 1460 1080 1182 2504 2035 2932 2794 1952 2780 2743 2061 964 1251
1031 1871 714 1785 2839 1500 1567 2925 3293 1824 2828 2837 1301 544 954 3334 2190 1769 2410 2000 2048 2745 3064 475 2951 1686 3099 2875 1970 902 1057 1589 1897 2282 2529 1797 2039 1241 1740 1304 1956 2086 1946 1774 2739 360 2101 1423 3015 1364 2710 2290 1594 1538 2762 2410 1752 660 1111 1178 2423 1764 2241 3227 2278 2519 1639 980 3185 1393 1776 1202 675 2205 855 823 1987 2459 2267 2270 2886 1778 1009 2428 1301 1418 2232 1506 1465 1456 2055 3050 3001 2042 2301 2494 1584 1392 2770 2497 1510 709 1993 2153 2936 2434 1763 1197 1000 2777 2364 2952 2831 1009 1768 2890 3310 1937 1603 1981 2366 428 1897 1241 1882 1042 3150 2180
2173 626 2455 1290 2219 2189 2989 1961 1596 653 1092 1652 2503 2217 1752 1635 856 2110 857 2689 736 1225 2348 2055 2062 2083 1663 1352 2055 1799 2506 2268 1421 2084 963 1523 1217 1574 1230 2931 2460 1447 1662 2205 998 2101 360 1838 1298 2197 1580 774 1364 1823 1523 670 1125 2374 1963 1362 2235 1331 575 1516 1931 1286 2723 1566 2735 1614 755 2292 2078 2506 1728 2066 1041 2313 650 1442 1930 1007 2609 997 1246 1399 526 2151 1093 1064 2736 1759 1261 2655 1332 2378 1067 1164 2696 2002 1240 1775 1487 1328 2489 2448 774 1326 1751 2179 1500 2181 1120 1581 1134 1561 1617 570 2010 1623 2533 2156 1554 2188 2257 1422 1465 936
876 1576 1631 1012 1799 710 1626 1965 2741 1689 2510 1977 1121 1370 857 2782 1619 753 2312 1242 1565 2096 2029 1308 1965 2478 2334 2203 910 895 1281 792 2301 1219 2428 870 2294 702 2061 1744 1061 1188 948 808 2396 1423 1838 360 2530 746 1849 1778 853 2240 1943 2078 1114 1689 1973 1026 1360 2144 2047 2706 1234 1755 1263 998 2122 2001 1446 928 1142 1231 993 1008 2154 1398 2111 1388 1928 1949 1479 2413 1581 804 1883 673 1147 1203 1295 2210 2645 1230 1475 1436 1132 1102 1728 1459 1847 1181 2407 1317 1875 1392 1742 1066 807 1737 1468 1936 2358 936 1115 2095 2750 1628 2382 1001 1357 1418 2372 794 902 1214 2594 1563
2968 1505 3366 1881 2242 2865 3776 1814 667 1591 773 1441 3272 3114 2593 703 1271 2682 1292 3263 1359 899 2264 2957 1937 2945 1137 893 2536 2646 3337 2922 2209 2413 1263 2073 1951 2356 2083 3785 3007 1831 2128 2786 754 3015 1298 2530 360 2915 1469 1121 2041 2703 1332 996 1783 3297 2894 2228 2520 2168 1242 578 2235 1292 3430 2439 2735 2521 1602 3063 2951 2958 2598 2913 1814 2598 1268 1694 1802 1878 3469 1437 2184 2150 1148 2823 1936 1929 3300 1373 684 3206 1555 2660 1851 2011 2924 2187 2151 2676 2239 1670 2549 2779 1703 2199 2580 2231 1683 2108 544 2440 1779 1236 691 1439 2883 2069 2918 3065 2342 2941 2801 2333 572 1328
609 1931 1467 1398 2051 509 1247 2284 3127 2021 2885 2335 750 1249 964 3168 2004 840 2656 1020 1943 2481 2283 1253 2268 2590 2706 2586 1088 965 980 586 2535 1432 2775 1243 2566 993 2308 1418 952 1555 1286 804 2772 1364 2197 746 2915 360 2208 2161 1235 2379 2310 2450 1496 1572 2040 1287 1537 2379 2401 3092 1500 2133 887 1175 2292 2162 1801 597 1049 1210 1090 901 2442 1551 2461 1752 2249 2228 1199 2745 1807 1158 2254 535 1479 1526 1077 2569 3024 1047 1849 1571 1490 1420 1807 1726 2079 1245 2642 1693 2067 1480 2054 1331 927 1991 1826 2213 2742 1120 1498 2464 3136 1987 2497 1345 1383 1335 2589 488 907 1414 2980 1949
2363 1543 3011 1287 1134 2107 3092 751 1516 1752 1729 489 2598 2736 2144 1549 1099 1831 1966 2354 1265 938 1183 2615 865 3197 891 943 1618 2201 2767 2129 2621 1394 2020 1341 2435 1850 2402 3232 2094 1021 1284 1929 1626 2710 1580 1849 1469 2208 360 1170 1482 2924 503 1516 1330 3010 2915 1916 1464 2508 1725 1536 1222 653 2653 2093 1637 2681 1526 2415 2522 1972 2217 2426 2257 1537 1801 821 726 2183 2954 2136 2208 1655 1450 2065 1675 1716 2379 721 1750 2281 769 1594 1534 1731 1830 1111 2334 2368 2696 919 1440 1730 1900 1912 2109 1122 741 1018 1387 2060 1312 651 1512 1515 3111 1223 1891 2736 2748 2280 1907 2122 1399 1040
2206 826 2634 1141 1850 2120 3015 1557 1371 999 1121 1238 2512 2374 1836 1413 529 1968 1175 2556 603 848 1959 2223 1662 2469 1273 982 1858 1890 2576 2183 1833 1813 1249 1353 1632 1594 1632 3027 2308 1175 1445 2070 1003 2290 774 1778 1121 2161 1170 360 1286 2203 1108 751 1025 2581 2286 1483 1949 1735 918 1316 1644 877 2681 1694 2370 1978 883 2302 2201 2302 1850 2155 1455 2029 996 1110 1527 1409 2713 1341 1553 1388 641 2079 1190 1193 2597 1347 1234 2508 980 2094 1094 1265 2398 1673 1609 1944 1901 1027 2135 2186 1145 1458 1821 1816 1147 1791 943 1689 1023 1149 1386 773 2391 1394 2297 2335 1965 2182 2100 1616 1225 610
1302 1112 1889 556 1676 1200 2098 1695 2262 1259 2018 1610 1592 1614 1022 2304 1129 1110 1852 1684 1072 1631 1885 1496 1730 2339 1915 1746 1101 1079 1692 1271 1998 1255 1964 622 1936 730 1750 2156 1460 854 808 1203 1903 1594 1364 853 2041 1235 1482 1286 360 2075 1548 1589 621 1892 1926 856 1420 1847 1578 2222 1169 1325 1757 991 2110 1822 986 1386 1401 1539 1099 1313 1776 1486 1647 1036 1656 1594 1858 1968 1341 537 1395 1160 771 837 1732 1832 2151 1652 1076 1543 689 769 1869 1350 1573 1262 2100 922 1847 1564 1343 872 988 1617 1129 1754 1867 949 623 1688 2273 1156 2244 813 1603 1617 2092 1261 1261 1089 2115 1078
2125 1753 1781 2184 3363 2476 2745 3259 3011 1563 2368 3025 2441 1722 1784 3046 2205 2633 1823 3038 2031 2682 3551 1600 3331 633 3115 2812 2746 1775 2232 2576 933 2965 1907 2338 1191 1911 981 2448 2920 2497 2523 2682 2327 1538 1823 2240 2703 2379 2924 2203 2075 360 2909 2082 2046 1610 821 1609 3128 908 1822 2918 2885 2649 2772 1602 3822 613 1757 2295 1784 3111 1651 1897 1270 3189 1796 2610 3222 1187 2179 1743 1103 1939 1989 2463 1693 1633 3095 3176 2547 3056 2563 3242 1826 1672 3561 3055 955 1498 978 2471 3559 3236 1418 1581 1828 3308 2699 3401 2544 1665 2066 2982 3035 1795 548 2526 3230 1603 847 2282 2781 1391 2895 2249
2453 1517 3073 1351 1270 2215 3197 857 1372 1720 1609 492 2699 2799 2209 1406 1066 1950 1879 2484 1238 809 1302 2672 978 3181 763 803 1744 2267 2856 2242 2578 1532 1926 1433 2381 1918 2367 3321 2222 1115 1394 2049 1510 2762 1523 1943 1332 2310 503 1108 1548 2909 360 1427 1371 3063 2926 1956 1606 2473 1652 1393 1358 621 2768 2143 1766 2671 1517 2511 2589 2108 2273 2500 2204 1679 1725 917 838 2146 3036 2050 2208 1716 1383 2173 1700 1735 2509 648 1620 2412 834 1737 1563 1761 1973 1254 2315 2417 2648 992 1577 1872 1869 1948 2176 1261 850 1141 1260 2114 1355 518 1369 1482 3097 1332 2031 2792 2708 2377 2032 2152 1257 1021
2451 912 2764 1477 2232 2428 3268 1908 1300 960 799 1560 2774 2523 2042 1337 909 2312 811 2899 883 1043 2328 2362 2019 2332 1475 1152 2224 2090 2796 2500 1623 2199 866 1704 1383 1842 1467 3228 2658 1559 1815 2412 694 2410 670 2078 996 2450 1516 751 1589 2082 1427 360 1332 2684 2257 1657 2339 1560 627 1215 2033 1234 2977 1864 2752 1889 1031 2563 2378 2672 2026 2358 1224 2419 680 1502 1881 1254 2907 983 1551 1653 556 2388 1377 1355 2943 1618 957 2857 1371 2484 1326 1450 2789 2064 1518 2081 1670 1415 2521 2572 1066 1622 2037 2201 1537 2160 825 1875 1336 1425 1322 847 2265 1767 2677 2464 1757 2453 2452 1730 1176 995
1550 891 2071 534 1678 1460 2354 1604 2011 1070 1758 1453 1848 1799 1220 2053 872 1346 1621 1929 812 1393 1865 1665 1661 2317 1711 1514 1294 1278 1931 1529 1883 1372 1729 763 1783 949 1637 2390 1696 811 923 1444 1643 1752 1125 1114 1783 1496 1330 1025 621 2046 1371 1332 360 2052 1967 946 1534 1740 1341 1968 1247 1127 2018 1132 2154 1793 777 1640 1600 1743 1268 1530 1613 1607 1414 935 1565 1454 2085 1748 1303 737 1141 1420 721 775 1975 1659 1890 1892 924 1670 581 766 1996 1384 1494 1406 1979 798 1893 1717 1179 941 1196 1625 1028 1717 1607 1107 379 1498 2023 925 2225 898 1783 1784 1990 1518 1492 1153 1863 828
1212 2152 540 2084 3120 1717 1562 3220 3579 2090 3094 3136 1419 686 1243 3620 2486 2011 2652 2169 2340 3041 3347 758 3243 1701 3399 3172 2227 1189 1121 1798 2051 2549 2768 2089 2224 1535 1926 1207 2161 2383 2232 2004 3009 660 2374 1689 3297 1572 3010 2581 1892 1610 3063 2684 2052 360 1150 1476 2684 1933 2501 3511 2557 2819 1747 1280 3449 1520 2063 1375 909 2423 1153 1052 2195 2715 2522 2569 3182 1996 984 2655 1535 1716 2511 1729 1760 1748 2221 3350 3269 2221 2601 2746 1882 1688 3009 2779 1711 1008 2137 2452 3205 2676 2016 1493 1287 3058 2662 3240 3114 1309 2068 3190 3597 2218 1631 2271 2593 638 2028 1444 2111 1326 3437 2478
1749 1820 1324 2073 3242 2155 2309 3211 3197 1674 2607 3029 2044 1292 1482 3235 2247 2361 2093 2698 2076 2774 3448 1192 3267 935 3188 2908 2511 1458 1808 2253 1321 2773 2195 2181 1541 1677 1265 1993 2612 2396 2360 2393 2546 1111 1963 1973 2894 2040 2915 2286 1926 821 2926 2257 1967 1150 360 1429 2930 1236 2021 3112 2721 2665 2381 1348 3663 793 1782 1921 1390 2830 1344 1521 1564 2982 2016 2542 3173 1411 1735 2050 1093 1763 2125 2150 1607 1561 2755 3208 2788 2727 2524 3029 1749 1562 3335 2915 1114 1164 1392 2406 3402 3001 1551 1414 1531 3183 2636 3311 2720 1408 1987 3022 3218 1875 853 2375 2969 1171 1270 1930 2498 1197 3068 2272
1190 1104 1514 1016 2173 1332 1998 2171 2493 1131 2092 2039 1530 1251 753 2535 1374 1409 1770 1896 1239 1928 2381 1102 2215 1864 2282 2057 1498 797 1504 1429 1635 1720 1891 1112 1642 684 1397 1931 1728 1338 1293 1473 1991 1178 1362 1026 2228 1287 1916 1483 856 1609 1956 1657 946 1476 1429 360 1882 1477 1541 2433 1655 1707 1792 571 2598 1361 989 1324 1084 1884 731 1063 1515 1941 1589 1501 2132 1301 1610 1839 915 696 1466 1306 653 661 1951 2244 2254 1892 1508 1993 765 577 2311 1845 1181 829 1741 1371 2336 1987 1137 403 760 2114 1596 2248 2044 578 963 2078 2509 1169 1769 1306 1989 1218 1706 1242 1563 592 2348 1362
1779 2045 2611 1363 928 1391 2297 1317 2612 2240 2684 1553 1885 2360 1849 2647 1790 1057 2724 1363 1861 1983 1146 2308 1246 3387 1984 2027 818 1891 2156 1352 3047 524 2816 1161 2958 1613 2799 2573 1131 1148 979 1106 2568 2423 2235 1360 2520 1537 1464 1949 1420 3128 1606 2339 1534 2684 2930 1882 360 2899 2442 2621 666 1587 1797 1943 1125 2877 1946 1774 2135 916 1978 1994 2787 440 2521 1207 1294 2626 2377 2872 2401 1548 2187 1362 1827 1892 1369 1761 2754 1276 1346 505 1719 1829 824 717 2632 2167 3146 1283 890 625 2353 1908 1799 877 1199 1127 2398 1884 1517 1754 2611 2063 3291 995 794 2416 3147 1657 1022 2111 2486 1704
2200 1327 2080 1903 3041 2442 2928 2870 2475 1116 1822 2596 2539 1939 1781 2509 1770 2521 1275 3010 1604 2195 3207 1785 2955 1137 2634 2321 2577 1794 2400 2541 517 2735 1359 2098 664 1802 466 2709 2845 2183 2280 2589 1786 1764 1331 2144 2168 2379 2508 1735 1847 908 2473 1560 1740 1933 1236 1477 2899 360 1294 2381 2624 2221 2846 1564 3531 803 1371 2358 1921 2990 1673 1993 722 2968 1259 2259 2835 687 2405 1198 931 1755 1493 2419 1435 1369 3065 2723 2000 3009 2186 3027 1541 1445 3354 2762 659 1583 624 2123 3271 3051 968 1437 1813 2991 2339 3048 2015 1618 1758 2525 2499 1353 1079 2267 3079 1832 610 2309 2676 1325 2365 1829
2364 831 2595 1506 2400 2397 3178 2114 1550 780 955 1784 2697 2368 1934 1585 1037 2325 642 2903 941 1298 2517 2204 2220 2068 1734 1413 2270 1978 2685 2478 1355 2293 747 1739 1118 1773 1204 3099 2675 1654 1876 2420 885 2241 575 2047 1242 2401 1725 918 1578 1822 1652 627 1341 2501 2021 1541 2442 1294 360 1459 2137 1434 2927 1739 2919 1638 961 2487 2243 2721 1898 2242 957 2521 440 1636 2085 995 2777 792 1339 1606 637 2361 1288 1251 2950 1863 1135 2870 1517 2586 1275 1354 2902 2199 1272 1927 1404 1528 2678 2660 848 1502 1937 2364 1686 2349 1082 1759 1350 1667 1573 781 2003 1836 2747 2298 1490 2387 2472 1573 1433 1121
3157 1718 3576 2054 2296 3034 3961 1846 463 1809 951 1485 3455 3322 2793 489 1456 2835 1492 3410 1558 1007 2291 3167 1969 3158 1118 955 2675 2847 3531 3087 2417 2526 1452 2235 2156 2548 2297 3983 3151 1974 2274 2939 957 3227 1516 2706 578 3092 1536 1316 2222 2918 1393 1215 1968 3511 3112 2433 2621 2381 1459 360 2348 1406 3601 2645 2769 2738 1812 3248 3155 3085 2803 3112 2024 2697 1482 1820 1839 2095 3669 1629 2402 2340 1364 2992 2140 2137 3444 1372 812 3349 1685 2758 2050 2216 3006 2277 2370 2886 2444 1814 2602 2885 1921 2405 2778 2292 1797 2144 758 2643 1962 1271 489 1652 3097 2214 3032 3276 2549 3124 2948 2545 496 1504
