140 1475 2114 742 588 2205 1383 1100 864 2232 1937 1392 1461 1727 2417 2726 1630 2437 2441 1071 991 2287 2441 442 2024 2536 1699 2240 797 2145 2322 2206 1838 574 2244 747 2409 1618 1954 662 1834 780 2093 1457 488 842 1086 2046 818 1425 1808 1528 1414 2252 915 1468 1615 1537 580 664 2730 1497 1583 1496 1156 674 872 1680 1745 1786 2452 1607 2653 2464 1342 2285 2970 1766 2331 1950 1236 2154 3270 1876 1250 1551 1574 509 1686 584 1695 1831 2312 2004 1054 2355 3209 421 2092 2713 704 2394 944 2339 2259 1987 2178 2510 2738 2572 2107 915 2368 2894 831 2209 2386 2341 2303 1115 868 1079 2209 2356 2014 793 2454 2034 881 626 2087 627 1032 2020 1776 1219 1868 1436
1575 360 1724 1581 1904 1840 981 949 980 2283 2753 2306 382 626 2156 2260 1122 1379 3382 829 981 1172 3408 1408 1169 2593 2470 1131 1461 2273 3291 1782 2559 1984 1154 1996 3380 2699 1051 1192 728 1363 2533 1697 1678 2054 2265 2237 1374 1250 2561 844 2442 1410 2070 1780 1138 882 2013 2007 2216 2690 1948 2698 918 1806 1883 571 1786 2274 1896 2306 2398 1620 2163 1984 2659 1364 2717 835 1842 2706 2902 2682 1815 1415 2419 1911 2805 1355 587 2439 1916 3085 2444 2579 2904 1472 2623 2796 1768 1801 1400 1630 3021 901 1062 2232 2219 2127 1109 1906 1506 2824 1043 1094 2469 1229 3227 836 1355 756 2643 3297 2244 1856 2598 2106 999 1237 2927 1214 834 2426 2455 678 1144 771
2214 1724 360 2577 2661 475 2320 1480 1816 1095 2158 2007 1707 1641 795 974 977 1609 2769 1997 1585 1935 2821 2180 1107 1335 1935 2003 2507 1160 2729 453 1931 2626 2113 2230 2803 2428 1205 2081 1662 2410 1625 1181 2496 2902 3147 1205 1661 1056 1968 2209 2205 1067 2961 1246 971 2247 2522 2345 976 2566 1306 2585 2173 2686 1958 1782 928 1536 734 1776 1033 1125 1846 623 1305 747 1698 1775 1558 1850 1573 2100 1515 926 1988 2574 2549 2262 1668 1744 566 2705 2713 1452 1553 2055 1774 1526 1989 727 1545 858 2290 1593 1856 868 984 821 1367 2884 1126 1481 2051 1872 1255 2024 2625 1556 2453 1801 1690 2701 1248 2786 1401 1018 1734 2120 2305 1955 1691 1527 1828 1929 985 1340
842 1581 2577 360 817 2680 1229 1462 1130 2825 2639 2093 1576 1847 2934 3188 2009 2601 3140 1111 1353 2341 3137 803 2303 3141 2396 2268 494 2753 3019 2662 2534 986 2239 1441 3106 2311 2207 856 1945 579 2759 2049 649 855 1045 2664 1383 1886 2506 1430 2114 2547 854 2079 2002 1423 1148 1334 3176 2172 2215 2168 1077 626 1571 1751 2310 2451 2873 2296 3180 2766 2037 2784 3489 2197 2994 2026 1893 2837 3778 2577 1900 2043 2274 926 2372 677 1806 2514 2783 2691 1643 2990 3735 1014 2772 3328 1399 2799 1514 2697 2960 2122 2244 3026 3183 3037 2313 689 2658 3477 927 2274 2992 2374 3003 1412 616 1238 2877 3055 2639 639 3075 2623 1205 816 2790 990 1284 2679 2466 1266 2192 1716
688 1904 2661 817 360 2752 1661 1617 1337 2770 2360 1824 1894 2167 2966 3273 2160 2905 2799 1453 1505 2703 2788 882 2530 3070 2149 2642 939 2679 2673 2752 2293 546 2628 1130 2756 1963 2451 1076 2273 988 2592 2000 588 622 860 2577 1367 1969 2256 1846 1801 2765 706 2005 2146 1845 746 989 3276 1791 2111 1784 1475 574 1343 2096 2291 2290 2994 2080 3201 2980 1806 2833 3518 2307 2830 2373 1753 2630 3819 2305 1773 2098 2012 514 2006 910 2131 2310 2859 2323 1210 2876 3756 965 2575 3242 1193 2934 1493 2869 2682 2438 2599 3059 3284 3119 2588 785 2880 3433 1222 2629 2920 2746 2673 1612 1055 1519 2705 2716 2542 668 2981 2573 1377 1029 2495 1116 1509 2527 2243 1611 2387 1935
2305 1840 475 2680 2752 360 2436 1587 1923 1030 2151 2035 1823 1754 682 881 1092 1690 2749 2110 1691 2034 2804 2279 1208 1246 1941 2105 2614 1109 2715 453 1926 2712 2216 2297 2787 2449 1310 2185 1772 2517 1591 1230 2592 2997 3242 1168 1748 1155 1965 2325 2234 1145 3057 1287 1085 2363 2602 2417 896 2598 1327 2617 2287 2784 2021 1897 954 1530 707 1787 917 1176 1878 512 1191 860 1645 1884 1605 1817 1463 2096 1563 1014 2003 2662 2569 2364 1782 1736 468 2711 2773 1387 1439 2146 1744 1431 2061 732 1629 907 2265 1699 1958 752 905 727 1464 2985 1192 1371 2160 1972 1177 2122 2609 1667 2561 1914 1648 2685 1216 2885 1323 983 1840 2224 2292 2056 1802 1498 1826 2043 1096 1455
1483 981 2320 1229 1661 2436 360 1331 1111 2809 3049 2539 992 1187 2744 2875 1705 1901 3639 779 1285 1545 3653 1306 1787 3128 2772 1455 1095 2779 3533 2385 2885 1801 1404 2045 3623 2871 1667 1109 1254 1033 2958 2127 1445 1721 1882 2724 1602 1752 2875 581 2630 2024 1706 2195 1714 562 1905 1998 2834 2799 2361 2801 606 1494 2037 1043 2287 2670 2514 2627 2990 2230 2426 2573 3264 1943 3166 1280 2158 3100 3514 2979 2143 1930 2688 1729 2959 1164 1144 2801 2519 3266 2396 3071 3510 1479 3021 3330 1881 2420 1687 2252 3348 1435 1466 2825 2838 2739 1694 1502 2115 3392 951 1492 2994 1560 3489 1209 974 953 3074 3553 2720 1498 3112 2618 1194 1131 3219 1241 1103 2857 2792 765 1763 1340
1200 949 1480 1462 1617 1587 1331 360 696 1852 2168 1717 927 1117 1862 2088 911 1735 2793 931 473 1689 2819 1101 1284 2173 1884 1676 1387 1813 2702 1563 1978 1634 1721 1477 2791 2117 1221 966 1219 1289 1995 1158 1421 1833 2073 1754 808 811 1977 1313 1859 1511 1880 1231 901 1344 1598 1522 2074 2124 1399 2134 1123 1599 1319 1146 1324 1718 1772 1723 2111 1725 1573 1702 2410 1096 2198 1360 1255 2151 2690 2096 1230 986 1830 1569 2226 1152 1102 1868 1687 2499 1959 2101 2658 1048 2070 2373 1229 1700 813 1614 2442 1330 1575 1951 2080 1937 1390 1779 1628 2463 933 1605 2035 1761 2638 485 1334 739 2110 2708 1749 1689 2146 1656 617 1008 2341 864 594 1892 1876 933 1130 712
964 980 1816 1130 1337 1923 1111 696 360 2154 2299 1797 964 1224 2194 2424 1238 1936 2897 694 595 1791 2914 816 1558 2475 2021 1752 1051 2103 2794 1899 2133 1387 1768 1389 2884 2152 1475 639 1332 953 2226 1415 1123 1530 1764 2033 851 1140 2123 1165 1903 1797 1568 1472 1231 1187 1396 1389 2408 2111 1634 2117 872 1288 1316 1190 1624 1931 2103 1876 2443 2015 1677 2036 2745 1432 2443 1453 1407 2357 3026 2229 1394 1310 1940 1316 2249 828 1194 2053 2023 2546 1824 2376 2992 851 2280 2673 1178 2029 937 1930 2596 1483 1680 2284 2415 2274 1613 1452 1911 2781 603 1712 2333 1850 2745 645 999 593 2343 2810 2020 1369 2436 1954 454 685 2469 597 532 2129 2041 784 1430 963
2332 2283 1095 2825 2770 1030 2809 1852 2154 360 1605 1665 2262 2270 858 1277 1537 2344 2147 2423 1925 2644 2207 2386 1821 681 1462 2702 2793 488 2132 1123 1400 2681 2804 2144 2194 2016 1903 2364 2315 2709 976 1138 2663 3031 3271 603 1803 1416 1449 2747 1854 1803 3107 1124 1516 2783 2524 2289 1354 2214 1037 2236 2614 2858 1860 2393 889 1043 1336 1351 947 1847 1543 916 1231 1310 980 2444 1404 1195 1532 1564 1375 1240 1568 2648 2127 2515 2289 1213 1066 2199 2554 717 1425 2199 1134 881 1964 1389 1672 1578 1651 2280 2557 909 1364 1182 2083 3088 1859 1022 2396 2575 546 2734 2018 1965 2772 2228 1004 2091 661 2973 680 562 2060 2392 1717 2205 2087 907 1321 2404 1663 1871
2037 2753 2158 2639 2360 2151 3049 2168 2299 1605 360 905 2731 2875 2089 2515 2240 3256 1002 2633 2163 3400 1042 2239 2689 1704 643 3417 2676 1480 937 2227 587 2198 3485 1590 1019 907 2718 2353 2961 2633 1007 1489 2375 2600 2792 1379 1807 1959 561 3092 934 2781 2693 1397 2210 3118 1991 1732 2584 1159 1259 1181 2806 2535 1430 2938 1611 982 2497 810 2188 2900 985 2094 2445 2126 1153 3107 1272 843 2726 431 1298 1870 728 2206 979 2411 2872 774 2227 959 1741 1396 2595 2017 863 1760 1603 2519 1735 2645 682 3010 3291 2151 2595 2404 2924 2775 2872 2072 2476 3318 1606 3484 847 2289 2719 2491 1040 923 1322 2651 1548 1546 2221 2353 533 2192 2346 1058 695 2701 2487 2410
1492 2306 2007 2093 1824 2035 2539 1717 1797 1665 905 360 2284 2461 2073 2488 1913 2942 1460 2129 1692 3015 1476 1698 2387 1876 691 3017 2133 1541 1357 2091 837 1669 3072 1054 1447 794 2390 1823 2556 2092 1231 1207 1830 2070 2272 1422 1311 1613 795 2600 559 2524 2162 1127 1884 2624 1466 1203 2538 924 1069 945 2293 1993 887 2503 1441 995 2377 691 2237 2679 526 2024 2536 1861 1457 2701 866 1200 2838 845 906 1577 548 1671 915 1870 2452 908 2131 1148 1303 1601 2728 1477 1163 1994 1059 2372 1265 2448 1227 2632 2902 2154 2549 2354 2595 2234 2629 2265 1956 2931 1742 3094 1310 1830 2179 2005 1325 1374 1367 2110 1741 1528 1727 1820 1059 1667 1866 1209 813 2212 2182 2005
1561 382 1707 1576 1894 1823 992 927 964 2262 2731 2284 360 633 2139 2246 1104 1384 3359 825 960 1187 3386 1395 1161 2573 2447 1148 1457 2251 3269 1766 2536 1972 1173 1978 3358 2678 1044 1181 738 1359 2511 1674 1668 2047 2259 2215 1353 1228 2538 861 2420 1403 2064 1757 1118 899 1998 1990 2203 2670 1925 2678 920 1798 1863 589 1764 2252 1882 2283 2381 1614 2140 1966 2644 1345 2695 849 1820 2683 2887 2660 1792 1393 2396 1899 2784 1346 596 2416 1900 3063 2427 2557 2888 1455 2601 2776 1748 1788 1378 1620 2999 907 1077 2215 2206 2112 1108 1902 1500 2805 1034 1108 2449 1245 3204 814 1353 742 2620 3275 2222 1851 2577 2085 981 1226 2905 1199 816 2404 2432 676 1131 750
1827 626 1641 1847 2167 1754 1187 1117 1224 2270 2875 2461 633 360 2076 2123 1095 1115 3513 1095 1178 936 3544 1665 984 2567 2594 918 1725 2278 3429 1684 2670 2242 971 2215 3517 2871 860 1453 468 1628 2591 1775 1942 2320 2530 2258 1564 1302 2678 1004 2612 1207 2336 1863 1118 1041 2261 2238 2068 2882 2026 2892 1169 2072 2076 514 1809 2355 1752 2425 2308 1406 2310 1904 2546 1321 2756 602 1976 2779 2768 2804 1944 1443 2558 2169 2981 1619 403 2534 1816 3248 2677 2590 2785 1712 2695 2768 1976 1652 1567 1458 3125 635 822 2144 2071 2002 867 2170 1291 2761 1308 853 2454 1004 3357 1028 1618 1011 2694 3430 2273 2122 2590 2109 1228 1499 3048 1461 1064 2482 2563 941 1021 825
2517 2156 795 2934 2966 682 2744 1862 2194 858 2089 2073 2139 2076 360 786 1399 1979 2644 2404 1959 2345 2704 2517 1524 977 1918 2420 2877 973 2627 761 1875 2908 2533 2440 2691 2459 1630 2444 2095 2783 1472 1359 2822 3218 3463 1069 1959 1414 1921 2640 2270 1436 3284 1390 1390 2678 2778 2571 857 2636 1377 2657 2585 3016 2155 2218 1056 1494 874 1785 609 1427 1930 533 915 1160 1468 2205 1710 1693 1213 2042 1672 1250 2007 2863 2576 2617 2104 1684 644 2675 2893 1185 1160 2365 1630 1142 2222 949 1832 1169 2149 2018 2273 453 868 684 1776 3229 1465 1050 2435 2286 949 2433 2514 1952 2833 2206 1501 2588 1126 3123 1087 914 2106 2480 2210 2304 2085 1397 1787 2347 1418 1764
2826 2260 974 3188 3273 881 2875 2088 2424 1277 2515 2488 2246 2123 786 360 1560 1837 3063 2583 2196 2267 3124 2795 1509 1324 2344 2358 3116 1397 3049 886 2301 3234 2479 2808 3111 2881 1631 2692 2115 3017 1893 1730 3110 3516 3761 1495 2270 1670 2348 2739 2686 1340 3576 1775 1561 2778 3121 2931 458 3053 1784 3073 2750 3301 2528 2275 1435 1920 731 2208 762 1245 2341 831 819 1352 1869 2200 2097 2111 1005 2469 2057 1535 2429 3184 2999 2874 2158 2111 773 3102 3276 1580 1034 2667 2051 1442 2577 833 2150 1052 2566 2000 2217 728 465 514 1723 3498 1322 1232 2655 2223 1338 2349 2935 2157 3057 2391 1914 3008 1553 3400 1460 1339 2344 2732 2634 2569 2292 1821 2213 2499 1476 1910
1730 1122 977 2009 2160 1092 1705 911 1238 1537 2240 1913 1104 1095 1399 1560 360 1389 2882 1384 1024 1536 2921 1650 837 1839 1970 1571 1926 1543 2813 1047 2021 2162 1659 1896 2897 2346 840 1514 1148 1826 1878 1111 1970 2383 2624 1526 1232 660 2038 1603 2092 1014 2431 1203 389 1641 2099 1976 1536 2417 1349 2431 1556 2151 1670 1216 1082 1669 1226 1796 1645 1211 1748 1228 1922 601 2030 1286 1407 2078 2184 2171 1367 735 1966 2100 2465 1702 1112 1864 1179 2691 2393 1855 2170 1571 1994 2041 1638 1150 1156 1068 2457 1149 1434 1480 1542 1415 1047 2328 1129 2061 1460 1458 1722 1624 2728 960 1860 1190 1976 2803 1544 2240 1856 1374 1167 1558 2408 1414 1094 1769 1911 1311 636 724
2537 1379 1609 2601 2905 1690 1901 1735 1936 2344 3256 2942 1384 1115 1979 1837 1389 360 3895 1849 1827 843 3938 2391 926 2576 2992 954 2480 2398 3832 1597 3032 2964 1075 2847 3915 3373 911 2188 1022 2383 2824 2132 2682 3069 3284 2423 2168 1688 3055 1692 3119 905 3089 2223 1419 1723 2959 2897 1752 3433 2357 3447 1920 2821 2657 1230 2032 2661 1500 2819 2151 951 2778 1833 2296 1494 2931 983 2436 3041 2438 3189 2396 1748 2994 2893 3492 2363 1156 2865 1696 3720 3333 2699 2500 2403 2959 2757 2593 1405 2129 1174 3451 840 848 2012 1750 1770 711 2926 880 2648 2054 836 2504 907 3743 1688 2373 1747 2906 3819 2458 2876 2650 2243 1917 2235 3421 2171 1765 2718 2923 1697 1129 1383
2541 3382 2769 3140 2799 2749 3639 2793 2897 2147 1002 1460 3359 3513 2644 3063 2882 3895 360 3230 2780 4041 430 2776 3329 2163 1279 4057 3197 2032 489 2831 1222 2620 4124 2059 440 1196 3359 2918 3600 3167 1532 2131 2859 3013 3170 1949 2409 2601 1203 3699 1389 3412 3106 2039 2852 3723 2413 2178 3141 1392 1898 1406 3394 2995 1973 3571 2238 1602 3090 1451 2702 3523 1584 2675 2920 2763 1576 3746 1900 1312 3174 1071 1930 2511 1324 2645 1164 2949 3508 1395 2816 875 2040 1863 3030 2561 1374 2158 2140 3121 2350 3262 856 3652 3932 2694 3151 2968 3566 3224 3500 2481 3055 3959 2100 4125 515 2912 3255 3101 1510 446 1896 3104 2005 2129 2825 2911 834 2765 2959 1615 1332 3310 3127 3048
1171 829 1997 1111 1453 2110 779 931 694 2423 2633 2129 825 1095 2404 2583 1384 1849 3230 360 872 1610 3246 990 1585 2745 2355 1549 992 2384 3126 2071 2466 1552 1541 1680 3216 2475 1479 769 1195 893 2543 1717 1224 1587 1795 2323 1185 1374 2457 842 2230 1831 1601 1782 1387 860 1611 1656 2554 2421 1947 2425 551 1340 1639 1006 1896 2253 2238 2208 2653 2048 2011 2238 2942 1610 2754 1284 1739 2682 3208 2563 1724 1552 2274 1478 2569 902 1055 2382 2202 2870 2078 2670 3190 1116 2603 2945 1491 2152 1267 2015 2929 1370 1507 2490 2559 2439 1568 1436 1936 3028 600 1538 2607 1653 3078 820 891 559 2659 3143 2316 1387 2718 2228 775 807 2803 858 697 2443 2373 518 1507 1037
1091 981 1585 1353 1505 1691 1285 473 595 1925 2163 1692 960 1178 1959 2196 1024 1827 2780 872 360 1754 2803 988 1392 2247 1881 1733 1282 1879 2684 1669 1982 1525 1769 1399 2774 2079 1324 856 1283 1185 2032 1204 1308 1720 1960 1814 752 905 1978 1293 1822 1621 1767 1269 1013 1322 1496 1433 2183 2070 1436 2079 1063 1486 1263 1187 1396 1745 1883 1725 2208 1836 1556 1802 2510 1204 2241 1420 1253 2177 2793 2092 1233 1075 1816 1459 2184 1041 1158 1884 1792 2466 1872 2160 2757 943 2097 2446 1157 1812 789 1728 2447 1407 1640 2049 2190 2044 1486 1667 1738 2548 838 1671 2106 1823 2626 510 1234 696 2148 2694 1805 1577 2213 1727 508 897 2336 751 545 1931 1884 903 1241 809
2387 1172 1935 2341 2703 2034 1545 1689 1791 2644 3400 3015 1187 936 2345 2267 1536 843 4041 1610 1754 360 4076 2218 1188 2909 3122 473 2211 2677 3964 1946 3186 2792 592 2791 4051 3432 1101 2000 830 2122 3051 2276 2474 2830 3023 2680 2137 1801 3199 1324 3173 1290 2835 2368 1565 1348 2825 2812 2190 3452 2522 3463 1626 2585 2649 968 2250 2845 1910 2950 2544 1401 2859 2184 2723 1715 3190 698 2519 3254 2889 3330 2484 1911 3099 2719 3544 2152 960 3036 2063 3803 3251 2988 2940 2282 3171 3101 2552 1809 2133 1579 3630 750 474 2393 2189 2181 929 2650 1308 3032 1842 443 2818 449 3886 1604 2094 1568 3146 3960 2705 2620 2962 2512 1802 2043 3571 2026 1636 2942 3077 1451 1344 1370
2541 3408 2821 3137 2788 2804 3653 2819 2914 2207 1042 1476 3386 3544 2704 3124 2921 3938 430 3246 2803 4076 360 2781 3371 2229 1314 4090 3197 2091 480 2885 1266 2608 4155 2056 391 1187 3400 2927 3632 3170 1592 2170 2855 2998 3150 2006 2428 2637 1243 3717 1393 3459 3091 2078 2892 3741 2402 2171 3201 1371 1941 1383 3407 2987 1982 3599 2286 1651 3145 1486 2766 3573 1607 2732 2986 2807 1642 3779 1929 1373 3241 1109 1959 2552 1349 2635 1146 2953 3538 1442 2872 844 2017 1928 3098 2568 1433 2226 2147 3175 2373 3314 919 3687 3967 2755 3212 3027 3606 3213 3548 2550 3067 3994 2164 4159 556 2936 3258 3121 1573 480 1953 3095 2071 2185 2844 2919 879 2776 2980 1672 1375 3329 3169 3079
542 1408 2180 803 882 2279 1306 1101 816 2386 2239 1698 1395 1665 2517 2795 1650 2391 2776 990 988 2218 2781 360 2008 2700 1984 2167 804 2311 2661 2269 2117 937 2167 1111 2750 1969 1929 581 1772 754 2321 1608 680 1092 1334 2221 942 1484 2093 1446 1748 2244 1143 1636 1638 1455 980 1052 2790 1869 1771 1869 1075 865 1170 1609 1875 2013 2499 1872 2760 2460 1623 2373 3073 1813 2554 1882 1454 2406 3367 2174 1459 1630 1871 864 2046 532 1631 2085 2384 2361 1455 2547 3316 583 2339 2885 999 2433 1073 2356 2557 1931 2110 2610 2798 2641 2069 1072 2359 3040 750 2141 2551 2269 2634 1090 841 1013 2439 2690 2195 966 2633 2184 855 543 2397 597 989 2238 2044 1140 1868 1413
2124 1169 1107 2303 2530 1208 1787 1284 1558 1821 2689 2387 1161 984 1524 1509 837 926 3329 1585 1392 1188 3371 2008 360 2081 2426 1257 2199 1862 3266 1123 2466 2558 1369 2354 3348 2821 483 1834 966 2097 2267 1567 2321 2728 2960 1876 1678 1137 2488 1622 2569 606 2764 1658 865 1660 2520 2422 1449 2894 1790 2908 1715 2485 2140 1138 1470 2096 1138 2253 1735 824 2222 1359 1946 929 2386 1054 1882 2481 2153 2623 1841 1183 2432 2491 2940 2021 1023 2298 1245 3161 2849 2170 2179 1973 2399 2273 2096 1036 1617 834 2886 858 1110 1578 1451 1398 622 2631 715 2214 1735 1124 1992 1277 3176 1278 2110 1426 2353 3252 1906 2560 2136 1700 1513 1881 2854 1773 1389 2160 2356 1461 565 955
2636 2593 1335 3141 3070 1246 3128 2173 2475 681 1704 1876 2573 2567 977 1324 1839 2576 2163 2745 2247 2909 2229 2700 2081 360 1623 2974 3111 750 2172 1338 1530 2972 3080 2415 2221 2178 2173 2684 2605 3028 1060 1451 2971 3331 3569 854 2117 1735 1585 3062 2051 2030 3410 1429 1820 3098 2807 2564 1416 2397 1320 2420 2935 3166 2135 2694 1211 1241 1491 1546 927 2040 1775 1104 1117 1605 946 2729 1686 1237 1384 1678 1661 1558 1749 2943 2281 2832 2587 1364 1247 2303 2797 669 1250 2509 1202 563 2252 1565 1987 1778 1672 2557 2827 980 1425 1276 2342 3398 2071 749 2717 2844 509 2998 2053 2286 3093 2548 1031 2121 896 3281 518 881 2381 2711 1783 2523 2408 1039 1475 2723 1939 2182
1799 2470 1935 2396 2149 1941 2772 1884 2021 1462 643 691 2447 2594 1918 2344 1970 2992 1279 2355 1881 3122 1314 1984 2426 1623 360 3137 2426 1334 1203 2010 505 1998 3204 1383 1289 916 2449 2087 2680 2377 939 1220 2143 2398 2603 1221 1530 1683 469 2811 810 2530 2489 1128 1940 2837 1796 1533 2406 1135 1005 1158 2530 2312 1186 2655 1374 784 2288 533 2049 2660 721 1901 2329 1869 1147 2827 989 873 2623 572 1015 1604 508 1997 1025 2154 2590 619 2025 1130 1620 1329 2502 1761 845 1718 1357 2301 1454 2411 937 2733 3013 1990 2416 2222 2656 2554 2625 2009 2204 3040 1503 3206 1124 2005 2462 2210 1017 1197 1163 2430 1477 1365 1941 2089 817 1923 2064 944 508 2420 2223 2128
2340 1131 2003 2268 2642 2105 1455 1676 1752 2702 3417 3017 1148 918 2420 2358 1571 954 4057 1549 1733 473 4090 2167 1257 2974 3137 360 2137 2730 3977 2020 3206 2739 483 2765 4064 3429 1160 1947 821 2051 3089 2300 2414 2760 2949 2728 2122 1823 3217 1234 3169 1378 2762 2391 1599 1256 2780 2779 2283 3440 2548 3450 1551 2517 2634 922 2291 2874 1997 2966 2624 1501 2863 2256 2812 1762 3236 676 2527 3288 2985 3346 2493 1943 3108 2665 3540 2092 935 3061 2139 3804 3216 3041 3032 2243 3205 3168 2530 1896 2126 1667 3655 784 506 2471 2283 2267 1005 2573 1404 3109 1786 495 2878 466 3902 1583 2018 1524 3187 3975 2750 2547 3021 2563 1769 1990 3589 1984 1604 2980 3098 1392 1398 1373
897 1461 2507 494 939 2614 1095 1387 1051 2793 2676 2133 1457 1725 2877 3116 1926 2480 3197 992 1282 2211 3197 804 2199 3111 2426 2137 360 2726 3078 2591 2560 1099 2106 1504 3166 2375 2100 793 1822 462 2761 2022 746 989 1172 2642 1363 1824 2535 1296 2168 2444 984 2059 1921 1289 1245 1409 3100 2248 2202 2246 945 759 1606 1624 2271 2453 2793 2316 3125 2663 2065 2723 3431 2124 2993 1899 1895 2850 3715 2613 1899 1987 2310 1034 2442 643 1684 2529 2714 2760 1744 2974 3677 1026 2782 3302 1433 2716 1490 2604 2996 2000 2115 2968 3106 2965 2199 805 2554 3439 829 2145 2964 2243 3057 1326 482 1132 2879 3111 2620 770 3053 2591 1133 761 2832 948 1194 2676 2487 1143 2097 1620
2245 2273 1160 2753 2679 1109 2779 1813 2103 488 1480 1541 2251 2278 973 1397 1543 2398 2032 2384 1879 2677 2091 2311 1862 750 1334 2730 2726 360 2013 1200 1273 2584 2828 2036 2077 1888 1936 2301 2328 2645 859 1064 2580 2941 3179 478 1729 1391 1322 2728 1728 1863 3019 1038 1520 2763 2422 2183 1471 2087 933 2109 2576 2775 1753 2394 852 916 1431 1224 1075 1922 1422 1011 1358 1328 897 2462 1300 1083 1658 1438 1274 1219 1440 2554 1999 2446 2293 1086 1158 2073 2436 672 1548 2118 1017 935 1864 1477 1599 1653 1538 2305 2586 1031 1481 1295 2124 3008 1927 1121 2343 2606 600 2767 1900 1930 2712 2191 901 1974 534 2890 693 528 2008 2327 1596 2139 2047 784 1194 2374 1693 1862
2422 3291 2729 3019 2673 2715 3533 2702 2794 2132 937 1357 3269 3429 2627 3049 2813 3832 489 3126 2684 3964 480 2661 3266 2172 1203 3977 3078 2013 360 2794 1164 2494 4040 1937 450 1071 3292 2807 3518 3051 1516 2062 2737 2886 3041 1924 2308 2527 1138 3597 1273 3358 2979 1970 2783 3621 2288 2054 3125 1263 1836 1276 3287 2871 1861 3483 2187 1554 3059 1376 2698 3476 1489 2649 2928 2704 1585 3664 1813 1303 3190 1003 1844 2445 1232 2520 1035 2833 3423 1345 2787 747 1911 1867 3049 2448 1358 2181 2027 3086 2255 3219 861 3575 3854 2681 3135 2948 3499 3098 3449 2504 2946 3881 2099 4047 479 2818 3139 3001 1508 432 1869 2979 2013 2100 2724 2799 783 2656 2861 1591 1272 3209 3063 2965
2306 1782 453 2662 2752 453 2385 1563 1899 1123 2227 2091 1766 1684 761 886 1047 1597 2831 2071 1669 1946 2885 2269 1123 1338 2010 2020 2591 1200 2794 360 2001 2719 2132 2324 2867 2510 1229 2166 1697 2492 1677 1271 2585 2992 3237 1254 1753 1145 2039 2266 2290 1052 3051 1334 1044 2305 2616 2439 884 2652 1387 2671 2244 2775 2051 1828 1010 1605 645 1853 984 1084 1932 598 1238 827 1736 1805 1648 1903 1497 2170 1605 1018 2067 2667 2631 2348 1713 1812 494 2781 2805 1480 1485 2146 1829 1521 2083 651 1638 815 2348 1617 1873 821 892 734 1377 2971 1098 1451 2132 1886 1271 2035 2689 1635 2534 1876 1736 2765 1301 2874 1417 1068 1818 2206 2370 2042 1770 1582 1900 1997 1023 1407
1938 2559 1931 2534 2293 1926 2885 1978 2133 1400 587 837 2536 2670 1875 2301 2021 3032 1222 2466 1982 3186 1266 2117 2466 1530 505 3206 2560 1273 1164 2001 360 2142 3278 1527 1244 1013 2497 2212 2752 2509 832 1270 2283 2543 2748 1167 1644 1744 415 2915 943 2554 2634 1178 1991 2943 1941 1678 2368 1248 1035 1270 2644 2454 1326 2738 1383 755 2273 617 1986 2673 856 1873 2255 1901 1022 2899 1089 734 2543 529 1109 1648 651 2142 1111 2286 2668 551 2004 1161 1759 1228 2417 1894 717 1610 1495 2293 1560 2417 825 2796 3078 1940 2379 2187 2703 2696 2645 1910 2324 3104 1419 3271 1070 2101 2593 2315 896 1146 1109 2572 1379 1327 2051 2216 748 2046 2167 860 469 2524 2264 2204
674 1984 2626 986 546 2712 1801 1634 1387 2681 2198 1669 1972 2242 2908 3234 2162 2964 2620 1552 1525 2792 2608 937 2558 2972 1998 2739 1099 2584 2494 2719 2142 360 2733 974 2576 1784 2487 1152 2349 1134 2464 1923 718 762 970 2478 1326 1946 2103 1974 1632 2786 855 1919 2145 1976 568 826 3243 1607 2011 1599 1598 760 1214 2184 2221 2166 2972 1940 3137 2998 1665 2783 3456 2289 2702 2458 1647 2489 3759 2146 1670 2061 1857 434 1824 1014 2208 2172 2820 2140 1025 2764 3689 950 2438 3138 1080 2918 1443 2869 2519 2507 2686 3001 3251 3080 2637 967 2902 3342 1313 2717 2823 2842 2496 1647 1209 1590 2575 2539 2439 854 2876 2488 1412 1109 2328 1154 1559 2404 2099 1707 2402 1969
2344 1154 2113 2239 2628 2216 1404 1721 1768 2804 3485 3072 1173 971 2533 2479 1659 1075 4124 1541 1769 592 4155 2167 1369 3080 3204 483 2106 2828 4040 2132 3278 2733 360 2790 4128 3478 1268 1946 885 2024 3177 2376 2400 2734 2914 2822 2161 1900 3287 1184 3219 1498 2730 2466 1686 1201 2785 2797 2405 3480 2626 3489 1522 2493 2673 943 2382 2954 2117 3034 2740 1624 2921 2368 2932 1859 3328 739 2588 3372 3107 3414 2556 2028 3169 2659 3587 2081 980 3137 2253 3858 3231 3140 3153 2257 3288 3276 2561 2015 2174 1788 3730 883 622 2586 2404 2386 1122 2536 1527 3223 1780 617 2982 547 3968 1620 1986 1536 3276 4041 2843 2517 3123 2660 1793 1986 3658 1995 1628 3067 3170 1386 1501 1435
847 1996 2230 1441 1130 2297 2045 1477 1389 2144 1590 1054 1978 2215 2440 2808 1896 2847 2059 1680 1399 2791 2056 1111 2354 2415 1383 2765 1504 2036 1937 2324 1527 974 2790 360 2024 1231 2315 1296 2321 1486 1863 1441 1161 1375 1582 1923 1039 1621 1489 2160 1038 2550 1467 1411 1872 2175 775 514 2833 1117 1467 1118 1804 1308 646 2207 1743 1574 2599 1330 2650 2745 1055 2339 2967 1953 2100 2455 1102 1876 3275 1535 1135 1682 1243 977 1299 1277 2192 1562 2404 1616 857 2184 3189 927 1827 2568 618 2563 1100 2566 1912 2445 2678 2531 2843 2658 2498 1546 2666 2797 1459 2709 2268 2857 1924 1548 1574 1622 1970 1974 1879 1422 2306 1963 1357 1275 1728 1182 1522 1811 1486 1804 2167 1827
2509 3380 2803 3106 2756 2787 3623 2791 2884 2194 1019 1447 3358 3517 2691 3111 2897 3915 440 3216 2774 4051 391 2750 3348 2221 1289 4064 3166 2077 450 2867 1244 2576 4128 2024 360 1155 3376 2896 3605 3139 1578 2146 2823 2966 3119 1991 2398 2612 1220 3688 1362 3438 3059 2054 2867 3711 2370 2139 3188 1340 1918 1352 3377 2955 1951 3572 2265 1631 3129 1462 2755 3553 1578 2717 2978 2785 1634 3752 1901 1361 3235 1086 1932 2528 1321 2603 1114 2922 3511 1422 2856 814 1986 1919 3092 2537 1420 2222 2116 3158 2345 3294 910 3662 3941 2743 3198 3013 3582 3181 3528 2545 3036 3968 2154 4134 537 2908 3227 3091 1563 462 1937 3063 2063 2169 2814 2888 858 2746 2951 1657 1353 3300 3146 3053
1718 2699 2428 2311 1963 2449 2871 2117 2152 2016 907 794 2678 2871 2459 2881 2346 3373 1196 2475 2079 3432 1187 1969 2821 2178 916 3429 2375 1888 1071 2510 1013 1784 3478 1231 1155 360 2822 2130 2968 2353 1485 1639 2028 2179 2344 1773 1687 2045 957 2956 619 2959 2272 1558 2316 2976 1577 1343 2938 612 1483 634 2625 2159 1196 2902 1860 1333 2794 1033 2601 3112 960 2426 2885 2296 1671 3112 1298 1369 3180 896 1339 2012 812 1809 481 2139 2858 1175 2541 755 1234 1879 3059 1763 1367 2263 1349 2795 1664 2878 1177 3053 3318 2534 2948 2753 3025 2388 3063 2561 2279 3348 2059 3509 1073 2223 2441 2373 1547 1114 1715 2268 2029 1905 2093 2117 967 1989 2243 1500 1063 2575 2616 2422
2054 1051 1205 2207 2451 1310 1667 1221 1475 1903 2718 2390 1044 860 1630 1631 840 911 3359 1479 1324 1101 3400 1929 483 2173 2449 1160 2100 1936 3292 1229 2497 2487 1268 2315 3376 2822 360 1747 844 1998 2323 1589 2238 2642 2871 1943 1635 1137 2516 1499 2567 718 2674 1681 870 1537 2459 2375 1572 2883 1822 2896 1602 2397 2113 1014 1522 2136 1259 2276 1847 931 2227 1463 2065 980 2453 938 1884 2532 2275 2650 1845 1208 2446 2419 2940 1933 899 2335 1355 3171 2806 2247 2299 1908 2449 2368 2058 1158 1586 958 2926 748 1014 1688 1574 1517 566 2536 818 2321 1640 1032 2078 1191 3206 1201 2007 1328 2413 3281 1969 2468 2221 1772 1436 1794 2885 1697 1303 2215 2387 1350 604 877
762 1192 2081 856 1076 2185 1109 966 639 2364 2353 1823 1181 1453 2444 2692 1514 2188 2918 769 856 2000 2927 581 1834 2684 2087 1947 793 2301 2807 2166 2212 1152 1946 1296 2896 2130 1747 360 1559 704 2367 1599 854 1255 1486 2221 955 1392 2194 1233 1896 2075 1290 1642 1506 1244 1201 1256 2679 2050 1792 2052 869 1010 1305 1391 1840 2063 2378 1959 2692 2293 1729 2291 2998 1701 2594 1665 1512 2474 3285 2286 1509 1554 1986 1079 2214 548 1418 2158 2287 2525 1670 2558 3245 730 2402 2876 1141 2305 1074 2209 2664 1722 1893 2536 2686 2540 1875 1174 2188 3006 530 1924 2537 2049 2771 924 770 802 2486 2831 2202 1089 2631 2162 708 407 2518 529 805 2277 2130 919 1709 1240
1934 728 1662 1945 2273 1772 1254 1219 1332 2315 2961 2556 738 468 2095 2115 1148 1022 3600 1195 1283 830 3632 1772 966 2605 2680 821 1822 2328 3518 1697 2752 2349 885 2321 3605 2968 844 1559 360 1726 2658 1851 2046 2422 2630 2315 1667 1376 2762 1058 2709 1172 2436 1941 1173 1093 2369 2346 2055 2983 2102 2993 1257 2174 2179 571 1869 2430 1744 2510 2320 1360 2403 1924 2548 1364 2817 506 2066 2850 2759 2890 2034 1508 2648 2276 3079 1724 501 2612 1827 3343 2785 2641 2783 1820 2767 2804 2081 1642 1666 1437 3205 543 716 2159 2057 2000 808 2267 1246 2783 1412 747 2497 902 3444 1133 1713 1118 2759 3517 2332 2222 2635 2160 1336 1604 3133 1569 1172 2549 2645 1039 1037 912
880 1363 2410 579 988 2517 1033 1289 953 2709 2633 2092 1359 1628 2783 3017 1826 2383 3167 893 1185 2122 3170 754 2097 3028 2377 2051 462 2645 3051 2492 2509 1134 2024 1486 3139 2353 1998 704 1726 360 2694 1941 776 1069 1264 2563 1288 1729 2486 1223 2138 2342 1073 1981 1821 1219 1261 1403 3000 2238 2128 2237 861 829 1565 1531 2184 2387 2693 2262 3031 2561 2016 2627 3335 2025 2924 1807 1831 2790 3619 2568 1832 1894 2265 1065 2425 583 1587 2470 2617 2742 1760 2898 3582 976 2720 3220 1393 2615 1412 2502 2951 1903 2025 2873 3006 2867 2098 903 2452 3351 727 2055 2881 2157 3026 1225 448 1030 2813 3081 2542 858 2973 2507 1037 678 2792 866 1093 2608 2433 1047 1995 1518
2193 2533 1625 2759 2592 1591 2958 1995 2226 976 1007 1231 2511 2591 1472 1893 1878 2824 1532 2543 2032 3051 1592 2321 2267 1060 939 3089 2761 859 1516 1677 832 2464 3177 1863 1578 1485 2323 2367 2658 2694 360 1199 2540 2851 3074 783 1772 1652 888 2947 1384 2307 2938 1124 1850 2980 2276 2017 1969 1714 956 1736 2732 2726 1610 2686 1161 668 1925 905 1547 2390 1172 1506 1798 1703 598 2800 1226 586 2079 978 1222 1509 1078 2449 1584 2478 2598 685 1651 1607 2175 755 1950 2105 518 1139 1760 1963 1658 2123 1038 2666 2951 1525 1980 1795 2522 2968 2382 1437 2447 2974 958 3140 1402 2121 2772 2366 478 1475 736 2845 907 969 2134 2382 1105 2197 2215 469 792 2568 2079 2139
1557 1697 1181 2049 2000 1230 2127 1158 1415 1138 1489 1207 1674 1775 1359 1730 1111 2132 2131 1717 1204 2276 2170 1608 1567 1451 1220 2300 2022 1064 2062 1271 1270 1923 2376 1441 2146 1639 1589 1599 1851 1941 1199 360 1885 2259 2501 982 1025 836 1287 2108 1401 1683 2333 452 1081 2141 1783 1572 1761 1754 612 1772 1908 2081 1158 1858 662 940 1556 1046 1578 1832 1042 1259 1896 1019 1399 1997 736 1369 2202 1420 694 744 1228 1885 1761 1741 1778 1121 1335 1959 1906 1322 2127 1421 1286 1639 1224 1540 895 1601 1715 1886 2170 1451 1771 1582 1796 2309 1785 1797 1650 2195 1303 2362 1977 1283 2010 1534 1312 2052 965 2194 1391 937 1321 1623 1658 1435 1384 1095 1161 1731 1363 1313
588 1678 2496 649 588 2592 1445 1421 1123 2663 2375 1830 1668 1942 2822 3110 1970 2682 2859 1224 1308 2474 2855 680 2321 2971 2143 2414 746 2580 2737 2585 2283 718 2400 1161 2823 2028 2238 854 2046 776 2540 1885 360 772 1014 2484 1227 1800 2252 1624 1838 2559 825 1902 1958 1624 860 1047 3108 1883 2023 1879 1250 555 1317 1869 2165 2234 2818 2054 3062 2776 1788 2682 3377 2131 2778 2145 1681 2601 3674 2316 1694 1940 2015 649 2085 683 1905 2278 2698 2405 1358 2798 3619 824 2540 3151 1151 2753 1358 2676 2698 2213 2371 2915 3115 2956 2370 789 2674 3323 994 2401 2821 2518 2725 1404 851 1295 2657 2775 2453 670 2893 2463 1172 807 2521 916 1295 2467 2223 1383 2186 1726
942 2054 2902 855 622 2997 1721 1833 1530 3031 2600 2070 2047 2320 3218 3516 2383 3069 3013 1587 1720 2830 2998 1092 2728 3331 2398 2760 989 2941 2886 2992 2543 762 2734 1375 2966 2179 2642 1255 2422 1069 2851 2259 772 360 605 2839 1618 2208 2504 1925 2034 2968 453 2266 2371 1917 969 1228 3516 1990 2373 1980 1571 608 1602 2233 2548 2550 3229 2336 3455 3185 2061 3082 3772 2541 3090 2510 2016 2885 4071 2548 2035 2343 2259 763 2212 1070 2281 2567 3103 2524 1370 3138 4011 1213 2832 3504 1454 3164 1746 3088 2921 2594 2731 3311 3523 3362 2766 634 3082 3693 1376 2761 3181 2866 2892 1813 1111 1686 2964 2932 2804 585 3244 2834 1583 1208 2730 1328 1699 2788 2497 1745 2597 2133
1186 2265 3147 1045 860 3242 1882 2073 1764 3271 2792 2272 2259 2530 3463 3761 2624 3284 3170 1795 1960 3023 3150 1334 2960 3569 2603 2949 1172 3179 3041 3237 2748 970 2914 1582 3119 2344 2871 1486 2630 1264 3074 2501 1014 605 360 3075 1863 2452 2707 2095 2220 3201 556 2506 2612 2083 1167 1430 3760 2139 2609 2127 1757 835 1824 2436 2791 2776 3472 2550 3699 3419 2275 3327 4016 2785 3312 2711 2248 3098 4316 2743 2269 2589 2461 987 2365 1298 2490 2783 3348 2670 1497 3370 4255 1458 3048 3739 1684 3407 1990 3328 3110 2806 2928 3556 3768 3607 2988 739 3315 3933 1595 2958 3419 3055 3057 2048 1290 1907 3185 3092 3039 768 3478 3074 1821 1439 2914 1569 1931 3014 2708 1951 2833 2366
2146 2237 1205 2664 2577 1168 2724 1754 2033 603 1379 1422 2215 2258 1069 1495 1526 2423 1949 2323 1814 2680 2006 2221 1876 854 1221 2728 2642 478 1924 1254 1167 2478 2822 1923 1991 1773 1943 2221 2315 2563 783 982 2484 2839 3075 360 1641 1349 1215 2683 1610 1896 2918 945 1502 2718 2312 2072 1565 1970 826 1992 2515 2678 1642 2368 811 800 1502 1107 1187 1970 1304 1086 1475 1325 870 2452 1191 1009 1776 1334 1167 1183 1325 2449 1886 2360 2271 977 1228 1968 2319 706 1666 2024 937 1026 1757 1540 1512 1703 1459 2303 2586 1133 1575 1386 2135 2912 1967 1233 2270 2607 705 2770 1813 1874 2632 2133 846 1888 418 2794 771 546 1938 2245 1503 2056 1986 693 1083 2321 1698 1829
918 1374 1661 1383 1367 1748 1602 808 851 1803 1807 1311 1353 1564 1959 2270 1232 2168 2409 1185 752 2137 2428 942 1678 2117 1530 2122 1363 1729 2308 1753 1644 1326 2161 1039 2398 1687 1635 955 1667 1288 1772 1025 1227 1618 1863 1641 360 985 1632 1650 1432 1882 1686 1056 1210 1674 1235 1105 2277 1679 1199 1688 1360 1423 872 1580 1297 1468 2008 1387 2197 2083 1186 1826 2513 1328 1999 1807 924 1884 2812 1737 917 1095 1449 1274 1792 1080 1546 1573 1856 2076 1531 1971 2753 766 1810 2304 784 1956 491 1926 2106 1778 2023 2052 2285 2116 1818 1647 1999 2459 1044 2054 1969 2209 2256 900 1362 1053 1891 2322 1617 1534 2052 1602 776 972 1978 785 917 1682 1554 1261 1496 1150
1525 1250 1056 1886 1969 1155 1752 811 1140 1416 1959 1613 1228 1302 1414 1670 660 1688 2601 1374 905 1801 2637 1484 1137 1735 1683 1823 1824 1391 2527 1145 1744 1946 1900 1621 2612 2045 1137 1392 1376 1729 1652 836 1800 2208 2452 1349 985 360 1758 1696 1792 1302 2265 927 632 1732 1860 1713 1668 2116 1086 2131 1562 1990 1381 1394 900 1413 1386 1510 1663 1487 1449 1259 1966 703 1828 1521 1107 1837 2252 1889 1067 537 1671 1890 2164 1569 1307 1597 1259 2393 2118 1693 2213 1365 1753 1938 1365 1332 887 1307 2191 1411 1694 1504 1675 1517 1342 2190 1415 2014 1382 1720 1602 1886 2446 914 1779 1176 1758 2520 1354 2090 1722 1228 1052 1430 2129 1260 1042 1543 1635 1347 935 848
1908 2561 1968 2506 2256 1965 2875 1977 2123 1449 561 795 2538 2678 1921 2348 2038 3055 1203 2457 1978 3199 1243 2093 2488 1585 469 3217 2535 1322 1138 2039 415 2103 3287 1489 1220 957 2516 2194 2762 2486 888 1287 2252 2504 2707 1215 1632 1758 360 2909 891 2582 2596 1195 2009 2937 1901 1638 2414 1192 1058 1215 2633 2420 1295 2743 1415 795 2312 614 2036 2704 830 1916 2307 1926 1078 2909 1084 787 2596 494 1107 1668 607 2104 1056 2263 2675 597 2045 1114 1709 1283 2471 1870 772 1665 1466 2330 1553 2451 833 2809 3091 1988 2424 2232 2723 2662 2674 1965 2309 3117 1473 3283 1049 2100 2571 2309 951 1124 1156 2538 1434 1371 2042 2196 731 2029 2162 912 499 2519 2286 2212
1628 844 2209 1430 1846 2325 581 1313 1165 2747 3092 2600 861 1004 2640 2739 1603 1692 3699 842 1293 1324 3717 1446 1622 3062 2811 1234 1296 2728 3597 2266 2915 1974 1184 2160 3688 2956 1499 1233 1058 1223 2947 2108 1624 1925 2095 2683 1650 1696 2909 360 2708 1851 1915 2183 1616 398 2061 2129 2692 2903 2352 2907 736 1691 2119 853 2237 2671 2372 2657 2882 2051 2476 2467 3143 1844 3145 1068 2186 3104 3383 3021 2166 1869 2738 1901 3050 1324 962 2816 2400 3350 2542 3028 3387 1593 3023 3265 1973 2275 1716 2094 3380 1234 1247 2717 2695 2609 1504 1715 1936 3304 1064 1273 2934 1339 3546 1187 1174 960 3061 3612 2684 1704 3057 2563 1233 1264 3264 1339 1108 2843 2817 750 1622 1243
1514 2442 2205 2114 1801 2234 2630 1859 1903 1854 934 559 2420 2612 2270 2686 2092 3119 1389 2230 1822 3173 1393 1748 2569 2051 810 3169 2168 1728 1273 2290 943 1632 3219 1038 1362 619 2567 1896 2709 2138 1384 1401 1838 2034 2220 1610 1432 1792 891 2708 360 2712 2127 1324 2063 2729 1424 1171 2737 726 1268 747 2384 1986 953 2644 1640 1175 2576 866 2430 2871 720 2223 2725 2052 1597 2853 1048 1318 3026 892 1089 1766 666 1646 733 1920 2599 1059 2330 1004 1178 1767 2914 1535 1295 2159 1115 2571 1405 2643 1250 2794 3059 2350 2747 2552 2770 2221 2818 2440 2040 3089 1921 3250 1249 1965 2226 2121 1467 1303 1554 2099 1911 1723 1841 1887 1055 1749 1989 1376 953 2325 2365 2163
2352 1410 1067 2547 2765 1145 2024 1511 1797 1803 2781 2524 1403 1207 1436 1340 1014 905 3412 1831 1621 1290 3459 2244 606 2030 2530 1378 2444 1863 3358 1052 2554 2786 1498 2550 3438 2959 718 2075 1172 2342 2307 1683 2559 2968 3201 1896 1882 1302 2582 1851 2712 360 3005 1770 1038 1889 2739 2628 1268 3050 1885 3066 1959 2726 2322 1361 1534 2170 980 2359 1619 578 2358 1288 1794 1024 2399 1234 2025 2527 1973 2717 1983 1306 2551 2720 3080 2263 1249 2377 1152 3282 3047 2160 2014 2198 2448 2212 2292 879 1810 649 2952 1032 1236 1475 1268 1251 746 2875 477 2113 1979 1242 1960 1374 3263 1515 2356 1672 2382 3339 1934 2802 2106 1713 1748 2121 2940 2008 1630 2203 2446 1706 746 1194
1015 2070 2961 854 706 3057 1706 1880 1568 3107 2693 2162 2064 2336 3284 3576 2431 3089 3106 1601 1767 2835 3091 1143 2764 3410 2489 2762 984 3019 2979 3051 2634 855 2730 1467 3059 2272 2674 1290 2436 1073 2938 2333 825 453 556 2918 1686 2265 2596 1915 2127 3005 360 2343 2420 1905 1062 1320 3573 2083 2453 2073 1570 640 1689 2244 2620 2636 3282 2425 3523 3223 2151 3146 3839 2596 3177 2520 2098 2975 4137 2641 2116 2405 2350 852 2305 1102 2296 2655 3163 2617 1461 3221 4079 1280 2921 3584 1539 3216 1815 3134 3014 2611 2738 3377 3580 3422 2792 578 3118 3769 1399 2768 3260 2868 2986 1853 1104 1711 3051 3026 2884 574 3324 2909 1626 1243 2823 1377 1735 2873 2587 1758 2638 2170
1568 1780 1246 2079 2005 1287 2195 1231 1472 1124 1397 1127 1757 1863 1390 1775 1203 2223 2039 1782 1269 2368 2078 1636 1658 1429 1128 2391 2059 1038 1970 1334 1178 1919 2466 1411 2054 1558 1681 1642 1941 1981 1124 452 1902 2266 2506 945 1056 927 1195 2183 1324 1770 2343 360 1173 2215 1769 1548 1812 1681 529 1700 1972 2097 1125 1944 699 855 1620 955 1599 1915 964 1303 1916 1106 1332 2087 682 1286 2223 1328 642 835 1140 1884 1680 1776 1866 1030 1389 1871 1864 1276 2141 1440 1204 1610 1208 1609 929 1680 1624 1978 2261 1480 1821 1630 1888 2329 1871 1787 1702 2287 1279 2453 1885 1356 2052 1602 1239 1960 921 2212 1356 929 1379 1663 1566 1475 1451 1022 1069 1803 1454 1400
1715 1138 971 2002 2146 1085 1714 901 1231 1516 2210 1884 1118 1118 1390 1561 389 1419 2852 1387 1013 1565 2892 1638 865 1820 1940 1599 1921 1520 2783 1044 1991 2145 1686 1872 2867 2316 870 1506 1173 1821 1850 1081 1958 2371 2612 1502 1210 632 2009 1616 2063 1038 2420 1173 360 1654 2079 1954 1539 2388 1320 2403 1561 2140 1644 1237 1056 1640 1232 1766 1636 1233 1719 1219 1916 589 2004 1312 1378 2050 2181 2142 1337 706 1936 2084 2436 1693 1134 1834 1175 2661 2369 1831 2164 1555 1966 2022 1614 1158 1132 1084 2428 1177 1462 1471 1545 1414 1077 2320 1153 2047 1456 1486 1701 1652 2698 956 1857 1192 1949 2773 1519 2231 1835 1351 1158 1549 2379 1403 1091 1741 1881 1318 663 735
1637 882 2247 1423 1845 2363 562 1344 1187 2783 3118 2624 899 1041 2678 2778 1641 1723 3723 860 1322 1348 3741 1455 1660 3098 2837 1256 1289 2763 3621 2305 2943 1976 1201 2175 3711 2976 1537 1244 1093 1219 2980 2141 1624 1917 2083 2718 1674 1732 2937 398 2729 1889 1905 2215 1654 360 2067 2141 2730 2920 2384 2924 741 1686 2139 889 2272 2702 2411 2685 2920 2087 2501 2505 3182 1882 3178 1100 2213 3135 3421 3047 2194 1905 2763 1903 3070 1328 1000 2846 2439 3371 2551 3063 3426 1607 3054 3301 1992 2314 1743 2132 3408 1268 1274 2755 2733 2647 1540 1703 1972 3342 1077 1299 2970 1360 3571 1219 1167 987 3094 3637 2718 1695 3093 2599 1258 1273 3290 1355 1136 2876 2846 778 1661 1281
680 2013 2522 1148 746 2602 1905 1598 1396 2524 1991 1466 1998 2261 2778 3121 2099 2959 2413 1611 1496 2825 2402 980 2520 2807 1796 2780 1245 2422 2288 2616 1941 568 2785 775 2370 1577 2459 1201 2369 1261 2276 1783 860 969 1167 2312 1235 1860 1901 2061 1424 2739 1062 1769 2079 2067 360 623 3137 1406 1849 1399 1686 951 1034 2219 2085 1983 2878 1746 3001 2946 1470 2662 3320 2203 2513 2487 1481 2292 3625 1940 1508 1958 1654 595 1620 1100 2230 1978 2710 1937 859 2588 3549 915 2243 2967 921 2830 1339 2799 2312 2517 2715 2871 3145 2968 2622 1171 2856 3183 1371 2747 2658 2880 2289 1631 1343 1617 2385 2331 2271 1054 2705 2335 1402 1164 2120 1160 1561 2221 1902 1760 2352 1945
