140 688 698 2563 2633 614 3134 2777 2070 1203 825 1420 1887 1010 2251 1777 2066 2401 623 1538 565 301 935 2933 2185 2290 2297 2531 1100 562 888 781 1371 836 2354 1717 2012 1629 851 1888 2528 2803 2781 1836 1877 2451 2209 2193 942 2409 1604 2444 2097 1491 955 2033 1447 1971 1308 1474 2003 1389 2111 3137 938 1312 1185 537 767 800 1948 1149 1984 2513 2987 2571 2119 322 2688 2488 2216 2317 1992 2274 1176 2248 2043 508 1763 1049 1080 1587 477 1528 905 1054 691 2605 2290 1922 3070 564 817 750 1387 936 2106 2273 1533 2142 2351 1750 2204 2575 2224 2143 1970 2885 2784 1939 2023 1836 1888 1879 2620 1956 1879 2429 2770 1101 1314 1345 1560 956 2081 1895 1691 890 754 892 824 2262 2729 1345 765 1271 2030
788 360 1033 2454 2493 1224 3158 2823 1753 944 1467 1459 1596 1148 2162 1565 2577 2486 1119 1693 1194 932 1550 3035 2704 2519 2161 2777 1220 747 1068 1419 1143 1180 2062 1390 1684 1776 1484 2429 2207 2811 2786 1526 1562 2621 2479 2391 816 2347 1917 2501 2305 1470 1417 1707 1370 2512 1880 1258 2486 1122 2246 3149 1072 1822 1590 935 446 1444 2002 1356 2043 2191 3051 2534 2657 748 2700 2473 2531 2180 2529 2361 1469 2369 2080 1142 1570 1106 1476 1700 967 1439 1469 1153 1067 2489 2697 2455 3072 855 1065 1398 1817 747 2014 2194 1249 2045 2025 1904 2138 2410 2082 1848 2436 2893 2795 2283 2501 1832 2402 2050 2498 2057 2137 2759 2712 1037 1240 1333 1248 1582 2583 2139 1382 1503 1399 587 640 1945 2763 1960 1327 1739 1909
798 1033 360 2333 2427 1179 2822 2459 2171 1615 1263 1140 1920 720 2014 1689 1913 2075 584 1206 864 810 1066 2600 2043 1955 2097 2199 805 645 1525 1244 1349 512 2369 1944 2201 1297 1068 1783 2633 2499 2479 1925 1981 2113 1882 1855 923 2149 1285 2126 1759 1245 1594 2191 1250 1865 1280 1421 1815 1424 1777 2829 1565 1170 917 521 1113 1097 1639 815 1671 2624 2662 2292 2005 924 2383 2200 1903 2118 1879 1948 843 1915 1738 1052 1652 811 803 1264 1133 1332 901 782 1349 2380 2030 1803 2767 1203 500 1141 1144 987 1877 2029 1580 1915 2493 1415 1952 2396 2032 2175 1763 2581 2479 1638 1830 1558 1742 1542 2399 1630 1547 2123 2501 956 1132 1108 1675 1125 1916 1561 1786 1403 1075 1111 935 2355 2415 1430 789 1071 1827
2663 2454 2333 360 544 3120 1347 1229 1912 2662 3236 1562 1662 1973 679 1338 3091 1296 2550 1685 2838 2727 2967 1587 3207 1905 673 2072 1892 2360 3160 3215 1711 2290 1621 2272 2220 1630 3010 3141 2075 1056 1030 1843 1894 1691 2056 1750 2016 633 2111 1171 1778 1448 3462 2114 1476 3193 2967 1598 2915 1801 1488 1298 3157 2720 2364 2455 2451 3059 1244 1964 1244 2098 1435 740 3263 2710 1022 833 2252 660 3183 1297 2106 1436 1150 2997 1293 1890 2340 1571 2973 1396 2759 1911 3135 417 2709 3118 1205 2929 2193 3114 2463 2068 817 672 1774 781 2160 1611 758 686 755 1656 2817 1102 1059 2283 2904 1172 3006 1637 448 1390 1942 2417 724 1825 1610 1588 1936 3037 3054 1893 1867 3369 3044 2263 2182 1928 1147 3213 2709 2562 904
2733 2493 2427 544 360 3197 1482 1400 1823 2655 3327 1672 1599 2071 805 1328 3255 1480 2648 1827 2931 2804 3080 1757 3373 2087 696 2256 1994 2431 3193 3304 1728 2396 1499 2218 2138 1778 3116 3298 1945 1216 1192 1782 1826 1875 2236 1930 2069 812 2268 1355 1956 1544 3521 2029 1549 3352 3101 1612 3080 1802 1666 1427 3185 2858 2497 2541 2483 3160 1404 2081 1409 1970 1595 918 3426 2772 1194 1016 2430 675 3343 1479 2234 1618 1315 3076 1297 1978 2466 1710 3034 1467 2875 2006 3186 494 2885 3276 1335 2977 2289 3208 2608 2111 918 814 1755 879 2047 1768 902 530 772 1560 2982 1254 1222 2453 3070 1305 3166 1804 464 1557 2111 2599 859 1892 1680 1679 1905 3149 3220 2063 1822 3452 3142 2291 2228 1820 1319 3342 2816 2701 964
714 1224 1179 3120 3197 360 3641 3276 2617 1641 641 1951 2451 1530 2805 2352 2218 2887 1005 2016 740 753 1005 3402 2321 2697 2861 2919 1619 1127 1063 585 1945 1280 2919 2229 2533 2107 879 2005 3070 3319 3298 2390 2427 2891 2590 2622 1516 2954 1981 2943 2522 2038 817 2564 2008 2084 1418 2048 2194 1958 2579 3648 1134 1518 1523 1034 1292 776 2458 1627 2491 3053 3475 3106 2233 839 3203 3017 2563 2882 2110 2761 1602 2719 2558 486 2338 1593 1442 2082 654 2090 1097 1584 777 3165 2552 2051 3586 847 1317 651 1679 1509 2663 2825 2099 2699 2882 2219 2752 3145 2790 2706 2183 3401 3299 2273 2219 2370 2043 2334 3180 2445 2281 2755 3311 1667 1877 1894 2112 983 2244 2306 2246 639 730 1445 1396 2809 3234 1354 1002 1534 2593
3234 3158 2822 1347 1482 3641 360 730 2887 3491 3680 2082 2615 2484 1471 2234 2993 1136 3004 1991 3295 3267 3304 848 3079 1641 1620 1650 2394 2951 3855 3674 2526 2725 2609 3202 3186 1903 3384 3126 3061 712 739 2793 2849 1343 1828 1577 2702 1258 2213 1059 1664 2048 4049 3084 2156 3151 3162 2427 2820 2644 1472 431 3868 2899 2621 2974 3179 3462 1545 2374 1511 3085 633 1042 3172 3319 818 1061 2013 1615 3132 1254 2434 1334 1452 3514 2169 2457 2648 1918 3568 2098 3094 2442 3764 1366 2461 3085 510 3577 2687 3551 2620 2781 1597 1424 2658 1582 3147 1805 1440 1652 1689 2637 2725 634 725 2190 2799 1685 2972 1724 1387 1561 1926 2073 986 2480 2281 2188 2838 3375 2944 1879 2792 3845 3462 3009 2878 2914 766 3429 3095 2762 1743
2877 2823 2459 1229 1400 3276 730 360 2687 3188 3311 1734 2394 2127 1246 1985 2660 765 2637 1623 2928 2906 2933 717 2752 1314 1437 1372 2037 2598 3514 3306 2234 2359 2457 2953 2969 1534 3013 2780 2915 566 581 2564 2625 1022 1499 1227 2370 1048 1846 693 1309 1715 3689 2873 1836 2810 2795 2142 2484 2359 1102 756 3529 2532 2250 2613 2850 3092 1190 2009 1153 2936 600 855 2839 2966 568 809 1692 1438 2792 883 2064 966 1104 3150 1913 2107 2277 1554 3212 1786 2723 2088 3412 1267 2153 2741 730 3228 2326 3182 2252 2453 1346 1197 2391 1342 2973 1434 1187 1556 1493 2453 2387 589 551 1844 2464 1355 2627 1353 1296 1193 1565 1783 929 2146 1955 1850 2577 3004 2612 1517 2546 3477 3092 2686 2546 2738 444 3062 2725 2393 1497
2170 1753 2171 1912 1823 2617 2887 2687 360 1528 2855 1870 683 1974 1800 1120 3603 2545 2362 2215 2540 2299 2852 3019 3737 2938 1627 3186 1964 1974 2264 2810 1210 2251 784 876 681 2242 2817 3531 823 2561 2533 606 553 2870 3001 2765 1607 2004 2668 2474 2727 1731 2747 569 1577 3607 3087 1187 3463 1109 2506 2844 2222 2936 2591 2177 1687 2801 2144 2149 2181 813 2921 2215 3731 2140 2490 2238 3144 1632 3614 2463 2343 2557 2143 2533 1203 1840 2497 2129 2350 1548 2710 1915 2397 1908 3490 3537 2751 2201 2094 2776 2801 1553 1709 1850 955 1708 705 2333 1865 1662 1561 627 3383 2624 2557 3008 3467 1899 3453 2462 1895 2299 2715 3371 2274 1635 1586 1729 870 2900 3590 2687 746 2896 2760 1537 1637 552 2604 3238 2587 2801 1562
1303 944 1615 2662 2655 1641 3491 3188 1528 360 1916 1896 1513 1677 2414 1688 3160 2896 1698 2186 1728 1461 2097 3443 3288 3024 2350 3287 1733 1330 1118 1863 1327 1759 1924 1034 1336 2260 2014 3010 1921 3139 3112 1371 1373 3088 3005 2882 1253 2620 2471 2886 2804 1857 1637 1402 1717 3093 2451 1432 3070 1222 2701 3470 1067 2405 2170 1518 862 1955 2409 1894 2452 1897 3425 2826 3238 1242 3036 2790 3075 2365 3110 2778 2030 2810 2468 1600 1728 1600 2056 2168 1347 1762 2040 1663 1312 2684 3270 3037 3386 1158 1634 1880 2399 1152 2272 2455 1261 2295 1703 2387 2419 2536 2268 1716 3018 3218 3126 2842 3085 2200 2986 2536 2686 2497 2665 3307 2972 1461 1612 1746 1140 2119 3167 2661 1260 1895 1906 920 1110 1703 3118 2507 1897 2323 2140
925 1467 1263 3236 3327 641 3680 3311 2855 1916 360 2041 2669 1623 2917 2531 2020 2912 1050 2049 758 925 834 3404 2114 2653 2995 2858 1706 1295 1335 415 2139 1324 3136 2488 2788 2136 709 1795 3313 3372 3353 2622 2663 2872 2528 2598 1697 3050 1932 2981 2496 2148 984 2814 2141 1870 1226 2235 2018 2168 2589 3693 1407 1377 1470 1148 1541 603 2514 1675 2542 3297 3496 3186 2016 1078 3256 3089 2477 3016 1898 2789 1607 2731 2618 685 2508 1708 1411 2130 932 2225 994 1684 1048 3283 2409 1845 3637 1127 1403 488 1583 1707 2779 2932 2315 2817 3132 2238 2855 3289 2928 2926 2020 3452 3351 2184 2045 2456 1852 2338 3301 2478 2241 2652 3398 1817 2016 2009 2345 788 2052 2272 2477 550 585 1677 1601 3047 3276 1113 951 1428 2725
1520 1459 1140 1562 1672 1951 2082 1734 1870 1896 2041 360 1553 781 1243 1163 2143 1387 1352 707 1643 1563 1768 1936 2275 1513 1355 1775 695 1229 2140 2024 1075 1088 1906 1881 2033 752 1808 2117 2282 1744 1722 1647 1716 1552 1531 1357 1018 1368 1164 1406 1290 518 2335 1977 652 2185 1815 1053 1988 1214 1164 2081 2158 1592 1220 1277 1495 1857 905 773 945 2285 1956 1515 2290 1597 1630 1429 1650 1376 2185 1262 945 1277 991 1825 1092 734 1169 644 1850 697 1563 727 2042 1612 1980 2111 2011 1855 999 1917 1379 1112 1114 1254 1328 1153 2215 867 1174 1665 1302 1762 1901 1827 1726 1498 1988 779 2012 1014 1633 964 1218 1883 1721 797 674 519 1504 1837 2122 1196 1550 2184 1843 1352 1189 2017 1679 2043 1506 1435 1094
1987 1596 1920 1662 1599 2451 2615 2394 683 1513 2669 1553 360 1690 1512 798 3304 2232 2124 1896 2328 2105 2617 2718 3438 2614 1360 2863 1671 1754 2192 2628 933 1986 827 980 935 1921 2594 3243 1097 2280 2252 542 593 2550 2677 2442 1364 1721 2355 2167 2404 1411 2637 842 1260 3318 2823 886 3160 864 2183 2576 2161 2657 2303 1947 1544 2590 1822 1852 1860 1097 2631 1935 3438 1971 2202 1947 2821 1368 3323 2146 2048 2237 1824 2355 881 1555 2214 1808 2203 1227 2461 1627 2283 1666 3173 3246 2484 2076 1829 2579 2507 1329 1409 1561 714 1412 1024 2010 1567 1452 1287 618 3078 2347 2274 2690 3163 1577 3158 2138 1657 1976 2394 3047 2016 1354 1279 1418 739 2670 3289 2365 613 2731 2553 1370 1428 825 2312 2990 2345 2517 1259
1110 1148 720 1973 2071 1530 2484 2127 1974 1677 1623 781 1690 360 1654 1394 1997 1755 937 912 1224 1146 1384 2294 2131 1731 1744 1988 449 839 1776 1604 1123 694 2111 1845 2062 1000 1408 1916 2424 2154 2132 1731 1794 1844 1693 1605 807 1789 1160 1794 1517 887 1924 2032 911 1993 1507 1166 1867 1232 1481 2487 1803 1327 977 856 1207 1448 1298 578 1333 2420 2339 1936 2119 1202 2039 1847 1758 1765 2000 1628 745 1613 1393 1404 1344 495 884 942 1445 991 1191 430 1647 2022 1982 1923 2421 1472 580 1500 1192 906 1519 1669 1382 1557 2312 1127 1592 2047 1682 1933 1796 2236 2135 1532 1876 1200 1841 1268 2040 1312 1352 1990 2143 699 811 755 1516 1450 1988 1352 1604 1763 1431 1118 926 2147 2078 1704 1112 1188 1475
2351 2162 2014 679 805 2805 1471 1246 1800 2414 2917 1243 1512 1654 360 1124 2821 1167 2231 1382 2519 2412 2649 1584 2941 1716 584 1916 1573 2048 2870 2897 1449 1971 1587 2091 2086 1334 2691 2857 2044 1129 1101 1686 1745 1547 1846 1549 1716 573 1827 1067 1559 1129 3154 1988 1167 2912 2657 1341 2647 1554 1273 1438 2871 2413 2054 2138 2166 2740 972 1646 983 2063 1481 788 2989 2403 1050 797 2035 596 2904 1126 1792 1256 895 2681 1062 1573 2026 1265 2664 1090 2441 1592 2833 730 2478 2836 1348 2629 1874 2795 2163 1775 508 409 1552 479 2089 1330 468 854 615 1567 2550 1199 1123 2031 2638 860 2726 1378 752 1135 1688 2220 918 1517 1302 1271 1729 2718 2787 1640 1681 3051 2724 1981 1886 1855 1163 2901 2389 2256 636
1877 1565 1689 1338 1328 2352 2234 1985 1120 1688 2531 1163 798 1394 1124 360 2944 1799 1910 1492 2156 1972 2395 2298 3076 2178 1024 2425 1352 1596 2246 2497 781 1719 1103 1330 1361 1506 2395 2906 1491 1889 1861 949 1014 2112 2248 2005 1196 1337 1965 1740 1970 1009 2618 1276 880 2976 2540 668 2790 835 1745 2202 2232 2346 1979 1757 1541 2410 1383 1516 1421 1497 2225 1552 3087 1890 1802 1546 2398 1039 2979 1710 1710 1798 1386 2241 442 1264 1904 1395 2146 825 2215 1325 2271 1357 2767 2903 2112 2060 1574 2425 2165 1207 1001 1170 795 1012 1454 1586 1160 1219 943 966 2704 1962 1881 2284 2791 1138 2808 1709 1358 1538 1975 2621 1666 1093 945 1052 966 2455 2924 1943 921 2625 2381 1349 1324 1238 1905 2736 2118 2197 852
2166 2577 1913 3091 3255 2218 2993 2660 3603 3160 2020 2143 3304 1997 2821 2944 360 2297 1830 1845 1901 2126 1572 2550 494 1712 3011 1753 1999 2194 2874 2060 2754 1782 3687 3470 3698 1866 1699 605 4042 2820 2816 3363 3427 2010 1525 1796 2419 2823 1365 2423 1727 2300 2642 3669 2424 565 1160 2779 538 2869 1996 3040 2936 1118 1387 2003 2660 1806 2211 1813 2206 4041 2732 2833 539 2342 2729 2708 1345 3030 533 2227 1620 2096 2301 2151 2875 2128 1494 1960 2406 2479 1524 2051 2608 3149 959 546 3029 2571 1930 1940 1165 2506 2750 2803 3016 2786 3944 1850 2716 3313 2986 3532 636 2877 2797 1185 555 2351 537 1814 3178 2061 1513 1358 3045 2334 2385 2255 3154 1600 414 1564 3240 2199 1849 2662 2479 3768 2674 1300 1660 1202 2799
2501 2486 2075 1296 1480 2887 1136 765 2545 2896 2912 1387 2232 1755 1167 1799 2297 360 2245 1231 2533 2524 2529 910 2397 992 1390 1136 1667 2233 3161 2909 1972 1967 2383 2740 2800 1140 2611 2401 2836 887 880 2388 2453 754 1164 865 2041 1037 1444 493 930 1399 3309 2714 1541 2436 2391 1896 2119 2107 697 1161 3182 2128 1845 2232 2521 2690 848 1621 805 2852 947 946 2476 2598 792 829 1364 1399 2420 487 1664 566 792 2762 1719 1751 1873 1174 2837 1506 2319 1723 3042 1349 1831 2365 1124 2866 1945 2783 1849 2131 1210 1123 2164 1222 2858 1034 1072 1603 1420 2337 2021 952 864 1472 2102 1065 2251 948 1380 805 1172 1499 1131 1817 1644 1521 2354 2600 2252 1122 2345 3081 2692 2370 2215 2627 751 2658 2324 1988 1349
723 1119 584 2550 2648 1005 3004 2637 2362 1698 1050 1352 2124 937 2231 1910 1830 2245 360 1374 653 698 853 2756 1954 2062 2319 2294 1018 762 1470 1036 1558 638 2578 2099 2370 1464 845 1672 2826 2689 2669 2117 2170 2247 1968 1980 1120 2360 1358 2305 1881 1464 1447 2369 1474 1755 1124 1636 1754 1623 1933 3014 1521 1072 923 552 1205 873 1829 990 1859 2816 2832 2496 1900 886 2573 2400 1962 2340 1773 2119 957 2074 1931 882 1875 1035 823 1447 1030 1556 717 1002 1252 2599 2027 1700 2956 1148 718 925 1124 1169 2096 2245 1778 2134 2676 1574 2166 2619 2255 2381 1715 2770 2669 1681 1773 1766 1653 1688 2618 1804 1647 2170 2708 1177 1356 1329 1858 908 1840 1669 1975 1203 853 1248 1096 2549 2598 1238 585 1013 2050
1638 1693 1206 1685 1827 2016 1991 1623 2215 2186 2049 707 1896 912 1382 1492 1845 1231 1374 360 1664 1656 1695 1755 1974 1198 1547 1460 833 1389 2327 2043 1421 1096 2229 2223 2381 451 1763 1850 2619 1685 1668 1994 2063 1291 1194 1059 1293 1445 842 1292 978 845 2440 2325 997 1911 1643 1401 1681 1558 933 2004 2355 1394 1045 1365 1744 1835 840 750 862 2624 1819 1536 2003 1745 1570 1425 1304 1567 1907 1105 811 1069 947 1890 1416 951 1040 478 1975 1030 1483 899 2185 1741 1637 1836 1950 2019 1081 1920 1141 1394 1286 1376 1676 1324 2559 574 1288 1857 1512 2096 1590 1765 1664 1154 1678 885 1730 717 1767 790 872 1537 1756 1093 1016 861 1850 1767 1819 853 1898 2213 1832 1628 1446 2358 1587 1896 1468 1237 1317
665 1194 864 2838 2931 740 3295 2928 2540 1728 758 1643 2328 1224 2519 2156 1901 2533 653 1664 360 627 731 3038 2014 2318 2599 2540 1308 934 1333 742 1778 931 2791 2221 2509 1753 649 1708 3003 2982 2963 2299 2347 2518 2210 2248 1333 2651 1601 2596 2147 1750 1196 2522 1748 1790 1119 1868 1857 1823 2217 3307 1395 1167 1143 760 1278 621 2122 1283 2152 2990 3119 2790 1939 847 2866 2694 2184 2620 1813 2408 1234 2358 2225 632 2128 1312 1063 1740 865 1831 742 1286 1073 2885 2189 1747 3248 1034 1004 636 1304 1359 2382 2534 1975 2420 2836 1860 2456 2895 2533 2586 1836 3063 2962 1895 1880 2059 1723 1969 2903 2094 1903 2379 3001 1431 1625 1612 2029 751 1921 1929 2155 910 585 1375 1264 2731 2890 1139 627 1164 2329
401 932 810 2727 2804 753 3267 2906 2299 1461 925 1563 2105 1146 2412 1972 2126 2524 698 1656 627 360 995 3050 2245 2388 2468 2624 1235 738 1134 887 1575 935 2571 1961 2253 1747 915 1947 2760 2940 2918 2063 2106 2558 2300 2297 1136 2563 1692 2573 2199 1646 1144 2271 1614 2029 1367 1673 2066 1603 2227 3272 1188 1374 1262 652 1014 872 2081 1265 2116 2746 3111 2718 2178 583 2824 2632 2300 2489 2051 2397 1273 2365 2179 632 1953 1201 1161 1712 694 1697 964 1196 916 2771 2360 1981 3207 814 940 836 1458 1142 2269 2432 1750 2306 2587 1865 2360 2753 2397 2362 2035 3022 2920 2020 2086 1982 1948 1990 2786 2079 1974 2509 2922 1275 1483 1501 1788 1018 2142 1993 1918 1014 827 1125 1036 2491 2860 1405 825 1338 2200
1035 1550 1066 2967 3080 1005 3304 2933 2852 2097 834 1768 2617 1384 2649 2395 1572 2529 853 1695 731 995 360 2994 1677 2211 2760 2404 1452 1240 1678 864 2051 1051 3071 2566 2846 1776 488 1362 3316 3015 2999 2608 2660 2447 2076 2172 1613 2754 1496 2611 2071 1901 1437 2851 1935 1442 773 2127 1554 2115 2196 3324 1744 902 1047 1035 1636 599 2175 1363 2198 3305 3103 2866 1592 1217 2901 2759 2012 2781 1467 2410 1244 2337 2281 945 2355 1501 1018 1792 1214 2016 572 1454 1402 3019 1935 1406 3276 1396 1182 733 1123 1659 2523 2656 2271 2562 3161 1861 2573 3067 2701 2874 1550 3093 2994 1720 1580 2161 1399 1943 3040 2112 1808 2181 3085 1662 1827 1778 2346 431 1599 1843 2465 1024 637 1714 1578 3040 2906 770 636 965 2494
3033 3035 2600 1587 1757 3402 848 717 3019 3443 3404 1936 2718 2294 1584 2298 2550 910 2756 1755 3038 3050 2994 360 2626 1211 1785 1175 2208 2774 3706 3406 2509 2483 2805 3258 3293 1664 3087 2701 3264 908 929 2884 2947 924 1393 1191 2591 1395 1865 924 1290 1948 3833 3200 2086 2719 2802 2426 2381 2640 1183 913 3728 2543 2307 2760 3071 3174 1397 2145 1355 3283 579 1211 2727 3135 925 1152 1564 1787 2697 1033 2163 1045 1335 3278 2222 2297 2354 1712 3370 2047 2791 2266 3578 1624 1996 2655 947 3407 2475 3276 2267 2681 1670 1535 2687 1670 3313 1545 1514 1913 1836 2792 2289 898 899 1774 2357 1605 2545 1428 1653 1343 1559 1599 1279 2367 2193 2071 2875 3064 2499 1517 2855 3580 3181 2919 2764 3079 799 3069 2813 2418 1819
2285 2704 2043 3207 3373 2321 3079 2752 3737 3288 2114 2275 3438 2131 2941 3076 494 2397 1954 1974 2014 2245 1677 2626 360 1800 3134 1820 2133 2322 2987 2156 2888 1913 3819 3603 3832 1992 1802 679 4176 2917 2914 3497 3561 2096 1613 1893 2553 2938 1492 2525 1829 2432 2738 3803 2557 609 1263 2913 654 3003 2104 3127 3050 1242 1521 2130 2788 1907 2330 1947 2324 4175 2815 2942 492 2463 2829 2817 1425 3153 578 2332 1754 2199 2418 2259 3007 2262 1627 2087 2519 2611 1641 2185 2717 3265 1005 630 3120 2687 2062 2039 1299 2638 2873 2922 3150 2909 4078 1972 2836 3435 3110 3665 751 2972 2895 1291 663 2475 661 1930 3295 2177 1626 1412 3152 2468 2519 2388 3287 1700 515 1676 3374 2289 1951 2793 2610 3902 2769 1379 1779 1333 2925
2390 2519 1955 1905 2087 2697 1641 1314 2938 3024 2653 1513 2614 1731 1716 2178 1712 992 2062 1198 2318 2388 2211 1211 1800 360 1939 623 1660 2187 3117 2663 2218 1814 2857 3025 3148 1127 2316 1851 3291 1488 1488 2743 2811 657 547 534 2131 1635 1081 1126 582 1606 3148 3078 1770 1873 1974 2176 1539 2359 810 1688 3152 1721 1543 2115 2575 2413 1167 1531 1136 3302 1382 1576 1891 2519 1410 1454 739 1952 1852 968 1475 829 1201 2579 2096 1787 1615 1228 2721 1772 2021 1730 2941 1961 1203 1808 1680 2798 1856 2528 1456 2232 1710 1681 2457 1734 3273 1005 1609 2192 1948 2770 1445 1537 1466 923 1517 1404 1696 858 1993 1002 775 871 1764 1929 1825 1672 2641 2277 1663 755 2668 2837 2428 2466 2282 3053 1337 2239 2069 1613 1821
2397 2161 2097 673 696 2861 1620 1437 1627 2350 2995 1355 1360 1744 584 1024 3011 1390 2319 1547 2599 2468 2760 1785 3134 1939 360 2141 1669 2095 2864 2970 1405 2072 1380 1964 1927 1509 2791 3035 1839 1296 1268 1540 1594 1772 2065 1770 1734 749 2009 1286 1776 1219 3185 1824 1214 3093 2801 1290 2839 1489 1493 1578 2857 2565 2198 2207 2154 2832 1177 1768 1193 1859 1664 951 3176 2435 1233 992 2251 381 3087 1351 1929 1480 1109 2740 981 1646 2159 1429 2698 1132 2557 1677 2852 695 2689 3017 1485 2643 1960 2876 2325 1778 621 627 1460 585 1898 1522 689 672 442 1381 2743 1357 1293 2234 2832 1024 2909 1583 699 1344 1892 2441 1016 1555 1344 1349 1623 2828 2979 1846 1556 3118 2812 1963 1894 1664 1353 3036 2493 2407 629
2631 2777 2199 2072 2256 2919 1650 1372 3186 3287 2858 1775 2863 1988 1916 2425 1753 1136 2294 1460 2540 2624 2404 1175 1820 623 2141 360 1920 2439 3364 2872 2479 2055 3088 3285 3402 1390 2515 1926 3528 1568 1574 2995 3064 742 690 784 2393 1810 1298 1265 845 1866 3374 3330 2029 1934 2132 2434 1592 2619 1042 1707 3401 1891 1757 2358 2835 2616 1404 1785 1370 3540 1378 1719 1927 2764 1510 1605 787 2152 1909 1150 1716 1021 1425 2805 2343 2048 1838 1491 2959 2029 2223 1990 3180 2125 1182 1876 1717 3043 2106 2736 1641 2494 1927 1877 2715 1947 3518 1268 1812 2375 2157 3011 1507 1602 1548 1057 1566 1647 1770 1120 2157 1246 1012 783 1885 2192 2087 1935 2900 2467 1701 1001 2924 3045 2634 2727 2543 3295 1415 2390 2284 1799 2046
1200 1220 805 1892 1994 1619 2394 2037 1964 1733 1706 695 1671 449 1573 1352 1999 1667 1018 833 1308 1235 1452 2208 2133 1660 1669 1920 360 926 1860 1689 1115 762 2080 1864 2068 918 1482 1932 2408 2064 2043 1723 1788 1764 1632 1530 848 1703 1122 1705 1445 810 2014 2033 852 2006 1550 1144 1863 1233 1397 2397 1885 1356 993 945 1274 1527 1208 548 1244 2405 2250 1848 2128 1290 1949 1758 1706 1691 2012 1540 739 1527 1304 1492 1298 501 912 856 1534 929 1253 430 1735 1941 1951 1935 2332 1559 665 1582 1197 950 1439 1586 1377 1478 2305 1046 1508 1975 1609 1909 1788 2147 2045 1491 1869 1113 1849 1190 1961 1225 1292 1940 2056 700 767 687 1522 1519 1987 1288 1602 1849 1511 1173 984 2132 1989 1757 1183 1210 1402
662 747 645 2360 2431 1127 2951 2598 1974 1330 1295 1229 1754 839 2048 1596 2194 2233 762 1389 934 738 1240 2774 2322 2187 2095 2439 926 360 1298 1261 1206 794 2217 1696 1969 1478 1203 2054 2438 2614 2592 1731 1781 2318 2130 2072 763 2208 1549 2267 1981 1291 1471 1971 1244 2137 1524 1300 2099 1249 1960 2950 1328 1444 1203 570 828 1195 1768 1017 1805 2427 2814 2374 2279 727 2500 2294 2166 2116 2152 2106 1100 2092 1859 1009 1576 855 1089 1421 982 1326 1120 870 1173 2403 2313 2078 2881 993 695 1193 1430 785 1904 2071 1402 1939 2281 1604 2003 2377 2023 2013 2048 2697 2596 1909 2115 1641 2021 1742 2417 1791 1790 2391 2570 899 1111 1145 1466 1285 2198 1798 1588 1392 1159 846 698 2164 2547 1637 985 1354 1828
988 1068 1525 3160 3193 1063 3855 3514 2264 1118 1335 2140 2192 1776 2870 2246 2874 3161 1470 2327 1333 1134 1678 3706 2987 3117 2864 3364 1860 1298 360 1280 1829 1672 2636 1789 2094 2415 1561 2677 2675 3511 3487 2077 2093 3256 3047 3008 1520 3055 2446 3186 2915 2169 893 2155 2077 2758 2087 1945 2828 1779 2897 3849 432 2136 2033 1369 1070 1468 2686 1952 2725 2652 3736 3241 2908 960 3399 3176 3062 2882 2782 3035 2009 3028 2770 1093 2261 1770 1928 2355 828 2147 1713 1800 647 3194 3135 2718 3774 684 1621 1353 2233 1455 2722 2902 1877 2753 2460 2542 2847 3102 2784 2422 2803 3593 3494 2787 2850 2530 2697 2680 3202 2723 2712 3276 3420 1737 1945 2027 1814 1671 2895 2724 1948 1246 1419 1261 1346 2446 3457 2053 1584 2111 2616
881 1419 1244 3215 3304 585 3674 3306 2810 1863 415 2024 2628 1604 2897 2497 2060 2909 1036 2043 742 887 864 3406 2156 2663 2970 2872 1689 1261 1280 360 2102 1313 3095 2438 2739 2131 736 1837 3267 3363 3345 2578 2618 2877 2542 2605 1662 3033 1942 2975 2503 2127 941 2766 2116 1913 1263 2200 2054 2128 2589 3687 1352 1404 1479 1123 1492 626 2504 1665 2534 3251 3494 3173 2060 1031 3248 3077 2495 2992 1941 2785 1606 2730 2607 637 2476 1686 1416 2121 877 2199 1010 1664 993 3262 2439 1886 3630 1072 1384 496 1602 1669 2758 2913 2274 2796 3084 2235 2836 3263 2902 2885 2053 3444 3343 2203 2080 2441 1890 2338 3279 2473 2250 2674 3383 1788 1989 1987 2301 823 2091 2280 2433 534 599 1632 1561 3002 3270 1161 955 1448 2701
1471 1143 1349 1711 1728 1945 2526 2234 1210 1327 2139 1075 933 1123 1449 781 2754 1972 1558 1421 1778 1575 2051 2509 2888 2218 1405 2479 1115 1206 1829 2102 360 1412 1380 1167 1326 1467 2035 2680 1661 2174 2147 968 1033 2219 2247 2056 805 1653 1841 1945 1997 973 2198 1281 810 2757 2250 476 2617 500 1831 2504 1818 2088 1740 1387 1121 2038 1498 1301 1541 1657 2473 1859 2881 1476 2074 1825 2365 1422 2764 1862 1494 1918 1539 1838 792 989 1647 1358 1728 827 1889 1064 1850 1739 2673 2687 2419 1638 1256 2040 1951 795 1306 1489 623 1329 1550 1578 1452 1633 1323 1186 2540 2253 2162 2196 2623 1267 2602 1721 1744 1618 1933 2598 2008 784 764 919 788 2105 2742 1912 849 2221 2004 928 910 1384 2161 2418 1777 1951 1177
936 1180 512 2290 2396 1280 2725 2359 2251 1759 1324 1088 1986 694 1971 1719 1782 1967 638 1096 931 935 1051 2483 1913 1814 2072 2055 762 794 1672 1313 1412 360 2422 2056 2302 1186 1080 1665 2710 2410 2391 2005 2064 1983 1735 1721 1014 2091 1135 2026 1623 1212 1712 2286 1245 1746 1197 1472 1676 1502 1659 2735 1714 1054 770 663 1258 1130 1550 711 1580 2703 2555 2222 1882 1071 2295 2124 1752 2093 1757 1842 699 1799 1653 1155 1674 816 656 1168 1267 1325 858 763 1486 2340 1879 1681 2677 1349 517 1197 999 1091 1840 1982 1657 1878 2581 1298 1901 2377 2012 2236 1620 2491 2390 1485 1690 1496 1613 1417 2360 1526 1403 1971 2435 996 1142 1087 1767 1117 1782 1419 1870 1481 1118 1240 1057 2432 2319 1377 781 940 1804
2454 2062 2369 1621 1499 2919 2609 2457 784 1924 3136 1906 827 2111 1587 1103 3687 2383 2578 2229 2791 2571 3071 2805 3819 2857 1380 3088 2080 2217 2636 3095 1380 2422 360 1295 1091 2236 3054 3645 818 2306 2279 918 910 2742 2948 2682 1821 1769 2707 2292 2661 1751 3096 980 1622 3717 3256 1310 3534 1329 2409 2558 2601 3076 2713 2405 2008 3052 2050 2252 2081 839 2680 1965 3830 2439 2251 2012 3110 1378 3720 2321 2447 2433 2023 2823 1174 1977 2632 2127 2669 1568 2908 2045 2742 1604 3498 3644 2465 2538 2269 3045 2905 1793 1533 1635 1181 1520 911 2305 1672 1330 1332 575 3447 2360 2306 3016 3534 1818 3550 2415 1585 2217 2698 3326 1984 1786 1675 1793 1186 3126 3667 2662 1050 3198 3016 1836 1895 696 2373 3436 2797 2930 1403
1817 1390 1944 2272 2218 2229 3202 2953 876 1034 2488 1881 980 1845 2091 1330 3470 2740 2099 2223 2221 1961 2566 3258 3603 3025 1964 3285 1864 1696 1789 2438 1167 2056 1295 360 667 2273 2509 3361 1247 2859 2831 799 768 3014 3053 2861 1410 2304 2620 2695 2804 1779 2296 728 1615 3442 2858 1215 3349 1027 2629 3168 1741 2750 2442 1907 1310 2474 2285 2051 2326 1223 3193 2520 3577 1771 2772 2516 3167 1974 3454 2639 2231 2708 2312 2162 1400 1724 2336 2164 1945 1620 2457 1801 1956 2280 3453 3377 3077 1775 1903 2426 2668 1325 1971 2139 937 1981 1032 2385 2130 2073 1886 1107 3280 2930 2851 2984 3358 2044 3306 2528 2273 2416 2735 3401 2619 1526 1567 1723 748 2603 3465 2716 769 2500 2429 1213 1369 1036 2874 2970 2321 2635 1822
2112 1684 2201 2220 2138 2533 3186 2969 681 1336 2788 2033 935 2062 2086 1361 3698 2800 2370 2381 2509 2253 2846 3293 3832 3148 1927 3402 2068 1969 2094 2739 1326 2302 1091 667 360 2420 2795 3604 949 2854 2826 772 706 3105 3194 2978 1648 2295 2808 2739 2931 1911 2603 472 1749 3684 3121 1340 3569 1197 2730 3145 2044 2997 2673 2178 1607 2765 2373 2257 2413 923 3207 2508 3815 2070 2777 2522 3323 1933 3693 2710 2444 2794 2384 2462 1441 1934 2570 2308 2250 1736 2726 2010 2264 2218 3639 3616 3052 2082 2146 2723 2893 1574 1984 2136 1065 1987 726 2522 2142 1980 1856 948 3496 2920 2848 3162 3577 2127 3540 2659 2207 2519 2891 3554 2579 1728 1728 1881 906 2887 3690 2867 843 2805 2721 1494 1634 779 2888 3246 2594 2873 1834
1729 1776 1297 1630 1778 2107 1903 1534 2242 2260 2136 752 1921 1000 1334 1506 1866 1140 1464 451 1753 1747 1776 1664 1992 1127 1509 1390 918 1478 2415 2131 1467 1186 2236 2273 2420 360 1847 1885 2637 1600 1583 2027 2096 1206 1139 981 1367 1382 861 1204 905 871 2531 2360 1031 1943 1708 1439 1698 1607 843 1917 2443 1455 1116 1456 1825 1921 766 841 784 2643 1728 1462 2029 1835 1486 1349 1263 1529 1937 1015 894 978 873 1981 1428 1031 1119 472 2066 1054 1564 983 2276 1686 1621 1868 1864 2109 1171 2008 1193 1467 1248 1324 1717 1285 2586 488 1236 1817 1480 2112 1604 1679 1579 1140 1693 846 1760 636 1713 701 833 1494 1683 1161 1066 911 1895 1848 1837 807 1937 2302 1919 1704 1525 2379 1499 1964 1554 1299 1292
951 1484 1068 3010 3116 879 3384 3013 2817 2014 709 1808 2594 1408 2691 2395 1699 2611 845 1763 649 915 488 3087 1802 2316 2791 2515 1482 1203 1561 736 2035 1080 3054 2509 2795 1847 360 1486 3281 3088 3071 2574 2624 2545 2186 2271 1592 2805 1597 2688 2169 1932 1309 2805 1954 1565 899 2117 1683 2090 2281 3402 1629 1028 1140 1008 1568 470 2239 1413 2265 3269 3189 2926 1714 1131 2973 2822 2129 2813 1591 2490 1312 2423 2345 828 2360 1516 1097 1855 1102 2036 656 1476 1282 3061 2062 1531 3351 1288 1196 604 1237 1628 2560 2701 2244 2599 3119 1939 2619 3095 2730 2852 1679 3167 3067 1836 1709 2210 1526 2028 3081 2186 1909 2302 3143 1662 1840 1803 2307 469 1727 1942 2431 900 509 1661 1539 3007 2984 861 661 1080 2523
1988 2429 1783 3141 3298 2005 3126 2780 3531 3010 1795 2117 3243 1916 2857 2906 605 2401 1672 1850 1708 1947 1362 2701 679 1851 3035 1926 1932 2054 2677 1837 2680 1665 3645 3361 3604 1885 1486 360 3979 2928 2922 3287 3350 2147 1667 1912 2317 2879 1390 2522 1833 2276 2419 3582 2386 443 950 2716 704 2787 2083 3168 2741 972 1300 1854 2515 1590 2257 1754 2258 3976 2872 2910 591 2168 2831 2786 1504 3055 465 2319 1558 2196 2354 1947 2841 2051 1395 1968 2210 2448 1342 1977 2404 3199 1172 419 3150 2383 1819 1722 1100 2396 2773 2844 2938 2810 3868 1890 2756 3343 3003 3480 780 2990 2905 1296 734 2371 516 1877 3227 2119 1594 1553 3127 2256 2332 2213 3064 1382 652 1645 3159 1970 1635 2534 2358 3703 2787 1061 1484 1091 2808
2628 2207 2633 2075 1945 3070 3061 2915 823 1921 3313 2282 1097 2424 2044 1491 4042 2836 2826 2619 3003 2760 3316 3264 4176 3291 1839 3528 2408 2438 2675 3267 1661 2710 818 1247 949 2637 3281 3979 360 2763 2736 1068 1016 3190 3372 3117 2069 2228 3086 2748 3090 2134 3176 880 1990 4055 3546 1623 3897 1569 2846 3009 2628 3389 3039 2641 2138 3263 2485 2590 2518 394 3138 2424 4175 2596 2709 2471 3527 1837 4060 2770 2785 2879 2465 2989 1570 2289 2948 2525 2797 1949 3172 2362 2831 2055 3896 3983 2916 2641 2552 3236 3245 2017 1986 2093 1413 1975 592 2716 2128 1774 1790 884 3814 2816 2763 3413 3900 2247 3896 2835 2035 2649 3106 3748 2435 2086 2017 2152 1333 3364 4026 3074 1210 3348 3223 1996 2101 637 2831 3701 3050 3252 1850
2903 2811 2499 1056 1216 3319 712 566 2561 3139 3372 1744 2280 2154 1129 1889 2820 887 2689 1685 2982 2940 3015 908 2917 1488 1296 1568 2064 2614 3511 3363 2174 2410 2306 2859 2854 1600 3088 2928 2763 360 387 2455 2513 1205 1670 1384 2355 918 1962 774 1456 1702 3718 2754 1806 2962 2905 2076 2643 2293 1216 698 3522 2643 2341 2648 2830 3160 1220 2058 1189 2785 739 705 2999 2982 475 709 1867 1294 2946 982 2135 1093 1120 3192 1822 2119 2357 1602 3234 1747 2803 2109 3427 1087 2331 2892 627 3236 2362 3243 2364 2431 1249 1081 2310 1237 2833 1515 1091 1378 1360 2318 2545 442 382 1998 2625 1340 2778 1457 1114 1263 1699 1972 730 2134 1932 1844 2491 3087 2774 1649 2449 3532 3157 2658 2531 2600 512 3170 2793 2498 1397
2881 2786 2479 1030 1192 3298 739 581 2533 3112 3353 1722 2252 2132 1101 1861 2816 880 2669 1668 2963 2918 2999 929 2914 1488 1268 1574 2043 2592 3487 3345 2147 2391 2279 2831 2826 1583 3071 2922 2736 387 360 2427 2485 1208 1669 1380 2330 890 1951 763 1451 1678 3696 2726 1780 2957 2893 2049 2639 2266 1207 722 3497 2630 2326 2627 2805 3143 1200 2039 1170 2758 764 678 2995 2959 457 682 1867 1266 2940 971 2118 1086 1100 3171 1795 2096 2341 1583 3212 1721 2787 2087 3404 1063 2332 2886 649 3213 2341 3225 2352 2406 1221 1053 2282 1209 2806 1500 1063 1354 1332 2290 2541 466 390 1993 2621 1316 2772 1445 1089 1247 1691 1975 710 2110 1907 1820 2463 3071 2771 1641 2421 3513 3139 2633 2506 2572 519 3157 2776 2485 1369
1936 1526 1925 1843 1782 2390 2793 2564 606 1371 2622 1647 542 1731 1686 949 3363 2388 2117 1994 2299 2063 2608 2884 3497 2743 1540 2995 1723 1731 2077 2578 968 2005 918 799 772 2027 2574 3287 1068 2455 2427 360 429 2694 2796 2572 1361 1897 2438 2328 2528 1516 2543 695 1357 3364 2840 955 3225 863 2320 2755 2042 2691 2348 1933 1465 2561 1962 1910 2002 1059 2803 2112 3489 1911 2375 2119 2931 1549 3371 2297 2103 2382 1972 2302 1028 1597 2252 1915 2129 1336 2464 1672 2190 1848 3265 3294 2663 1989 1847 2539 2560 1309 1577 1735 709 1583 941 2124 1737 1634 1466 706 3147 2524 2449 2784 3230 1716 3211 2258 1840 2110 2500 3160 2197 1391 1353 1501 638 2656 3351 2474 504 2670 2521 1306 1396 792 2483 2993 2341 2557 1427
1977 1562 1981 1894 1826 2427 2849 2625 553 1373 2663 1716 593 1794 1745 1014 3427 2453 2170 2063 2347 2106 2660 2947 3561 2811 1594 3064 1788 1781 2093 2618 1033 2064 910 768 706 2096 2624 3350 1016 2513 2485 429 360 2762 2865 2641 1417 1955 2506 2392 2597 1585 2568 626 1426 3427 2898 1024 3290 923 2389 2810 2055 2751 2411 1984 1498 2608 2030 1975 2069 1005 2863 2169 3553 1949 2434 2179 3000 1602 3435 2364 2167 2449 2039 2341 1095 1661 2315 1984 2162 1405 2519 1736 2216 1897 3333 3358 2718 2017 1906 2583 2624 1361 1639 1794 772 1643 878 2193 1798 1675 1520 706 3213 2581 2508 2852 3296 1784 3275 2327 1887 2178 2569 3229 2249 1455 1421 1569 678 2707 3416 2543 555 2706 2567 1346 1444 744 2544 3047 2395 2619 1489
2551 2621 2113 1691 1875 2891 1343 1022 2870 3088 2872 1552 2550 1844 1547 2112 2010 754 2247 1291 2518 2558 2447 924 2096 657 1772 742 1764 2318 3256 2877 2219 1983 2742 3014 3105 1206 2545 2147 3190 1205 1208 2694 2762 360 844 634 2202 1430 1312 882 736 1611 3334 3026 1769 2170 2240 2159 1836 2358 749 1390 3286 1982 1765 2274 2668 2637 1092 1666 1052 3204 1085 1336 2188 2668 1137 1222 1032 1782 2149 782 1650 673 1088 2769 2030 1875 1821 1284 2887 1754 2248 1829 3102 1743 1490 2104 1385 2945 2000 2744 1708 2300 1571 1506 2438 1588 3195 1077 1446 1996 1794 2680 1742 1249 1184 1214 1815 1338 1992 936 1775 961 1001 1127 1506 1987 1849 1705 2626 2515 1961 963 2635 3052 2647 2539 2366 2967 1052 2507 2282 1861 1699
2309 2479 1882 2056 2236 2590 1828 1499 3001 3005 2528 1531 2677 1693 1846 2248 1525 1164 1968 1194 2210 2300 2076 1393 1613 547 2065 690 1632 2130 3047 2542 2247 1735 2948 3053 3194 1139 2186 1667 3372 1670 1669 2796 2865 844 360 667 2115 1783 970 1297 650 1643 3045 3130 1806 1687 1816 2215 1352 2386 933 1875 3086 1569 1427 2038 2540 2287 1266 1483 1240 3381 1568 1740 1704 2446 1589 1617 559 2080 1666 1125 1398 984 1317 2476 2166 1765 1510 1249 2635 1819 1894 1702 2856 2112 1026 1622 1866 2725 1795 2406 1314 2217 1826 1815 2495 1853 3341 1032 1738 2332 2067 2848 1258 1721 1648 748 1331 1489 1511 899 2144 1095 701 739 1935 1925 1845 1690 2674 2140 1476 704 2711 2715 2304 2445 2256 3126 1520 2078 1954 1472 1925
2293 2391 1855 1750 1930 2622 1577 1227 2765 2882 2598 1357 2442 1605 1549 2005 1796 865 1980 1059 2248 2297 2172 1191 1893 534 1770 784 1530 2072 3008 2605 2056 1721 2682 2861 2978 981 2271 1912 3117 1384 1380 2572 2641 634 667 360 1989 1477 1037 996 461 1442 3068 2907 1606 1942 1971 2009 1619 2196 637 1617 3041 1711 1490 2016 2443 2363 992 1416 961 3128 1333 1434 1975 2415 1295 1310 865 1784 1924 818 1384 678 1028 2502 1923 1651 1549 1075 2627 1605 1974 1598 2845 1806 1330 1873 1597 2693 1747 2471 1436 2089 1538 1515 2291 1563 3100 855 1441 2030 1777 2596 1522 1441 1361 976 1600 1230 1759 706 1837 828 728 1032 1632 1782 1667 1516 2476 2241 1750 689 2499 2779 2373 2326 2146 2879 1238 2238 2009 1588 1647
1042 816 923 2016 2069 1516 2702 2370 1607 1253 1697 1018 1364 807 1716 1196 2419 2041 1120 1293 1333 1136 1613 2591 2553 2131 1734 2393 848 763 1520 1662 805 1014 1821 1410 1648 1367 1592 2317 2069 2355 2330 1361 1417 2202 2115 1989 360 1896 1606 2050 1911 1015 1811 1632 916 2396 1842 897 2299 862 1819 2693 1528 1708 1392 943 840 1593 1555 1024 1596 2061 2599 2080 2529 1065 2244 2017 2194 1754 2407 1918 1189 1935 1628 1404 1181 710 1286 1279 1326 988 1463 779 1479 2054 2430 2330 2616 1272 857 1596 1618 461 1569 1746 1018 1601 1930 1495 1687 2001 1657 1621 2233 2437 2339 1977 2310 1377 2257 1643 2065 1622 1777 2428 2261 584 784 881 1113 1666 2415 1770 1222 1788 1559 696 536 1792 2308 1992 1343 1587 1473
2509 2347 2149 633 812 2954 1258 1048 2004 2620 3050 1368 1721 1789 573 1337 2823 1037 2360 1445 2651 2563 2754 1395 2938 1635 749 1810 1703 2208 3055 3033 1653 2091 1769 2304 2295 1382 2805 2879 2228 918 890 1897 1955 1430 1783 1477 1896 360 1852 919 1505 1277 3319 2196 1340 2929 2728 1547 2646 1762 1215 1225 3058 2477 2129 2281 2355 2862 984 1752 980 2248 1278 575 2996 2569 846 603 1979 751 2919 1027 1880 1166 885 2829 1274 1722 2114 1334 2829 1268 2544 1731 3004 690 2435 2854 1135 2804 2008 2925 2214 1960 707 527 1765 687 2284 1351 568 926 805 1765 2548 987 913 2012 2635 955 2742 1368 721 1122 1672 2146 725 1688 1474 1423 1942 2825 2785 1622 1894 3192 2849 2173 2068 2050 964 2980 2504 2321 847
1704 1917 1285 2111 2268 1981 2213 1846 2668 2471 1932 1164 2355 1160 1827 1965 1365 1444 1358 842 1601 1692 1496 1865 1492 1081 2009 1298 1122 1549 2446 1942 1841 1135 2707 2620 2808 861 1597 1390 3086 1962 1951 2438 2506 1312 970 1037 1606 1852 360 1548 936 1316 2435 2762 1456 1445 1309 1842 1199 1972 1107 2243 2489 1046 822 1438 1986 1693 1228 942 1231 3089 1990 1897 1527 1846 1856 1775 978 2029 1438 1340 809 1240 1327 1866 1892 1263 899 955 2027 1500 1301 1189 2248 2169 1193 1369 2208 2123 1214 1807 766 1706 1748 1813 2104 1784 3013 860 1725 2315 1982 2566 1107 2033 1940 731 1195 1347 1260 869 2197 1098 671 1203 2117 1454 1444 1298 2265 1564 1337 708 2330 2116 1707 1917 1723 2820 1834 1576 1349 913 1793
2544 2501 2126 1171 1355 2943 1059 693 2474 2886 2981 1406 2167 1794 1067 1740 2423 493 2305 1292 2596 2573 2611 924 2525 1126 1286 1265 1705 2267 3186 2975 1945 2026 2292 2695 2739 1204 2688 2522 2748 774 763 2328 2392 882 1297 996 2050 919 1548 360 1056 1397 3356 2649 1528 2559 2491 1861 2246 2076 803 1074 3204 2229 1932 2280 2530 2764 860 1676 822 2766 910 814 2602 2634 670 700 1497 1293 2543 567 1736 687 781 2817 1662 1778 1953 1221 2879 1485 2400 1756 3080 1222 1963 2487 1026 2898 1993 2852 1950 2136 1128 1021 2123 1135 2780 1109 980 1483 1322 2258 2147 846 751 1598 2229 1045 2373 1043 1254 863 1289 1633 997 1825 1641 1528 2311 2682 2380 1238 2294 3146 2763 2372 2225 2547 655 2757 2397 2085 1273
2197 2305 1759 1778 1956 2522 1664 1309 2727 2804 2496 1290 2404 1517 1559 1970 1727 930 1881 978 2147 2199 2071 1290 1829 582 1776 845 1445 1981 2915 2503 1997 1623 2661 2804 2931 905 2169 1833 3090 1456 1451 2528 2597 736 650 461 1911 1505 936 1056 360 1386 2968 2863 1550 1866 1873 1957 1549 2138 650 1702 2948 1613 1388 1920 2359 2261 976 1323 950 3099 1426 1480 1905 2320 1362 1355 836 1791 1849 864 1285 730 1027 2401 1888 1568 1447 1006 2530 1555 1872 1513 2748 1836 1290 1795 1679 2598 1653 2370 1336 2011 1536 1528 2238 1563 3065 783 1451 2047 1777 2567 1451 1517 1433 902 1532 1203 1681 636 1867 805 628 1029 1684 1707 1603 1450 2421 2139 1683 588 2450 2678 2271 2246 2064 2847 1313 2141 1907 1488 1635
1591 1470 1245 1448 1544 2038 2048 1715 1731 1857 2148 518 1411 887 1129 1009 2300 1399 1464 845 1750 1646 1901 1948 2432 1606 1219 1866 810 1291 2169 2127 973 1212 1751 1779 1911 871 1932 2276 2134 1702 1678 1516 1585 1611 1643 1442 1015 1277 1316 1397 1386 360 2403 1849 523 2344 1966 931 2144 1113 1221 2040 2180 1747 1375 1368 1495 1976 911 920 954 2139 1945 1443 2449 1655 1590 1370 1775 1240 2344 1280 1100 1318 976 1913 936 805 1319 759 1913 545 1699 823 2095 1495 2122 2269 1965 1899 1106 2026 1538 1098 991 1147 1212 1030 2075 971 1074 1526 1161 1612 2056 1784 1685 1639 2144 722 2170 1111 1513 1010 1345 2005 1639 792 605 506 1394 1968 2278 1318 1428 2282 1958 1334 1191 1872 1653 2189 1633 1591 953
1055 1417 1594 3462 3521 817 4049 3689 2747 1637 984 2335 2637 1924 3154 2618 2642 3309 1447 2440 1196 1144 1437 3833 2738 3148 3185 3374 2014 1471 893 941 2198 1712 3096 2296 2603 2531 1309 2419 3176 3718 3696 2543 2568 3334 3045 3068 1811 3319 2435 3356 2968 2403 360 2656 2347 2494 1844 2310 2632 2179 3009 4052 958 1967 1980 1436 1456 1199 2863 2049 2897 3154 3896 3485 2641 1111 3603 3404 3021 3205 2522 3182 2043 3148 2958 929 2618 1964 1896 2496 850 2426 1552 1969 714 3502 3003 2468 3985 923 1723 1064 2136 1776 3008 3179 2299 3043 2968 2648 3113 3450 3109 2880 2627 3800 3699 2731 2658 2751 2471 2770 3515 2864 2732 3213 3682 1997 2212 2256 2270 1403 2672 2755 2405 823 1161 1642 1658 2935 3642 1735 1460 1990 2922
