140 1069 2352 1724 2718 2352 1517 974 847 2393 2325 801 1834 842 1104 2722 2059 2374 1674 2117 2418 2236 628 1043 431 1642 2921 1846 1383 2039 1676 941 822 2180 2388 2387 2238 385 1121 2366 2129 3239 724 1657 864 1852 2231 1926 2820 1489 1780 1891 1338 1245 939 1284 1610 1610 1124 2089 1535 843 2844 762 1135 1946 974 1221 2745 2413 1504 3036 1999 2334 830 2181 944 1673 2561 1127 2465 1418 986 2044 2419 992 2681 2685 857 680 807 1791 1396 909 3216 1564 2458 1441 859 2107 3069 650 2434 1991 1769 1696 1421 994 2025 1174 655 1355 1748 675 336 1923 1138 1020 1922 855 547 2235 1862 568 2257 2077 1640 909 1886 911 2391 2106 2105 2623 2163 2460 1125 2269 2158 1125 1795 585 2094 1197 1533 2523 2656 248 1545 2488 2067 807 1739 1654 2438 744 2682 1845
1169 360 1655 2210 2046 1922 1305 1844 1657 1808 2235 966 1512 1285 1941 2058 1363 1688 1173 1689 2140 1874 1130 1059 1264 2015 2305 1775 1812 1532 1396 1140 1214 1486 1845 2559 2458 1339 778 1825 1708 2667 1428 1040 626 1323 2291 1217 2276 2095 1823 2249 1973 1111 1879 963 2123 934 1841 1419 2024 1727 2276 1238 701 1531 1510 1019 2065 1704 1120 2472 1545 1652 674 1601 1828 1533 1853 1917 2398 709 1779 1399 1909 1852 2072 2101 1798 1494 1815 1478 1810 1530 2670 1071 1893 1106 1225 2245 2486 1561 1752 1289 2108 1058 1034 827 2173 1155 780 945 1246 1686 1202 1479 1409 1258 1373 1021 1551 1552 1535 1357 2090 1433 1341 793 1260 658 1768 1397 2090 2260 2256 1775 1115 1568 2451 1211 2140 875 2021 1809 2013 1860 1977 1181 944 2754 1595 974 1734 1392 1771 1506 2324 1589
2452 1655 360 3303 1299 2033 1741 2999 2803 1565 2792 2067 1594 2512 3214 1352 653 1039 1280 1415 2450 2139 2405 1967 2498 3062 1737 2496 2928 1198 2043 2317 2442 947 1153 3347 3309 2594 1676 1152 1940 2157 2568 1118 1907 1170 3011 882 1957 3269 2646 3249 3172 1825 3077 1631 3244 1105 3082 681 3142 2904 1885 2335 1769 1880 2530 1757 1252 596 1502 2035 1330 1064 1954 1510 3114 2277 787 3177 2944 1324 3047 790 1277 3133 1612 1721 3002 2780 3064 2027 2918 2596 2239 1338 1102 1885 2266 3056 1987 2855 1087 939 3116 1061 1521 1984 3009 2199 2075 1775 1254 2942 2497 1349 2530 2191 1104 2233 2844 528 1587 2554 2585 1248 1614 1878 938 1819 839 686 2775 2376 3020 521 2187 872 3368 2297 3148 2134 2659 3013 3127 1256 1213 2465 1467 3606 1789 2208 2538 1677 623 2655 2431 2160
1824 2210 3303 360 3155 2259 3057 2494 2452 2632 1616 2391 3327 1331 1212 3125 3049 2948 3023 3536 2006 2061 1559 2630 2114 621 3114 1402 757 3381 1718 1430 1392 2847 3683 1235 1061 2033 2540 3664 2120 3242 2396 2873 1965 3172 1312 2780 2837 665 1198 645 796 2798 2369 2743 478 2725 1025 3169 554 2385 2917 2440 1944 2022 2656 2738 3219 3238 2940 3055 3394 2897 1921 2479 1352 1498 3293 1119 1662 2416 1195 3187 3755 1291 2907 2839 2316 1423 2123 1796 760 2582 3152 2918 3721 1786 2528 1117 3132 1522 2977 2748 654 2878 2850 1752 1062 1471 1955 1887 3096 2055 1760 3326 1163 2678 3218 1555 1725 3261 3352 2241 1716 2580 3139 2393 3075 2304 3559 2980 1380 2301 1219 3455 1492 2958 907 1383 642 2083 1477 894 561 2963 3137 1889 2196 1206 2185 1610 1280 3175 3497 2395 2330 1714
2818 2046 1299 3155 360 1407 2532 3529 3340 908 2279 2617 2464 2626 3342 421 1393 730 2079 2336 1839 1584 2617 2607 2947 2894 802 2159 2848 2108 1798 2405 2568 942 2091 2923 2939 3013 2274 2091 1440 1219 3107 1840 2214 2026 2578 1270 1086 3221 2354 3013 3167 2529 3565 2316 3132 1711 3153 1546 3039 3413 992 2900 1955 1498 3149 2440 440 1062 2265 1112 2233 757 2248 1035 3293 2018 891 3278 2399 1717 3175 1666 2216 3291 749 872 3482 2982 3483 1720 2830 3188 1307 2094 2034 1812 2862 2684 1053 3096 661 1147 2904 1777 2250 2142 2665 2196 2426 1800 2081 3351 2813 2237 2517 2839 1979 2378 3154 1442 2464 3044 2068 1009 2436 2422 1761 2314 1774 1207 2355 1661 2618 1405 2210 902 3046 2303 2931 2558 2226 3033 3022 562 448 2831 1541 3207 1340 2383 2255 2505 1539 3188 1700 1815
2452 1922 2033 2259 1407 360 2761 3272 3112 874 1234 2515 2838 2032 2666 1357 1935 1395 2412 2846 798 559 2130 2619 2665 2002 1232 1216 2033 2615 1057 1831 1998 1446 2749 1889 1923 2686 2309 2740 583 1356 2910 2151 1937 2452 1547 1647 939 2397 1420 2065 2385 2637 3251 2446 2265 1960 2442 2115 2186 3142 1019 2764 1644 768 3047 2539 1486 1844 2507 1160 2708 1354 1947 884 2670 1177 1779 2581 1352 1751 2517 2208 2865 2648 1062 966 3169 2423 3097 938 2011 3047 1285 2368 2729 1272 2772 1676 1234 2560 1378 1516 1978 2107 2450 1724 1671 1580 2138 1383 2452 2969 2403 2677 1814 2820 2443 1874 2685 2100 2849 2796 1026 1157 2730 2355 2211 2218 2478 1757 1338 725 1598 2187 1619 1526 2048 1667 2001 2321 1210 2286 2168 1269 1429 2473 1360 2175 691 1911 1342 2796 2295 2972 788 945
1617 1305 1741 3057 2532 2761 360 1805 1624 2505 3176 1075 689 2087 2576 2567 1522 2170 824 1007 3042 2753 1866 835 1526 2897 2905 2720 2667 1031 2327 2011 2025 1965 1366 3496 3387 1644 897 1345 2566 3315 1429 1052 1484 944 3236 1634 2985 2884 2765 3141 2743 631 1933 702 2956 1204 2558 1421 2864 1751 2955 1210 1646 2406 1275 679 2515 1926 628 3143 933 2158 1519 2331 2421 2478 2126 2588 3340 1370 2443 1312 1353 2466 2703 2771 1877 2129 2019 2397 2669 1369 3353 797 1459 2041 1103 3183 3130 2125 2239 1774 3003 1114 671 1750 3109 2085 1462 1876 848 1931 1750 864 2290 956 1021 1879 2007 1575 717 1497 3022 2083 517 1025 1166 1118 1512 1690 3035 3119 3199 1764 2040 1989 3365 2124 3034 1354 2965 2583 2856 2397 2445 1645 1769 3678 2430 1818 2678 500 1673 1508 3183 2517
1074 1844 2999 2494 3529 3272 1805 360 556 3266 3249 1296 2126 1749 1692 3542 2718 3167 2153 2452 3352 3164 1557 1409 968 2474 3781 2775 2218 2461 2606 1873 1742 2960 2807 3252 3092 951 1682 2785 3048 4124 791 2243 1719 2323 3132 2664 3714 2211 2696 2709 2063 1593 529 1748 2375 2270 1831 2695 2323 490 3729 1023 2013 2863 893 1633 3545 3112 1932 3923 2376 3133 1699 3055 1525 2607 3286 1764 3385 2175 1662 2618 2799 1588 3544 3561 543 1457 759 2720 2235 796 4111 2060 2896 2359 1101 2993 3947 1337 3232 2758 2604 2298 1878 1907 2910 2108 1506 2257 2212 799 1261 2304 2047 1215 2402 1789 1133 2854 2152 849 3189 2914 1961 1490 2452 1580 2907 2814 3023 3554 3058 3073 2060 3034 2989 2058 2626 1342 3019 1965 2326 3344 3458 1166 2398 3315 2975 1739 2663 1940 3017 705 3613 2778
947 1657 2803 2452 3340 3112 1624 556 360 3089 3132 1100 1948 1645 1689 3354 2522 2977 1960 2272 3211 3012 1436 1216 810 2409 3599 2653 2150 2273 2457 1747 1629 2769 2621 3175 3020 823 1486 2599 2889 3948 596 2047 1546 2131 3035 2471 3541 2182 2587 2651 2031 1404 670 1554 2334 2074 1800 2499 2273 492 3553 827 1842 2703 727 1440 3355 2917 1741 3748 2192 2944 1530 2878 1517 2473 3092 1751 3273 1984 1635 2423 2616 1580 3363 3384 625 1393 820 2569 2165 622 3938 1866 2709 2202 907 2904 3770 1291 3043 2567 2538 2102 1685 1750 2821 1972 1337 2092 2021 801 1142 2118 1942 1029 2210 1652 1089 2658 1975 676 3060 2730 1778 1295 2257 1388 2715 2619 2912 3403 2964 2878 1922 2841 2927 1930 2562 1164 2901 1918 2274 3157 3268 1032 2219 3255 2810 1599 2547 1761 2822 512 3464 2634
2493 1808 1565 2632 908 874 2505 3266 3089 360 1736 2413 2521 2198 2895 866 1521 897 2101 2475 1312 1039 2233 2462 2662 2371 896 1618 2347 2240 1292 1979 2149 996 2323 2376 2391 2709 2130 2317 893 1220 2867 1838 1909 2104 2030 1270 841 2720 1816 2477 2679 2434 3276 2227 2617 1664 2691 1701 2528 3142 828 2686 1620 971 2957 2337 983 1358 2239 1024 2348 863 1933 571 2866 1495 1272 2822 1863 1542 2733 1807 2444 2856 658 654 3193 2576 3159 1199 2327 2977 1226 2080 2290 1370 2670 2137 1041 2701 871 1126 2372 1784 2198 1770 2118 1747 2124 1406 2126 3028 2467 2330 2048 2684 2079 1979 2789 1657 2528 2778 1524 782 2445 2230 1844 2102 2032 1328 1807 1181 2070 1711 1771 1053 2500 1851 2398 2285 1678 2556 2510 755 919 2508 1229 2659 807 1998 1720 2514 1829 2940 1232 1280
2425 2235 2792 1616 2279 1234 3176 3249 3132 1736 360 2721 3339 1862 2278 2231 2630 2220 2935 3429 830 1056 2056 2897 2693 1404 2083 844 1558 3215 1215 1746 1866 2218 3419 1025 1092 2669 2653 3407 1230 2095 2980 2699 2121 3023 707 2325 1745 1848 922 1357 1896 2984 3179 2835 1667 2508 2040 2798 1622 3120 1844 2906 1895 1273 3183 2894 2357 2638 2962 1934 3281 2174 2105 1682 2346 1066 2607 2179 524 2222 2170 2867 3524 2303 1934 1831 3105 2208 2972 1170 1533 3150 1982 2861 3420 1495 2951 885 2026 2349 2217 2223 1324 2672 2885 1845 919 1543 2258 1660 2992 2861 2351 3234 1568 3048 3036 1852 2527 2824 3357 2836 573 1910 3191 2616 2824 2482 3191 2482 610 1110 785 2953 1594 2316 1245 1565 1334 2447 591 1862 1606 2129 2296 2460 1837 1311 1372 1913 945 3249 3043 3019 1121 1036
901 966 2067 2391 2617 2515 1075 1296 1100 2413 2721 360 1393 1426 1861 2635 1783 2250 1273 1682 2695 2450 1192 606 834 2259 2903 2240 2013 1623 1932 1404 1373 2040 1976 2929 2801 949 751 1954 2296 3272 864 1318 966 1451 2711 1734 2882 2194 2236 2508 2048 804 1371 864 2284 1333 1853 1770 2197 1197 2882 642 1238 2115 904 784 2627 2176 1079 3077 1571 2220 977 2208 1705 2018 2351 1875 2878 1261 1731 1702 1996 1751 2672 2705 1297 1418 1383 2029 2019 931 3276 1168 2053 1647 618 2625 3090 1409 2317 1836 2374 1370 1004 1237 2546 1548 834 1504 1342 1274 1037 1494 1672 687 1526 1273 1298 1926 1421 854 2604 2029 1199 556 1537 670 2019 1879 2540 2841 2659 2149 1497 2107 2753 1554 2404 670 2494 1893 2191 2440 2542 929 1551 3078 2193 1208 2166 1212 2103 950 2904 2123
1934 1512 1594 3327 2464 2838 689 2126 1948 2521 3339 1393 360 2362 2887 2507 1431 2121 785 688 3157 2856 2151 1160 1852 3152 2867 2903 2932 781 2484 2265 2297 1930 1074 3709 3611 1970 1146 1053 2659 3287 1757 1049 1728 797 3430 1615 2992 3170 2969 3391 3032 951 2257 945 3230 1237 2857 1290 3135 2076 2949 1539 1841 2515 1592 975 2436 1805 752 3129 655 2118 1769 2369 2735 2657 2008 2894 3503 1481 2749 1171 1041 2779 2685 2766 2203 2435 2348 2538 2933 1690 3340 840 1172 2208 1432 3395 3104 2440 2188 1760 3251 1098 840 1977 3324 2308 1741 2043 755 2260 2059 609 2542 1283 851 2135 2329 1426 388 1826 3170 2102 554 1315 1063 1385 1275 1620 3219 3202 3401 1581 2267 1932 3602 2359 3283 1655 3138 2871 3126 2355 2376 1960 1881 3906 2515 2077 2876 548 1471 1835 3266 2667
942 1285 2512 1331 2626 2032 2087 1749 1645 2198 1862 1426 2362 360 1082 2615 2231 2330 2082 2587 2013 1883 598 1662 1228 1194 2733 1396 946 2449 1335 581 431 2173 2769 1908 1764 1182 1576 2750 1821 2991 1523 1965 1023 2241 1750 2010 2562 1175 1306 1444 1048 1827 1677 1777 1229 1844 930 2319 1137 1622 2607 1511 1104 1651 1760 1767 2671 2503 1980 2787 2448 2283 975 1997 1029 1262 2606 1031 1996 1557 913 2314 2830 1025 2496 2472 1603 750 1477 1453 953 1705 2944 1973 2819 1188 1588 1625 2837 889 2378 2022 1313 1981 1890 888 1542 817 984 1186 2157 1361 866 2378 657 1727 2296 638 1038 2436 2388 1369 1817 1981 2173 1422 2183 1337 2687 2211 1633 2251 1680 2650 788 2279 1698 725 1342 1116 1634 883 1129 2423 2581 989 1476 2026 1800 672 1277 2207 2666 1547 2304 1469
1204 1941 3214 1212 3342 2666 2576 1692 1689 2895 2278 1861 2887 1082 360 3329 2927 3053 2681 3155 2554 2494 1172 2105 1457 1284 3426 1897 1081 3052 1989 1301 1147 2896 3391 2061 1889 1349 2135 3370 2472 3653 1695 2610 1677 2853 2049 2722 3225 908 1734 1473 783 2304 1550 2318 1099 2515 598 2999 1081 1599 3280 1808 1817 2318 1962 2271 3390 3219 2536 3451 3028 3005 1628 2701 532 1852 3327 460 2371 2250 529 2980 3436 473 3193 3158 1509 817 1301 2101 1105 1870 3592 2569 3451 1894 1913 1870 3509 814 3100 2741 1405 2636 2449 1604 1795 1510 1555 1908 2756 1258 1187 2953 1216 2077 2916 1352 979 3127 2914 1551 2304 2701 2692 1938 2837 1900 3347 2922 2027 2825 1959 3346 1493 3001 1752 1405 1416 1595 2079 775 1091 3140 3300 1291 2199 2058 2476 1369 1759 2711 3351 1670 2871 2082
2822 2058 1352 3125 421 1357 2567 3542 3354 866 2231 2635 2507 2615 3329 360 1436 758 2118 2385 1788 1538 2613 2632 2956 2864 745 2123 2824 2155 1771 2394 2558 969 2145 2878 2897 3020 2297 2145 1400 1164 3122 1875 2219 2069 2533 1300 1025 3197 2319 2979 3146 2558 3574 2345 3105 1741 3137 1592 3012 3425 931 2917 1955 1465 3169 2468 499 1116 2300 1053 2280 779 2252 1008 3283 1987 949 3263 2349 1734 3163 1712 2270 3280 690 813 3492 2975 3488 1689 2806 3207 1250 2129 2090 1796 2882 2643 996 3091 688 1172 2871 1813 2282 2138 2625 2181 2432 1791 2122 3356 2814 2282 2499 2863 2024 2371 3154 1493 2507 3056 2021 1007 2475 2441 1803 2330 1829 1247 2312 1605 2575 1462 2196 939 3006 2287 2898 2568 2183 3014 2995 559 500 2835 1540 3162 1305 2378 2221 2543 1595 3202 1643 1780
2159 1363 653 3049 1393 1935 1522 2718 2522 1521 2630 1783 1431 2231 2927 1436 360 1058 1059 1324 2328 2013 2117 1698 2208 2815 1803 2295 2668 1090 1837 2041 2161 889 1173 3150 3100 2302 1395 1165 1809 2225 2287 854 1617 993 2821 665 1964 3001 2431 3011 2899 1571 2792 1368 2985 814 2802 540 2883 2620 1907 2056 1493 1720 2261 1495 1366 769 1266 2078 1208 1062 1664 1417 2825 2065 965 2893 2788 1037 2761 647 1290 2844 1637 1730 2716 2490 2773 1838 2659 2322 2288 1096 1157 1649 1991 2850 2045 2564 1123 780 2876 793 1271 1706 2798 1939 1782 1525 1052 2651 2204 1206 2265 1926 948 1953 2551 572 1430 2267 2429 1139 1413 1592 728 1529 921 557 2588 2294 2822 778 1923 868 3147 2034 2908 1841 2477 2739 2869 1294 1305 2171 1227 3399 1655 1924 2324 1480 808 2373 2353 1974
2474 1688 1039 2948 730 1395 2170 3167 2977 897 2220 2250 2121 2330 3053 758 1058 360 1724 2021 1828 1532 2299 2237 2591 2692 1106 2010 2614 1787 1597 2112 2269 572 1820 2828 2819 2662 1904 1816 1349 1527 2743 1478 1870 1686 2482 901 1281 2981 2190 2838 2913 2160 3208 1947 2912 1343 2877 1226 2815 3053 1215 2533 1628 1345 2779 2070 737 822 1903 1380 1907 411 1908 897 2990 1831 748 2995 2359 1352 2884 1343 1943 2993 942 1045 3126 2671 3134 1543 2598 2820 1590 1732 1777 1548 2493 2561 1346 2777 429 777 2718 1416 1884 1826 2529 1924 2079 1506 1732 3004 2476 1903 2256 2469 1645 2071 2822 1151 2123 2684 2006 728 2081 2054 1418 1949 1515 863 2249 1718 2508 1179 1930 550 2906 2031 2747 2203 2124 2770 2799 595 652 2486 1219 3103 1213 2069 2085 2150 1301 2824 1769 1659
1774 1173 1280 3023 2079 2412 824 2153 1960 2101 2935 1273 785 2082 2681 2118 1059 1724 360 878 2737 2433 1896 1104 1746 2828 2467 2513 2625 731 2081 1952 2013 1525 1073 3336 3248 1858 913 1052 2235 2883 1738 623 1422 538 3045 1201 2575 2897 2593 3059 2768 927 2257 771 2934 811 2616 959 2835 2076 2535 1501 1476 2094 1649 880 2059 1461 588 2719 732 1716 1468 1944 2545 2266 1662 2673 3099 1072 2530 855 1115 2580 2276 2352 2190 2223 2294 2129 2623 1728 2930 471 1144 1814 1413 3022 2698 2255 1793 1346 2919 677 635 1638 2955 1957 1490 1652 435 2187 1868 669 2223 1308 613 1830 2181 1115 797 1762 2760 1680 716 1126 702 1141 1114 1233 2828 2777 3022 1314 1921 1539 3253 2021 2951 1458 2740 2604 2825 1956 1992 1793 1465 3547 2090 1778 2496 785 1237 1824 2840 2259
2217 1689 1415 3536 2336 2846 1007 2452 2272 2475 3429 1682 688 2587 3155 2385 1324 2021 878 360 3200 2890 2390 1462 2151 3345 2761 3019 3139 595 2579 2466 2519 1852 761 3850 3764 2268 1382 743 2688 3184 2075 1089 1932 765 3553 1570 2927 3402 3107 3577 3269 1253 2581 1196 3446 1280 3106 1155 3348 2399 2872 1852 1993 2562 1919 1258 2298 1645 978 3042 508 2027 1976 2348 3009 2773 1842 3154 3592 1574 3010 1038 714 3049 2601 2694 2525 2699 2663 2618 3137 2016 3251 979 862 2321 1748 3537 3006 2715 2083 1712 3436 1117 1066 2156 3470 2475 1979 2161 809 2571 2330 570 2739 1604 763 2341 2619 1257 663 2136 3247 2071 856 1576 996 1622 1015 1522 3333 3211 3533 1365 2440 1830 3770 2539 3469 1919 3241 3105 3338 2255 2248 2240 1951 4064 2537 2288 3008 871 1240 2155 3273 2752
2518 2140 2450 2006 1839 798 3042 3352 3211 1312 830 2695 3157 2013 2554 1788 2328 1828 2737 3200 360 674 2162 2835 2761 1767 1616 1017 1861 2975 1125 1846 1997 1863 3137 1496 1557 2761 2551 3127 879 1631 3030 2484 2091 2798 1171 2029 1274 2197 1196 1774 2216 2885 3307 2711 2037 2290 2318 2505 1973 3221 1374 2917 1820 1002 3202 2789 1919 2271 2803 1465 3057 1786 2088 1303 2591 1112 2214 2461 925 2041 2423 2589 3250 2558 1479 1371 3228 2393 3124 1026 1837 3186 1524 2679 3125 1408 2943 1331 1555 2536 1815 1908 1713 2447 2736 1838 1346 1604 2267 1558 2785 3003 2454 3020 1747 3015 2798 1923 2690 2505 3172 2900 655 1563 3031 2558 2573 2419 2881 2160 1001 655 1239 2607 1652 1950 1702 1664 1730 2458 891 2147 1956 1707 1866 2545 1638 1782 1033 1973 1156 3094 2709 3082 685 938
2336 1874 2139 2061 1584 559 2753 3164 3012 1039 1056 2450 2856 1883 2494 1538 2013 1532 2433 2890 674 360 1999 2573 2562 1806 1432 1019 1846 2663 921 1692 1855 1554 2823 1701 1728 2574 2276 2813 564 1546 2818 2178 1856 2489 1356 1715 1136 2206 1222 1866 2199 2609 3134 2427 2070 1984 2266 2190 1993 3034 1218 2687 1571 707 2971 2512 1661 1967 2508 1354 2748 1488 1860 998 2507 1002 1920 2407 1188 1746 2348 2274 2936 2482 1255 1164 3053 2272 2969 804 1823 2964 1467 2379 2811 1173 2703 1479 1430 2412 1524 1594 1779 2139 2444 1622 1472 1441 2046 1306 2479 2843 2280 2712 1649 2764 2488 1747 2548 2192 2869 2697 844 1251 2735 2301 2260 2162 2567 1846 1142 753 1403 2297 1483 1644 1850 1519 1802 2234 1014 2106 1975 1432 1599 2359 1344 1985 718 1789 1147 2799 2398 2876 815 775
728 1130 2405 1559 2617 2130 1866 1557 1436 2233 2056 1192 2151 598 1172 2613 2117 2299 1896 2390 2162 1999 360 1430 1003 1432 2768 1579 1182 2266 1439 677 560 2125 2596 2142 2000 973 1370 2576 1911 3056 1297 1804 865 2062 1969 1924 2630 1379 1513 1682 1241 1602 1504 1567 1454 1703 1080 2187 1365 1427 2665 1274 1033 1731 1527 1547 2655 2421 1777 2852 2256 2254 816 2024 1070 1413 2542 1147 2197 1440 1009 2169 2650 1087 2528 2517 1425 738 1329 1557 1189 1476 3020 1785 2652 1236 1349 1853 2893 839 2352 1956 1551 1827 1687 834 1771 920 771 1188 1971 1204 655 2183 878 1489 2121 617 920 2314 2178 1146 1991 1967 1959 1201 2028 1129 2538 2120 1837 2380 1904 2534 876 2225 1937 861 1580 883 1825 1079 1359 2416 2565 766 1440 2265 1867 595 1471 1990 2538 1327 2437 1597
1143 1059 1967 2630 2607 2619 835 1409 1216 2462 2897 606 1160 1662 2105 2632 1698 2237 1104 1462 2835 2573 1430 360 1052 2491 2926 2422 2249 1429 2081 1622 1606 2025 1780 3142 3019 1170 695 1759 2406 3312 995 1208 1139 1276 2910 1702 2940 2438 2434 2739 2293 569 1513 700 2525 1271 2099 1655 2436 1332 2929 760 1377 2230 923 584 2608 2104 888 3124 1361 2212 1161 2265 1947 2191 2290 2121 3057 1281 1977 1572 1789 1994 2703 2749 1448 1664 1567 2170 2254 990 3328 1011 1864 1791 668 2834 3128 1652 2306 1820 2604 1267 829 1417 2756 1743 1051 1637 1166 1470 1283 1286 1895 592 1355 1490 1531 1815 1188 1035 2767 2058 969 641 1407 777 1859 1820 2728 2959 2863 2031 1694 2078 2979 1761 2634 907 2675 2137 2430 2443 2528 1173 1627 3300 2290 1425 2358 975 1969 1080 3023 2274
531 1264 2498 2114 2947 2665 1526 968 810 2662 2693 834 1852 1228 1457 2956 2208 2591 1746 2151 2761 2562 1003 1052 360 2034 3181 2211 1775 2098 2006 1306 1202 2390 2450 2775 2627 478 1207 2429 2441 3518 655 1769 1113 1924 2613 2112 3106 1872 2155 2282 1720 1261 978 1339 1998 1753 1501 2215 1925 841 3123 711 1406 2256 903 1255 2968 2583 1554 3317 2044 2555 1091 2451 1289 2025 2744 1491 2837 1608 1354 2158 2470 1343 2943 2957 895 1060 925 2119 1787 838 3503 1639 2528 1753 817 2493 3343 1005 2655 2192 2160 1815 1478 1301 2410 1524 898 1649 1816 807 725 1967 1520 983 1999 1205 851 2368 1880 503 2614 2320 1661 991 1994 1039 2487 2278 2479 2953 2546 2593 1474 2470 2549 1487 2186 748 2461 1584 1923 2757 2879 599 1798 2879 2367 1150 2109 1666 2557 686 3013 2184
1742 2015 3062 621 2894 2002 2897 2474 2409 2371 1404 2259 3152 1194 1284 2864 2815 2692 2828 3345 1767 1806 1432 2491 2034 360 2854 1146 620 3180 1459 1247 1245 2594 3472 1148 981 1966 2370 3454 1859 2989 2325 2665 1784 2971 1134 2540 2581 804 944 610 870 2646 2364 2572 629 2509 1059 2941 579 2357 2659 2340 1730 1760 2576 2579 2959 2990 2762 2800 3200 2640 1743 2219 1392 1237 3040 1184 1472 2197 1218 2964 3549 1338 2646 2579 2304 1378 2127 1535 606 2511 2902 2726 3506 1540 2420 948 2876 1498 2719 2501 490 2666 2672 1550 877 1247 1802 1649 2900 2043 1670 3135 969 2561 3013 1379 1701 3027 3176 2169 1483 2324 2969 2239 2860 2138 3334 2738 1159 2059 1042 3217 1275 2705 877 1169 512 1948 1243 889 564 2703 2877 1799 1955 1207 1924 1439 1021 3009 3263 2335 2092 1453
3021 2305 1737 3114 802 1232 2905 3781 3599 896 2083 2903 2867 2733 3426 745 1803 1106 2467 2761 1616 1432 2768 2926 3181 2854 360 2077 2854 2529 1807 2515 2685 1301 2530 2748 2792 3233 2591 2530 1355 783 3373 2215 2429 2432 2412 1630 722 3225 2280 2934 3194 2872 3798 2660 3110 2065 3217 1966 3025 3659 614 3181 2146 1477 3445 2779 865 1500 2636 674 2651 1110 2456 1104 3400 1991 1333 3350 2178 2008 3264 2084 2654 3389 600 635 3715 3112 3689 1704 2833 3473 865 2468 2475 1906 3156 2548 610 3237 1040 1491 2841 2155 2610 2303 2543 2281 2645 1941 2477 3557 2998 2649 2574 3154 2391 2515 3324 1874 2869 3292 1885 1234 2822 2713 2164 2592 2214 1608 2209 1378 2467 1847 2305 1296 2920 2383 2865 2799 2082 3077 3007 871 885 3036 1743 3034 1314 2533 2194 2891 1981 3449 1400 1764
1946 1775 2496 1402 2159 1216 2720 2775 2653 1618 844 2240 2903 1396 1897 2123 2295 2010 2513 3019 1017 1019 1579 2422 2211 1146 2077 360 1207 2816 818 1265 1394 1957 3050 1215 1176 2191 2191 3036 1090 2203 2496 2292 1643 2617 895 1994 1795 1556 564 1220 1563 2517 2712 2378 1412 2107 1661 2451 1337 2646 1874 2421 1434 1028 2699 2429 2230 2376 2518 2013 2871 1960 1625 1495 1938 606 2385 1803 998 1805 1768 2505 3148 1903 1879 1803 2636 1761 2513 833 1183 2666 2118 2431 3062 1058 2467 920 2090 1904 2025 1916 1124 2273 2438 1365 880 1058 1775 1221 2574 2398 1874 2818 1111 2567 2638 1368 2071 2500 2923 2354 782 1659 2746 2141 2441 2009 2851 2173 676 1296 887 2657 1109 2065 1255 1083 1147 1963 614 1490 1320 1979 2154 1980 1449 1469 1180 1428 498 2801 2730 2537 1337 711
1483 1812 2928 757 2848 2033 2667 2218 2150 2347 1558 2013 2932 946 1081 2824 2668 2614 2625 3139 1861 1846 1182 2249 1775 620 2854 1207 360 2984 1415 1033 1003 2497 3287 1397 1234 1706 2146 3269 1864 3029 2066 2478 1568 2775 1334 2407 2609 733 1026 867 715 2411 2111 2349 677 2333 844 2782 575 2100 2678 2084 1552 1739 2317 2347 2908 2876 2544 2833 2996 2563 1525 2176 1165 1223 2943 982 1650 2025 988 2796 3359 1116 2634 2579 2049 1121 1876 1510 384 2251 2953 2520 3327 1431 2166 1164 2901 1244 2648 2384 748 2484 2454 1356 1085 1089 1566 1515 2699 1788 1411 2929 768 2310 2822 1158 1446 2879 2957 1909 1596 2246 2745 2004 2682 1911 3169 2609 1307 2143 1247 3078 1105 2607 1137 995 772 1703 1364 666 562 2651 2822 1541 1827 1467 1903 1214 1069 2783 3115 2075 2183 1455
2139 1532 1198 3381 2108 2615 1031 2461 2273 2240 3215 1623 781 2449 3052 2155 1090 1787 731 595 2975 2663 2266 1429 2098 3180 2529 2816 2984 360 2371 2312 2379 1616 712 3655 3576 2213 1280 690 2460 2952 2061 886 1787 569 3352 1335 2692 3264 2913 3407 3136 1230 2577 1119 3295 1070 2986 923 3196 2395 2637 1829 1815 2339 1938 1208 2072 1423 904 2808 493 1793 1833 2114 2915 2572 1622 3044 3378 1375 2901 804 744 2950 2367 2459 2515 2594 2634 2404 2981 2027 3018 842 796 2121 1732 3343 2773 2624 1850 1477 3266 904 980 1991 3279 2301 1861 1965 655 2533 2237 535 2579 1605 539 2192 2545 1035 768 2102 3030 1837 876 1490 764 1511 854 1287 3128 2980 3335 1167 2268 1597 3590 2371 3299 1826 3033 2972 3185 2022 2019 2158 1738 3876 2308 2143 2812 919 1052 2145 3041 2539
1776 1396 2043 1718 1798 1057 2327 2606 2457 1292 1215 1932 2484 1335 1989 1771 1837 1597 2081 2579 1125 921 1439 2081 2006 1459 1807 818 1415 2371 360 1135 1301 1520 2595 1673 1627 2015 1814 2581 847 2026 2269 1850 1327 2174 1349 1536 1597 1789 965 1600 1748 2148 2573 1988 1693 1661 1773 1993 1601 2475 1651 2152 1064 690 2437 2055 1861 1933 2108 1823 2431 1546 1323 1123 1981 597 1958 1909 1379 1368 1833 2048 2695 1962 1582 1535 2492 1725 2408 478 1396 2422 1972 2005 2605 650 2178 1374 1880 1863 1621 1463 1480 1826 2032 1074 1326 884 1503 812 2139 2282 1719 2382 1133 2254 2192 1186 1990 2043 2501 2144 1054 1233 2337 1802 1988 1664 2392 1718 1120 1308 1346 2203 924 1630 1689 970 1509 1693 1022 1630 1583 1605 1778 1800 995 1924 853 1229 858 2396 2273 2324 1367 553
1041 1140 2317 1430 2405 1831 2011 1873 1747 1979 1746 1404 2265 581 1301 2394 2041 2112 1952 2466 1846 1692 677 1622 1306 1247 2515 1265 1033 2312 1135 360 530 1958 2620 1885 1757 1287 1482 2601 1617 2780 1595 1810 897 2103 1682 1807 2351 1327 1214 1490 1218 1765 1821 1685 1343 1675 1133 2140 1243 1743 2394 1541 908 1442 1809 1694 2450 2297 1875 2575 2323 2064 856 1777 1250 1096 2395 1244 1891 1376 1132 2143 2688 1246 2277 2255 1742 959 1640 1254 1031 1769 2736 1847 2663 969 1601 1584 2623 1092 2159 1812 1351 1820 1785 696 1503 611 931 967 2026 1517 972 2256 638 1723 2151 493 1215 2249 2289 1450 1675 1760 2081 1359 2021 1252 2517 2010 1534 2069 1624 2459 574 2065 1718 544 1383 1101 1515 1057 1232 2202 2361 1075 1261 2038 1588 556 1163 2121 2482 1632 2125 1285
922 1214 2442 1392 2568 1998 2025 1742 1629 2149 1866 1373 2297 431 1147 2558 2161 2269 2013 2519 1997 1855 560 1606 1202 1245 2685 1394 1003 2379 1301 530 360 2109 2699 1942 1802 1166 1511 2679 1785 2950 1496 1894 953 2172 1770 1941 2521 1244 1317 1494 1119 1767 1678 1712 1293 1773 1000 2248 1199 1613 2564 1472 1035 1612 1727 1705 2612 2435 1914 2745 2380 2222 906 1946 1084 1245 2541 1098 2004 1487 977 2243 2760 1084 2447 2425 1602 789 1487 1420 1008 1676 2906 1905 2748 1139 1544 1653 2793 922 2317 1955 1361 1910 1823 820 1571 778 923 1128 2088 1368 847 2310 678 1679 2226 568 1054 2365 2323 1345 1811 1921 2108 1361 2112 1272 2616 2142 1643 2228 1704 2580 744 2214 1743 696 1390 1063 1636 954 1191 2366 2522 964 1413 2070 1758 601 1281 2143 2595 1525 2283 1444
2280 1486 947 2847 942 1446 1965 2960 2769 996 2218 2040 1930 2173 2896 969 889 572 1525 1852 1863 1554 2125 2025 2390 2594 1301 1957 2497 1616 1520 1958 2109 360 1686 2797 2773 2463 1692 1680 1357 1718 2535 1273 1680 1499 2454 691 1435 2858 2124 2757 2781 1948 3004 1735 2803 1132 2730 1066 2703 2848 1383 2323 1452 1313 2568 1858 947 781 1696 1559 1730 553 1719 922 2825 1757 806 2842 2366 1145 2727 1176 1807 2831 1115 1203 2923 2501 2937 1484 2483 2610 1770 1527 1655 1425 2282 2516 1534 2601 641 565 2631 1213 1675 1657 2477 1787 1885 1360 1537 2807 2289 1720 2123 2257 1464 1907 2637 1022 1933 2479 2008 668 1880 1844 1232 1740 1399 693 2219 1793 2471 1103 1788 471 2847 1893 2662 2001 2098 2632 2687 792 863 2292 1057 3064 1208 1899 2017 1949 1209 2617 1849 1611
2488 1845 1153 3683 2091 2749 1366 2807 2621 2323 3419 1976 1074 2769 3391 2145 1173 1820 1073 761 3137 2823 2596 1780 2450 3472 2530 3050 3287 712 2595 2620 2699 1686 360 3900 3833 2565 1627 381 2618 2950 2412 1169 2106 898 3585 1468 2741 3581 3164 3691 3458 1580 2927 1471 3602 1325 3316 993 3501 2744 2673 2180 2102 2519 2280 1561 2041 1389 1257 2828 792 1837 2154 2229 3257 2810 1569 3379 3580 1639 3237 912 484 3291 2400 2505 2865 2933 2987 2614 3283 2372 3032 1185 461 2368 2082 3592 2780 2968 1873 1593 3551 1166 1332 2291 3533 2586 2196 2220 999 2886 2582 863 2880 1952 835 2505 2895 1028 1052 2454 3224 1952 1209 1838 976 1853 681 1357 3355 3107 3576 1057 2557 1638 3859 2663 3584 2171 3252 3293 3489 2045 2005 2506 1961 4134 2464 2460 3060 1242 922 2495 3165 2750
2487 2559 3347 1235 2923 1889 3496 3252 3175 2376 1025 2929 3709 1908 2061 2878 3150 2828 3336 3850 1496 1701 2142 3142 2775 1148 2748 1215 1397 3655 1673 1885 1942 2797 3900 360 533 2721 2959 3885 1850 2753 3070 3128 2377 3452 706 2848 2410 1533 1103 953 1639 3268 3148 3156 1333 2948 1845 3305 1340 3132 2510 3054 2227 1846 3309 3189 3000 3218 3318 2598 3701 2779 2347 2294 2179 1450 3211 1963 963 2640 2007 3357 3995 2123 2592 2492 3085 2155 2913 1679 1378 3253 2636 3247 3915 1895 3122 674 2690 2281 2833 2768 1021 3113 3233 2106 746 1771 2455 2050 3402 2825 2411 3645 1626 3248 3478 2015 2482 3355 3730 2915 1223 2492 3541 2870 3288 2750 3705 3025 938 1769 687 3508 1816 2901 699 1741 1006 2626 1064 1678 1331 2763 2934 2536 2300 646 1975 2080 1202 3591 3584 3089 1773 1547
2338 2458 3309 1061 2939 1923 3387 3092 3020 2391 1092 2801 3611 1764 1889 2897 3100 2819 3248 3764 1557 1728 2000 3019 2627 981 2792 1176 1234 3576 1627 1757 1802 2773 3833 533 360 2569 2850 3817 1859 2826 2922 3049 2264 3370 745 2802 2466 1359 1030 779 1466 3153 2985 3050 1159 2873 1674 3250 1168 2973 2561 2914 2133 1834 3164 3076 3013 3192 3219 2662 3616 2770 2231 2293 2009 1394 3198 1790 1065 2562 1837 3295 3924 1952 2623 2530 2924 1995 2748 1649 1217 3106 2714 3156 3852 1825 2986 617 2751 2119 2830 2730 852 3038 3132 1998 661 1664 2329 1974 3315 2663 2262 3557 1490 3116 3400 1889 2321 3308 3633 2766 1269 2473 3438 2751 3218 2635 3650 2985 946 1842 684 3470 1707 2880 535 1624 835 2494 1075 1509 1159 2770 2944 2389 2240 661 1973 1954 1136 3486 3539 2938 1852 1523
485 1339 2594 2033 3013 2686 1644 951 823 2709 2669 949 1970 1182 1349 3020 2302 2662 1858 2268 2761 2574 973 1170 478 1966 3233 2191 1706 2213 2015 1287 1166 2463 2565 2721 2569 360 1315 2543 2463 3560 724 1873 1164 2036 2573 2194 3144 1782 2124 2212 1630 1378 928 1453 1916 1848 1406 2316 1847 820 3165 823 1449 2279 987 1372 3037 2671 1669 3358 2160 2624 1136 2497 1179 2017 2828 1388 2810 1687 1254 2261 2586 1235 2994 3003 845 971 836 2130 1720 909 3540 1750 2641 1774 931 2445 3387 902 2724 2268 2094 1917 1592 1324 2362 1517 949 1681 1929 709 679 2084 1479 1097 2110 1198 736 2467 1998 569 2602 2379 1779 1098 2099 1134 2595 2365 2449 2963 2503 2693 1469 2547 2484 1470 2119 825 2439 1500 1846 2821 2948 575 1851 2814 2396 1148 2084 1784 2660 729 3023 2187
1221 778 1676 2540 2274 2309 897 1682 1486 2130 2653 751 1146 1576 2135 2297 1395 1904 913 1382 2551 2276 1370 695 1207 2370 2591 2191 2146 1280 1814 1482 1511 1692 1627 2959 2850 1315 360 1605 2101 2978 1252 927 949 1090 2701 1372 2610 2387 2229 2611 2251 694 1762 562 2444 952 2084 1379 2348 1587 2597 1020 1118 1930 1240 600 2277 1794 766 2791 1252 1878 986 1936 1995 1951 1974 2132 2816 948 1988 1313 1663 2032 2368 2416 1688 1678 1767 1892 2147 1292 2996 802 1696 1524 960 2646 2793 1703 1973 1487 2472 978 676 1213 2572 1548 958 1362 987 1653 1317 1178 1760 925 1161 1351 1629 1535 1172 1243 2508 1724 959 576 1148 600 1640 1502 2504 2656 2663 1758 1503 1749 2830 1588 2504 905 2438 2088 2340 2108 2195 1240 1310 3142 1978 1292 2144 1000 1714 1338 2720 2006
2466 1825 1152 3664 2091 2740 1345 2785 2599 2317 3407 1954 1053 2750 3370 2145 1165 1816 1052 743 3127 2813 2576 1759 2429 3454 2530 3036 3269 690 2581 2601 2679 1680 381 3885 3817 2543 1605 360 2608 2950 2390 1151 2087 877 3570 1458 2738 3561 3149 3673 3438 1558 2905 1449 3583 1308 3296 985 3483 2722 2671 2158 2084 2507 2259 1539 2042 1389 1235 2826 771 1833 2134 2222 3236 2796 1570 3359 3568 1622 3216 900 487 3270 2397 2502 2844 2913 2965 2601 3264 2350 3031 1164 479 2352 2060 3577 2779 2947 1871 1584 3534 1148 1310 2272 3517 2568 2176 2204 978 2864 2561 842 2861 1930 815 2486 2873 1025 1032 2432 3212 1944 1188 1817 959 1832 684 1350 3342 3099 3561 1060 2539 1633 3843 2645 3566 2150 3239 3273 3471 2043 2005 2485 1947 4118 2454 2440 3045 1221 925 2473 3158 2737
2229 1708 1940 2120 1440 583 2566 3048 2889 893 1230 2296 2659 1821 2472 1400 1809 1349 2235 2688 879 564 1911 2406 2441 1859 1355 1090 1864 2460 847 1617 1785 1357 2618 1850 1859 2463 2101 2608 360 1540 2687 1978 1715 2288 1503 1510 1113 2234 1291 1950 2210 2431 3029 2245 2115 1785 2252 1986 2030 2919 1174 2543 1423 545 2826 2334 1514 1773 2317 1339 2546 1303 1724 811 2468 1000 1737 2390 1372 1556 2319 2070 2731 2449 1149 1079 2946 2211 2877 731 1843 2825 1484 2184 2606 1049 2553 1604 1401 2347 1348 1390 1850 1938 2256 1500 1585 1366 1914 1161 2280 2748 2181 2511 1617 2604 2285 1654 2468 1989 2672 2573 1017 1051 2542 2139 2057 2001 2364 1643 1276 915 1538 2099 1403 1450 1966 1457 1875 2098 1148 2102 2012 1273 1445 2250 1157 2130 514 1690 1200 2608 2197 2749 980 770
3339 2667 2157 3242 1219 1356 3315 4124 3948 1220 2095 3272 3287 2991 3653 1164 2225 1527 2883 3184 1631 1546 3056 3312 3518 2989 783 2203 3029 2952 2026 2780 2950 1718 2950 2753 2826 3560 2978 2950 1540 360 3726 2628 2764 2852 2440 2043 789 3392 2405 3031 3381 3270 4129 3059 3255 2472 3432 2389 3179 3999 755 3545 2472 1701 3816 3175 1274 1920 3046 564 3073 1528 2787 1429 3647 2172 1747 3570 2155 2390 3499 2507 3075 3629 972 926 4045 3379 4003 1912 3007 3837 502 2880 2893 2180 3528 2601 545 3511 1462 1901 2956 2569 3016 2608 2612 2534 2979 2244 2895 3871 3306 3070 2797 3537 2813 2799 3616 2296 3289 3635 1924 1613 3237 3087 2585 2961 2633 2030 2268 1345 2510 2263 2566 1718 2973 2630 2976 3143 2150 3279 3161 1292 1304 3356 2089 3036 1552 2825 2333 3306 2398 3799 1341 1938
824 1428 2568 2396 3107 2910 1429 791 596 2867 2980 864 1757 1523 1695 3122 2287 2743 1738 2075 3030 2818 1297 995 655 2325 3373 2496 2066 2061 2269 1595 1496 2535 2412 3070 2922 724 1252 2390 2687 3726 360 1815 1334 1911 2906 2235 3324 2145 2447 2573 1993 1192 879 1328 2280 1838 1768 2267 2210 698 3333 596 1631 2501 626 1218 3121 2681 1523 3528 1987 2710 1323 2657 1523 2304 2855 1742 3126 1750 1612 2193 2414 1582 3138 3161 814 1335 953 2379 2079 545 3721 1641 2497 2005 689 2788 3548 1259 2809 2332 2452 1869 1462 1556 2705 1804 1132 1886 1800 882 1019 1912 1814 834 1990 1488 1076 2425 1784 516 2895 2501 1579 1059 2027 1154 2492 2383 2769 3211 2841 2646 1753 2606 2842 1774 2478 950 2748 1864 2209 2925 3035 894 1997 3172 2601 1429 2398 1568 2593 446 3272 2452
1757 1040 1118 2873 1840 2151 1052 2243 2047 1838 2699 1318 1049 1965 2610 1875 854 1478 623 1089 2484 2178 1804 1208 1769 2665 2215 2292 2478 886 1850 1810 1894 1273 1169 3128 3049 1873 927 1151 1978 2628 1815 360 1304 685 2827 945 2313 2773 2386 2887 2653 1077 2328 874 2792 553 2519 812 2691 2152 2276 1580 1295 1842 1771 1001 1825 1264 785 2461 941 1466 1353 1680 2487 2047 1457 2591 2863 848 2451 749 1244 2516 2019 2092 2255 2156 2333 1889 2473 1837 2672 614 1214 1595 1508 2816 2443 2206 1547 1087 2747 423 779 1481 2753 1781 1419 1438 661 2216 1827 897 2070 1434 711 1697 2161 970 1058 1811 2519 1417 970 1138 589 1106 1099 1003 2605 2516 2809 1191 1750 1297 3065 1855 2780 1432 2512 2488 2679 1706 1754 1772 1222 3350 1831 1654 2285 1039 1148 1902 2579 2022
964 626 1907 1965 2214 1937 1484 1719 1546 1909 2121 966 1728 1023 1677 2219 1617 1870 1422 1932 2091 1856 865 1139 1113 1784 2429 1643 1568 1787 1327 897 953 1680 2106 2377 2264 1164 949 2087 1715 2764 1334 1304 360 1579 2133 1443 2355 1836 1658 2024 1711 1251 1728 1151 1873 1198 1575 1682 1776 1594 2369 1190 656 1530 1475 1172 2241 1939 1338 2564 1791 1830 408 1697 1568 1415 2074 1651 2280 944 1514 1665 2167 1590 2190 2203 1645 1234 1629 1427 1567 1470 2752 1314 2157 1045 1211 2066 2589 1309 1930 1495 1884 1324 1248 638 1990 968 575 914 1496 1497 970 1722 1174 1291 1632 769 1320 1811 1752 1232 1998 1575 1546 859 1526 733 2035 1633 1949 2249 2089 2033 921 1772 2241 1000 1916 744 1896 1546 1766 2019 2152 976 1046 2553 1626 716 1579 1589 2033 1401 2312 1518
1952 1323 1170 3172 2026 2452 944 2323 2131 2104 3023 1451 797 2241 2853 2069 993 1686 538 765 2798 2489 2062 1276 1924 2971 2432 2617 2775 569 2174 2103 2172 1499 898 3452 3370 2036 1090 877 2288 2852 1911 685 1579 360 3151 1193 2568 3056 2709 3197 2929 1091 2430 947 3086 875 2782 857 2987 2248 2521 1675 1607 2158 1812 1052 1999 1372 750 2698 619 1684 1626 1963 2718 2371 1575 2842 3187 1172 2700 740 948 2753 2254 2339 2364 2395 2471 2213 2772 1894 2909 647 966 1920 1584 3139 2670 2429 1752 1338 3057 712 810 1781 3074 2092 1659 1761 470 2365 2043 586 2369 1472 439 1984 2359 1002 797 1938 2841 1690 807 1304 627 1314 945 1183 2930 2817 3133 1180 2059 1496 3382 2161 3090 1633 2837 2765 2975 1920 1938 1970 1545 3670 2138 1935 2609 868 1089 1996 2880 2346
2331 2291 3011 1312 2578 1547 3236 3132 3035 2030 707 2711 3430 1750 2049 2533 2821 2482 3045 3553 1171 1356 1969 2910 2613 1134 2412 895 1334 3352 1349 1682 1770 2454 3585 706 745 2573 2701 3570 1503 2440 2906 2827 2133 3151 360 2518 2082 1572 835 1037 1643 3021 3045 2894 1380 2642 1816 2981 1352 3007 2179 2863 1952 1502 3130 2936 2653 2876 3043 2277 3405 2434 2108 1948 2139 1140 2866 1949 711 2339 1962 3038 3683 2090 2250 2153 2976 2052 2822 1344 1311 3085 2329 2961 3595 1591 2921 555 2366 2189 2487 2432 1032 2808 2960 1856 616 1527 2237 1752 3108 2722 2255 3351 1453 3036 3173 1805 2380 3024 3450 2756 886 2149 3269 2632 2976 2506 3380 2691 595 1456 453 3172 1576 2558 898 1518 1034 2418 718 1639 1338 2416 2587 2374 1983 989 1629 1869 917 3322 3251 2935 1468 1210
2026 1217 882 2780 1270 1647 1634 2664 2471 1270 2325 1734 1615 2010 2722 1300 665 901 1201 1570 2029 1715 1924 1702 2112 2540 1630 1994 2407 1335 1536 1807 1941 691 1468 2848 2802 2194 1372 1458 1510 2043 2235 945 1443 1193 2518 360 1736 2752 2135 2728 2658 1618 2719 1405 2722 801 2579 836 2621 2556 1694 2016 1266 1415 2252 1529 1267 857 1365 1877 1438 884 1488 1138 2634 1767 995 2679 2483 868 2554 921 1581 2647 1434 1511 2639 2302 2670 1534 2396 2299 2088 1197 1459 1364 1968 2551 1858 2389 971 505 2595 886 1343 1481 2501 1679 1634 1253 1220 2542 2051 1419 2011 1934 1170 1733 2401 866 1620 2191 2124 861 1554 1537 935 1444 1226 562 2284 2010 2521 1037 1668 736 2854 1778 2627 1728 2173 2502 2606 1124 1188 2038 944 3100 1356 1713 2027 1623 1097 2319 2070 1670
2920 2276 1957 2837 1086 939 2985 3714 3541 841 1745 2882 2992 2562 3225 1025 1964 1281 2575 2927 1274 1136 2630 2940 3106 2581 722 1795 2609 2692 1597 2351 2521 1435 2741 2410 2466 3144 2610 2738 1113 789 3324 2313 2355 2568 2082 1736 360 2975 1998 2638 2959 2915 3713 2708 2844 2142 3005 2139 2765 3588 468 3151 2060 1271 3426 2819 1163 1729 2718 586 2805 1266 2375 1036 3217 1748 1592 3143 1830 2022 3070 2251 2865 3200 709 596 3630 2950 3581 1483 2587 3442 756 2558 2698 1754 3141 2229 654 3083 1229 1591 2555 2257 2679 2187 2232 2105 2568 1824 2596 3451 2884 2792 2369 3160 2538 2373 3191 2073 2997 3227 1556 1262 2922 2703 2304 2572 2436 1766 1891 1020 2143 2087 2137 1465 2602 2200 2577 2737 1767 2854 2747 1061 1151 2938 1692 2696 1124 2400 1921 2991 2215 3395 1039 1515
1589 2095 3269 665 3221 2397 2884 2211 2182 2720 1848 2194 3170 1175 908 3197 3001 2981 2897 3402 2197 2206 1379 2438 1872 804 3225 1556 733 3264 1789 1327 1244 2858 3581 1533 1359 1782 2387 3561 2234 3392 2145 2773 1836 3056 1572 2752 2975 360 1362 939 512 2618 2079 2586 560 2642 742 3105 586 2107 3046 2211 1871 2111 2409 2566 3279 3229 2793 3198 3263 2931 1790 2549 1055 1594 3304 817 1915 2342 909 3110 3644 993 3007 2951 2031 1172 1832 1883 752 2329 3312 2789 3627 1795 2305 1381 3268 1252 3017 2737 901 2785 2702 1663 1316 1435 1789 1866 2972 1772 1534 3193 1100 2461 3108 1435 1452 3211 3197 1991 1919 2614 2979 2220 2986 2146 3484 2954 1601 2486 1479 3416 1443 2968 1211 1333 903 1893 1680 661 602 3023 3194 1661 2178 1511 2276 1481 1421 3009 3445 2136 2522 1824
1880 1823 2646 1198 2354 1420 2765 2696 2587 1816 922 2236 2969 1306 1734 2319 2431 2190 2593 3107 1196 1222 1513 2434 2155 944 2280 564 1026 2913 965 1214 1317 2124 3164 1103 1030 2124 2229 3149 1291 2405 2447 2386 1658 2709 835 2135 1998 1362 360 1020 1380 2547 2621 2424 1211 2207 1496 2579 1140 2569 2079 2393 1487 1217 2664 2463 2423 2539 2579 2217 2958 2140 1633 1684 1790 729 2559 1638 1049 1898 1616 2625 3256 1751 2081 2006 2548 1645 2410 1007 1002 2623 2318 2505 3182 1156 2449 790 2293 1787 2208 2068 920 2372 2495 1381 729 1051 1762 1308 2658 2302 1804 2902 1009 2561 2736 1333 1966 2639 2990 2299 930 1832 2803 2156 2549 2031 2980 2321 686 1484 793 2806 1100 2233 1083 1045 944 1944 706 1321 1123 2171 2346 1919 1569 1331 1374 1397 467 2855 2872 2480 1521 899
