140 1813 2242 2222 1641 265 1142 266 1693 2005 493 2224 2600 2678 2207 1669 1743 1326 845 1278 681 2118 353 2198 2299 1293 2329 2239 1486 974 1898 617 948 768 2560 1988 666 1035 2197 2881 2479 1253 1660 1760 445 2499 2008 1795 665 1886 2770 1095 1482 2965 1833 553 1062 1559 659 1535 1702 1554 2412 737 2477 2612 692 1233 1484 1392 1648 2663 2510 1060 1485 613 571 955 2431 1748 1122 1664 1130 2432 1211 925 1699 2462 1441 520 1886 2546 2109 1232 2619 1428 2074 2087 1435 2141 1257 495 317 1716 1364 2434 2663 762
1913 360 1233 1916 547 2018 2873 1912 1645 857 2107 1886 1188 1277 1749 511 686 861 1581 1055 2248 1637 1844 980 1919 1124 2279 2664 1329 2713 1437 1898 1354 2391 1935 1776 1881 2750 841 1493 1198 2008 1555 671 1727 1066 1676 1070 1577 1103 1526 1161 837 1653 1449 1690 1496 616 2243 658 1032 1055 2443 1444 1131 1254 1989 2076 1254 1834 912 1845 1190 1127 826 1866 1907 1414 1579 1355 1638 1944 2022 1555 1393 1309 515 1080 1021 1670 1216 2010 2455 1657 1185 2416 1565 2427 1351 2342 1540 2231 1953 2609 2443 1312 1689 2491
2342 1233 360 2787 1236 2424 3343 2358 2506 736 2415 1197 1095 1108 2615 1326 1560 1404 1805 1824 2489 960 2249 666 1196 1912 1638 2182 2174 3175 920 2490 1653 2631 1097 1214 2111 3236 887 1211 772 1923 1221 1544 2178 1129 2549 808 2148 1972 930 1518 1658 1159 988 2234 1611 1364 2494 1436 1905 1047 1807 1890 1711 969 2599 2006 2099 1664 1780 972 848 1744 1645 2458 2481 2103 711 2227 2395 1613 2755 2357 1449 1940 1181 1622 1850 2084 2088 1194 1978 1607 1191 2298 907 1954 2186 1818 2333 2582 2335 2387 2366 2045 832 2964
2322 1916 2787 360 1963 2447 2855 2322 888 2413 2662 3393 2484 2572 559 1850 1593 2001 2504 1570 2854 3157 2364 2511 3437 1486 3739 3985 1171 2761 2932 2006 2325 2950 3488 3240 2648 2733 2320 2765 2661 3091 2947 1606 2235 2340 618 2581 1960 1175 2967 2211 1586 3011 2922 2045 2579 1857 2834 1789 1264 2469 3890 2154 1759 2629 1997 3126 1216 3041 1397 3399 2623 1855 1597 1995 2050 1677 3135 970 1462 3248 1629 1052 2581 1811 2000 1833 1432 2276 1059 3557 3792 2822 2412 3434 3085 3764 1205 3725 1326 2665 2456 3699 3409 1382 3227 2589
1741 547 1236 1963 360 1844 2712 1742 1636 869 1925 1796 1330 1415 1811 479 747 679 1394 961 2064 1555 1669 1033 1837 1044 2168 2519 1298 2551 1337 1753 1167 2207 1892 1663 1694 2591 947 1628 1285 1829 1415 741 1556 1221 1713 978 1423 1171 1610 974 782 1761 1338 1533 1311 490 2059 560 1059 910 2328 1268 1313 1372 1850 1895 1224 1663 927 1835 1292 973 770 1721 1758 1290 1564 1373 1546 1789 1922 1675 1214 1164 424 1266 974 1493 1273 1955 2311 1480 1341 2236 1483 2283 1310 2208 1467 2054 1776 2434 2260 1464 1706 2329
365 2018 2424 2447 1844 360 1280 489 1919 2196 593 2379 2798 2876 2432 1876 1957 1528 1009 1496 778 2281 538 2389 2455 1513 2471 2364 1711 1111 2065 837 1130 862 2722 2143 800 1178 2394 3077 2670 1382 1819 1974 653 2700 2233 1976 887 2108 2958 1286 1697 3155 1998 777 1225 1765 756 1744 1923 1736 2550 937 2691 2807 906 1358 1708 1533 1867 2833 2703 1271 1700 835 790 1179 2604 1972 1347 1804 1348 2656 1379 1143 1901 2675 1661 713 2108 2705 2238 1382 2820 1540 2240 2217 1660 2275 1482 592 456 1827 1473 2654 2840 907
1242 2873 3343 2855 2712 1280 360 1350 2375 3104 1342 3259 3681 3763 2910 2723 2747 2407 1922 2252 1369 3184 1454 3297 3336 2234 3289 3048 2310 528 2976 1363 2050 1286 3622 3022 1659 488 3284 3970 3577 2160 2714 2767 1535 3573 2708 2897 1656 2783 3872 2196 2481 4064 2907 1542 2135 2616 1350 2581 2618 2656 3340 1831 3467 3704 1304 2107 2338 2371 2602 3746 3606 2105 2487 1392 1342 1875 3523 2554 1848 2628 1586 3259 2293 1931 2773 3467 2387 1622 2747 3595 2970 2259 3693 2146 3147 2954 2255 3048 2012 1160 1372 2399 2047 3348 3759 744
366 1912 2358 2322 1742 489 1350 360 1793 2114 704 2364 2703 2783 2304 1767 1838 1428 982 1371 895 2251 488 2307 2439 1386 2483 2413 1581 1182 2028 736 1067 989 2693 2130 836 1238 2301 2987 2588 1423 1798 1856 547 2601 2106 1913 758 1980 2882 1206 1577 3074 1964 648 1198 1658 874 1633 1795 1672 2571 843 2572 2718 822 1409 1579 1548 1742 2790 2618 1156 1580 728 691 1050 2555 1843 1224 1820 1251 2526 1342 1019 1801 2558 1535 633 1980 2683 2278 1379 2722 1618 2206 2255 1530 2303 1356 721 507 1906 1558 2528 2785 966
1793 1645 2506 888 1636 1919 2375 1793 360 2132 2134 3012 2361 2453 897 1540 1327 1590 2003 1125 2326 2791 1836 2266 3064 1031 3324 3517 711 2269 2554 1484 1841 2422 3160 2837 2128 2250 2108 2665 2466 2594 2523 1346 1709 2217 693 2227 1435 1015 2790 1750 1217 2879 2533 1517 2099 1512 2306 1440 985 2077 3466 1646 1767 2478 1483 2623 779 2566 1094 3111 2444 1381 1229 1471 1526 1157 2840 684 936 2789 1157 1283 2121 1306 1686 1816 1031 1754 910 3214 3331 2346 2312 2923 2720 3303 724 3279 798 2138 1928 3193 2893 1484 2971 2085
2105 857 736 2413 869 2196 3104 2114 2132 360 2224 1452 1020 1078 2243 952 1183 1086 1627 1467 2328 1198 2018 552 1473 1552 1875 2344 1802 2937 1048 2197 1437 2472 1447 1393 1943 2990 640 1257 833 1885 1267 1169 1928 979 2174 725 1856 1598 1136 1270 1289 1320 1087 1953 1467 999 2328 1069 1528 883 2044 1632 1424 982 2301 1964 1728 1655 1404 1347 870 1425 1276 2164 2194 1773 1081 1851 2048 1682 2418 2009 1318 1624 811 1343 1480 1845 1713 1530 2134 1537 1082 2287 1130 2107 1816 1995 1975 2379 2114 2425 2337 1717 1200 2719
593 2107 2415 2662 1925 593 1342 704 2134 2224 360 2277 2852 2925 2638 1972 2085 1606 969 1653 551 2205 668 2415 2353 1683 2326 2168 1906 1178 2005 1070 1149 663 2641 2039 678 1262 2444 3118 2695 1208 1733 2100 805 2765 2442 1967 1074 2276 2966 1329 1835 3174 1934 978 1171 1862 532 1851 2089 1733 2391 1031 2815 2844 1139 1171 1897 1395 2021 2775 2735 1398 1836 1067 1023 1370 2562 2166 1568 1659 1581 2836 1333 1303 1977 2791 1823 814 2287 2612 2056 1277 2884 1320 2171 2036 1857 2108 1696 541 566 1606 1247 2809 2805 1011
2324 1886 1197 3393 1796 2379 3259 2364 3012 1452 2277 360 1929 1933 3246 1913 2180 1782 1742 2252 2275 613 2236 1482 437 2347 800 1386 2660 3095 821 2623 1720 2394 774 597 1962 3177 1693 1997 1597 1518 928 2172 2224 1966 3139 1179 2316 2607 1631 1697 2172 1860 839 2359 1528 1895 2289 1963 2489 1295 969 2003 2513 1790 2737 1593 2593 1265 2356 1012 1676 2050 2161 2595 2598 2398 980 2790 2729 1055 3023 3079 1400 2210 1768 2428 2345 2116 2709 705 1200 1361 2028 1778 683 1181 2654 1022 2723 2459 2283 1763 1872 2806 1195 2915
2700 1188 1095 2484 1330 2798 3681 2703 2361 1020 2852 1929 360 452 2289 1339 1428 1635 2270 1879 2968 1695 2620 866 1922 1941 2370 2914 2094 3518 1628 2722 2065 3114 1756 1945 2585 3561 768 669 697 2543 1896 1407 2516 505 2290 1371 2394 1720 878 1884 1652 886 1685 2503 2122 1437 2967 1485 1742 1543 2539 2222 1152 534 2816 2624 2023 2307 1658 1540 618 1944 1641 2690 2728 2243 1361 2041 2454 2307 2841 1906 1977 2132 1268 1059 1819 2445 1838 1872 2709 2197 467 2943 1642 2684 2127 2551 2342 2996 2724 3068 2996 1548 1296 3297
2778 1277 1108 2572 1415 2876 3763 2783 2453 1078 2925 1933 452 360 2376 1428 1521 1716 2338 1969 3038 1706 2698 910 1922 2032 2373 2930 2187 3600 1655 2808 2137 3183 1737 1963 2654 3644 842 577 697 2593 1933 1499 2595 596 2380 1418 2479 1811 816 1958 1743 799 1716 2587 2185 1524 3037 1574 1835 1602 2541 2301 1226 504 2903 2674 2116 2352 1750 1509 620 2028 1732 2776 2814 2331 1348 2133 2545 2341 2932 1986 2036 2218 1352 1135 1911 2522 1929 1856 2727 2250 526 2989 1656 2703 2220 2566 2435 3071 2800 3107 3045 1625 1260 3379
2307 1749 2615 559 1811 2432 2910 2304 897 2243 2638 3246 2289 2376 360 1695 1431 1878 2429 1473 2829 3006 2334 2333 3288 1397 3604 3877 1103 2806 2786 2014 2237 2933 3324 3102 2597 2785 2138 2568 2474 3009 2819 1442 2201 2146 564 2429 1926 1006 2776 2109 1456 2815 2781 2021 2486 1712 2810 1647 1120 2332 3758 2090 1559 2436 2018 3049 1133 2941 1253 3226 2433 1767 1466 1999 2055 1634 2964 864 1465 3137 1687 862 2475 1748 1843 1634 1320 2231 897 3397 3680 2724 2216 3366 2934 3652 1147 3605 1314 2657 2432 3624 3348 1183 3048 2622
1769 511 1326 1850 479 1876 2723 1767 1540 952 1972 1913 1339 1428 1695 360 628 735 1466 909 2119 1671 1703 1099 1953 982 2287 2635 1210 2564 1455 1747 1236 2260 2000 1782 1758 2600 982 1644 1334 1926 1533 622 1584 1218 1602 1094 1427 1053 1662 1045 702 1797 1457 1541 1401 470 2112 506 949 1028 2447 1305 1228 1400 1838 1990 1136 1770 819 1932 1332 978 690 1715 1755 1263 1662 1267 1494 1903 1876 1557 1313 1157 509 1189 892 1530 1157 2066 2428 1581 1336 2331 1598 2399 1227 2326 1402 2092 1813 2536 2351 1354 1792 2342
1843 686 1560 1593 747 1957 2747 1838 1327 1183 2085 2180 1428 1521 1431 628 360 926 1640 857 2248 1937 1795 1302 2219 895 2556 2892 1029 2596 1723 1747 1412 2384 2255 2051 1908 2621 1140 1738 1499 2144 1796 381 1665 1290 1350 1361 1462 787 1825 1230 626 1929 1725 1581 1609 677 2238 637 707 1293 2715 1415 1093 1526 1824 2203 956 2008 595 2171 1481 1048 621 1717 1765 1238 1904 1030 1396 2157 1783 1296 1542 1185 772 1082 757 1632 895 2326 2687 1809 1399 2542 1864 2658 1059 2589 1276 2184 1908 2761 2554 1127 2014 2376
1426 861 1404 2001 679 1528 2407 1428 1590 1086 1606 1782 1635 1716 1878 735 926 360 1092 830 1747 1568 1351 1273 1836 925 2101 2364 1238 2243 1327 1472 861 1890 1962 1608 1382 2288 1237 1923 1546 1578 1305 932 1241 1533 1744 1028 1133 1286 1860 671 784 2032 1303 1236 1043 630 1741 649 1125 848 2249 950 1602 1659 1576 1637 1173 1452 999 1958 1566 701 775 1440 1472 1058 1690 1391 1360 1624 1711 1844 981 899 733 1565 931 1176 1362 2002 2164 1247 1653 1976 1499 2136 1231 2086 1320 1735 1458 2196 1990 1693 1873 2022
945 1581 1805 2504 1394 1009 1922 982 2003 1627 969 1742 2270 2338 2429 1466 1640 1092 360 1324 1060 1632 855 1814 1816 1392 1883 1910 1693 1753 1416 1265 590 1205 2074 1508 676 1825 1862 2524 2093 951 1176 1651 849 2193 2255 1357 1013 1932 2358 781 1432 2568 1349 1016 576 1362 1061 1373 1749 1124 1985 722 2334 2249 1376 981 1656 974 1647 2185 2136 1027 1429 1241 1234 1219 1961 1925 1532 1238 1728 2508 731 1057 1436 2296 1493 743 1978 2061 1745 774 2310 1299 1590 1719 1658 1737 1597 1139 914 1556 1290 2404 2201 1556
1378 1055 1824 1570 961 1496 2252 1371 1125 1467 1653 2252 1879 1969 1473 909 857 830 1324 360 1829 2038 1349 1634 2306 455 2559 2774 775 2103 1797 1250 1124 1956 2425 2072 1532 2125 1531 2187 1881 1898 1758 877 1212 1750 1314 1488 980 987 2208 1000 594 2346 1772 1099 1373 832 1816 767 800 1318 2702 1014 1577 1949 1327 1940 717 1831 730 2405 1881 657 603 1221 1269 741 2134 969 946 2038 1327 1558 1371 712 1024 1575 533 1202 1017 2470 2582 1612 1865 2264 1969 2554 762 2521 869 1728 1460 2515 2254 1518 2297 1884
781 2248 2489 2854 2064 778 1369 895 2326 2328 551 2275 2968 3038 2829 2119 2248 1747 1060 1829 360 2228 856 2514 2352 1864 2281 2065 2095 1217 2045 1255 1266 505 2656 2039 744 1310 2560 3225 2792 1151 1755 2262 991 2888 2633 2047 1263 2455 3051 1455 2003 3265 1971 1169 1238 2010 385 2005 2268 1820 2331 1192 2972 2950 1317 1098 2084 1373 2195 2808 2837 1565 2004 1254 1208 1558 2609 2354 1759 1623 1762 3018 1400 1483 2113 2944 2001 987 2470 2617 1970 1294 3006 1185 2201 1953 2046 2041 1887 632 758 1465 1101 2982 2857 1090
2218 1637 960 3157 1555 2281 3184 2251 2791 1198 2205 613 1695 1706 3006 1671 1937 1568 1632 2038 2228 360 2126 1234 642 2133 1044 1587 2440 3017 604 2480 1573 2357 802 637 1887 3093 1442 1787 1368 1522 833 1928 2097 1723 2904 936 2159 2364 1442 1521 1942 1677 652 2214 1416 1659 2240 1729 2252 1080 1214 1853 2259 1564 2594 1603 2371 1255 2119 946 1446 1855 1931 2450 2459 2212 814 2558 2539 1108 2851 2828 1269 2027 1524 2176 2120 1991 2468 806 1388 1294 1791 1838 432 1365 2437 1221 2522 2386 2185 1871 1923 2552 1060 2826
453 1844 2249 2364 1669 538 1454 488 1836 2018 668 2236 2620 2698 2334 1703 1795 1351 855 1349 856 2126 360 2211 2311 1375 2355 2294 1599 1285 1905 839 956 971 2568 2002 719 1348 2215 2899 2492 1302 1671 1811 497 2523 2139 1803 767 1970 2781 1107 1540 2977 1840 680 1071 1593 838 1575 1783 1562 2443 760 2528 2628 934 1292 1588 1421 1718 2670 2525 1107 1541 825 797 1062 2437 1858 1279 1692 1349 2527 1218 997 1725 2509 1518 535 1979 2556 2155 1250 2643 1518 2082 2132 1550 2177 1398 749 472 1805 1465 2507 2670 1075
2298 980 666 2511 1033 2389 3297 2307 2266 552 2415 1482 866 910 2333 1099 1302 1273 1814 1634 2514 1234 2211 360 1489 1716 1918 2429 1947 3130 1132 2386 1628 2659 1403 1462 2130 3182 580 1074 641 2043 1391 1285 2121 858 2281 868 2045 1697 946 1463 1441 1127 1185 2144 1648 1162 2516 1229 1650 1060 2088 1825 1405 800 2489 2124 1872 1803 1532 1259 682 1611 1429 2353 2384 1953 1011 1972 2219 1803 2593 2055 1495 1809 970 1317 1631 2038 1816 1501 2221 1701 944 2439 1172 2196 1966 2071 2138 2570 2307 2562 2495 1739 1076 2912
2399 1919 1196 3437 1837 2455 3336 2439 3064 1473 2353 437 1922 1922 3288 1953 2219 1836 1816 2306 2352 642 2311 1489 360 2402 815 1424 2713 3172 870 2694 1790 2471 705 674 2038 3253 1704 1975 1587 1594 1001 2210 2297 1965 3184 1218 2385 2646 1602 1762 2220 1827 896 2430 1602 1939 2366 2008 2533 1348 979 2073 2527 1778 2808 1669 2645 1342 2400 956 1666 2110 2208 2666 2670 2461 951 2837 2792 1129 3089 3110 1471 2274 1807 2442 2396 2189 2750 629 1245 1437 2023 1850 714 1228 2707 1064 2782 2535 2358 1827 1945 2829 1152 2992
1393 1124 1912 1486 1044 1513 2234 1386 1031 1552 1683 2347 1941 2032 1397 982 895 925 1392 455 1864 2133 1375 1716 2402 360 2653 2860 683 2089 1893 1230 1200 1986 2520 2167 1583 2106 1604 2250 1957 1972 1852 916 1238 1809 1231 1583 988 954 2285 1086 649 2417 1868 1105 1453 914 1849 846 769 1414 2795 1066 1593 2018 1298 2011 630 1914 728 2497 1954 729 659 1202 1253 720 2226 893 874 2126 1260 1515 1457 740 1105 1599 514 1239 967 2565 2670 1695 1922 2331 2064 2642 668 2611 783 1746 1485 2586 2317 1503 2385 1872
2429 2279 1638 3739 2168 2471 3289 2483 3324 1875 2326 800 2370 2373 3604 2287 2556 2101 1883 2559 2281 1044 2355 1918 815 2653 360 997 2974 3133 1202 2789 1926 2378 1104 864 2032 3223 2126 2431 2037 1490 1161 2550 2372 2405 3482 1569 2515 2976 2056 1953 2513 2280 1191 2536 1692 2254 2299 2317 2844 1632 530 2200 2939 2230 2900 1546 2912 1297 2711 1378 2116 2323 2502 2765 2758 2646 1407 3130 2980 1028 3235 3474 1604 2459 2150 2857 2673 2266 3072 987 854 1469 2469 1625 1108 846 2961 678 2997 2504 2378 1525 1730 3216 1597 2978
2339 2664 2182 3985 2519 2364 3048 2413 3517 2344 2168 1386 2914 2930 3877 2635 2892 2364 1910 2774 2065 1587 2294 2429 1424 2860 997 360 3182 2910 1659 2769 2038 2123 1739 1329 1937 3007 2616 3013 2593 1352 1468 2892 2354 2927 3728 1993 2561 3287 2656 2134 2788 2886 1616 2547 1780 2575 2088 2627 3130 1970 888 2269 3390 2790 2869 1366 3130 1312 3003 2009 2670 2497 2779 2751 2729 2761 2006 3379 3081 1100 3263 3829 1763 2585 2517 3316 2917 2260 3367 1624 570 1532 3005 1264 1634 597 3157 726 3135 2325 2282 1048 1367 3616 2217 2795
1586 1329 2174 1171 1298 1711 2310 1581 711 1802 1906 2660 2094 2187 1103 1210 1029 1238 1693 775 2095 2440 1599 1947 2713 683 2974 3182 360 2182 2202 1336 1514 2205 2814 2485 1853 2181 1804 2403 2164 2280 2174 1050 1464 1953 922 1878 1192 850 2491 1409 876 2598 2181 1294 1770 1171 2077 1099 728 1725 3118 1348 1600 2195 1370 2315 434 2234 796 2772 2149 1046 888 1315 1371 896 2501 621 826 2449 1180 1321 1780 1005 1352 1630 685 1489 797 2866 2993 2014 2057 2627 2370 2965 415 2935 666 1940 1701 2889 2606 1406 2642 1978
1074 2713 3175 2761 2551 1111 528 1182 2269 2937 1178 3095 3518 3600 2806 2564 2596 2243 1753 2103 1217 3017 1285 3130 3172 2089 3133 2910 2182 360 2808 1220 1881 1146 3455 2858 1493 459 3120 3806 3410 2005 2548 2616 1369 3412 2602 2728 1500 2648 3704 2029 2330 3897 2740 1383 1967 2457 1197 2423 2479 2487 3188 1665 3320 3539 1171 1955 2206 2210 2458 3578 3440 1946 2335 1247 1195 1729 3354 2431 1726 2470 1494 3137 2124 1775 2611 3318 2243 1454 2617 3430 2825 2095 3532 2011 2979 2808 2127 2898 1889 996 1203 2272 1915 3213 3591 582
1998 1437 920 2932 1337 2065 2976 2028 2554 1048 2005 821 1628 1655 2786 1455 1723 1327 1416 1797 2045 604 1905 1132 870 1893 1202 1659 2202 2808 360 2243 1338 2179 1034 706 1688 2882 1317 1771 1325 1393 675 1716 1868 1630 2677 727 1919 2148 1473 1278 1711 1707 436 1977 1201 1434 2054 1502 2028 839 1368 1616 2108 1522 2357 1476 2134 1126 1895 1129 1398 1611 1699 2214 2224 1968 927 2329 2295 1052 2607 2633 1047 1783 1313 2030 1885 1763 2249 1049 1450 1116 1714 1749 543 1424 2198 1306 2278 2184 1970 1827 1823 2374 1179 2612
717 1898 2490 2006 1753 837 1363 736 1484 2197 1070 2623 2722 2808 2014 1747 1747 1472 1265 1250 1255 2480 839 2386 2694 1230 2789 2769 1336 1220 2243 360 1267 1325 2918 2396 1197 1235 2339 3021 2659 1776 2055 1768 780 2605 1810 2064 702 1791 2972 1343 1482 3144 2188 626 1464 1645 1232 1601 1619 1829 2890 987 2463 2764 474 1770 1353 1870 1599 2982 2677 1141 1489 392 406 871 2730 1593 909 2139 875 2297 1583 950 1817 2465 1384 883 1765 2922 2623 1680 2723 1993 2426 2599 1281 2634 1063 1029 883 2281 1935 2354 2943 1007
1048 1354 1653 2325 1167 1130 2050 1067 1841 1437 1149 1720 2065 2137 2237 1236 1412 861 590 1124 1266 1573 956 1628 1790 1200 1926 2038 1514 1881 1338 1267 360 1411 2012 1498 889 1943 1656 2329 1909 1133 1156 1421 895 1981 2072 1207 957 1716 2189 552 1211 2391 1281 1001 618 1132 1264 1143 1536 965 2046 643 2104 2055 1381 1177 1470 1086 1429 2090 1947 831 1207 1238 1246 1091 1849 1733 1421 1323 1672 2291 684 909 1211 2066 1287 794 1768 2015 1857 866 2100 1508 1520 1830 1485 1824 1460 1302 1043 1751 1509 2177 2077 1671
868 2391 2631 2950 2207 862 1286 989 2422 2472 663 2394 3114 3183 2933 2260 2384 1890 1205 1956 505 2357 971 2659 2471 1986 2378 2123 2205 1146 2179 1325 1411 360 2780 2160 889 1243 2705 3370 2936 1252 1885 2398 1108 3033 2735 2190 1374 2580 3193 1599 2136 3408 2105 1273 1380 2151 508 2144 2393 1964 2420 1328 3110 3095 1374 1192 2198 1489 2324 2939 2981 1699 2137 1329 1279 1670 2745 2466 1850 1729 1819 3139 1542 1607 2256 3084 2127 1116 2590 2737 2044 1425 3151 1226 2332 2028 2156 2126 1985 660 865 1493 1132 3112 2994 1052
2660 1935 1097 3488 1892 2722 3622 2693 3160 1447 2641 774 1756 1737 3324 2000 2255 1962 2074 2425 2656 802 2568 1403 705 2520 1104 1739 2814 3455 1034 2918 2012 2780 360 987 2323 3533 1623 1750 1421 1920 1267 2242 2538 1827 3242 1297 2593 2678 1356 1950 2303 1564 1091 2652 1857 2010 2668 2082 2589 1487 1248 2291 2444 1594 3032 1997 2742 1659 2459 635 1499 2269 2291 2888 2898 2630 760 2906 2952 1466 3276 3091 1711 2448 1850 2353 2489 2432 2790 485 1574 1726 1862 2192 851 1558 2816 1391 2922 2822 2626 2173 2286 2782 873 3266
2088 1776 1214 3240 1663 2143 3022 2130 2837 1393 2039 597 1945 1963 3102 1782 2051 1608 1508 2072 2039 637 2002 1462 674 2167 864 1329 2485 2858 706 2396 1498 2160 987 360 1725 2939 1657 2055 1626 1292 701 2045 1993 1960 2983 1069 2095 2472 1718 1491 2014 1953 686 2133 1296 1751 2053 1815 2342 1131 1026 1780 2454 1824 2510 1370 2421 1033 2208 1191 1703 1852 2003 2369 2370 2192 1090 2632 2525 846 2807 2971 1175 2004 1645 2375 2178 1885 2568 937 1124 1124 2036 1579 670 1100 2475 968 2528 2221 2047 1596 1668 2718 1332 2678
766 1881 2111 2648 1694 800 1659 836 2128 1943 678 1962 2585 2654 2597 1758 1908 1382 676 1532 744 1887 719 2130 2038 1583 2032 1937 1853 1493 1688 1197 889 889 2323 1725 360 1574 2177 2840 2408 947 1415 1921 802 2507 2410 1666 1060 2158 2669 1081 1679 2882 1616 1007 860 1650 746 1652 1971 1437 2109 878 2620 2565 1293 933 1829 1095 1883 2457 2452 1247 1677 1183 1156 1331 2246 2102 1598 1365 1705 2731 1023 1211 1740 2587 1706 735 2188 2296 1803 961 2625 1171 1853 1781 1810 1835 1697 859 710 1455 1129 2660 2491 1315
1135 2750 3236 2733 2591 1178 488 1238 2250 2990 1262 3177 3561 3644 2785 2600 2621 2288 1825 2125 1310 3093 1348 3182 3253 2106 3223 3007 2181 459 2882 1235 1943 1243 3533 2939 1574 360 3165 3852 3462 2095 2626 2641 1422 3452 2583 2790 1533 2654 3760 2084 2355 3949 2814 1419 2040 2494 1289 2458 2489 2549 3280 1717 3339 3586 1175 2048 2209 2297 2474 3650 3490 1982 2361 1264 1215 1747 3423 2426 1720 2558 1464 3131 2196 1806 2653 3340 2259 1512 2618 3509 2920 2175 3572 2109 3054 2903 2126 2991 1883 1081 1272 2371 2013 3219 3657 632
2297 841 887 2320 947 2394 3284 2301 2108 640 2444 1693 768 842 2138 982 1140 1237 1862 1531 2560 1442 2215 580 1704 1604 2126 2616 1804 3120 1317 2339 1656 2705 1623 1657 2177 3165 360 1046 719 2158 1548 1121 2114 702 2098 1005 2005 1512 1047 1476 1318 1176 1361 2111 1719 1066 2559 1124 1484 1148 2295 1819 1186 785 2437 2236 1730 1933 1376 1472 710 1558 1307 2307 2342 1877 1230 1803 2116 1962 2498 1841 1577 1751 883 1099 1501 2040 1631 1722 2407 1807 813 2562 1377 2381 1829 2263 2021 2589 2318 2706 2610 1520 1274 2899
2981 1493 1211 2765 1628 3077 3970 2987 2665 1257 3118 1997 669 577 2568 1644 1738 1923 2524 2187 3225 1787 2899 1074 1975 2250 2431 3013 2403 3806 1771 3021 2329 3370 1750 2055 2840 3852 1046 360 813 2746 2065 1717 2799 809 2581 1575 2690 2019 760 2155 1961 636 1837 2797 2362 1739 3225 1790 2049 1775 2594 2504 1393 635 3117 2828 2332 2497 1967 1499 753 2241 1950 2989 3026 2548 1385 2343 2763 2463 3150 2159 2210 2432 1564 1306 2129 2724 2135 1874 2815 2411 715 3135 1745 2792 2436 2647 2652 3268 3000 3236 3196 1795 1245 3586
2579 1198 772 2661 1285 2670 3577 2588 2466 833 2695 1597 697 697 2474 1334 1499 1546 2093 1881 2792 1368 2492 641 1587 1957 2037 2593 2164 3410 1325 2659 1909 2936 1421 1626 2408 3462 719 813 360 2294 1614 1480 2401 770 2445 1124 2320 1860 688 1744 1674 847 1389 2420 1922 1410 2794 1473 1841 1333 2205 2105 1423 557 2761 2376 2089 2044 1735 1216 439 1881 1662 2627 2659 2215 1024 2158 2467 2016 2846 2142 1766 2078 1221 1329 1859 2319 1980 1536 2390 1960 801 2682 1319 2366 2188 2228 2376 2851 2588 2786 2743 1799 983 3192
1353 2008 1923 3091 1829 1382 2160 1423 2594 1885 1208 1518 2543 2593 3009 1926 2144 1578 951 1898 1151 1522 1302 2043 1594 1972 1490 1352 2280 2005 1393 1776 1133 1252 1920 1292 947 2095 2158 2746 2294 360 1077 2150 1363 2501 2840 1535 1583 2482 2492 1284 1972 2723 1317 1559 897 1837 1169 1867 2305 1372 1545 1312 2779 2478 1876 443 2239 628 2192 2108 2355 1602 1967 1758 1736 1809 1951 2505 2115 837 2273 3053 975 1648 1853 2725 2060 1272 2539 1864 1216 714 2607 769 1512 1194 2247 1260 2187 1380 1295 981 812 2910 2205 1857
1760 1555 1221 2947 1415 1819 2714 1798 2523 1267 1733 928 1896 1933 2819 1533 1796 1305 1176 1758 1755 833 1671 1391 1001 1852 1161 1468 2174 2548 675 2055 1156 1885 1267 701 1415 2626 1548 2065 1614 1077 360 1793 1655 1880 2689 903 1753 2205 1783 1156 1724 2017 600 1792 961 1483 1766 1540 2061 864 1304 1438 2287 1807 2169 1160 2112 810 1929 1414 1682 1523 1714 2028 2030 1855 1236 2336 2189 774 2466 2730 833 1667 1410 2216 1876 1548 2293 1245 1259 821 1974 1438 807 1231 2160 1153 2199 1915 1723 1533 1509 2508 1490 2361
1860 671 1544 1606 741 1974 2767 1856 1346 1169 2100 2172 1407 1499 1442 622 381 932 1651 877 2262 1928 1811 1285 2210 916 2550 2892 1050 2616 1716 1768 1421 2398 2242 2045 1921 2641 1121 1717 1480 2150 1793 360 1682 1268 1365 1353 1480 797 1806 1239 645 1908 1719 1599 1616 679 2252 643 725 1290 2710 1430 1076 1505 1845 2210 978 2011 615 2156 1461 1064 640 1738 1785 1258 1890 1047 1418 2157 1805 1297 1546 1204 763 1064 778 1647 907 2314 2686 1814 1377 2549 1856 2657 1080 2587 1298 2200 1924 2767 2562 1120 1997 2395
545 1727 2178 2235 1556 653 1535 547 1709 1928 805 2224 2516 2595 2201 1584 1665 1241 849 1212 991 2097 497 2121 2297 1238 2372 2354 1464 1369 1868 780 895 1108 2538 1993 802 1422 2114 2799 2401 1363 1655 1682 360 2414 2007 1735 635 1832 2698 1022 1407 2888 1807 564 1056 1474 975 1451 1646 1494 2470 656 2399 2531 888 1363 1452 1450 1583 2625 2431 978 1409 759 746 928 2384 1723 1161 1719 1270 2390 1188 860 1614 2382 1381 467 1842 2534 2205 1262 2535 1614 2048 2180 1416 2214 1272 879 607 1898 1568 2371 2611 1151
2599 1066 1129 2340 1221 2700 3573 2601 2217 979 2765 1966 505 596 2146 1218 1290 1533 2193 1750 2888 1723 2523 858 1965 1809 2405 2927 1953 3412 1630 2605 1981 3033 1827 1960 2507 3452 702 809 770 2501 1880 1268 2414 360 2145 1342 2281 1574 1006 1796 1520 1031 1682 2392 2057 1320 2886 1364 1599 1491 2575 2123 1025 657 2696 2579 1883 2274 1517 1627 700 1830 1510 2573 2612 2119 1427 1896 2320 2294 2708 1770 1918 2015 1160 931 1684 2347 1692 1938 2720 2150 480 2905 1664 2694 1987 2568 2206 2903 2628 3044 2953 1416 1391 3190
2108 1676 2549 618 1713 2233 2708 2106 693 2174 2442 3139 2290 2380 564 1602 1350 1744 2255 1314 2633 2904 2139 2281 3184 1231 3482 3728 922 2602 2677 1810 2072 2735 3242 2983 2410 2583 2098 2581 2445 2840 2689 1365 2007 2145 360 2329 1732 945 2758 1954 1329 2816 2667 1823 2325 1604 2614 1536 1013 2213 3632 1910 1606 2426 1814 2876 962 2785 1146 3162 2411 1601 1340 1796 1852 1442 2895 712 1261 2990 1486 996 2324 1566 1752 1671 1174 2041 826 3309 3534 2566 2225 3189 2833 3506 960 3467 1112 2456 2235 3451 3167 1264 2997 2418
1895 1070 808 2581 978 1976 2897 1913 2227 725 1967 1179 1371 1418 2429 1094 1361 1028 1357 1488 2047 936 1803 868 1218 1583 1569 1993 1878 2728 727 2064 1207 2190 1297 1069 1666 2790 1005 1575 1124 1535 903 1353 1735 1342 2329 360 1724 1788 1363 1082 1372 1581 745 1803 1169 1085 2051 1155 1676 601 1734 1452 1757 1304 2175 1616 1808 1296 1543 1294 1182 1350 1360 2032 2052 1715 1031 1984 2027 1317 2367 2266 1009 1540 949 1682 1555 1639 1892 1347 1783 1196 1441 1931 864 1756 1880 1653 1988 2134 1887 2062 1986 2009 1239 2518
765 1577 2148 1960 1423 887 1656 758 1435 1856 1074 2316 2394 2479 1926 1427 1462 1133 1013 980 1263 2159 767 2045 2385 988 2515 2561 1192 1500 1919 702 957 1374 2593 2095 1060 1533 2005 2690 2320 1583 1753 1480 635 2281 1732 1724 360 1581 2632 1008 1196 2806 1867 479 1183 1321 1245 1284 1397 1491 2627 675 2192 2429 811 1595 1184 1627 1348 2647 2340 810 1201 670 698 655 2393 1452 899 1887 1080 2129 1281 636 1486 2185 1139 684 1581 2604 2398 1419 2400 1868 2103 2373 1143 2388 999 1120 869 2148 1829 2131 2602 1278
1986 1103 1972 1175 1171 2108 2783 1980 1015 1598 2276 2607 1720 1811 1006 1053 787 1286 1932 987 2455 2364 1970 1697 2646 954 2976 3287 850 2648 2148 1791 1716 2580 2678 2472 2158 2654 1512 2019 1860 2482 2205 797 1832 1574 945 1788 1581 360 2175 1558 870 2243 2147 1696 1945 1083 2441 1024 547 1707 3134 1641 1123 1848 1839 2532 807 2376 649 2584 1828 1273 876 1766 1820 1299 2320 692 1313 2547 1669 935 1905 1333 1199 1164 814 1829 480 2751 3085 2167 1663 2865 2291 3057 902 2997 1156 2341 2079 3103 2863 924 2414 2438
2870 1526 930 2967 1610 2958 3872 2882 2790 1136 2966 1631 878 816 2776 1662 1825 1860 2358 2208 3051 1442 2781 946 1602 2285 2056 2656 2491 3704 1473 2972 2189 3193 1356 1718 2669 3760 1047 760 688 2492 1783 1806 2698 1006 2758 1363 2632 2175 360 2036 2003 595 1545 2729 2173 1737 3054 1800 2165 1593 2216 2403 1669 709 3076 2575 2417 2231 2061 1100 707 2198 1991 2940 2970 2538 1011 2480 2794 2159 3173 2417 2012 2396 1546 1576 2188 2610 2295 1480 2464 2178 978 2861 1412 2443 2516 2290 2705 3129 2873 2934 2932 2062 847 3489
1195 1161 1518 2211 974 1286 2196 1206 1750 1270 1329 1697 1884 1958 2109 1045 1230 671 781 1000 1455 1521 1107 1463 1762 1086 1953 2134 1409 2029 1278 1343 552 1599 1950 1491 1081 2084 1476 2155 1744 1284 1156 1239 1022 1796 1954 1082 1008 1558 2036 360 1048 2229 1232 1081 747 942 1452 957 1384 845 2086 731 1913 1882 1456 1338 1356 1192 1268 1999 1777 732 1042 1312 1330 1061 1746 1607 1394 1400 1690 2128 731 873 1019 1874 1149 935 1619 1967 1943 975 1915 1675 1461 1915 1387 1888 1404 1473 1205 1905 1683 1998 1962 1813
1582 837 1658 1586 782 1697 2481 1577 1217 1289 1835 2172 1652 1743 1456 702 626 784 1432 594 2003 1942 1540 1441 2220 649 2513 2788 876 2330 1711 1482 1211 2136 2303 2014 1679 2355 1318 1961 1674 1972 1724 645 1407 1520 1329 1372 1196 870 2003 1048 360 2130 1698 1315 1435 656 1992 583 702 1243 2665 1172 1356 1729 1561 2024 802 1868 580 2256 1668 798 372 1452 1499 974 1985 978 1163 2047 1549 1440 1397 921 838 1348 551 1381 939 2360 2588 1657 1634 2358 1871 2560 887 2509 1062 1926 1652 2594 2360 1342 2128 2109
3065 1653 1159 3011 1761 3155 4064 3074 2879 1320 3174 1860 886 799 2815 1797 1929 2032 2568 2346 3265 1677 2977 1127 1827 2417 2280 2886 2598 3897 1707 3144 2391 3408 1564 1953 2882 3949 1176 636 847 2723 2017 1908 2888 1031 2816 1581 2806 2243 595 2229 2130 360 1779 2907 2389 1882 3268 1941 2256 1804 2437 2592 1657 763 3245 2806 2526 2463 2163 1298 828 2364 2118 3111 3144 2691 1239 2561 2931 2394 3314 2421 2230 2560 1696 1568 2308 2805 2362 1690 2696 2404 962 3095 1647 2675 2628 2521 2831 3333 3072 3170 3164 2059 1051 3679
1933 1449 988 2922 1338 1998 2907 1964 2533 1087 1934 839 1685 1716 2781 1457 1725 1303 1349 1772 1971 652 1840 1185 896 1868 1191 1616 2181 2740 436 2188 1281 2105 1091 686 1616 2814 1361 1837 1389 1317 600 1719 1807 1682 2667 745 1867 2147 1545 1232 1698 1779 360 1922 1133 1428 1981 1494 2021 816 1353 1561 2140 1584 2302 1400 2114 1051 1888 1200 1460 1574 1686 2158 2167 1927 1002 2316 2256 986 2562 2644 981 1741 1318 2063 1868 1701 2246 1097 1406 1041 1769 1676 601 1379 2174 1270 2245 2113 1903 1759 1748 2394 1255 2545
653 1690 2234 2045 1533 777 1542 648 1517 1953 978 2359 2503 2587 2021 1541 1581 1236 1016 1099 1169 2214 680 2144 2430 1105 2536 2547 1294 1383 1977 626 1001 1273 2652 2133 1007 1419 2111 2797 2420 1559 1792 1599 564 2392 1823 1803 479 1696 2729 1081 1315 2907 1922 360 1205 1434 1150 1400 1513 1566 2641 721 2312 2535 740 1564 1291 1628 1467 2717 2442 923 1320 596 609 762 2467 1555 960 1894 1076 2239 1319 755 1595 2304 1256 647 1693 2657 2392 1430 2512 1819 2160 2368 1243 2393 1079 1008 771 2102 1773 2249 2683 1161
1162 1496 1611 2579 1311 1225 2135 1198 2099 1467 1171 1528 2122 2185 2486 1401 1609 1043 576 1373 1238 1416 1071 1648 1602 1453 1692 1780 1770 1967 1201 1464 618 1380 1857 1296 860 2040 1719 2362 1922 897 961 1616 1056 2057 2325 1169 1183 1945 2173 747 1435 2389 1133 1205 360 1307 1242 1333 1770 948 1803 870 2264 2087 1576 954 1723 828 1655 1970 1971 1084 1429 1438 1435 1345 1751 1982 1673 1070 1904 2515 522 1166 1343 2217 1530 948 2005 1845 1600 608 2171 1293 1374 1573 1742 1572 1717 1346 1130 1518 1310 2376 1993 1771
1659 616 1364 1857 490 1765 2616 1658 1512 999 1862 1895 1437 1524 1712 470 677 630 1362 832 2010 1659 1593 1162 1939 914 2254 2575 1171 2457 1434 1645 1132 2151 2010 1751 1650 2494 1066 1739 1410 1837 1483 679 1474 1320 1604 1085 1321 1083 1737 942 656 1882 1428 1434 1307 360 2003 432 954 983 2411 1194 1332 1490 1738 1899 1098 1692 820 1960 1414 871 643 1613 1652 1170 1689 1259 1417 1839 1796 1614 1229 1055 551 1296 846 1420 1177 2069 2370 1497 1439 2239 1588 2342 1181 2276 1337 1981 1703 2451 2256 1434 1835 2234
759 2243 2494 2834 2059 756 1350 874 2306 2328 532 2289 2967 3037 2810 2112 2238 1741 1061 1816 385 2240 838 2516 2366 1849 2299 2088 2077 1197 2054 1232 1264 508 2668 2053 746 1289 2559 3225 2794 1169 1766 2252 975 2886 2614 2051 1245 2441 3054 1452 1992 3268 1981 1150 1242 2003 360 1997 2254 1823 2351 1182 2963 2950 1293 1118 2067 1389 2182 2819 2838 1554 1993 1231 1185 1541 2618 2337 1738 1640 1738 3003 1405 1469 2108 2936 1988 974 2455 2630 1992 1305 3004 1210 2211 1974 2029 2061 1868 607 738 1490 1126 2970 2865 1066
1635 658 1436 1789 560 1744 2581 1633 1440 1069 1851 1963 1485 1574 1647 506 637 649 1373 767 2005 1729 1575 1229 2008 846 2317 2627 1099 2423 1502 1601 1143 2144 2082 1815 1652 2458 1124 1790 1473 1867 1540 643 1451 1364 1536 1155 1284 1024 1800 957 583 1941 1494 1400 1333 432 1997 360 887 1045 2473 1180 1328 1545 1692 1927 1025 1732 754 2033 1474 839 570 1570 1611 1117 1762 1189 1353 1888 1734 1566 1265 1013 619 1299 774 1404 1114 2141 2423 1532 1482 2266 1657 2395 1109 2333 1269 1964 1686 2484 2279 1403 1907 2201
1802 1032 1905 1264 1059 1923 2618 1795 985 1528 2089 2489 1742 1835 1120 949 707 1125 1749 800 2268 2252 1783 1650 2533 769 2844 3130 728 2479 2028 1619 1536 2393 2589 2342 1971 2489 1484 2049 1841 2305 2061 725 1646 1599 1013 1676 1397 547 2165 1384 702 2256 2021 1513 1770 954 2254 887 360 1571 2998 1453 1238 1854 1674 2353 668 2209 493 2515 1818 1087 710 1593 1647 1120 2247 682 1168 2390 1540 1120 1738 1146 1099 1263 626 1641 596 2655 2930 1997 1699 2684 2180 2902 772 2849 1021 2156 1893 2926 2680 1097 2361 2266
1654 1055 1047 2469 910 1736 2656 1672 2077 883 1733 1295 1543 1602 2332 1028 1293 848 1124 1318 1820 1080 1562 1060 1348 1414 1632 1970 1725 2487 839 1829 965 1964 1487 1131 1437 2549 1148 1775 1333 1372 864 1290 1494 1491 2213 601 1491 1707 1593 845 1243 1804 816 1566 948 983 1823 1045 1571 360 1787 1213 1806 1500 1941 1449 1658 1161 1438 1516 1382 1141 1232 1797 1816 1503 1261 1861 1825 1248 2152 2226 795 1323 907 1742 1411 1398 1800 1519 1762 1019 1600 1779 1013 1733 1719 1657 1801 1897 1647 1941 1823 2007 1478 2277
2512 2443 1807 3890 2328 2550 3340 2571 3466 2044 2391 969 2539 2541 3758 2447 2715 2249 1985 2702 2331 1214 2443 2088 979 2795 530 888 3118 3188 1368 2890 2046 2420 1248 1026 2109 3280 2295 2594 2205 1545 1304 2710 2470 2575 3632 1734 2627 3134 2216 2086 2665 2437 1353 2641 1803 2411 2351 2473 2998 1787 360 2314 3108 2397 2999 1593 3057 1382 2866 1523 2284 2458 2654 2866 2856 2772 1569 3280 3105 1111 3347 3637 1729 2586 2311 3026 2821 2366 3228 1126 794 1571 2638 1626 1278 796 3102 656 3129 2566 2458 1489 1733 3383 1750 3042
837 1444 1890 2154 1268 937 1831 843 1646 1632 1031 2003 2222 2301 2090 1305 1415 950 722 1014 1192 1853 760 1825 2073 1066 2200 2269 1348 1665 1616 987 643 1328 2291 1780 878 1717 1819 2504 2105 1312 1438 1430 656 2123 1910 1452 675 1641 2403 731 1172 2592 1561 721 870 1194 1182 1180 1453 1213 2314 360 2143 2235 1101 1337 1318 1324 1369 2358 2135 734 1172 957 968 857 2111 1591 1171 1578 1394 2213 965 703 1324 2119 1188 585 1670 2297 2099 1112 2243 1639 1799 2073 1309 2081 1235 1147 868 1907 1617 2153 2331 1446
2577 1131 1711 1759 1313 2691 3467 2572 1767 1424 2815 2513 1152 1226 1559 1228 1093 1602 2334 1577 2972 2259 2528 1405 2527 1593 2939 3390 1600 3320 2108 2463 2104 3110 2444 2454 2620 3339 1186 1393 1423 2779 2287 1076 2399 1025 1606 1757 2192 1123 1669 1913 1356 1657 2140 2312 2264 1332 2963 1328 1238 1806 3108 2143 360 1320 2531 2847 1545 2599 1227 2270 1359 1781 1352 2435 2485 1952 2045 1449 2046 2690 2419 1126 2164 1917 1286 453 1440 2362 1218 2546 3179 2427 1059 3187 2192 3152 1648 3050 1899 2917 2640 3377 3213 762 2045 3101
2712 1254 969 2629 1372 2807 3704 2718 2478 982 2844 1790 534 504 2436 1400 1526 1659 2249 1949 2950 1564 2628 800 1778 2018 2230 2790 2195 3539 1522 2764 2055 3095 1594 1824 2565 3586 785 635 557 2478 1807 1505 2531 657 2426 1304 2429 1848 709 1882 1729 763 1584 2535 2087 1490 2950 1545 1854 1500 2397 2235 1320 360 2862 2560 2123 2233 1760 1370 484 1983 1718 2732 2767 2300 1204 2162 2531 2211 2916 2068 1935 2176 1308 1227 1906 2453 1968 1712 2588 2139 640 2870 1516 2564 2225 2425 2429 2995 2728 2980 2929 1713 1124 3319
792 1989 2599 1997 1850 906 1304 822 1483 2301 1139 2737 2816 2903 2018 1838 1824 1576 1376 1327 1317 2594 934 2489 2808 1298 2900 2869 1370 1171 2357 474 1381 1374 3032 2510 1293 1175 2437 3117 2761 1876 2169 1845 888 2696 1814 2175 811 1839 3076 1456 1561 3245 2302 740 1576 1738 1293 1692 1674 1941 2999 1101 2531 2862 360 1867 1395 1978 1664 3095 2777 1240 1568 503 502 946 2842 1621 919 2248 805 2327 1696 1045 1914 2537 1450 994 1805 3037 2727 1790 2814 2079 2540 2703 1315 2741 1081 1074 965 2367 2016 2404 3053 970
1333 2076 2006 3126 1895 1358 2107 1409 2623 1964 1171 1593 2624 2674 3049 1990 2203 1637 981 1940 1098 1603 1292 2124 1669 2011 1546 1366 2315 1955 1476 1770 1177 1192 1997 1370 933 2048 2236 2828 2376 443 1160 2210 1363 2579 2876 1616 1595 2532 2575 1338 2024 2806 1400 1564 954 1899 1118 1927 2353 1449 1593 1337 2847 2560 1867 360 2276 711 2243 2189 2437 1643 2019 1754 1729 1832 2034 2544 2131 906 2274 3105 1044 1677 1921 2795 2105 1278 2586 1939 1244 790 2686 700 1595 1224 2280 1303 2210 1339 1275 935 733 2970 2287 1815
1584 1254 2099 1216 1224 1708 2338 1579 779 1728 1897 2593 2023 2116 1133 1136 956 1173 1656 717 2084 2371 1588 1872 2645 630 2912 3130 434 2206 2134 1353 1470 2198 2742 2421 1829 2209 1730 2332 2089 2239 2112 978 1452 1883 962 1808 1184 807 2417 1356 802 2526 2114 1291 1723 1098 2067 1025 668 1658 3057 1318 1545 2123 1395 2276 360 2185 725 2699 2075 999 814 1330 1386 889 2428 633 866 2395 1233 1310 1727 977 1278 1571 612 1470 771 2795 2939 1965 1987 2592 2301 2911 466 2878 714 1940 1693 2852 2575 1370 2568 1999
1492 1834 1664 3041 1663 1533 2371 1548 2566 1655 1395 1265 2307 2352 2941 1770 2008 1452 974 1831 1373 1255 1421 1803 1342 1914 1297 1312 2234 2210 1126 1870 1086 1489 1659 1033 1095 2297 1933 2497 2044 628 810 2011 1450 2274 2785 1296 1627 2376 2231 1192 1868 2463 1051 1628 828 1692 1389 1732 2209 1161 1382 1324 2599 2233 1978 711 2185 360 2087 1841 2109 1548 1860 1848 1836 1810 1682 2439 2135 631 2342 2936 831 1634 1679 2539 1981 1347 2446 1610 1135 580 2376 997 1244 1109 2207 1124 2184 1575 1440 1140 1061 2764 1936 2045
1748 912 1780 1397 927 1867 2602 1742 1094 1404 2021 2356 1658 1750 1253 819 595 999 1647 730 2195 2119 1718 1532 2400 728 2711 3003 796 2458 1895 1599 1429 2324 2459 2208 1883 2474 1376 1967 1735 2192 1929 615 1583 1517 1146 1543 1348 649 2061 1268 580 2163 1888 1467 1655 820 2182 754 493 1438 2866 1369 1227 1760 1664 2243 725 2087 360 2389 1717 996 587 1571 1622 1089 2120 808 1193 2263 1576 1221 1616 1083 969 1238 574 1568 724 2523 2802 1877 1622 2577 2047 2774 830 2719 1059 2099 1830 2814 2577 1148 2240 2241
2763 1845 972 3399 1835 2833 3746 2790 3111 1347 2775 1012 1540 1509 3226 1932 2171 1958 2185 2405 2808 946 2670 1259 956 2497 1378 2009 2772 3578 1129 2982 2090 2939 635 1191 2457 3650 1472 1499 1216 2108 1414 2156 2625 1627 3162 1294 2647 2584 1100 1999 2256 1298 1200 2717 1970 1960 2819 2033 2515 1516 1523 2358 2270 1370 3095 2189 2699 1841 2389 360 1289 2285 2244 2951 2966 2649 631 2837 2958 1678 3301 2954 1814 2474 1784 2177 2447 2522 2700 759 1839 1874 1647 2411 967 1822 2781 1656 2912 2953 2738 2414 2499 2628 613 3380
2610 1190 848 2623 1292 2703 3606 2618 2444 870 2735 1676 618 620 2433 1332 1481 1566 2136 1881 2837 1446 2525 682 1666 1954 2116 2670 2149 3440 1398 2677 1947 2981 1499 1703 2452 3490 710 753 439 2355 1682 1461 2431 700 2411 1182 2340 1828 707 1777 1668 828 1460 2442 1971 1414 2838 1474 1818 1382 2284 2135 1359 484 2777 2437 2075 2109 1717 1289 360 1896 1656 2644 2678 2223 1103 2133 2466 2086 2848 2089 1817 2092 1228 1266 1850 2351 1948 1614 2467 2018 723 2746 1396 2443 2175 2306 2370 2888 2623 2856 2805 1741 1051 3221
1160 1127 1744 1855 973 1271 2105 1156 1381 1425 1398 2050 1944 2028 1767 978 1048 701 1027 657 1565 1855 1107 1611 2110 729 2323 2497 1046 1946 1611 1141 831 1699 2269 1852 1247 1982 1558 2241 1881 1602 1523 1064 978 1830 1601 1350 810 1273 2198 732 798 2364 1574 923 1084 871 1554 839 1087 1141 2458 734 1781 1983 1240 1643 999 1548 996 2285 1896 360 798 1109 1145 724 2020 1262 1044 1768 1377 1847 1100 558 1036 1763 826 944 1311 2299 2310 1328 1950 1966 1791 2282 1019 2260 1036 1496 1219 2219 1957 1778 2210 1724
1585 826 1645 1597 770 1700 2487 1580 1229 1276 1836 2161 1641 1732 1466 690 621 775 1429 603 2004 1931 1541 1429 2208 659 2502 2779 888 2335 1699 1489 1207 2137 2291 2003 1677 2361 1307 1950 1662 1967 1714 640 1409 1510 1340 1360 1201 876 1991 1042 372 2118 1686 1320 1429 643 1993 570 710 1232 2654 1172 1352 1718 1568 2019 814 1860 587 2244 1656 798 360 1459 1505 982 1973 990 1173 2039 1559 1446 1389 925 825 1343 564 1382 947 2348 2580 1650 1624 2354 1860 2551 900 2499 1074 1929 1654 2588 2356 1343 2115 2115
713 1866 2458 1995 1721 835 1392 728 1471 2164 1067 2595 2690 2776 1999 1715 1717 1440 1241 1221 1254 2450 825 2353 2666 1202 2765 2751 1315 1247 2214 392 1238 1329 2888 2369 1183 1264 2307 2989 2627 1758 2028 1738 759 2573 1796 2032 670 1766 2940 1312 1452 3111 2158 596 1438 1613 1231 1570 1593 1797 2866 957 2435 2732 503 1754 1330 1848 1571 2951 2644 1109 1459 360 416 843 2699 1573 895 2117 885 2276 1555 918 1785 2436 1356 861 1742 2894 2603 1656 2691 1982 2397 2579 1260 2612 1046 1034 876 2270 1925 2329 2911 1032
