140 907 2122 493 843 1041 1496 1935 1747 574 1576 2286 2510 1088 1152 1295 1579 2107 1792 2756 1719 669 2552 2583 2185 767 513 2706 1568 2447 1207 541 2617 1467 2623 812 2137 2562 2144 2260 2314 1628 423 2279 674 1929 401 909 1244 1719 1575 2309 829 778 2305 960 2349 2926 1599 2126 1681 287 1250 1561 1683 1572 1147 2726 1558 1306 1766 974 2130 745 2722 1271 1304 1669 1511 1278 1349 2232 2085 2755 2150 924 2022 1760 1204 794 1426 1405 754 611 1111 726 347 2207 1713 2822 2181 1959 2091 591 217 1236 1824 2968 2472 1814 2041 749 1090 850 1439 924 2385 1526 2393 1132 652 533 1960 1554 1895 1450 3086 1029 664 894 2453 2111 1513 1512 2372 435 2099 1379 1631 894 801 1355 939 848 859 1223 953 1244 1705 499 448 2397 2076 2439 1756 2350 717 614 1292 2047 959 2666 370 2321 2035 1783 1814 2294 2076 2656 2666 1623 277 1869 1814 2226 2518 2510 2108 2391 1271 433 951 1154 1713 1520 959 2188 2240 1655 1845 2192 603 2079 739 1254 830 2223 2702 1671 793 886 2708 757 2456 1097 909 1758 1023 2081 1547 1894 2256 2655 2542 2510 1083 1607 753 752 1697 2295 1388
1007 360 2631 825 1578 1442 2091 2662 2358 832 2322 3124 3372 1379 1483 1900 2446 2919 2338 3624 2424 1165 3004 3445 2854 1253 1156 3544 2049 3310 1713 1402 3403 2305 3479 1673 2866 3422 2983 3124 3151 2438 1133 3147 1272 2792 1248 1078 1830 2560 2003 2806 1165 1183 2949 1825 3130 3763 2072 2994 2509 1114 2020 2409 2318 2346 1865 3545 2296 2066 2410 1539 2976 1347 3590 2070 2131 2293 2369 1902 2215 2975 2909 3610 2933 1792 2779 2380 1624 1374 2117 2122 1583 1062 1456 1583 1002 2837 2418 3690 2999 2810 2936 1121 1075 1631 2668 3830 2928 2480 2878 519 1597 1538 1913 1010 3242 2286 3141 1894 1017 1222 2782 2032 2742 2284 3942 1828 966 659 3313 2777 2212 2247 3239 1239 2626 1782 2372 1463 1664 1936 1789 934 469 1614 910 1545 2097 1331 1058 2983 2926 3205 2582 2971 1488 654 1841 2679 1782 3532 915 3181 2773 2642 2414 3147 2940 3523 3516 2480 1011 2721 2647 3087 3008 3370 2866 3231 1712 1242 1816 1543 2579 2273 1795 3044 2969 2507 2705 3049 1421 2817 1037 1570 438 3065 3547 2448 1477 1723 3533 1623 3310 1721 1174 2365 1890 2778 2405 2454 3122 3521 3409 3375 1951 2376 1430 1074 2322 2945 2010
2222 2631 360 2507 1686 1549 1005 3407 829 2611 3098 3164 3037 1622 1516 1197 2373 1746 696 2891 3300 2740 814 3087 990 2826 2569 2323 942 2527 3178 2113 1842 1799 3212 2290 3554 2515 3058 2444 3197 2905 2065 2551 2706 2652 2324 2986 3136 2780 998 547 1828 2855 3900 2255 1651 2466 918 2635 1743 2339 2826 1900 3410 1429 1437 2155 1285 1448 3458 1513 2987 2755 2923 2748 2647 909 2520 3117 2120 3587 3127 2562 1570 2143 3381 3496 1366 1698 3118 1279 2435 1980 1538 2022 2196 839 3296 2999 1824 2828 2037 2666 2265 1361 2817 2845 735 3457 1930 2547 1415 1645 1078 2000 2360 1377 1477 1536 2733 2559 3054 958 2827 2683 2818 2632 2739 2825 2457 3691 1177 3081 2754 2062 422 1215 3148 2886 2259 1129 2390 2063 2522 1379 2123 1473 947 2369 2079 792 2088 1606 1748 878 1818 2470 1190 3708 1799 2744 2404 2356 1279 2105 761 2239 2337 2789 2435 2014 2257 2768 2891 2330 755 2480 1406 3222 1278 2068 2061 1448 2225 3040 2463 2230 3635 2652 2132 2902 1962 1291 1960 1443 2591 2062 2402 1439 2715 2444 2199 2102 3127 2984 1818 816 2220 1090 2019 625 2481 3047 2916 2958 2177 1403 2700 2835 3436 3879 3202
593 825 2507 360 1278 1360 1900 2216 2159 464 1868 2659 2915 1366 1450 1699 1998 2561 2186 3186 1983 755 2922 2988 2616 858 698 3156 1937 2885 1338 990 3069 1919 3018 1220 2420 3004 2518 2696 2686 1973 819 2711 836 2336 797 854 1424 2096 1925 2692 1101 820 2533 1376 2800 3376 1966 2545 2134 669 1560 2010 1901 2022 1582 3179 2001 1752 1990 1355 2512 915 3148 1605 1666 2084 1910 1483 1786 2525 2444 3200 2602 1357 2324 1970 1540 1170 1678 1842 1119 901 1412 1176 676 2628 1977 3247 2635 2348 2541 690 666 1563 2204 3408 2843 2053 2493 671 1454 1270 1802 1096 2829 1973 2841 1578 645 761 2317 1921 2279 1819 3530 1363 621 762 2894 2352 1947 1796 2793 878 2490 1715 1920 1050 1215 1753 1329 1007 811 1548 1073 1535 2045 872 789 2807 2524 2889 2209 2769 1159 557 1678 2267 1412 3100 483 2764 2480 2226 2224 2741 2513 3087 3113 2068 633 2259 2181 2668 2900 2953 2556 2766 1617 878 1393 1476 2148 1817 1332 2633 2523 2045 2288 2589 1054 2524 977 1551 748 2674 3151 2121 1028 1259 3160 1198 2848 1297 1159 2169 1446 2518 1991 2293 2691 3068 2959 2922 1512 2056 981 743 1909 2527 1593
943 1578 1686 1278 360 907 1042 2258 1277 1371 1909 2327 2422 1048 1034 851 1498 1708 1350 2548 2097 1429 2133 2492 1702 1507 1256 2353 1187 2198 1853 787 2184 1143 2566 1020 2438 2285 2191 2026 2360 1817 823 2078 1383 1867 1002 1707 1825 1797 1237 1873 947 1546 2713 1052 1911 2568 1221 1997 1319 1040 1595 1267 2154 1128 665 2335 1087 847 2216 675 2149 1429 2533 1549 1496 1195 1533 1817 1202 2504 2188 2452 1714 941 2286 2240 966 651 1863 924 1133 899 1000 730 969 1726 2092 2632 1791 1968 1765 1359 986 1012 1879 2697 2052 2235 1693 1441 801 456 1083 1193 2099 1069 1931 675 1447 1238 2079 1178 1927 1592 2782 1373 1465 1662 2182 2504 1030 1871 2218 767 1655 1102 1964 1559 989 923 1151 1181 1490 1009 1304 1117 1380 1043 883 1925 1767 1989 1388 1870 493 1321 896 2487 660 2434 1158 2047 1567 1532 1347 1991 1848 2441 2347 1365 1005 1882 1911 1963 2080 2234 1651 2419 986 770 887 972 1526 1848 1217 1902 2534 1691 1592 2152 635 1611 998 1106 1512 1884 2368 1229 1391 1176 2327 825 2421 1670 1025 1288 1056 1600 1306 1441 2036 2527 2399 2392 1059 1157 1373 1543 2177 2696 1911
1141 1442 1549 1360 907 360 1042 2766 1303 1464 2409 2875 2956 514 491 882 2043 2087 1259 3045 2586 1667 1937 3025 1818 1767 1513 2759 967 2682 2199 1200 2489 1632 3105 1514 2954 2751 2738 2522 2907 2349 983 2585 1673 2410 1321 1855 2214 2343 931 1726 639 1771 3198 1578 2219 2964 991 2527 1765 1279 2083 1764 2607 1489 1009 2698 1381 1231 2679 609 2696 1740 3038 2055 2021 1250 2080 2231 1745 3027 2734 2897 2037 1474 2809 2690 544 659 2325 1200 1581 819 453 1236 1077 1778 2580 3134 2177 2515 2214 1589 1186 563 2426 3158 1859 2710 2128 1360 556 810 831 834 2565 1411 2176 1112 1621 1527 2623 950 2474 2128 3220 1852 1613 1642 2654 2992 1251 2362 2739 1045 1543 715 2465 1887 1485 891 1656 882 1334 547 963 582 1045 1402 958 1906 2229 2264 1825 1905 960 1291 785 2957 1205 2921 1277 2521 1815 2035 1351 2449 2350 2936 2783 1873 1151 2429 2455 2446 1931 2702 1930 2966 630 1053 1430 475 2051 2348 1713 2373 3052 2238 2092 2695 1060 1856 772 582 1402 2318 2791 1584 1757 1660 2705 1331 2963 2060 636 1309 1593 1771 1822 1376 2537 3052 2921 2920 1603 1504 1726 1724 2626 3183 2334
1596 2091 1005 1900 1042 1042 360 2811 627 2002 2487 2677 2636 1167 1072 561 1844 1524 669 2605 2686 2104 1456 2696 1136 2187 1933 2191 649 2230 2532 1468 1848 1295 2803 1650 2970 2264 2557 2102 2711 2322 1445 2191 2065 2169 1683 2365 2492 2230 769 1192 1295 2220 3294 1629 1588 2380 673 2209 1325 1707 2200 1419 2780 989 799 2092 836 870 2832 916 2495 2112 2616 2130 2041 568 1961 2475 1563 3015 2601 2372 1425 1514 2803 2866 896 1095 2487 720 1792 1401 1074 1378 1584 1106 2681 2706 1615 2323 1730 2032 1639 920 2284 2650 1376 2837 1629 1985 858 1008 674 1515 2086 910 1514 911 2108 1918 2513 654 2307 2095 2677 1997 2118 2247 2181 3084 679 2463 2377 1428 973 843 2538 2241 1620 515 1758 1556 1986 935 1645 1079 881 1725 1472 1267 1764 1613 1361 1240 1175 1891 617 3090 1166 2467 1790 2058 1167 1671 685 1962 1957 2497 2250 1540 1639 2251 2344 2004 1398 2220 1294 2749 819 1433 1435 979 1751 2427 1830 1914 3057 2106 1714 2442 1318 1204 1416 1049 2040 1804 2242 1054 2070 1806 2111 1460 2691 2339 1315 634 1601 1094 1522 760 2129 2687 2553 2575 1568 983 2054 2208 2806 3274 2562
2035 2662 3407 2216 2258 2766 2811 360 2937 2190 721 1227 1690 2875 2897 2676 1468 2461 3095 2187 606 1860 3854 1741 3092 1783 1878 2646 3042 2125 1419 1935 2942 2005 1670 1612 564 2284 1158 1982 1228 871 2232 1898 1749 1406 1901 2065 1249 1073 3116 3576 2660 1868 863 1568 2780 2821 3075 1632 2148 2012 1052 1943 825 2375 2382 2820 2497 2321 750 2568 1228 1675 2108 1071 1132 2858 1276 1153 1658 677 991 2497 2643 1682 542 835 2860 2467 908 2489 1567 2465 2857 1895 2238 3209 611 2177 2467 1225 2193 1901 2101 2906 1106 2537 3779 656 2243 2521 2698 2347 2961 2812 2209 2408 2963 2261 2012 1818 931 3036 1160 1085 2735 1283 2066 2457 2200 667 2590 783 1801 2123 3357 3000 666 1572 1641 2753 1471 2741 2666 2901 2849 2988 3258 1802 2306 3460 2132 2916 2187 3339 2171 2412 2765 766 2021 2203 2170 2139 2762 1871 3007 2217 1891 2145 2493 1863 2173 1210 1002 2056 3757 2250 2730 1313 2885 2115 1750 2854 1702 781 1412 2110 667 1189 1890 1408 2066 2790 2608 2984 2591 2302 2571 2406 1548 1468 2758 1799 1514 1315 2750 2951 1578 2933 1821 3142 1941 1887 1860 1772 1604 2410 1595 1981 845 838 1066
1847 2358 829 2159 1277 1303 627 2937 360 2260 2630 2714 2620 1421 1322 822 1909 1401 561 2528 2833 2346 1279 2675 878 2424 2173 2043 796 2155 2745 1695 1647 1337 2792 1839 3084 2167 2604 2049 2748 2435 1702 2148 2298 2201 1919 2616 2693 2313 918 1001 1561 2463 3431 1794 1403 2217 802 2205 1305 1953 2363 1445 2948 975 997 1918 824 979 2993 1182 2535 2340 2549 2282 2178 444 2052 2668 1652 3118 2666 2250 1265 1683 2912 3034 1147 1359 2657 811 1993 1667 1329 1584 1843 839 2828 2633 1488 2372 1653 2275 1890 1165 2354 2532 1202 2990 1547 2252 1124 1256 885 1778 1998 916 1296 1080 2358 2154 2589 810 2367 2213 2538 2174 2371 2512 2095 3222 707 2615 2345 1676 780 1061 2679 2464 1809 782 1931 1821 2253 1181 1907 1316 979 1952 1733 1010 1697 1406 1322 974 1410 2155 881 3240 1345 2385 2047 1982 981 1667 432 1875 1924 2422 2124 1562 1894 2308 2425 1941 1195 2128 1115 2777 1064 1680 1600 1232 1775 2573 2005 1845 3166 2186 1701 2461 1550 1011 1683 1285 2307 1705 2106 1004 2286 1991 1946 1656 2696 2543 1578 373 1755 863 1561 566 2082 2648 2515 2548 1710 954 2275 2456 2975 3409 2749
674 832 2611 464 1371 1464 2002 2190 2260 360 1849 2670 2943 1467 1552 1800 2038 2637 2288 3229 1953 699 3026 3016 2712 796 690 3222 2041 2936 1273 1060 3149 1989 3040 1260 2394 3059 2531 2747 2696 1975 918 2757 800 2367 847 752 1372 2111 2029 2796 1203 744 2488 1418 2882 3443 2070 2583 2207 732 1551 2076 1855 2107 1676 3252 2091 1840 1947 1458 2529 876 3189 1606 1678 2184 1938 1438 1838 2502 2449 3258 2684 1409 2306 1921 1644 1273 1646 1936 1141 1005 1515 1245 777 2727 1947 3288 2709 2369 2605 649 750 1667 2220 3460 2947 2013 2561 694 1558 1368 1906 1187 2886 2061 2928 1667 565 758 2322 2026 2297 1832 3587 1367 529 701 2949 2312 2042 1775 2831 967 2593 1819 1899 999 1258 1855 1358 1096 842 1652 1153 1637 2149 909 892 2908 2587 2973 2281 2869 1250 613 1781 2220 1490 3148 574 2820 2569 2283 2325 2801 2565 3132 3174 2128 727 2280 2192 2722 3004 3008 2642 2778 1721 966 1451 1579 2198 1801 1353 2691 2497 2068 2345 2613 1138 2613 1078 1654 761 2740 3214 2205 1005 1282 3231 1258 2868 1254 1259 2270 1490 2612 2051 2395 2740 3101 2994 2954 1560 2141 958 653 1862 2483 1547
1676 2322 3098 1868 1909 2409 2487 721 2630 1849 360 1329 1744 2516 2539 2342 1259 2264 2779 2196 563 1528 3550 1806 2828 1460 1530 2547 2707 2061 1165 1575 2773 1737 1769 1256 920 2218 1217 1894 1343 690 1870 1831 1411 1318 1540 1763 986 944 2775 3272 2299 1550 1169 1226 2585 2740 2740 1570 1907 1654 690 1698 760 2096 2052 2695 2205 2011 760 2216 1260 1341 2125 720 813 2549 1051 882 1385 1018 1075 2438 2430 1341 816 830 2508 2109 623 2179 1205 2103 2500 1542 1878 2934 559 2207 2284 1182 2029 1562 1741 2553 1025 2525 3473 728 2062 2177 2347 1996 2620 2450 2112 2119 2750 1935 1681 1468 964 2700 1102 822 2711 922 1736 2132 2122 958 2285 440 1781 1762 3051 2652 415 1254 1286 2419 1118 2381 2320 2548 2489 2631 2918 1441 1944 3182 1973 2718 1955 3069 1817 2064 2425 972 1686 2182 1816 2039 2514 1678 2701 2097 1769 2134 2413 1636 1814 1132 933 1946 3459 2178 2498 1433 2535 1753 1414 2499 1511 421 1056 1982 1023 1022 1710 1419 1708 2545 2246 2628 2249 2152 2485 2139 1204 1109 2639 1446 1598 1008 2389 2644 1245 2672 1582 2833 1860 1938 1881 1805 1281 2133 1251 1660 793 1150 830
2386 3124 3164 2659 2327 2875 2677 1227 2714 2670 1329 360 830 3014 3001 2606 1204 1936 2905 1343 1396 2393 3575 876 2702 2349 2340 1910 2953 1369 2130 2169 2316 1745 807 1840 1175 1517 501 1281 393 1073 2499 1169 2266 872 2249 2674 1950 926 3055 3303 2865 2444 1596 1712 2224 2051 2982 946 1782 2381 1515 1629 1655 2099 2319 2119 2250 2170 1600 2635 542 2211 1260 1433 1353 2650 1162 1847 1502 1100 614 1711 2142 1791 1051 1687 2909 2601 1592 2317 1902 2717 2967 2044 2563 2848 1399 1320 1908 721 1619 2404 2444 2956 824 1701 3509 1513 1704 2968 2746 2424 2912 3074 1498 2160 2438 2190 2540 2272 730 2953 762 1200 1906 1665 2595 2991 1458 1474 2386 1406 1008 2373 3105 3006 1310 2163 1857 2674 1706 3026 3096 2958 3148 3080 3187 2157 2587 3096 1553 2358 1786 2954 2294 2839 2724 1615 2031 1385 2575 1441 2346 1423 2772 1549 1272 1319 1735 1512 2518 805 838 1386 3452 1496 2271 468 2903 2366 1816 2932 1299 1344 1691 1471 1176 1005 1407 649 2244 2360 2858 3066 3047 1686 1818 2085 2057 1763 2048 1962 647 1946 2954 2727 1671 2544 1517 2915 1234 1025 1018 924 1642 2122 2100 2545 1682 1567 1800
2610 3372 3037 2915 2422 2956 2636 1690 2620 2943 1744 830 360 3106 3074 2606 1303 1699 2819 878 1840 2700 3414 432 2507 2673 2621 1512 2924 990 2519 2358 1981 1717 535 2059 1645 1114 897 977 837 1443 2681 860 2574 941 2484 3004 2343 1224 3038 3155 2996 2767 2064 1910 1944 1625 2950 792 1678 2618 1866 1585 2099 2016 2343 1740 2173 2157 2052 2708 843 2529 792 1764 1649 2568 1365 2241 1583 1567 1060 1280 1905 1961 1518 2139 2957 2711 1999 2280 2161 2880 3045 2204 2769 2664 1842 850 1649 952 1380 2699 2665 3004 1116 1237 3356 1969 1482 3213 2802 2516 2908 3226 1150 2090 2168 2221 2839 2553 1147 2927 1033 1496 1444 1968 2892 3277 1084 1944 2324 1814 652 2555 2976 3026 1734 2506 2069 2665 1946 3190 3330 3008 3316 3143 3157 2403 2770 2901 1320 2069 1657 2751 2419 3080 2733 2083 2122 940 2817 1113 2153 1325 2668 1236 1059 869 1328 1465 2736 1033 1184 1096 3279 1106 2055 771 2935 2549 1962 2995 1268 1746 1950 1196 1643 1239 1283 698 2401 2158 3013 3125 3294 1403 1411 1975 2373 2021 1665 2137 553 2315 3081 2631 1851 2357 1502 2808 933 558 564 471 1801 2030 2412 2860 2128 2035 2210
1188 1379 1622 1366 1048 514 1167 2875 1421 1467 2516 3014 3106 360 466 1023 2187 2239 1355 3199 2687 1703 1984 3174 1940 1806 1560 2911 1048 2837 2255 1301 2632 1785 3252 1626 3066 2906 2877 2676 3047 2472 1043 2739 1723 2555 1392 1860 2284 2476 986 1792 626 1800 3296 1702 2364 3115 1067 2677 1920 1332 2187 1917 2694 1641 1163 2847 1531 1386 2770 762 2837 1794 3191 2167 2142 1375 2216 2307 1890 3144 2867 3051 2184 1602 2926 2776 634 777 2418 1351 1677 842 452 1357 1112 1889 2681 3288 2329 2655 2369 1625 1235 624 2562 3312 1909 2805 2282 1318 705 952 918 738 2720 1563 2314 1266 1640 1581 2754 1031 2613 2255 3374 1955 1626 1606 2809 3092 1397 2465 2891 1126 1623 767 2572 1943 1598 1022 1770 805 1269 607 861 531 1077 1480 1000 2000 2384 2405 1980 2011 1087 1268 914 3050 1348 3076 1298 2676 1955 2188 1463 2603 2504 3090 2937 2026 1189 2569 2588 2601 1992 2857 2074 3107 720 1135 1563 549 2202 2455 1824 2528 3166 2375 2246 2841 1171 1996 750 553 1349 2472 2944 1736 1827 1767 2855 1451 3109 2132 573 1425 1723 1901 1974 1473 2691 3203 3073 3071 1737 1656 1792 1742 2712 3282 2414
1252 1483 1516 1450 1034 491 1072 2897 1322 1552 2539 3001 3074 466 360 939 2166 2166 1250 3149 2716 1774 1881 3142 1840 1876 1625 2839 942 2784 2316 1329 2546 1740 3224 1645 3085 2848 2865 2627 3033 2480 1098 2694 1786 2532 1442 1945 2336 2471 881 1686 709 1874 3328 1709 2280 3041 961 2643 1862 1393 2213 1872 2734 1573 1109 2769 1455 1327 2807 727 2822 1855 3144 2186 2152 1278 2207 2354 1867 3158 2862 2987 2104 1605 2940 2817 535 789 2453 1278 1709 915 401 1367 1181 1787 2710 3240 2257 2640 2309 1695 1297 520 2553 3252 1805 2839 2219 1417 640 938 813 844 2662 1493 2223 1220 1718 1642 2752 925 2601 2259 3307 1982 1707 1704 2752 3122 1316 2492 2852 1169 1517 661 2595 2003 1616 931 1787 910 1373 502 967 454 975 1526 1065 1895 2327 2317 1920 1907 1091 1362 823 3085 1329 3024 1375 2621 1868 2144 1362 2544 2458 3040 2871 1984 1257 2555 2584 2548 1886 2799 1988 3091 618 1177 1559 455 2167 2479 1844 2472 3183 2366 2200 2818 1191 1907 840 462 1450 2408 2876 1665 1878 1790 2779 1462 3085 2183 671 1325 1724 1807 1936 1368 2644 3165 3034 3035 1732 1585 1846 1822 2753 3313 2459
1395 1900 1197 1699 851 882 561 2676 822 1800 2342 2606 2606 1023 939 360 1763 1592 861 2620 2538 1906 1642 2669 1315 1989 1734 2266 726 2249 2344 1278 1969 1249 2767 1482 2843 2298 2480 2106 2639 2200 1244 2185 1869 2106 1487 2163 2312 2129 812 1384 1114 2021 3151 1477 1701 2464 759 2174 1325 1507 2045 1380 2619 1010 657 2189 880 808 2675 721 2423 1918 2624 1982 1904 753 1858 2300 1470 2895 2510 2425 1524 1361 2680 2705 772 896 2326 711 1614 1205 932 1202 1383 1299 2533 2717 1683 2247 1759 1832 1437 808 2192 2696 1561 2685 1663 1790 687 809 666 1346 2115 928 1654 784 1907 1722 2414 721 2223 1972 2740 1834 1917 2049 2208 2941 736 2313 2360 1229 1168 786 2395 2050 1451 437 1598 1379 1797 819 1475 969 950 1533 1272 1468 1783 1742 1374 1437 981 1693 491 2938 1016 2488 1589 2080 1293 1646 885 1994 1948 2511 2306 1500 1437 2170 2245 2016 1592 2252 1410 2684 716 1234 1287 844 1703 2282 1669 1933 2933 2009 1695 2387 1125 1334 1229 942 1847 1848 2307 1095 1882 1640 2201 1288 2644 2158 1144 831 1458 1253 1469 959 2128 2673 2539 2553 1434 1017 1864 2007 2643 3132 2390
1679 2446 2373 1998 1498 2043 1844 1468 1909 2038 1259 1204 1303 2187 2166 1763 360 1366 2090 1553 1449 1837 2804 1375 1994 1833 1730 1699 2115 1291 1818 1418 1875 933 1435 1138 1576 1433 1076 1101 1237 963 1738 1088 1715 730 1562 2161 1669 775 2214 2527 2059 1923 1971 982 1687 1908 2145 907 1043 1693 1164 845 1654 1307 1475 1819 1447 1334 1659 1799 1022 1688 1511 1043 890 1838 568 1587 659 1590 1118 1650 1538 1020 1399 1729 2068 1781 1421 1489 1268 1936 2134 1261 1830 2120 1447 1609 1384 843 1137 1820 1733 2115 804 1810 2734 1618 1163 2287 1906 1594 2070 2285 1287 1355 1859 1346 1961 1664 1041 2114 822 803 1962 1153 2011 2378 1325 1774 1569 1286 1154 1612 2317 2162 1290 1705 1143 1833 1048 2248 2397 2117 2373 2242 2348 1489 1827 2372 1086 1821 1078 2244 1482 2152 1880 1840 1198 1481 1893 1213 1656 779 1973 1241 934 1459 1594 755 1801 767 881 1113 2694 1385 1621 1288 2059 1606 1018 2094 613 1220 1074 1122 1646 647 815 1014 1458 1682 2071 2227 2368 1266 1655 1318 1539 1136 1769 1196 1284 1583 2145 1923 915 1833 722 2114 1084 1437 1322 1293 859 1337 1569 2001 1686 1945 1606
2207 2919 1746 2561 1708 2087 1524 2461 1401 2637 2264 1936 1699 2239 2166 1592 1366 360 1599 1504 2456 2560 2087 1739 1171 2595 2407 1033 1799 1142 2724 1937 897 1020 1875 1843 2544 1131 1867 1083 1966 1966 2147 1199 2462 1470 2165 2887 2602 1749 1924 1840 2254 2669 2958 1707 680 1236 1815 1353 796 2265 2126 977 2656 960 1458 987 1072 1235 2665 1861 1783 2465 1537 2009 1861 1378 1573 2534 1303 2533 1986 1211 567 1652 2368 2732 2004 1963 2407 1248 2020 2246 2154 1754 2286 1332 2453 1613 451 1670 682 2515 2254 2041 1733 1492 2034 2624 592 2774 1893 1766 1837 2506 974 1036 869 1395 2642 2357 1958 1808 1704 1804 1513 2040 2678 2962 1070 2769 1221 2286 1407 2052 1684 1998 2296 2533 1827 1620 1841 2511 2836 2052 2627 2202 2011 2138 2220 1563 746 815 723 1412 1791 2647 1720 2844 1508 1357 2438 974 829 951 1428 854 1027 1403 1087 998 2298 1645 1832 965 1948 1095 717 1965 1946 2051 1584 2072 1120 2223 1901 864 2599 1632 933 1649 1870 826 2333 2174 2849 676 1078 863 2345 1933 982 1759 1824 2487 2312 1409 1632 1029 1066 1554 1126 1678 1552 1607 1554 942 2358 2714 2687 2931 2574
1892 2338 696 2186 1350 1259 669 3095 561 2288 2779 2905 2819 1355 1250 861 2090 1599 360 2729 2980 2407 1147 2875 998 2491 2236 2233 674 2356 2841 1776 1815 1522 2991 1956 3248 2367 2792 2251 2938 2599 1737 2350 2371 2392 1989 2659 2801 2489 777 883 1533 2522 3584 1928 1582 2401 665 2403 1503 2007 2500 1635 3082 1169 1104 2098 1015 1135 3132 1191 2724 2419 2751 2425 2329 614 2224 2783 1823 3287 2849 2445 1455 1814 3078 3168 1084 1375 2789 969 2100 1668 1265 1687 1872 909 2975 2834 1685 2559 1855 2333 1935 1090 2535 2729 1068 3134 1749 2245 1105 1311 796 1727 2199 1104 1455 1207 2404 2223 2768 691 2551 2374 2729 2301 2412 2516 2296 3374 881 2759 2546 1729 667 961 2829 2549 1926 796 2060 1781 2231 1108 1854 1226 804 2033 1756 1007 1899 1573 1522 1019 1482 2160 868 3385 1468 2585 2080 2183 1165 1864 534 2075 2124 2623 2320 1753 1930 2493 2602 2143 1090 2328 1300 2970 996 1735 1734 1170 1967 2720 2133 2047 3332 2363 1899 2655 1625 1192 1661 1195 2293 1905 2299 1204 2379 2112 2130 1767 2893 2648 1535 551 1896 1023 1748 478 2283 2850 2716 2749 1857 1151 2363 2505 3108 3563 2869
2856 3624 2891 3186 2548 3045 2605 2187 2528 3229 2196 1343 878 3199 3149 2620 1553 1504 2729 360 2316 3027 3217 852 2301 3017 2923 1089 2893 734 2930 2583 1624 1774 983 2329 2158 745 1389 883 1354 1875 2884 838 2904 1271 2748 3347 2761 1630 3015 2980 3136 3108 2580 2170 1664 1148 2913 1023 1655 2877 2261 1644 2573 1979 2400 1330 2128 2186 2534 2797 1320 2871 446 2148 2012 2493 1686 2664 1769 2083 1557 817 1688 2192 2023 2620 3010 2838 2438 2272 2461 3055 3127 2408 2992 2464 2317 469 1428 1373 1237 3013 2908 3053 1534 718 3169 2456 1341 3466 2869 2634 2904 3380 891 2060 1886 2292 3154 2858 1625 2899 1454 1871 926 2318 3204 3570 794 2454 2286 2259 781 2762 2829 3046 2195 2872 2331 2667 2241 3359 3567 3060 3484 3205 3118 2680 2971 2678 1201 1768 1608 2525 2576 3330 2752 2588 2264 508 3076 907 1972 1376 2563 1014 1060 469 906 1542 2973 1432 1623 964 3073 772 1851 1290 2971 2758 2169 3061 1407 2188 2263 1050 2159 1602 1316 1144 2591 1965 3176 3183 3547 1189 982 1911 2718 2327 1254 2361 1071 2710 3213 2538 2100 2169 1606 2693 872 703 687 779 2034 1981 2752 3191 2603 2551 2647
1819 2424 3300 1983 2097 2586 2686 606 2833 1953 563 1396 1840 2687 2716 2538 1449 2456 2980 2316 360 1620 3752 1898 3031 1541 1647 2711 2902 2210 1174 1747 2959 1940 1844 1439 805 2369 1303 2051 1404 857 2028 1980 1513 1471 1689 1819 1003 1103 2967 3474 2462 1625 976 1421 2776 2898 2935 1715 2106 1794 863 1897 619 2300 2250 2868 2409 2213 581 2400 1361 1437 2241 915 1016 2751 1243 907 1588 923 1145 2587 2625 1536 766 664 2691 2286 667 2382 1369 2260 2675 1728 2024 3137 366 2318 2472 1314 2212 1664 1886 2736 1168 2656 3675 528 2249 2286 2532 2181 2812 2601 2274 2323 2945 2135 1771 1589 1054 2895 1238 1019 2847 1093 1825 2214 2277 767 2488 586 1911 1926 3253 2839 521 1329 1470 2615 1306 2528 2432 2730 2632 2808 3111 1591 2099 3385 2154 2910 2153 3272 2000 2180 2618 768 1883 2315 1943 2201 2715 1867 2904 2267 1937 2263 2570 1832 1956 1277 1068 2111 3662 2331 2697 1493 2722 1917 1611 2679 1698 619 1240 2153 906 1197 1896 1532 1885 2746 2402 2806 2355 2331 2644 2341 1316 1287 2810 1632 1678 1071 2551 2846 1444 2875 1780 3035 2015 2038 1994 1912 1483 2336 1362 1737 647 959 820
769 1165 2740 755 1429 1667 2104 1860 2346 699 1528 2393 2700 1703 1774 1906 1837 2560 2407 3027 1620 360 3175 2772 2754 465 532 3098 2195 2761 943 1027 3090 1900 2783 1093 2064 2894 2256 2571 2416 1685 1052 2566 486 2137 791 690 1033 1847 2204 2927 1438 477 2149 1247 2832 3317 2226 2368 2123 762 1247 1964 1516 2087 1722 3154 2101 1845 1608 1600 2263 547 2979 1319 1413 2265 1707 1099 1684 2175 2160 3103 2636 1274 1984 1582 1834 1422 1313 1968 932 1221 1734 1188 952 2791 1614 3076 2624 2113 2482 438 845 1865 1957 3284 3095 1675 2453 1034 1719 1456 2067 1477 2731 2054 2907 1680 512 565 2034 2181 2037 1568 3426 1093 568 966 2785 1973 2082 1451 2617 1037 2714 2008 1576 660 1102 1971 1150 1390 1182 1852 1465 1865 2335 786 1069 2994 2455 2936 2197 2936 1296 945 1914 1880 1456 2959 772 2661 2564 2137 2416 2658 2393 2936 3030 1995 877 2028 1917 2561 3136 2844 2619 2501 1900 1032 1337 1782 2029 1483 1124 2543 2166 1821 2196 2364 1158 2607 1329 1877 1098 2620 3077 2178 696 1060 3125 1163 2609 916 1509 2357 1325 2636 1916 2505 2558 2868 2770 2722 1402 2124 652 523 1523 2143 1208
2652 3004 814 2922 2133 1937 1456 3854 1279 3026 3550 3575 3414 1984 1881 1642 2804 2087 1147 3217 3752 3175 360 3459 1277 3263 3006 2589 1346 2867 3626 2560 2062 2232 3590 2743 3997 2833 3476 2806 3608 3350 2491 2918 3147 3066 2765 3408 3588 3216 1365 638 2215 3288 4350 2709 1926 2700 1316 3028 2153 2773 3280 2325 3864 1857 1891 2392 1722 1899 3911 1938 3401 3199 3258 3201 3097 1360 2960 3570 2562 4026 3553 2849 1891 2597 3823 3950 1752 2120 3572 1730 2888 2386 1909 2475 2617 1115 3747 3327 2154 3248 2397 3100 2695 1737 3248 3127 440 3909 2293 2935 1829 2086 1480 2358 2695 1813 1719 1990 3160 2999 3485 1361 3252 3129 3071 3086 3162 3219 2789 4141 1625 3534 3125 2498 858 1584 3599 3332 2713 1571 2844 2430 2894 1754 2473 1820 1267 2815 2498 907 2454 1848 2149 1058 2263 2868 1620 4160 2253 3069 2825 2701 1622 2511 1208 2580 2718 3121 2725 2434 2681 3192 3325 2689 511 2805 1731 3626 1669 2504 2515 1827 2642 3492 2917 2587 4076 3087 2532 3305 2407 1621 2348 1794 2971 2401 2679 1854 3164 2898 2447 2555 3518 3436 2192 1265 2673 1419 2446 1077 2846 3405 3278 3328 2629 1828 3147 3263 3890 4328 3656
2683 3445 3087 2988 2492 3025 2696 1741 2675 3016 1806 876 432 3174 3142 2669 1375 1739 2875 852 1898 2772 3459 360 2549 2744 2693 1517 2985 1009 2585 2431 2001 1780 505 2132 1689 1121 954 1016 879 1509 2753 901 2645 1014 2557 3075 2409 1294 3099 3202 3067 2838 2103 1983 1975 1618 3010 858 1735 2690 1935 1648 2157 2074 2409 1749 2230 2220 2108 2776 906 2601 765 1834 1720 2624 1437 2307 1654 1605 1115 1275 1944 2034 1567 2195 3024 2781 2063 2341 2234 2951 3113 2276 2841 2708 1900 810 1685 1022 1423 2771 2738 3070 1186 1209 3402 2024 1526 3286 2869 2585 2970 3297 1174 2148 2200 2287 2911 2625 1207 2988 1102 1567 1417 2040 2964 3349 1102 1989 2383 1878 694 2627 3026 3091 1796 2576 2142 2728 2019 3262 3402 3074 3387 3210 3218 2476 2842 2942 1365 2098 1712 2792 2490 3152 2797 2131 2192 930 2890 1143 2198 1386 2722 1267 1111 858 1331 1529 2809 1104 1251 1135 3324 1118 2096 806 3001 2621 2034 3062 1335 1811 2023 1235 1681 1311 1342 769 2473 2201 3084 3191 3367 1438 1414 2031 2444 2094 1673 2209 589 2383 3151 2686 1924 2401 1568 2861 974 512 566 492 1873 2087 2483 2932 2186 2074 2274
2285 2854 990 2616 1702 1818 1136 3092 878 2712 2828 2702 2507 1940 1840 1315 1994 1171 998 2301 3031 2754 1277 2549 360 2820 2582 1698 1299 1949 3084 2087 1213 1451 2683 2153 3210 1918 2615 1894 2735 2580 2157 2008 2689 2205 2323 3047 3005 2408 1412 1043 2067 2871 3595 2069 1025 1836 1297 2137 1312 2379 2607 1510 3185 1098 1398 1524 1026 1277 3216 1675 2536 2719 2341 2508 2381 927 2176 2963 1803 3222 2711 1945 974 1973 3033 3269 1666 1842 2905 1145 2324 2154 1847 1942 2302 523 3027 2410 1236 2397 1487 2689 2329 1683 2422 2227 1228 3197 1385 2739 1633 1706 1401 2292 1778 1094 847 1434 2787 2553 2659 1315 2413 2377 2191 2453 2807 2987 1872 3393 1033 2829 2216 2110 932 1576 2871 2827 2127 1289 2215 2331 2752 1700 2421 1834 1438 2338 2201 755 1546 975 1288 612 1830 2634 1393 3438 1677 2153 2498 1784 717 1646 846 1663 1818 2204 1820 1602 2345 2352 2509 1776 1136 1888 814 2745 1582 2113 1888 1750 1795 2776 2287 1674 3279 2281 1656 2424 1959 708 2184 1803 2798 1485 1781 1049 2641 2290 1569 1996 2621 2864 2091 875 2013 520 1633 898 1935 2490 2364 2417 1951 1060 2638 2880 3215 3571 3030
867 1253 2826 858 1507 1767 2187 1783 2424 796 1460 2349 2673 1806 1876 1989 1833 2595 2491 3017 1541 465 3263 2744 2820 360 618 3116 2286 2762 839 1094 3128 1935 2749 1115 1986 2899 2215 2572 2372 1638 1149 2561 494 2118 864 691 937 1813 2299 3013 1542 454 2055 1264 2874 3334 2318 2355 2159 854 1196 1991 1424 2140 1795 3181 2163 1907 1517 1692 2226 505 2966 1278 1383 2342 1691 1009 1700 2099 2112 3110 2680 1303 1913 1487 1931 1516 1235 2036 944 1324 1835 1243 1055 2862 1535 3062 2656 2083 2503 542 942 1963 1923 3283 3183 1587 2478 1128 1813 1540 2160 1583 2739 2112 2957 1746 596 629 1986 2273 2005 1537 3430 1065 647 1034 2789 1884 2151 1382 2602 1125 2798 2106 1506 571 1129 2056 1154 1495 1277 1950 1570 1967 2431 842 1170 3070 2472 2982 2231 3007 1374 1046 2003 1786 1512 2953 878 2669 2619 2151 2494 2671 2397 2928 3041 2015 978 1999 1877 2568 3221 2849 2669 2458 1996 1119 1372 1881 2035 1418 1118 2554 2087 1796 2209 2335 1233 2661 1434 1978 1189 2641 3091 2229 660 1061 3149 1209 2574 831 1614 2435 1342 2698 1936 2587 2556 2846 2752 2699 1420 2178 624 560 1429 2051 1116
613 1156 2569 698 1256 1513 1933 1878 2173 690 1530 2340 2621 1560 1625 1734 1730 2407 2236 2923 1647 532 3006 2693 2582 618 360 2961 2028 2643 1058 857 2934 1748 2714 962 2082 2772 2201 2453 2366 1645 892 2455 524 2048 619 840 1113 1782 2041 2757 1298 649 2207 1121 2674 3180 2060 2270 1971 596 1224 1819 1576 1921 1550 3008 1932 1675 1663 1434 2200 601 2879 1276 1349 2092 1618 1161 1554 2187 2118 2977 2477 1133 1986 1648 1675 1258 1343 1797 822 1079 1584 1024 809 2618 1641 2978 2473 2042 2343 468 687 1708 1892 3168 2926 1722 2309 1007 1555 1285 1901 1365 2604 1887 2743 1509 598 428 1991 2014 1970 1503 3303 1036 643 1016 2662 2021 1910 1458 2519 868 2543 1849 1581 748 967 1800 1043 1281 1149 1695 1369 1717 2173 629 920 2821 2319 2775 2045 2763 1123 894 1746 1942 1290 2848 664 2536 2397 2005 2243 2527 2273 2829 2899 1858 731 1954 1862 2437 2965 2721 2455 2448 1739 862 1189 1627 1907 1479 1030 2413 2185 1743 2066 2289 985 2440 1198 1727 1081 2480 2944 2014 691 960 2981 1007 2541 975 1374 2185 1197 2466 1779 2333 2443 2782 2679 2635 1271 1958 644 667 1586 2199 1271
2806 3544 2323 3156 2353 2759 2191 2646 2043 3222 2547 1910 1512 2911 2839 2266 1699 1033 2233 1089 2711 3098 2589 1517 1698 3116 2961 360 2459 900 3156 2526 913 1599 1662 2365 2671 758 1901 1024 1931 2219 2771 1114 2987 1603 2737 3429 3009 1968 2585 2379 2916 3199 3103 2212 1032 580 2473 1376 1397 2851 2503 1506 2947 1629 2122 600 1746 1897 2932 2528 1816 2976 1161 2381 2230 2032 1896 2926 1775 2624 2058 640 1138 2187 2510 3012 2678 2620 2746 1921 2531 2892 2826 2340 2903 1859 2710 1191 942 1782 977 3064 2854 2714 1907 900 2551 2872 1026 3394 2566 2419 2505 3168 797 1708 1230 2048 3199 2903 2081 2469 1846 2126 857 2480 3241 3558 814 2943 1893 2591 1263 2666 2262 2669 2564 3018 2356 2292 2326 3168 3467 2725 3287 2875 2662 2694 2850 2042 1003 1101 1325 1891 2422 3262 2393 3052 2121 961 3036 869 1428 1326 2059 818 1139 1032 546 1463 2906 1800 2011 961 2440 774 1293 1893 2620 2664 2134 2745 1459 2521 2372 937 2698 1886 1270 1639 2483 1405 2987 2848 3471 842 467 1535 2839 2420 525 2325 1693 2920 2977 2050 2134 1597 1542 2170 1065 1395 1312 1401 2057 1614 2861 3259 2979 3074 2940
1668 2049 942 1937 1187 967 649 3042 796 2041 2707 2953 2924 1048 942 726 2115 1799 674 2893 2902 2195 1346 2985 1299 2286 2028 2459 360 2518 2671 1606 2083 1577 3090 1839 3209 2548 2831 2391 2987 2566 1507 2480 2174 2448 1795 2422 2651 2490 485 1120 1246 2307 3516 1841 1834 2641 393 2496 1614 1793 2406 1704 2976 1278 1022 2346 1125 1143 3035 954 2771 2230 2905 2347 2270 789 2219 2645 1827 3261 2867 2650 1685 1725 3046 3062 785 1135 2684 1005 1961 1403 961 1553 1630 1222 2897 2994 1889 2597 2017 2118 1712 784 2549 2929 1266 3047 1914 1966 842 1124 496 1424 2371 1200 1733 1148 2175 2025 2775 377 2577 2338 2950 2192 2176 2244 2467 3305 968 2676 2666 1521 937 648 2760 2368 1807 650 1959 1483 1940 801 1549 913 594 1853 1512 1313 2051 1843 1650 1333 1310 1890 652 3300 1381 2754 1839 2345 1410 1959 814 2248 2246 2784 2526 1825 1696 2522 2605 2293 1327 2505 1543 3028 697 1528 1653 868 2034 2646 2029 2202 3299 2368 2003 2724 1450 1443 1378 881 2009 2087 2515 1341 2210 1996 2371 1643 2976 2496 1237 795 1824 1300 1803 791 2419 2977 2842 2864 1800 1272 2188 2278 3000 3497 2739
2547 3310 2527 2885 2198 2682 2230 2125 2155 2936 2061 1369 990 2837 2784 2249 1291 1142 2356 734 2210 2761 2867 1009 1949 2762 2643 900 2518 360 2732 2268 1352 1417 1154 2042 2138 518 1363 550 1391 1730 2556 590 2642 1102 2450 3088 2573 1476 2640 2622 2785 2851 2570 1882 1338 1056 2538 855 1284 2575 2064 1291 2456 1605 2034 1115 1753 1818 2432 2436 1279 2618 756 1944 1798 2119 1460 2482 1459 2087 1523 737 1335 1888 1981 2514 2641 2486 2280 1899 2189 2716 2762 2088 2672 2112 2210 838 1072 1262 862 2739 2597 2684 1402 884 2815 2365 968 3154 2504 2281 2530 3032 533 1686 1564 1931 2879 2580 1555 2524 1333 1674 1032 2083 2926 3277 453 2416 1911 2113 723 2438 2464 2674 2071 2636 2040 2294 1971 3015 3247 2692 3140 2838 2743 2389 2642 2334 826 1455 1234 2182 2235 3019 2380 2532 1922 599 2771 533 1611 1032 2191 647 731 627 730 1199 2659 1293 1503 596 2725 486 1496 1355 2601 2434 1855 2695 1098 2041 2003 676 2161 1414 970 1101 2262 1607 2832 2814 3234 825 811 1536 2470 2062 1042 2049 1160 2502 2859 2165 1808 1811 1268 2323 568 915 804 882 1736 1607 2499 2925 2487 2541 2482
1307 1713 3178 1338 1853 2199 2532 1419 2745 1273 1165 2130 2519 2255 2316 2344 1818 2724 2841 2930 1174 943 3626 2585 3084 839 1058 3156 2671 2732 360 1427 3261 2086 2563 1291 1611 2882 2010 2548 2146 1436 1577 2512 894 2020 1243 1033 539 1664 2700 3364 1995 892 1609 1393 3028 3366 2704 2273 2301 1283 1030 2107 995 2363 2109 3259 2418 2172 1090 2088 2042 821 2868 1148 1294 2661 1633 643 1782 1733 1877 3102 2844 1477 1578 1043 2351 1926 903 2322 1120 1777 2275 1522 1507 3150 1169 2957 2770 1932 2569 1014 1380 2387 1766 3234 3546 1174 2568 1599 2217 1907 2553 2057 2745 2352 3145 2032 1067 1034 1760 2659 1850 1422 3403 1045 1113 1459 2777 1457 2438 1086 2509 1523 3143 2521 1195 672 1317 2417 1251 1971 1747 2376 2049 2409 2837 1177 1615 3375 2526 3148 2368 3294 1724 1524 2380 1340 1773 2892 1350 2671 2837 2202 2818 2699 2391 2855 3052 2097 1430 1862 1694 2571 3569 2836 2863 2235 2407 1516 1560 2310 2057 1145 1185 2579 1707 1689 2252 2183 1582 2876 1897 2417 1654 2705 3113 2438 822 1164 3216 1454 2388 598 2073 2758 1462 2947 2023 2926 2524 2707 2634 2566 1537 2402 842 999 992 1608 713
641 1402 2113 990 787 1200 1468 1935 1695 1060 1575 2169 2358 1301 1329 1278 1418 1937 1776 2583 1747 1027 2560 2431 2087 1094 857 2526 1606 2268 1427 360 2455 1290 2479 699 2128 2381 2027 2082 2199 1556 689 2105 965 1778 598 1333 1406 1606 1643 2300 1089 1144 2358 817 2190 2746 1639 1962 1507 688 1246 1380 1768 1427 1061 2552 1434 1178 1839 1039 2004 1005 2551 1230 1223 1612 1375 1407 1173 2210 1988 2574 1992 757 1993 1852 1321 903 1484 1302 740 913 1289 546 771 2128 1741 2651 2009 1827 1911 966 690 1363 1705 2789 2479 1869 1863 1245 1171 841 1493 1271 2204 1390 2250 1012 1077 826 1867 1595 1769 1353 2905 1014 1107 1391 2272 2153 1416 1524 2205 564 2081 1481 1631 1132 676 1349 844 1217 1344 1355 1339 1423 1784 617 777 2338 1895 2287 1581 2273 657 1110 1315 2116 798 2489 870 2141 1900 1602 1766 2113 1898 2481 2485 1442 751 1737 1709 2046 2506 2330 1962 2270 1364 557 773 1298 1537 1515 889 2006 2229 1526 1665 2050 515 1944 1056 1422 1326 2043 2521 1521 965 827 2531 583 2317 1250 1180 1707 868 1968 1366 1866 2080 2495 2378 2351 918 1463 946 1161 1789 2343 1506
2717 3403 1842 3069 2184 2489 1848 2942 1647 3149 2773 2316 1981 2632 2546 1969 1875 897 1815 1624 2959 3090 2062 2001 1213 3128 2934 913 2083 1352 3261 2455 360 1554 2146 2379 3004 1253 2275 1396 2342 2463 2639 1511 2994 1910 2687 3414 3137 2231 2206 1871 2690 3201 3428 2244 633 998 2089 1735 1330 2781 2655 1514 3170 1416 1905 692 1480 1697 3173 2286 2188 3000 1687 2537 2387 1658 2084 3067 1839 2978 2414 1191 829 2187 2831 3244 2374 2414 2931 1662 2556 2713 2541 2274 2782 1363 2957 1730 855 2108 1109 3042 2762 2403 2198 1451 2030 3127 1072 3264 2292 2229 2155 2937 1192 1478 725 1869 3166 2886 2407 2096 2155 2318 1372 2577 3200 3468 1259 3248 1597 2802 1701 2553 1784 2329 2801 3070 2362 1976 2379 2955 3313 2417 3064 2564 2258 2666 2706 1516 1170 602 1259 1370 2282 3141 2083 3335 2019 1484 2946 1239 1040 1456 1644 1126 1425 1551 1081 1529 2801 2100 2301 1289 1911 1246 918 2321 2303 2553 2116 2451 1622 2736 2439 1210 3047 2124 1423 2029 2375 1003 2784 2534 3336 1003 1016 1314 2882 2471 755 2287 2143 3024 2737 1650 2169 1152 1600 1732 1443 1898 1795 1874 2091 1387 2894 3241 3202 3400 3103
1567 2305 1799 1919 1143 1632 1295 2005 1337 1989 1737 1745 1717 1785 1740 1249 933 1020 1522 1774 1940 1900 2232 1780 1451 1935 1748 1599 1577 1417 2086 1290 1554 360 1878 1184 2133 1502 1629 1251 1779 1493 1534 1314 1801 1234 1510 2227 1977 1343 1686 1954 1728 2009 2507 1055 1306 1819 1605 1285 584 1617 1535 493 2102 735 993 1623 874 800 2129 1383 1563 1806 1765 1428 1294 1269 1093 1920 712 2156 1688 1674 1118 993 1957 2185 1610 1429 1830 934 1363 1671 1715 1104 1663 1564 1936 1862 1084 1396 991 1855 1615 1655 1378 1914 2161 2106 934 2154 1461 1224 1552 1977 1317 782 1420 879 1984 1697 1614 1578 1389 1285 2005 1412 2021 2321 1398 2303 1002 1741 1476 1426 1744 1670 1780 1878 1167 1310 1195 1964 2231 1660 2087 1801 1812 1479 1615 1815 987 1423 657 1695 1192 2023 1376 2346 884 1654 1798 1264 1141 764 1400 1211 1078 1665 1574 611 1666 1331 1453 1181 2124 1451 1145 1814 1582 1424 923 1654 816 1686 1260 1118 2208 1215 820 1507 1244 1175 1780 1780 2232 1119 1602 762 1689 1284 1601 1101 1759 1851 1802 1351 983 1294 587 1542 1265 1790 1658 1666 908 767 1700 2054 2133 2483 1973
2723 3479 3212 3018 2566 3105 2803 1670 2792 3040 1769 807 535 3252 3224 2767 1435 1875 2991 983 1844 2783 3590 505 2683 2749 2714 1662 3090 1154 2563 2479 2146 1878 360 2170 1599 1267 913 1152 802 1490 2805 1035 2656 1065 2592 3079 2384 1296 3202 3330 3134 2844 2003 2026 2116 1759 3116 954 1848 2726 1926 1748 2102 2186 2500 1894 2342 2319 2047 2858 885 2608 896 1833 1730 2739 1471 2281 1724 1508 1060 1417 2080 2085 1491 2134 3112 2853 2031 2445 2260 3010 3195 2332 2887 2840 1846 927 1823 1031 1556 2787 2778 3158 1186 1335 3531 1959 1658 3320 2955 2661 3070 3360 1318 2258 2341 2376 2926 2646 1165 3092 1105 1575 1543 2050 2980 3370 1247 1902 2492 1844 827 2679 3150 3186 1753 2573 2182 2828 2049 3321 3441 3162 3446 3295 3324 2507 2894 3076 1496 2240 1830 2927 2557 3188 2894 2049 2266 1072 2924 1285 2329 1492 2841 1408 1234 999 1476 1627 2851 1119 1237 1271 3455 1264 2231 717 3093 2672 2091 3147 1425 1780 2047 1371 1583 1332 1452 790 2531 2334 3145 3278 3401 1577 1559 2147 2451 2119 1818 2261 535 2369 3220 2804 1971 2532 1660 2981 1109 639 712 633 1926 2201 2492 2941 2129 1974 2240
912 1673 2290 1220 1020 1514 1650 1612 1839 1260 1256 1840 2059 1626 1645 1482 1138 1843 1956 2329 1439 1093 2743 2132 2153 1115 962 2365 1839 2042 1291 699 2379 1184 2170 360 1800 2169 1698 1851 1869 1217 1025 1857 984 1478 785 1423 1217 1274 1895 2472 1426 1194 2055 519 2130 2584 1872 1685 1408 918 936 1236 1497 1432 1212 2425 1487 1244 1557 1320 1680 982 2289 901 884 1754 1058 1189 952 1877 1651 2375 1938 552 1659 1583 1612 1215 1205 1401 539 1252 1605 649 1083 2223 1434 2388 1901 1507 1750 1061 968 1657 1376 2566 2664 1575 1723 1514 1452 1102 1741 1610 2002 1420 2228 1118 1199 901 1529 1830 1444 1015 2700 713 1245 1600 2059 1847 1517 1213 1932 902 2250 1759 1312 1056 391 1559 505 1554 1631 1651 1673 1736 2039 711 1110 2453 1722 2242 1479 2367 921 1380 1549 1827 854 2249 1118 1934 1909 1405 1912 1926 1671 2232 2298 1262 1041 1417 1374 1834 2672 2119 1943 1943 1642 894 631 1602 1304 1195 559 1812 1899 1203 1465 1739 814 1949 1396 1732 1595 1887 2345 1511 866 517 2394 555 2003 1072 1517 1852 594 2015 1183 2029 1842 2209 2098 2062 669 1471 876 1254 1521 2039 1272
