140 1521 2495 1738 974 917 1328 1110 304 1571 2797 3014 2358 1855 1498 1581 1595 1521 1563 1400 1584 1513 1921 1582 1866 2510 1271 899 1654 1163 1557 2210 1109 2300 2566 2235 1462 2047 1191 759 1878 348 1298 610 962 2710 1336 1889 1137 2450 1970 807 1430 2008 1896 1445 2035 2827 2032 712 1866 1793 1639 398 2969 1593 1460 2172 1853 556 1446 1599 1592 1218 1693 3011 946 2432 2309 1275 1894 1891 2205 689 1459 1298 1986 1437 1064 1908 618 2714 2944 1572 498 2025 2043 804 1379 1191 1057 1273 1774 2003 1250 1047 2860 2121 2068 508 1957 2065 2375 1332 1869 1644 932 890 2063 2763 1929 1584 993 2399 2859 1426 2130 638 2043 2157 2016 923 482 1614 1840 985 2059 2494 731 2065 2025 1601 2330 1797 1145 1940 1813 1341 515 1830 1306 1337 708 829 924 846 2802 562 2969 1624 1227 1524 608 1264 1557 972 2588 3098 1602 764 830 1559 2250 1109 1226 2539 2106 961 2580 2457 2589 1895 1495 2218 1424 1960 2005 565 2442 2359 2451 654 1256 1510 647 1869 2091 723 925 2129 1142 2715 2322 730 1798 1208 1403 1853 1064 2358 1306 1856 2956 1240 2185 1469 1863 1442 1947 542 674 3177 1764 2750 2226 2350 780 2258 1973 1032 1739 2068 756 1383 680 1462 1651 1433 2396 2802 1889 680 1138 2747 2564 1581 1112 1226 2254 2381 896 1515 1567 2620 1583 2550 1375 1908 2160 2154 1400 1404 1275 1677 2229 2434 1968 1791 1444 1644 1848 622 1211 928 2642 1721 1335 2241 2077 959
1621 360 1974 1404 1690 1268 2006 817 1648 1312 1992 1962 1480 1088 1128 1183 1442 1862 437 1462 1637 1762 1981 1543 1190 2170 1076 2247 977 2237 1570 1187 2544 1295 1408 2280 647 1369 1004 2082 725 1540 2120 2007 2293 1805 1127 809 1779 1417 1652 2230 1446 962 1020 559 1413 2047 2271 2139 880 672 999 1879 1981 1297 1120 1064 1084 1357 726 2297 661 1409 2207 2111 1070 1806 1214 1583 962 758 1075 1222 2368 824 2590 998 2508 2294 1612 1939 1932 1271 1655 1303 2256 1621 1679 1825 2123 1397 1971 1243 903 1477 1837 2108 1335 1443 1971 1683 1857 2073 839 1445 2188 1277 2047 1886 1821 762 1876 1799 1967 2192 970 1243 1634 2417 2557 1147 1399 1878 2254 953 1176 2019 1168 971 910 2355 1222 1352 748 1341 794 1233 1494 2376 2135 1570 2185 2275 1732 1061 1856 1989 1971 876 1232 1317 1969 1036 738 1790 1652 2125 1182 2186 2183 574 1205 1529 663 2104 1002 1200 1439 1317 1788 1372 1372 1466 750 1093 2424 2032 1297 1622 1814 2129 1906 433 1693 2408 1962 2148 1853 1569 1931 1656 1738 2077 1645 1386 1385 1856 2528 1285 1181 706 1884 923 1848 1210 1672 2270 2515 1959 1440 2146 2404 1966 1468 1226 2246 1132 1569 1517 687 929 2024 1969 1867 2271 1389 2338 1646 1799 2380 1203 1224 1593 1408 1235 1392 1386 1167 2697 1738 1446 2359 1917 1650 1513 806 2324 1025 1378 1157 909 1406 2326 1780 1272 1602 1310 895 517 2238 1395 1626 1474 1480 1171 1433 1138 1792 1532
2595 1974 360 3018 3096 1938 1976 1968 2697 1286 933 1613 1065 2651 1396 2798 1266 1608 2032 3041 1355 1527 1242 1310 1147 683 1617 2788 2583 2459 1350 2513 3526 2608 2204 1240 2260 965 2550 2669 1845 2523 2148 3066 2790 1112 2714 2229 1944 2643 897 3251 1444 1527 2544 1824 922 901 1492 2840 1503 2107 2608 2793 1409 2911 2728 2285 2646 2331 1678 2055 1675 1654 1818 1226 1969 3317 2394 1665 1409 1768 2223 2450 2322 1726 2055 2607 3476 1682 2295 846 1461 1291 2826 1036 1456 2963 3227 1931 2409 2951 1420 1100 1721 1846 1458 1136 1010 2351 1182 3282 484 2052 1569 1215 3373 1965 1133 1066 1061 2369 3241 3324 1134 2104 2017 2368 3231 1560 1963 1959 2458 1514 1707 2350 2651 440 2397 1616 1682 2139 2364 2960 2169 1004 1587 2816 2684 1900 2160 3122 2997 3256 2111 2357 1233 2749 1435 1473 1629 2924 3061 1639 2348 3171 1165 1440 1291 3211 2757 1761 2490 1806 2008 532 1633 1903 1828 1794 875 2967 1362 917 1675 2603 1762 2850 1823 806 584 2944 1943 2048 2939 1902 985 3170 2218 772 2087 1522 598 2695 3260 2922 1459 1194 3444 1515 1557 2037 1654 1719 724 1397 3287 2196 1978 2997 2731 1639 2022 875 920 2313 2998 1696 882 1876 1682 1761 2583 1874 2457 2175 1204 2307 3112 1382 1835 2311 1718 2004 1946 1291 1757 2928 2388 1754 3097 1353 2185 689 3244 1422 2407 1727 2184 997 1473 2515 2960 2006 627 2053 3208 2916 1557 2056 1674 2233 3133 2896 2117 1215 1540 1616 833 2959
1838 1404 3018 360 1328 1973 2743 1580 1806 2298 2986 2784 2476 836 2117 589 2415 2723 1346 766 2572 2645 2944 2495 2234 3210 1987 2597 805 2788 2509 1275 2444 1295 1872 3262 1120 2412 984 2451 1600 1828 2800 1988 2659 2765 789 1261 2501 1436 2677 2173 2366 1928 971 1571 2457 3047 3200 2404 1895 1326 776 2059 2869 511 696 1424 839 1772 1734 3051 1704 2252 3034 3053 1773 1065 1468 2415 1986 1673 1503 1478 3023 1758 3404 799 2429 3175 2106 2945 2802 2263 1670 2344 3192 1411 975 2558 2671 859 2893 2282 1810 2229 2704 3096 2374 1858 2945 701 2901 2788 1838 2431 1958 1965 3033 2855 2816 1011 1499 1027 2923 2906 1607 1598 669 3346 3394 1848 1702 2769 3123 1278 1014 3063 1472 1886 1810 3087 1511 476 1329 2384 1807 757 1584 3202 2813 910 2343 2247 2364 1392 2787 2259 2851 1916 2106 574 1928 1946 1030 1424 2606 3015 2192 2141 2528 1618 1334 2301 1455 3148 1896 1932 2151 2055 2793 576 2327 2498 1748 966 3301 2238 2020 2650 2852 2302 2644 1330 1588 3238 2969 2118 2445 2614 2605 2500 2781 2425 619 918 2306 2825 2495 2166 2095 1418 2686 1825 2882 2181 631 2960 3340 1981 1430 2978 3191 2968 2498 1570 2436 1955 2603 2255 1705 1772 2432 2743 2313 2971 2385 2993 1089 2688 3228 1609 2056 2210 2052 2234 2190 900 1417 3621 1433 2395 3073 2942 769 2400 997 3197 1496 2410 2111 889 860 3104 2822 1845 601 515 1891 1331 3113 1899 1072 1218 2016 2205 2320 2002 2818 1222
1074 1690 3096 1328 360 1615 2228 1494 1030 2198 3262 3292 2766 1638 2062 1269 2269 2354 1688 924 2332 2318 2704 2297 2350 3187 1849 1785 1465 2096 2288 2082 1475 2142 2589 3032 1478 2548 1073 1670 2040 1151 2220 1056 1851 3109 1073 1874 2012 2296 2622 1217 2142 2287 1733 1731 2561 3308 2873 1564 2182 1842 1436 1224 3308 1219 1185 2136 1639 1237 1824 2515 1906 1954 2581 3419 1507 2024 2238 2066 2245 2085 2196 1017 2393 1737 2900 1240 1462 2779 1502 3195 3261 2181 837 2501 2878 533 799 2069 1992 837 2587 2459 1735 1834 3167 2894 2542 1279 2727 1601 2971 2243 2155 2306 991 1593 2831 3182 2656 1517 555 1981 3270 2345 2203 1124 1594 3009 2921 1541 1106 2434 2714 1132 1859 3115 1064 2302 2239 2524 2272 1424 1341 2468 2104 1007 868 2730 2229 800 1452 1294 1814 1099 3173 1444 3299 2038 1885 1134 995 1822 1505 467 2963 3450 2165 1188 1722 1836 2135 1908 1498 3179 2332 1617 2738 2620 3051 1532 2164 2692 1817 1773 2887 1386 2594 2848 2995 1424 2145 1640 697 2769 2823 1171 1842 2691 2050 2986 2885 1635 1290 790 2096 2612 1533 2616 1929 1932 3212 1737 2846 2076 1357 2369 2855 1069 749 3477 2677 3226 2697 2314 1551 2453 2591 1837 2003 2247 1683 2267 1615 2388 2289 2366 2056 3127 2781 1175 1802 2861 2680 2173 1855 805 2181 3253 468 2209 2493 3137 1039 2843 1316 2786 2165 2611 1997 1270 834 2589 2847 2502 1514 1439 1908 1739 2716 1381 638 576 2705 2246 2060 2466 2750 519
1017 1268 1938 1973 1615 360 1139 824 1119 1013 2251 2533 1837 1874 951 1756 1045 1130 1338 1784 1078 1074 1449 1051 1332 1970 734 1405 1693 1330 1036 2088 1969 2193 2275 1778 1372 1503 1351 1246 1554 944 1226 1488 1438 2184 1550 1714 899 2322 1419 1680 895 1578 1856 1107 1484 2277 1639 1361 1425 1581 1695 1229 2462 1825 1638 1972 1871 761 1026 1446 1194 698 1421 2479 573 2570 2123 825 1428 1538 1978 969 1470 863 1790 1552 1921 1578 775 2165 2447 1014 1262 1488 1639 1456 1883 953 1217 1660 1342 1476 786 616 2370 1638 1532 772 1472 2311 1817 1194 1449 1091 1796 387 1576 2230 1409 1530 1722 2550 2327 1315 1843 851 2274 1781 1781 491 896 1196 1521 1057 2026 1940 936 1659 1639 1490 2130 1982 1039 1390 1397 1615 1137 1588 1241 1798 1476 1692 824 967 2285 1235 2466 1145 669 1789 1482 740 1498 1666 2075 2584 1052 1638 1349 1198 2110 689 991 1988 1703 432 2189 2071 2047 2051 942 1678 996 1930 1699 1318 2065 1813 1894 1419 1038 1297 1389 1625 1576 1597 945 1572 1032 2248 1765 1255 2134 1606 857 1358 1902 1915 750 1607 2488 769 1638 913 2187 1383 1726 1420 1226 2683 1579 2201 1687 2129 1503 1864 1416 642 1354 1705 1173 1130 1014 1388 1094 1440 2461 2306 1618 804 580 2377 2204 1025 602 1620 2076 2042 1587 972 1485 2066 2002 2078 1389 1595 1926 1621 848 1476 1667 1494 1673 2119 2214 1957 955 1424 1515 655 1743 1454 2316 1178 808 1827 1532 1513
1428 2006 1976 2743 2228 1139 360 1592 1582 1297 2462 2942 2200 2651 1396 2530 1203 728 2081 2516 1011 815 1144 1096 1727 1849 1312 1247 2473 849 1047 2834 2125 2942 2931 1385 2146 1816 2119 1182 2228 1438 533 1822 1229 2496 2315 2455 601 3061 1470 1929 1052 2149 2627 1820 1759 2461 1120 1379 2001 2314 2475 1511 2812 2593 2410 2693 2648 1378 1691 668 1851 973 728 2740 1351 3350 2845 815 1966 2192 2686 1666 756 1550 1037 2330 2073 957 1086 2366 2822 1333 1776 1842 1141 2055 2575 546 823 2387 955 1865 1467 894 2768 1331 1877 1316 1200 3083 1885 442 2048 1251 2171 1143 1291 2509 1277 2305 2277 3330 2604 548 2523 1537 3047 1221 1052 1270 1493 826 887 1825 2795 1939 1653 2251 2255 712 2845 2758 1818 1693 2007 2371 1720 863 546 2505 1573 1900 773 1715 2618 1358 2824 1713 1151 2551 1849 1348 2272 2246 2435 2903 1439 1900 1240 1885 2850 837 1756 1941 2295 1194 2757 2652 2294 2829 1174 1984 1660 2701 1040 1469 2655 2065 2040 1536 461 2046 1925 901 1391 1866 769 1760 550 2702 1904 1220 2887 2328 1091 1149 2009 2435 1229 2323 2926 1447 1611 1301 2943 637 987 1755 1857 3052 815 2403 1995 2833 1534 2451 1543 860 2001 2336 1104 462 1053 631 1307 732 3238 2692 921 1511 1143 2959 2804 1373 974 2343 2803 1419 2167 1123 713 2225 2729 2534 2169 949 2632 1966 1301 2255 2393 727 1730 2764 2985 2734 1554 2164 901 1233 2418 2118 2942 1570 1001 2395 1502 2167
1210 817 1968 1580 1494 824 1592 360 1257 1112 2140 2273 1659 1420 949 1353 1214 1511 881 1476 1353 1428 1729 1281 1217 2088 774 1793 1249 1785 1292 1625 2167 1730 1856 2052 913 1414 991 1628 1144 1123 1690 1637 1837 2011 1184 1254 1356 1861 1526 1855 1147 1259 1395 697 1427 2182 1979 1696 1122 1126 1256 1463 2245 1440 1246 1519 1416 924 711 1894 843 1040 1838 2319 616 2128 1669 1209 1161 1147 1533 881 1934 603 2218 1142 2126 1962 1155 2068 2212 1085 1313 1370 1972 1375 1634 1407 1670 1370 1672 1332 615 1058 2125 1890 1412 1002 1734 1907 1844 1652 1120 1238 1872 829 1826 2076 1619 1072 1652 2112 2168 1773 1418 850 1865 2126 2197 696 994 1551 1912 744 1564 1993 823 1314 1275 1945 1679 1570 611 1335 1064 1271 1152 2008 1705 1533 1760 1890 1285 757 2090 1550 2242 916 886 1422 1609 735 1040 1575 1876 2381 1046 1811 1730 809 1649 1120 527 2062 1355 761 1832 1710 1929 1626 1117 1563 696 1469 2089 1603 1697 1718 1861 1702 1491 836 1390 2043 1779 1771 1401 1560 1496 1971 1753 1626 1775 1331 1088 1614 2133 1609 879 1163 2210 622 1746 988 1820 1845 2148 1580 1153 2442 2017 2101 1569 1683 1813 1508 1477 1093 988 1323 1568 1570 1411 1849 1204 1905 2006 2072 2026 798 842 2005 1824 1066 992 1339 1620 2401 1507 1181 1942 2005 1692 1809 957 1986 1482 1486 911 1056 1378 1934 1727 1711 1813 1539 775 968 1901 942 1528 1289 1916 1114 1100 1490 1662 1352
404 1648 2697 1806 1030 1119 1582 1257 360 1771 2979 3169 2528 1941 1685 1655 1803 1760 1684 1461 1806 1746 2152 1798 2044 2724 1457 1155 1740 1427 1776 2309 1270 2396 2685 2470 1568 2230 1274 1019 2009 536 1557 744 1219 2881 1411 1998 1384 2547 2178 958 1644 2157 1988 1586 2221 3011 2275 958 2018 1908 1724 620 3133 1662 1536 2281 1939 730 1602 1857 1741 1434 1945 3185 1119 2503 2415 1504 2052 2026 2318 794 1722 1460 2244 1519 1229 2157 863 2898 3104 1768 556 2203 2285 860 1435 1439 1321 1335 2010 2179 1418 1272 3019 2351 2247 708 2186 2130 2575 1588 2017 1851 1037 1092 2291 2938 2150 1682 1055 2469 3033 1685 2252 769 2110 2402 2272 1107 624 1852 2089 1089 2149 2699 843 2208 2164 1861 2438 1868 1264 2126 1961 1410 581 2085 1566 1395 927 993 1174 956 2970 813 3131 1788 1427 1591 727 1446 1656 1031 2755 3264 1791 914 1087 1701 2351 1338 1359 2747 2248 1154 2716 2594 2770 1967 1701 2398 1581 2050 2256 798 2577 2542 2643 877 1507 1631 706 2123 2314 874 1183 2323 1397 2868 2517 989 1859 1270 1613 2080 1241 2507 1501 1975 3108 1410 2396 1664 1924 1703 2204 683 737 3336 2022 2933 2406 2460 1008 2397 2175 1261 1882 2204 1020 1633 944 1723 1853 1696 2474 2963 2142 819 1338 2879 2695 1774 1328 1288 2359 2630 954 1726 1828 2809 1642 2705 1470 2158 2274 2331 1592 1492 1337 1934 2432 2558 2033 1864 1613 1763 2096 827 1267 986 2767 1905 1551 2384 2289 1016
1671 1312 1286 2298 2198 1013 1297 1112 1771 360 1624 2016 1278 2040 544 2069 494 1010 1388 2228 717 897 1029 612 790 1349 710 1947 1911 1711 653 2082 2614 2190 2050 1330 1557 902 1740 1809 1400 1597 1460 2142 1963 1600 1927 1716 1157 2283 784 2332 605 1242 1971 1115 862 1643 1329 1960 1106 1569 1927 1876 1904 2167 1974 1897 2036 1405 946 1517 1052 768 1356 1874 1053 2758 2042 857 1052 1345 1869 1542 1693 900 1725 1860 2565 1384 1390 1534 1905 404 1901 914 1311 2055 2383 1171 1629 2122 1041 930 859 962 1843 1160 953 1425 1019 2608 1164 1379 1165 493 2446 1040 1098 1630 877 1702 2331 2751 1728 1476 1680 1451 2562 1472 1671 1035 1533 986 1357 1492 2120 1291 1493 1350 1369 1593 2032 2269 1351 778 1136 2018 1763 1512 1475 2284 2100 2340 1264 1471 1714 1854 1913 850 704 2160 2135 742 1673 2265 1519 2009 517 2290 1905 1120 2083 944 1206 1346 1391 977 1832 1733 1429 2306 483 1079 924 2042 1512 1947 1741 1192 1246 2046 1221 1377 2018 1537 1032 2249 1388 925 1326 1766 1114 1828 2512 2082 579 903 2540 1502 633 1544 1994 849 1007 484 2551 1571 1643 2074 1822 2140 1576 1571 1089 2006 2113 1540 764 1000 1166 1456 1725 1218 1582 1560 452 1669 2594 1770 1495 1395 792 2035 1890 447 856 2091 2011 1751 2190 539 1618 1422 2443 1598 1660 1420 1817 1044 563 1769 2130 1515 1023 1879 2520 2232 778 1451 1334 1308 2269 2009 2039 635 677 1477 914 2072
2897 1992 933 2986 3262 2251 2462 2140 2979 1624 360 1075 873 2558 1660 2786 1659 2102 2028 3095 1812 2006 1785 1740 1295 1238 1885 3207 2540 2929 1788 2313 3859 2391 1874 1813 2272 1109 2629 3072 1746 2813 2635 3361 3219 633 2759 2111 2387 2388 1353 3565 1840 1418 2434 1899 1127 432 2056 3224 1471 2022 2570 3120 855 2905 2743 2081 2554 2608 1799 2582 1726 2031 2354 654 2219 3149 2156 2088 1392 1672 2006 2659 2832 1903 2616 2622 3812 2238 2649 455 921 1610 3075 1136 2021 3154 3310 2385 2863 3028 1950 1169 1928 2226 946 1702 1093 2649 1728 3200 969 2542 1518 1606 3636 2277 1692 544 1581 2342 3430 3165 572 2609 1819 2604 3148 2131 2526 2234 2721 2019 2258 2491 2503 1007 2602 1465 1541 2666 2118 2907 2285 1220 1559 2865 2920 2450 2648 3201 3360 3581 2522 2536 713 3114 884 1586 1952 2937 3346 1893 2329 3350 773 867 1559 3522 3167 1805 2276 2203 2125 1076 1461 2199 1462 1472 571 2891 1732 941 1808 2479 2326 3205 1507 798 786 3304 2412 2061 3166 2456 1539 3480 2641 1071 2544 1076 918 3092 3242 3012 1835 1716 3793 1235 1862 1933 1137 1933 1256 1702 3256 2704 2537 3296 2934 1072 2566 420 934 2057 3376 1453 1281 2263 1665 1593 2988 2364 2846 2686 1568 2814 2925 883 2391 2546 2035 1596 1594 1591 2121 3013 2166 2327 3285 1750 2708 609 3278 1048 2438 2283 1979 1014 1763 2538 3037 2542 1108 1753 3140 2861 1736 2023 2225 2539 3245 3050 1754 1435 1929 1385 1347 3112
3114 1962 1613 2784 3292 2533 2942 2273 3169 2016 1075 360 1102 2314 1973 2624 2099 2611 1965 2994 2300 2502 2378 2207 1594 1934 2162 3566 2362 3367 2257 1953 4079 2001 1387 2471 2191 1486 2593 3414 1617 3025 3111 3550 3591 864 2671 1886 2814 1949 1895 3768 2260 1379 2179 1956 1545 1136 2679 3535 1511 1854 2395 3359 586 2741 2618 1745 2310 2818 1927 3119 1791 2408 2912 860 2434 2769 1763 2514 1479 1567 1663 2781 3334 2076 3219 2509 4036 2838 2949 1140 514 1986 3220 1462 2646 3221 3232 2827 3282 2959 2515 1448 2132 2589 534 2337 1426 2881 2326 2923 1611 3025 1518 2051 3771 2557 2314 910 2156 2205 3479 2795 864 3112 1536 2763 2873 2774 3137 2475 2905 2547 2845 2545 2193 1693 2723 1351 1413 3201 1718 2685 2332 1609 1573 2774 3057 3033 3125 3124 3637 3800 2901 2631 740 3404 554 1755 2280 2795 3521 2153 2203 3392 871 668 1896 3724 3515 1842 1902 2588 2195 1773 1320 2468 1005 1090 1104 2640 2139 1322 1949 2201 2941 3478 1125 1278 1414 3579 2874 2013 3278 3045 2159 3683 3030 1580 2983 666 1510 3426 3042 2960 2234 2284 4037 1037 2182 1758 467 2144 1874 2048 3040 3208 3137 3493 3028 553 3134 1121 1311 1651 3673 1209 1794 2631 1663 1413 3336 2854 3181 3193 1995 3312 2533 612 2985 2710 2346 1034 1126 1952 2476 2957 1793 2994 3340 2181 3236 1287 3140 823 2363 2883 1658 1336 2083 2441 2968 3095 1714 1333 2885 2638 1943 1923 2813 2789 3207 3077 1237 1757 2332 1187 1938 3133
2458 1480 1065 2476 2766 1837 2200 1659 2528 1278 873 1102 360 2058 1255 2274 1357 1871 1515 2582 1559 1761 1667 1465 868 1373 1463 2849 2031 2629 1515 1850 3426 1937 1499 1809 1759 744 2119 2702 1240 2370 2369 2913 2869 712 2247 1614 2076 1956 1175 3123 1520 909 1937 1396 805 931 1980 2835 959 1516 2060 2692 989 2393 2230 1617 2053 2163 1310 2380 1221 1677 2179 1019 1771 2676 1712 1775 883 1165 1548 2181 2592 1431 2500 2109 3381 2122 2250 828 986 1250 2608 724 1949 2665 2799 2087 2547 2517 1789 722 1469 1863 927 1657 685 2214 1618 2700 1002 2282 1005 1309 3169 1862 1624 777 1441 1831 2938 2689 868 2370 1349 2138 2648 2089 2424 1798 2266 1810 2123 1994 2019 1140 2123 967 1042 2462 1679 2401 1785 867 1046 2353 2449 2307 2383 2689 2953 3147 2174 2049 808 2713 996 1104 1562 2424 2892 1461 1817 2857 601 1106 1168 3080 2801 1297 1819 1857 1628 1236 972 1777 1128 1089 677 2388 1400 588 1323 1986 2232 2794 1118 620 842 2896 2132 1548 2690 2322 1473 3039 2301 866 2244 888 868 2716 2731 2502 1497 1563 3372 811 1466 1431 1092 1478 1204 1321 2747 2466 2418 2851 2450 1221 2402 851 578 1623 2980 1003 1067 1905 1153 1105 2621 2112 2470 2452 1253 2570 2459 853 2264 2082 1635 1312 1242 1219 1752 2503 1713 2332 2794 1440 2495 852 2764 746 1925 2166 1514 594 1365 2025 2526 2359 1049 1351 2637 2354 1274 1511 2092 2112 2737 2552 1413 1030 1595 925 1243 2613
1955 1088 2651 836 1638 1874 2651 1420 1941 2040 2558 2314 2058 360 1855 740 2169 2558 1014 1144 2356 2466 2708 2266 1888 2875 1778 2687 561 2792 2290 819 2713 865 1400 3009 868 2049 1026 2528 1179 1909 2739 2207 2744 2324 931 808 2412 1019 2375 2416 2159 1511 495 1285 2103 2623 2992 2525 1508 906 577 2201 2407 834 812 948 364 1792 1453 2954 1375 2091 2894 2604 1661 1080 1001 2263 1602 1256 1027 1534 2979 1527 3276 785 2689 3002 2113 2526 2338 2000 1854 1976 2979 1665 1387 2465 2673 1174 2689 1911 1598 2117 2241 2837 2000 1884 2699 1001 2541 2708 1444 2173 2258 1873 2776 2417 2550 710 1829 1071 2479 2829 1140 1626 950 3138 3251 1743 1765 2585 2957 1257 581 2704 1505 1453 1377 3003 1042 732 1196 2042 1423 991 1728 3064 2754 1296 2507 2482 2317 1398 2337 2372 2388 1595 1923 910 2153 1737 741 1744 2166 2553 1911 2378 2619 1294 876 2180 1261 2794 1457 1816 1677 1584 2375 693 2094 2109 1476 499 3131 2377 1548 2254 2468 2458 2550 1022 1816 3098 2690 2348 2419 2262 2543 2035 2413 2511 1090 1211 2097 2583 2739 1713 1887 987 2214 1616 2563 1935 1086 2897 3204 2184 1599 2507 3077 2546 2108 1099 2590 1497 2287 2150 1331 1327 2492 2631 2351 2903 2118 2949 946 2229 3077 1615 1895 1733 1576 1964 2052 1198 948 3418 1729 2167 2999 2539 1226 1944 860 3029 1020 2022 1877 810 1180 2994 2481 1369 943 685 1622 966 2943 1889 1434 1468 1542 1893 2134 1551 2514 1497
1598 1128 1396 2117 2062 951 1396 949 1685 544 1660 1973 1255 1855 360 1888 674 1152 1204 2060 883 1041 1213 782 746 1499 587 1955 1726 1768 815 1906 2558 2015 1907 1515 1372 912 1569 1807 1234 1516 1548 2065 1978 1597 1753 1537 1223 2112 937 2265 721 1113 1787 930 896 1689 1508 1941 968 1390 1742 1819 1884 1988 1795 1727 1851 1314 761 1643 875 803 1503 1888 936 2574 1875 940 930 1184 1704 1414 1791 723 1879 1680 2511 1551 1357 1576 1875 506 1799 899 1492 1927 2223 1247 1676 1957 1215 892 694 975 1805 1345 942 1349 1203 2425 1271 1475 1019 678 2354 977 1282 1640 1060 1517 2205 2566 1737 1582 1521 1335 2378 1652 1831 938 1435 1143 1520 1333 1938 1413 1361 1217 1226 1714 1867 2086 1179 802 983 1846 1652 1665 1564 2122 2065 2281 1288 1326 1702 1822 1890 688 667 1983 2052 604 1488 2135 1495 2000 466 2222 1907 938 1909 981 1029 1478 1260 898 1722 1616 1455 2122 618 1087 739 1859 1681 1908 1619 1222 1319 2009 1310 1192 1906 1692 1211 2181 1418 1001 1394 1704 1197 1821 2334 1920 670 1088 2494 1407 570 1369 1939 688 1157 457 2372 1673 1799 1999 1695 2112 1717 1612 1096 1844 2088 1415 890 1019 1000 1310 1726 1328 1575 1666 628 1765 2411 1736 1655 1277 741 1923 1768 478 862 1928 1842 1932 2061 692 1733 1483 2273 1533 1479 1586 1651 1032 470 1588 1966 1651 1144 1738 2337 2049 593 1268 1499 1239 2116 1866 1909 587 754 1359 1075 1929
1681 1183 2798 589 1269 1756 2530 1353 1655 2069 2786 2624 2274 740 1888 360 2186 2499 1129 765 2343 2420 2715 2266 2012 2985 1758 2435 622 2599 2280 1199 2365 1244 1764 3033 897 2193 778 2283 1407 1656 2594 1879 2496 2573 605 1099 2288 1396 2449 2079 2138 1728 857 1344 2236 2845 2972 2253 1685 1140 589 1914 2695 479 484 1304 742 1580 1506 2839 1483 2028 2814 2867 1552 1215 1376 2192 1774 1477 1378 1293 2821 1528 3186 570 2346 2951 1914 2741 2631 2034 1540 2126 2964 1316 1009 2345 2480 797 2665 2066 1581 2011 2534 2867 2157 1669 2716 916 2680 2578 1631 2201 1897 1749 2803 2661 2586 803 1457 1185 2733 2697 1452 1406 877 3119 3174 1629 1522 2543 2899 1067 957 2841 1280 1695 1620 2877 1416 588 1102 2161 1596 626 1435 2982 2607 915 2210 2148 2159 1191 2603 2104 2678 1691 1879 535 1822 1717 817 1373 2415 2841 1964 2043 2366 1396 1256 2082 1225 2925 1710 1712 2004 1900 2589 675 2097 2284 1520 880 3077 2093 1867 2438 2636 2165 2431 1110 1480 3018 2739 2016 2246 2391 2399 2332 2561 2261 822 839 2078 2596 2403 1986 1866 1235 2529 1595 2655 1951 850 2754 3121 1864 1290 2817 2976 2765 2286 1468 2299 1782 2376 2038 1492 1590 2258 2527 2131 2764 2156 2792 1181 2513 3007 1411 1831 2083 1916 2005 1968 825 1321 3394 1366 2165 2865 2732 876 2222 768 2973 1362 2196 1881 660 802 2890 2597 1715 821 572 1662 1123 2890 1700 1053 1117 1900 1978 2093 1822 2590 1137
1695 1442 1266 2415 2269 1045 1203 1214 1803 494 1659 2099 1357 2169 674 2186 360 892 1519 2329 588 778 899 481 894 1286 800 1909 2035 1641 528 2216 2619 2325 2178 1207 1681 973 1845 1779 1534 1628 1371 2165 1920 1662 2036 1850 1090 2417 735 2346 542 1368 2102 1244 920 1671 1194 1941 1236 1703 2050 1887 1973 2282 2088 2031 2164 1446 1076 1403 1186 748 1232 1923 1122 2888 2176 790 1177 1478 2003 1611 1596 1017 1596 1976 2569 1251 1389 1566 1981 538 1946 999 1177 2120 2475 1095 1567 2219 907 1026 967 941 1925 1040 1033 1455 892 2729 1150 1285 1296 413 2480 1072 977 1683 764 1828 2393 2880 1780 1376 1813 1511 2683 1338 1540 1091 1579 858 1226 1587 2252 1260 1565 1477 1499 1482 2166 2390 1458 850 1269 2124 1816 1385 1386 2378 2093 2349 1224 1553 1781 1845 1985 985 746 2271 2163 838 1799 2331 1594 2071 649 2306 1872 1253 2217 908 1320 1304 1518 1021 1949 1853 1475 2430 465 1145 1053 2174 1379 1944 1862 1239 1260 2039 1136 1506 2070 1408 927 2265 1341 948 1254 1861 1123 1802 2624 2177 553 774 2538 1614 703 1679 2083 954 952 595 2665 1471 1514 2096 1886 2213 1454 1604 1155 2140 2097 1663 753 974 1301 1587 1694 1117 1559 1459 464 1573 2726 1850 1365 1456 832 2152 2012 581 850 2187 2146 1618 2253 450 1510 1442 2546 1695 1778 1287 1951 1122 664 1885 2228 1397 999 2007 2640 2354 907 1583 1202 1336 2355 2086 2163 752 636 1598 847 2149
1621 1862 1608 2723 2354 1130 728 1511 1760 1010 2102 2611 1871 2558 1152 2499 892 360 1939 2554 672 474 795 773 1427 1487 1145 1585 2398 1215 724 2676 2422 2786 2696 1081 2051 1488 2109 1495 2024 1595 900 2058 1575 2150 2308 2300 763 2892 1109 2196 791 1892 2513 1664 1425 2098 879 1685 1753 2154 2406 1750 2469 2578 2386 2511 2555 1476 1512 872 1654 831 711 2384 1313 3275 2660 668 1702 1976 2492 1731 1091 1399 1091 2290 2370 812 1263 2006 2485 1053 1941 1523 885 2187 2650 725 1176 2430 619 1555 1323 884 2436 992 1554 1441 845 3055 1518 804 1808 932 2403 1146 944 2158 909 2208 2435 3260 2251 868 2313 1606 3015 1015 1054 1243 1608 464 761 1819 2675 1570 1703 1999 2015 952 2654 2720 1759 1369 1775 2379 1852 876 912 2568 1869 2178 976 1736 2275 1635 2484 1480 995 2548 2074 1186 2177 2391 2101 2554 1166 2162 1567 1705 2685 809 1660 1575 2041 1158 2481 2383 1941 2778 898 1649 1483 2588 938 1746 2391 1717 1678 1825 708 1914 2086 907 1029 2125 1040 1408 861 2386 1543 1528 2897 2376 847 782 2317 2147 1041 2146 2602 1304 1243 1054 2948 964 1014 1989 1967 2711 926 2042 1659 2634 1845 2191 1190 877 1790 2101 1411 626 1321 946 995 1072 3138 2359 879 1566 1029 2684 2541 1096 896 2390 2624 1272 2311 831 984 1862 2772 2223 2109 834 2439 1639 1081 2206 2437 865 1364 2526 2960 2690 1353 2015 750 1333 2506 2211 2689 1283 788 2127 1134 2267
1663 437 2032 1346 1688 1338 2081 881 1684 1388 2028 1965 1515 1014 1204 1129 1519 1939 360 1428 1714 1840 2058 1620 1251 2235 1154 2304 913 2305 1647 1113 2574 1221 1362 2355 603 1426 988 2139 711 1584 2193 2036 2351 1832 1093 736 1853 1345 1722 2259 1524 984 943 637 1473 2085 2348 2190 919 604 936 1921 1995 1246 1075 998 1010 1407 802 2373 725 1486 2285 2136 1136 1730 1148 1659 1005 758 1015 1254 2440 901 2668 954 2538 2372 1672 1979 1942 1347 1681 1358 2334 1629 1651 1899 2190 1371 2049 1296 980 1551 1847 2183 1388 1494 2047 1617 1916 2147 870 1520 2204 1346 2122 1915 1895 698 1877 1724 1994 2267 927 1285 1568 2494 2634 1215 1441 1956 2332 974 1098 2078 1201 979 912 2430 1158 1289 780 1403 830 1199 1522 2454 2208 1542 2229 2307 1802 1092 1878 2039 1983 944 1309 1271 1996 1113 676 1790 1677 2140 1256 2216 2239 641 1133 1604 720 2165 1006 1270 1420 1300 1827 1305 1450 1514 827 1016 2502 2078 1277 1669 1866 2173 1981 413 1710 2485 2035 2179 1921 1630 2003 1660 1795 2133 1592 1364 1463 1932 2562 1292 1259 653 1884 1000 1915 1287 1616 2344 2593 1991 1457 2152 2481 2004 1516 1165 2293 1125 1637 1590 724 919 2083 2045 1927 2345 1465 2411 1568 1812 2458 1247 1300 1565 1380 1311 1467 1363 1099 2774 1741 1523 2434 1963 1609 1523 772 2402 966 1427 1235 869 1380 2403 1843 1233 1538 1246 971 447 2315 1453 1608 1474 1442 1240 1511 1138 1861 1529
1500 1462 3041 766 924 1784 2516 1476 1461 2228 3095 2994 2582 1144 2060 765 2329 2554 1428 360 2452 2491 2832 2390 2256 3193 1889 2256 1014 2494 2395 1604 2039 1645 2166 3159 1185 2448 852 2120 1749 1515 2549 1599 2321 2900 695 1483 2280 1795 2637 1776 2246 2051 1262 1580 2480 3150 3056 2051 1983 1499 981 1703 3048 679 737 1706 1146 1505 1722 2821 1743 2099 2836 3203 1608 1460 1781 2247 2064 1812 1777 1210 2756 1698 3191 845 2026 3003 1830 3042 2990 2200 1304 2388 3053 1021 605 2338 2380 491 2752 2333 1729 2036 2893 3002 2423 1580 2842 1045 2919 2550 1938 2355 1552 1770 2938 2984 2734 1149 1093 1418 3062 2664 1835 1339 1034 3200 3193 1672 1409 2614 2944 1106 1357 3076 1223 2035 1962 2847 1820 869 1242 2397 1896 589 1245 2999 2561 512 1972 1851 2116 1177 2942 1913 3034 1928 1978 596 1538 1851 1151 1017 2745 3195 2150 1745 2189 1659 1661 2111 1398 3153 2055 1758 2387 2279 2891 977 2231 2562 1727 1284 3123 1879 2248 2719 2900 1934 2422 1394 1204 3037 2896 1725 2179 2629 2361 2696 2811 2090 757 554 2191 2722 2095 2338 1990 1596 2903 1739 2854 2105 822 2707 3134 1599 1086 3186 2972 3069 2564 1872 2067 2145 2579 2054 1789 1945 2112 2532 2009 2721 2320 2727 1496 2865 3036 1366 1913 2477 2306 2179 2019 537 1726 3465 1030 2292 2826 3015 578 2574 1017 3019 1758 2475 2028 921 486 2883 2819 2109 954 891 1855 1447 2940 1645 666 842 2299 2193 2185 2177 2775 832
1684 1637 1355 2572 2332 1078 1011 1353 1806 717 1812 2300 1559 2356 883 2343 588 672 1714 2452 360 562 740 466 1118 1298 945 1793 2211 1477 427 2429 2565 2538 2406 1068 1857 1175 1979 1679 1755 1631 1185 2146 1795 1845 2175 2058 949 2634 826 2310 566 1596 2297 1437 1114 1815 996 1855 1463 1911 2224 1851 2162 2433 2238 2249 2352 1472 1273 1184 1397 739 1004 2089 1209 3076 2396 680 1406 1701 2224 1681 1395 1189 1368 2133 2514 1029 1346 1717 2176 761 1968 1211 984 2174 2578 938 1418 2335 694 1244 1125 897 2125 921 1242 1463 756 2894 1252 1093 1522 621 2477 1101 858 1857 706 2010 2439 3065 1952 1172 2037 1568 2850 1142 1314 1158 1609 630 1000 1705 2452 1331 1642 1705 1726 1265 2387 2555 1603 1056 1493 2258 1853 1156 1198 2486 2022 2304 1122 1649 1968 1777 2176 1205 833 2414 2151 987 1980 2384 1791 2251 875 2272 1764 1458 2432 839 1480 1353 1746 1077 2175 2080 1642 2602 626 1338 1247 2370 1158 1882 2090 1413 1395 1973 960 1697 2102 1180 867 2232 1223 1108 1096 2073 1258 1706 2767 2288 625 639 2473 1838 836 1892 2290 1110 1001 790 2813 1268 1286 2076 1944 2404 1227 1754 1349 2362 2015 1891 892 916 1520 1814 1592 918 1474 1253 687 1375 2923 2049 1138 1518 901 2379 2239 805 842 2299 2364 1422 2305 551 1296 1580 2670 1910 1939 1064 2172 1327 839 2044 2343 1172 1096 2235 2802 2521 1106 1783 977 1344 2447 2165 2391 980 632 1826 888 2225
1613 1762 1527 2645 2318 1074 815 1428 1746 897 2006 2502 1761 2466 1041 2420 778 474 1840 2491 562 360 770 660 1313 1430 1048 1637 2310 1292 611 2572 2449 2682 2584 1083 1960 1377 2036 1535 1914 1576 989 2061 1633 2046 2235 2197 795 2785 1014 2210 682 1778 2417 1563 1317 2005 925 1721 1640 2050 2319 1757 2364 2502 2309 2403 2462 1442 1408 985 1547 754 822 2285 1244 3184 2552 612 1589 1866 2383 1683 1194 1301 1199 2210 2397 896 1259 1910 2378 939 1921 1412 924 2153 2598 770 1243 2369 629 1442 1228 844 2328 971 1443 1415 811 2975 1432 896 1696 819 2402 1093 916 2056 838 2116 2408 3170 2150 971 2202 1561 2933 1068 1156 1179 1577 483 852 1750 2577 1495 1651 1886 1902 1064 2546 2638 1677 1257 1663 2310 1822 984 1002 2512 1898 2197 994 1676 2169 1658 2378 1370 904 2476 2073 1090 2085 2360 1993 2451 1053 2174 1614 1600 2580 772 1572 1506 1928 1093 2367 2269 1840 2693 786 1541 1379 2491 1025 1767 2278 1613 1584 1852 775 1817 2062 1012 976 2136 1077 1306 921 2274 1448 1567 2827 2318 740 725 2348 2033 941 2040 2492 1210 1165 943 2876 1067 1120 1991 1929 2606 1039 1947 1551 2525 1881 2077 1089 847 1680 1988 1450 718 1347 1051 882 1174 3042 2251 979 1517 948 2570 2427 982 833 2330 2517 1337 2280 718 1094 1770 2710 2110 2024 923 2331 1529 974 2124 2376 979 1276 2413 2881 2607 1247 1914 837 1303 2457 2166 2576 1169 692 2013 1053 2224
2021 1981 1242 2944 2704 1449 1144 1729 2152 1029 1785 2378 1667 2708 1213 2715 899 795 2058 2832 740 770 360 809 1332 1068 1317 2018 2573 1632 797 2744 2854 2852 2650 689 2218 1314 2358 1930 2051 1980 1307 2472 2007 1887 2553 2383 1194 2937 852 2620 945 1842 2641 1783 1240 1769 682 2120 1729 2237 2587 2168 2208 2807 2613 2550 2704 1835 1615 1175 1719 1111 936 2078 1589 3427 2691 1009 1656 1989 2515 2056 1453 1551 1201 2505 2802 820 1669 1691 2238 1071 2323 1372 656 2543 2958 1160 1605 2715 550 1423 1494 1242 2206 561 1389 1816 419 3263 1177 1211 1795 899 2811 1471 509 1874 585 2367 2804 3419 1960 1242 2318 1941 3218 813 1119 1536 1971 690 833 2085 2790 1190 2019 1953 1987 1259 2677 2923 1979 1220 1776 2636 2217 1025 1316 2867 2302 2605 1401 2029 2015 2065 2227 1509 1213 2791 2483 1358 2337 2752 1871 2271 1172 2584 2002 1789 2741 1174 1850 1176 1989 1454 2370 2290 1657 2967 978 1438 1592 2712 925 2174 2306 1460 1361 2257 1141 2046 2461 1032 619 2546 1474 1162 1294 2195 1240 1963 3144 2668 1002 487 2750 2025 1210 2207 2388 1479 889 1133 3189 1330 1119 2402 2315 2450 1141 1725 1448 2645 2279 2119 963 1251 1822 2077 1845 1043 1752 1306 959 1441 3264 2127 969 1892 1282 2571 2453 1110 1208 2680 2664 1088 2672 909 1307 1536 3050 2047 2309 864 2465 1458 1196 2415 2723 1124 1039 2480 3172 2888 1446 2121 800 1701 2825 2541 2615 1236 1011 2046 803 2601
1682 1543 1310 2495 2297 1051 1096 1281 1798 612 1740 2207 1465 2266 782 2266 481 773 1620 2390 466 660 809 360 1014 1288 868 1842 2126 1549 410 2328 2585 2437 2299 1130 1772 1080 1912 1719 1651 1622 1268 2148 1848 1760 2106 1959 1007 2532 773 2321 516 1489 2204 1344 1023 1747 1088 1889 1357 1812 2140 1861 2075 2359 2164 2147 2262 1452 1178 1285 1297 723 1110 2011 1159 2986 2293 715 1299 1596 2120 1641 1486 1104 1474 2056 2534 1132 1357 1646 2085 656 1951 1112 1073 2143 2525 1004 1482 2276 792 1142 1045 904 2032 971 1144 1451 812 2814 1201 1179 1416 518 2473 1076 907 1776 719 1922 2412 2977 1872 1264 1932 1533 2769 1233 1419 1116 1587 736 1105 1644 2357 1294 1599 1599 1620 1364 2283 2475 1531 959 1388 2191 1829 1263 1282 2431 2049 2319 1161 1598 1881 1802 2087 1101 777 2344 2150 909 1892 2354 1699 2168 769 2282 1808 1360 2331 857 1401 1326 1640 1040 2070 1975 1564 2519 531 1248 1153 2276 1261 1905 1984 1331 1330 1998 1036 1605 2081 1287 886 2242 1271 1030 1164 1975 1192 1745 2697 2231 562 692 2498 1734 762 1791 2194 1030 971 693 2740 1360 1392 2079 1911 2315 1332 1683 1258 2258 2047 1785 820 930 1417 1708 1633 1007 1506 1346 582 1464 2829 1956 1244 1481 855 2274 2133 699 830 2242 2261 1513 2275 460 1394 1515 2608 1810 1860 1168 2068 1231 749 1966 2284 1276 1045 2129 2723 2440 1009 1688 1082 1331 2399 2123 2285 874 607 1720 859 2184
1966 1190 1147 2234 2350 1332 1727 1217 2044 790 1295 1594 868 1888 746 2012 894 1427 1251 2256 1118 1313 1332 1014 360 1346 959 2340 1804 2134 1062 1822 2932 1926 1678 1566 1474 557 1768 2193 1122 1881 1890 2428 2362 1212 1928 1492 1582 1993 883 2634 1035 871 1792 1037 584 1331 1653 2327 776 1357 1827 2194 1498 2124 1941 1610 1884 1675 898 1938 889 1174 1761 1507 1285 2580 1742 1285 691 1051 1565 1729 2123 975 2114 1819 2886 1752 1743 1217 1491 755 2141 518 1628 2232 2448 1599 2048 2170 1404 506 994 1356 1423 1394 562 1719 1299 2508 1028 1809 845 856 2701 1358 1343 1258 1121 1589 2510 2582 1355 1905 1361 1669 2458 1784 2050 1303 1786 1386 1738 1586 1917 1189 1673 981 1022 2016 1723 2180 1394 513 843 2030 1986 1908 1905 2342 2448 2654 1668 1614 1315 2207 1504 687 1053 2137 2411 962 1567 2433 1109 1614 661 2590 2293 975 1810 1354 1231 1274 1017 1275 1418 1328 1085 2194 913 713 899 1856 1875 2291 1340 862 1009 2392 1651 1263 2235 1929 1220 2549 1796 739 1752 1337 915 2208 2473 2144 1003 1209 2872 1080 957 1302 1566 998 1041 814 2502 2000 2032 2364 2007 1727 1985 1251 721 1686 2473 1148 777 1399 920 1111 2112 1646 1961 1988 791 2099 2390 1353 1879 1612 1127 1622 1489 719 1244 2149 1722 2054 2365 965 2043 1147 2457 1168 1619 1793 1517 648 856 1728 2179 1930 953 1508 2430 2138 805 1284 1711 1613 2363 2143 1647 523 1100 1077 1010 2206
2610 2170 683 3210 3187 1970 1849 2088 2724 1349 1238 1934 1373 2875 1499 2985 1286 1487 2235 3193 1298 1430 1068 1288 1346 360 1699 2707 2787 2338 1315 2777 3503 2876 2507 968 2450 1196 2701 2605 2091 2548 2014 3077 2701 1434 2877 2470 1865 2922 925 3247 1440 1789 2776 2000 1134 1195 1252 2788 1741 2340 2810 2787 1725 3093 2905 2553 2870 2371 1841 1873 1870 1651 1630 1524 2041 3561 2670 1619 1648 2015 2496 2531 2158 1856 1814 2785 3452 1458 2282 1158 1780 1368 2872 1271 1216 3043 3362 1841 2304 3094 1258 1339 1833 1829 1780 909 1257 2376 1010 3492 732 1918 1810 1243 3400 1996 930 1384 956 2572 3317 3564 1446 1950 2289 2435 3443 1294 1717 2015 2505 1384 1496 2472 2895 603 2482 1886 1947 1955 2644 3162 2311 1192 1819 2974 2742 1683 2024 3260 2959 3242 2055 2459 1554 2715 1752 1654 1671 3098 3079 1729 2548 3253 1488 1745 1403 3208 2685 1955 2758 1776 2155 522 1909 1947 2141 2100 1198 3179 1390 1197 1831 2839 1519 2821 2127 1112 902 2910 1835 2243 2996 1679 818 3168 2147 976 1987 1844 870 2636 3443 3058 1472 1066 3409 1819 1618 2279 1976 1827 702 1472 3475 2036 1742 3007 2809 1950 1814 1183 1203 2596 2948 1987 974 1852 1904 2030 2519 1746 2409 2012 1257 2147 3364 1705 1610 2380 1758 2320 2255 1382 1758 3066 2660 1459 3176 1358 2006 1006 3403 1740 2583 1501 2454 1267 1551 2693 3103 1813 753 2351 3413 3120 1698 2270 1463 2257 3254 2998 2426 1367 1534 1907 798 3061
1371 1076 1617 1987 1849 734 1312 774 1457 710 1885 2162 1463 1778 587 1758 800 1145 1154 1889 945 1048 1317 868 959 1699 360 1766 1628 1626 882 1897 2334 2006 1985 1638 1275 1135 1405 1612 1276 1289 1446 1838 1794 1810 1598 1518 1106 2118 1134 2039 742 1235 1729 880 1124 1915 1579 1734 1082 1373 1639 1596 2088 1850 1655 1743 1775 1087 739 1590 898 700 1491 2106 711 2498 1895 870 1070 1243 1733 1195 1694 613 1874 1548 2287 1583 1148 1802 2073 692 1572 1116 1569 1709 2036 1142 1524 1778 1273 1102 541 820 1998 1476 1160 1123 1320 2308 1493 1386 1117 828 2126 759 1412 1858 1205 1430 1986 2485 1955 1501 1571 1110 2264 1726 1840 710 1207 1167 1540 1147 1890 1630 1145 1327 1319 1654 1893 1969 1022 1029 1070 1685 1427 1659 1462 1938 1850 2056 1125 1120 1911 1610 2091 791 521 1835 1825 402 1399 1918 1700 2209 694 1996 1713 933 1908 850 894 1690 1371 675 1852 1738 1679 2017 703 1308 708 1803 1713 1692 1736 1447 1547 1793 1217 1129 1681 1691 1368 1955 1256 1228 1272 1882 1424 1623 2188 1737 681 1200 2273 1559 469 1374 2121 524 1357 587 2232 1586 1798 1772 1476 2310 1690 1838 1316 1881 1877 1532 1103 864 1052 1394 1534 1264 1379 1583 802 1667 2354 1933 1664 1053 552 2047 1880 686 713 1746 1855 2004 1844 768 1664 1711 2105 1711 1354 1612 1680 1248 508 1458 1787 1614 1361 1821 2216 1935 609 1231 1525 1014 1919 1659 2007 809 717 1486 1265 1721
999 2247 2788 2597 1785 1405 1247 1793 1155 1947 3207 3566 2849 2687 1955 2435 1909 1585 2304 2256 1793 1637 2018 1842 2340 2707 1766 360 2487 817 1799 3008 1274 3105 3290 2273 2253 2486 2034 525 2573 1141 1116 1151 426 3184 2190 2661 1205 3249 2254 1158 1727 2623 2715 2121 2449 3220 2001 589 2471 2546 2475 921 3478 2451 2312 2938 2685 1268 2066 1392 2231 1539 1581 3462 1556 3289 3084 1486 2472 2567 2960 1514 1141 1902 1748 2280 1224 1819 1002 3115 3470 1967 1320 2487 2024 1628 2214 1226 788 2130 1834 2487 1829 1347 3399 2212 2529 1176 2070 2925 2683 1198 2493 1963 1465 1385 2168 3217 2115 2391 1745 3256 3315 1230 2852 1423 2903 2089 1810 1492 1282 1689 1750 1794 2883 2764 1542 2702 2678 1354 3099 2653 1911 2364 2440 2199 1374 1661 1114 2183 768 1103 1045 1651 3294 704 3485 2189 1647 2383 1203 1779 2361 1754 3090 3591 2041 1144 429 2224 3043 1364 1944 2782 2746 1475 3232 3113 3016 2750 1835 2664 2037 2782 1873 763 3105 2779 2808 762 1237 2254 1448 1695 2251 1124 930 2497 1083 3288 2671 536 2653 2065 1732 2001 1146 2960 1744 2593 3526 1813 2434 1888 2719 1192 1738 1107 1532 3707 1551 3152 2674 3109 690 2906 2299 1307 2390 2739 591 1343 750 1219 1998 1126 3244 3331 1740 1442 1579 3417 3241 1993 1457 2083 3031 2244 1689 1819 1303 2992 2431 3117 2194 1801 2910 2620 1845 2238 2132 1481 2526 3142 2827 2646 2000 2390 1771 1211 2045 1778 3344 2178 1637 2872 2320 1801
1754 977 2583 805 1465 1693 2473 1249 1740 1911 2540 2362 2031 561 1726 622 2035 2398 913 1014 2211 2310 2573 2126 1804 2787 1628 2487 360 2598 2146 977 2523 1042 1513 2881 714 1977 826 2328 1155 1708 2555 2012 2544 2321 751 836 2233 1197 2268 2223 2010 1482 628 1161 2025 2602 2847 2324 1452 883 393 2001 2435 739 647 1052 559 1594 1329 2778 1277 1927 2728 2612 1481 1239 1138 2098 1544 1228 1122 1333 2792 1382 3108 591 2498 2846 1917 2499 2370 1873 1657 1907 2836 1479 1260 2286 2480 1019 2542 1844 1447 1941 2273 2711 1936 1686 2568 1065 2468 2528 1394 2044 2076 1691 2649 2410 2426 575 1659 1222 2480 2649 1189 1427 1017 2994 3087 1562 1564 2431 2799 1058 772 2631 1305 1442 1366 2824 1174 737 1014 1956 1364 828 1529 2898 2569 1160 2307 2287 2129 1199 2347 2171 2418 1494 1765 796 1959 1586 600 1572 2162 2581 1791 2184 2418 1192 1030 2006 1098 2717 1454 1639 1741 1637 2348 756 1955 2056 1348 676 2974 2177 1605 2207 2412 2257 2372 905 1624 2933 2573 2154 2229 2183 2359 2071 2345 2311 1061 1046 1949 2450 2546 1728 1737 977 2266 1463 2466 1800 1076 2714 3038 1987 1402 2555 2905 2522 2056 1222 2389 1521 2187 1973 1264 1332 2293 2457 2153 2720 1993 2763 1133 2253 2914 1418 1730 1824 1655 1840 1881 1036 1081 3272 1551 2026 2818 2498 1139 1963 667 2871 1103 1968 1736 609 1026 2821 2396 1455 985 693 1494 888 2786 1694 1282 1284 1644 1789 1978 1564 2408 1318
