140 1289 1663 1947 1642 2109 2617 857 2102 1038 3137 1892 2585 1356 2266 1056 1686 1122 1847 624 625 2141 1424 904 1407 2202 435 740 1856 1205 2098 2294 598 2292 2192 1338 2182 1859 1906 1671 2301 733 866 2294 492 1633 2469 856 1290 401 984 2024 1911 1914 2052 2106 2075 618 1723 2033 2454 1789 2232 773 3134 2557 941 1963 1852 1702 1124 885 791 1391 2409 2474 1039 845 412 2365 292 1924 2698 954 2324 1638 1207 930 1598 1609 907 1809 788 1338 1964 744 1512 2119 2329 1587 720 1948 2197
1389 360 849 2378 2412 1986 1824 848 1235 1129 2573 1368 1832 572 2272 1457 780 799 2535 1041 1069 1219 2095 2137 1130 2868 1679 1757 1856 1565 2776 1599 1262 2381 1267 1342 1978 1362 1171 1066 1669 1380 1337 1454 1169 900 2615 1896 1013 1506 734 1678 2374 1054 1374 1194 2806 1630 2514 1297 1565 1701 1512 1342 2526 2032 1978 1267 1909 792 1957 1073 870 2010 1546 1556 1562 2093 1653 2790 1420 1307 2267 1726 1654 1173 822 1014 2149 755 1740 1141 1954 2225 1962 1792 1109 1190 2365 949 1921 2679 1328
1763 849 360 2286 2470 1687 1345 1166 1262 1619 2094 959 1345 995 2001 1530 569 931 2544 1462 1504 920 2144 2461 978 2843 2059 2206 1633 1583 2762 1111 1716 2137 976 1260 1643 969 1382 1400 1191 1588 1821 1486 1531 1196 2377 2347 1476 1827 1039 1312 2297 1144 895 854 2816 1894 2573 809 1488 1462 1671 1819 2040 1570 2201 1491 1705 585 2094 1254 1304 2048 1105 1212 1654 2463 2006 2661 1772 858 1825 1880 1169 858 1297 1187 2137 464 1914 1415 2240 2354 1722 2237 874 988 2099 1296 2329 2697 894
2047 2378 2286 360 991 1295 2683 2026 3166 2752 2543 1891 2570 2582 1123 1347 2474 1939 839 2229 2286 2811 936 2084 1673 969 2191 2620 1114 1203 923 2294 2427 1005 2864 1407 1437 1849 3185 3073 2183 1616 2707 3395 2046 2918 1030 2703 2866 1912 2065 1636 420 3016 2169 2727 1024 1717 1034 2264 3415 1265 3519 2626 2626 2110 1583 3284 1026 2493 1265 1742 2258 929 2739 3014 1299 2299 2062 789 2019 2036 2023 1360 2261 1817 2687 1776 722 2336 1419 3159 1842 1243 1099 2609 1772 2908 1102 2957 2437 962 2632
1742 2412 2470 991 360 1820 3077 1966 3272 2579 3097 2233 2981 2590 1722 1320 2624 1990 593 2055 2100 3029 686 1564 1868 927 1810 2243 1574 1247 824 2680 2181 1625 3085 1585 1959 2187 3213 3048 2595 1442 2461 3498 1848 2930 1659 2298 2759 1602 2048 2070 930 3100 2507 2955 794 1383 463 2576 3568 1673 3558 2370 3164 2609 1114 3300 1497 2644 880 1702 2139 783 3059 3286 1209 1805 1689 1255 1730 2360 2574 1090 2663 2081 2609 1758 767 2492 1112 3159 1370 693 1606 2221 1996 3093 1717 2939 1999 666 2912
2209 1986 1687 1295 1820 360 1792 1856 2580 2612 1637 1128 1670 2196 683 1433 1897 1628 1745 2176 2239 2105 1584 2566 1230 1898 2447 2806 638 1308 1859 1426 2443 842 2151 1147 502 1100 2703 2676 1295 1748 2680 2797 2072 2484 1075 2926 2610 2128 1820 778 1341 2471 1368 2016 1959 2018 1897 1487 2751 684 2998 2627 1705 1174 2090 2811 692 1912 1796 1638 2117 1503 1917 2231 1498 2712 2330 1512 2178 1273 1114 1729 1378 1198 2413 1626 1416 1773 1799 2719 2293 1933 574 2813 1238 2237 781 2562 2743 1886 1862
2717 1824 1345 2683 3077 1792 360 2125 1746 2583 1338 1211 493 1926 2088 2277 1424 1855 3074 2441 2486 1175 2771 3363 1669 3291 3011 3188 1928 2259 3237 756 2700 2258 1176 1905 1667 1256 2045 2190 860 2445 2801 1879 2488 1996 2470 3329 2396 2748 2004 1407 2718 1763 957 1121 3322 2770 3172 945 1703 1786 2191 2802 1229 1103 3021 2140 2016 1419 2835 2136 2287 2673 722 1025 2399 3400 2943 2944 2715 1106 1381 2658 782 1415 2240 2076 2682 1429 2710 2139 3117 3062 1954 3218 1534 1333 2175 2118 3293 3227 899
957 848 1166 2026 1966 1856 2125 360 1720 1126 2714 1453 2101 992 2089 1047 1204 646 2111 706 765 1662 1662 1670 1017 2457 1253 1442 1656 1183 2360 1818 986 2165 1715 1088 1891 1427 1613 1443 1842 901 1190 1935 725 1327 2381 1581 1199 1033 489 1659 2011 1536 1576 1620 2377 1143 2066 1545 2053 1535 1957 1147 2695 2139 1489 1696 1685 1221 1486 644 622 1586 1912 1989 1129 1657 1202 2453 966 1459 2319 1255 1855 1202 1023 614 1750 1116 1262 1553 1471 1753 1769 1467 1086 1660 2172 1332 1528 2247 1700
2202 1235 1262 3166 3272 2580 1746 1720 360 1628 2704 1823 1829 1108 2898 2311 1059 1642 3378 1837 1842 941 2950 2965 1854 3698 2473 2431 2535 2401 3611 1764 1973 3038 930 2121 2523 1845 711 957 1897 2256 1911 589 2007 861 3278 2558 1338 2353 1610 2186 3172 548 1650 1014 3651 2496 3375 1524 718 2365 814 1963 2608 2296 2849 778 2607 1040 2830 1944 1673 2860 1384 1140 2424 2884 2473 3555 2251 1691 2583 2600 1837 1760 1300 1882 2981 1194 2615 839 2807 3098 2624 2474 1768 777 2996 959 2667 3527 1245
1138 1129 1619 2752 2579 2612 2583 1126 1628 360 3338 2104 2599 1023 2855 1766 1519 1349 2760 889 839 1890 2313 1855 1750 3116 1339 1177 2421 1916 3014 2369 806 2931 1926 1854 2635 2091 1345 1077 2434 1516 645 1771 1091 1127 3145 1297 660 1371 1152 2373 2730 1456 2141 1892 3010 1581 2669 2067 1983 2296 1630 711 3294 2785 1930 1371 2451 1526 2060 1391 867 2255 2282 2221 1818 1709 1392 3182 1240 2064 3003 1850 2423 1879 716 1376 2443 1523 1826 1224 1785 2302 2534 1223 1783 1803 2938 1033 1453 2880 2065
3237 2573 2094 2543 3097 1637 1338 2714 2704 3338 360 1621 1237 2729 1789 2574 2247 2429 3011 3060 3117 2123 2855 3743 2090 3117 3512 3789 1896 2489 3095 1350 3338 1940 2135 2202 1499 1647 2977 3083 1264 2842 3505 2852 3037 2880 2071 3924 3211 3207 2620 1498 2595 2694 1560 2055 3204 3155 3172 1650 2682 1845 3155 3483 504 940 3304 3078 1965 2250 3037 2611 2938 2770 1690 2003 2672 3846 3415 2646 3217 1636 883 2928 1286 1872 3030 2569 2693 2197 2994 3055 3472 3199 1851 3809 1994 2286 1838 2995 3812 3144 1822
1992 1368 959 1891 2233 1128 1211 1453 1823 2104 1621 360 1130 1556 1451 1438 1164 1168 2245 1798 1855 1338 1922 2567 856 2491 2276 2531 1154 1410 2426 819 2077 1603 1385 1059 1060 405 1979 1995 779 1643 2252 2036 1782 1793 1841 2667 2021 1983 1360 723 1918 1729 639 1249 2503 1969 2330 735 1983 989 2254 2225 1605 1048 2189 2088 1239 1176 1987 1371 1679 1824 1208 1490 1557 2635 2188 2211 1976 509 1260 1819 822 614 1829 1321 1845 1058 1874 2014 2308 2211 1215 2552 739 1469 1549 1888 2572 2400 1111
2685 1832 1345 2570 2981 1670 493 2101 1829 2599 1237 1130 360 1950 1961 2206 1449 1824 2970 2426 2474 1250 2680 3313 1606 3180 2978 3174 1817 2180 3127 671 2690 2132 1259 1829 1543 1174 2116 2245 749 2390 2807 1975 2459 2047 2341 3314 2427 2706 1984 1294 2607 1832 899 1188 3215 2717 3075 915 1810 1680 2279 2802 1138 969 2955 2214 1904 1446 2757 2091 2277 2582 814 1138 2326 3360 2904 2823 2680 1041 1249 2587 677 1351 2263 2033 2583 1436 2642 2203 3061 2979 1838 3202 1474 1413 2048 2167 3264 3122 957
1456 572 995 2582 2590 2196 1926 992 1108 1023 2729 1556 1950 360 2484 1645 862 1003 2722 1092 1102 1233 2278 2218 1343 3060 1733 1744 2069 1760 2966 1743 1260 2594 1273 1552 2185 1555 983 855 1827 1534 1271 1312 1258 700 2828 1880 841 1604 901 1878 2577 920 1531 1230 2992 1753 2691 1440 1458 1914 1327 1296 2673 2203 2110 1072 2122 866 2119 1249 925 2196 1618 1569 1743 2147 1726 2997 1503 1482 2449 1888 1803 1375 674 1195 2343 892 1894 938 2058 2386 2174 1783 1318 1165 2577 737 1947 2864 1403
2366 2272 2001 1123 1722 683 2088 2089 2898 2855 1789 1451 1961 2484 360 1570 2210 1888 1601 2389 2452 2429 1548 2628 1503 1687 2580 2967 793 1424 1666 1736 2644 530 2475 1362 783 1422 3010 2971 1599 1893 2897 3117 2261 2783 753 3078 2878 2265 2071 1100 1180 2785 1691 2340 1777 2124 1783 1810 3074 931 3312 2835 1882 1417 2130 3118 775 2226 1816 1845 2351 1486 2233 2551 1605 2800 2457 1242 2333 1596 1279 1799 1684 1506 2682 1845 1347 2083 1870 3021 2359 1900 680 2969 1532 2560 458 2855 2866 1725 2184
1156 1457 1530 1347 1320 1433 2277 1047 2311 1766 2574 1438 2206 1645 1570 360 1670 1029 1437 1248 1307 2091 999 1528 973 1776 1376 1756 1168 515 1681 1895 1469 1599 2147 743 1523 1395 2265 2121 1851 683 1741 2538 1080 1985 1785 1868 1883 1058 1106 1437 1328 2141 1680 2023 1709 950 1423 1717 2609 1127 2608 1667 2598 2007 1112 2357 1158 1690 931 764 1270 912 2185 2371 486 1647 1258 1776 1123 1530 2091 741 1900 1223 1710 810 1063 1541 797 2221 1257 1184 1272 1758 1110 2143 1633 2007 1670 1581 2011
1786 780 569 2474 2624 1897 1424 1204 1059 1519 2247 1164 1449 862 2210 1670 360 1023 2711 1453 1486 818 2298 2514 1160 3019 2080 2177 1838 1739 2936 1256 1682 2345 871 1435 1852 1177 1175 1211 1355 1683 1748 1285 1557 1005 2585 2317 1338 1877 1075 1521 2482 934 1065 780 2984 1971 2727 959 1309 1667 1461 1759 2183 1747 2297 1284 1908 380 2221 1350 1284 2204 1129 1147 1790 2491 2042 2857 1806 1053 2011 1999 1321 1065 1176 1282 2307 497 2026 1214 2310 2485 1928 2212 1070 836 2308 1113 2333 2862 910
1222 799 931 1939 1990 1628 1855 646 1642 1349 2429 1168 1824 1003 1888 1029 1023 360 2102 990 1047 1470 1668 1893 761 2431 1516 1728 1459 1127 2340 1536 1269 1982 1526 914 1647 1143 1610 1496 1556 1022 1456 1868 995 1338 2209 1866 1350 1262 560 1391 1935 1471 1294 1415 2374 1323 2093 1271 1945 1319 1949 1422 2409 1855 1636 1707 1502 1043 1562 687 879 1580 1665 1781 1143 1908 1450 2354 1220 1174 2043 1337 1571 919 1155 620 1712 908 1363 1579 1668 1828 1569 1752 807 1498 1976 1379 1800 2248 1462
1947 2535 2544 839 593 1745 3074 2111 3378 2760 3011 2245 2970 2722 1601 1437 2711 2102 360 2232 2281 3095 810 1798 1929 717 2029 2464 1526 1337 614 2679 2377 1484 3151 1645 1887 2201 3343 3193 2581 1609 2659 3607 2029 3063 1483 2523 2925 1806 2182 2041 781 3212 2524 3017 633 1589 580 2603 3660 1649 3686 2569 3088 2553 1341 3435 1442 2731 1082 1836 2303 886 3087 3334 1341 2038 1907 1032 1931 2381 2489 1271 2654 2122 2766 1887 768 2576 1304 3297 1600 925 1537 2444 2050 3172 1581 3081 2228 514 2954
724 1041 1462 2229 2055 2176 2441 706 1837 889 3060 1798 2426 1092 2389 1248 1453 990 2232 360 423 1900 1784 1488 1359 2588 1003 1108 1958 1401 2487 2152 639 2449 1949 1392 2221 1774 1650 1425 2183 987 867 2030 570 1372 2654 1248 1075 898 805 2001 2205 1649 1910 1872 2485 1085 2148 1870 2190 1852 1982 811 3039 2485 1446 1712 1976 1468 1541 903 532 1726 2202 2237 1291 1417 996 2658 781 1799 2665 1325 2192 1549 959 909 1915 1394 1305 1559 1348 1791 2071 1136 1432 1867 2466 1334 1239 2354 1985
725 1069 1504 2286 2100 2239 2486 765 1842 839 3117 1855 2474 1102 2452 1307 1486 1047 2281 423 360 1928 1834 1488 1420 2637 991 1061 2021 1461 2535 2203 581 2512 1976 1456 2284 1831 1641 1408 2237 1039 804 2030 612 1367 2716 1202 1043 920 858 2063 2261 1654 1962 1903 2531 1116 2192 1919 2197 1915 1968 747 3094 2542 1475 1699 2040 1500 1583 967 562 1778 2240 2265 1347 1404 997 2715 796 1853 2725 1371 2244 1607 943 973 1969 1433 1348 1545 1363 1830 2134 1092 1491 1889 2529 1322 1212 2401 2023
2241 1219 920 2811 3029 2105 1175 1662 941 1890 2123 1338 1250 1233 2429 2091 818 1470 3095 1900 1928 360 2702 2973 1525 3384 2533 2606 2113 2141 3307 1193 2114 2581 416 1810 2028 1369 1231 1392 1332 2133 2145 1109 2014 1210 2819 2744 1655 2336 1533 1692 2827 949 1116 449 3365 2427 3131 989 1009 1941 1394 2169 2029 1726 2747 1325 2193 800 2654 1798 1729 2605 815 698 2215 2946 2499 3165 2263 1192 2016 2437 1266 1354 1533 1730 2687 922 2469 1328 2767 2914 2186 2643 1407 523 2526 1334 2780 3249 665
1524 2095 2144 936 686 1584 2771 1662 2950 2313 2855 1922 2680 2278 1548 999 2298 1668 810 1784 1834 2702 360 1508 1543 1164 1638 2072 1318 921 1063 2375 1940 1486 2758 1262 1716 1877 2901 2745 2297 1159 2223 3177 1583 2619 1577 2146 2474 1384 1737 1786 885 2780 2194 2629 1075 1174 789 2258 3243 1393 3244 2136 2912 2342 1007 2990 1251 2318 691 1390 1852 459 2740 2961 894 1723 1511 1319 1503 2045 2335 833 2362 1761 2315 1443 579 2165 877 2851 1266 713 1371 2057 1673 2767 1564 2633 1870 946 2589
1004 2137 2461 2084 1564 2566 3363 1670 2965 1855 3743 2567 3313 2218 2628 1528 2514 1893 1798 1488 1488 2973 1508 360 2072 2113 876 1189 2289 1625 2014 3007 1412 2600 3025 1903 2672 2527 2768 2526 2986 1284 1621 3158 1327 2496 2719 1186 2131 997 1799 2605 2031 2777 2774 2929 1949 958 1606 2779 3317 2282 3089 1529 3764 3173 865 2821 2253 2532 1188 1588 1653 1534 3198 3299 1437 612 852 2439 1078 2632 3257 1198 3024 2325 2066 1651 1727 2423 1127 2667 633 1235 2378 1151 2200 2965 2665 2447 872 1842 2994
1507 1130 978 1673 1868 1230 1669 1017 1854 1750 2090 856 1606 1343 1503 973 1160 761 1929 1359 1420 1525 1543 2072 360 2225 1785 2064 1086 987 2145 1297 1638 1611 1581 644 1245 819 1901 1834 1274 1148 1846 2083 1309 1654 1845 2197 1740 1488 959 1002 1682 1709 1072 1449 2200 1474 1970 1103 2104 932 2224 1805 2088 1510 1712 2005 1142 1179 1542 881 1270 1445 1573 1778 1098 2139 1695 2062 1488 925 1668 1352 1311 615 1543 838 1522 1023 1402 1895 1816 1787 1191 2082 497 1605 1595 1718 2084 2083 1409
2302 2868 2843 969 927 1898 3291 2457 3698 3116 3117 2491 3180 3060 1687 1776 3019 2431 717 2588 2637 3384 1164 2113 2225 360 2377 2810 1723 1663 464 2902 2734 1539 3438 1944 2038 2447 3678 3536 2792 1963 3016 3927 2385 3401 1464 2864 3277 2161 2522 2245 934 3536 2770 3303 539 1944 867 2859 3967 1870 4020 2926 3208 2711 1681 3772 1635 3039 1437 2178 2655 1232 3339 3604 1687 2359 2257 897 2287 2633 2605 1628 2869 2395 3116 2227 1078 2882 1661 3637 1934 1257 1706 2789 2337 3471 1642 3423 2564 631 3222
535 1679 2059 2191 1810 2447 3011 1253 2473 1339 3512 2276 2978 1733 2580 1376 2080 1516 2029 1003 991 2533 1638 876 1785 2377 360 795 2185 1516 2273 2684 896 2591 2584 1692 2529 2242 2260 2014 2688 1059 1115 2658 887 1994 2753 873 1615 678 1380 2390 2149 2286 2443 2500 2236 835 1880 2427 2829 2132 2577 1021 3513 2932 1063 2309 2172 2096 1315 1265 1174 1622 2805 2867 1335 774 488 2596 659 2313 3063 1191 2712 2023 1558 1314 1831 2005 1131 2156 844 1486 2289 779 1896 2508 2636 1938 660 2113 2593
840 1757 2206 2620 2243 2806 3188 1442 2431 1177 3789 2531 3174 1744 2967 1756 2177 1728 2464 1108 1061 2606 2072 1189 2064 2810 795 360 2556 1905 2707 2899 854 2991 2651 2027 2874 2502 2162 1895 2925 1433 895 2585 1115 1930 3164 500 1478 1074 1552 2697 2579 2252 2657 2589 2666 1263 2310 2618 2788 2484 2444 829 3775 3210 1491 2188 2553 2189 1750 1554 1262 2053 2939 2944 1735 972 921 3028 993 2542 3370 1619 2937 2278 1491 1587 2262 2132 1561 2041 1254 1916 2664 406 2155 2549 3029 1847 687 2545 2720
1956 1856 1633 1114 1574 638 1928 1656 2535 2421 1896 1154 1817 2069 793 1168 1838 1459 1526 1958 2021 2113 1318 2289 1086 1723 2185 2556 360 1035 1670 1540 2216 885 2163 928 760 1115 2617 2560 1429 1488 2466 2760 1837 2378 1119 2672 2450 1866 1639 882 1150 2408 1426 2026 1760 1746 1657 1529 2743 532 2931 2406 1955 1395 1811 2724 448 1855 1519 1414 1918 1233 1995 2285 1225 2439 2066 1417 1924 1302 1377 1451 1506 1136 2255 1413 1167 1705 1521 2619 2016 1664 472 2561 1135 2228 877 2444 2478 1673 1904
1305 1565 1583 1203 1247 1308 2259 1183 2401 1916 2489 1410 2180 1760 1424 515 1739 1127 1337 1401 1461 2141 921 1625 987 1663 1516 1905 1035 360 1572 1869 1624 1447 2197 716 1408 1365 2376 2244 1811 833 1896 2629 1236 2100 1630 2014 2023 1200 1230 1358 1188 2236 1668 2069 1610 1070 1350 1719 2686 1016 2717 1822 2522 1932 1174 2471 1016 1759 938 899 1416 825 2197 2405 550 1764 1394 1630 1272 1518 1994 798 1867 1219 1846 936 944 1605 865 2338 1352 1165 1135 1906 1121 2206 1484 2129 1805 1486 2036
2198 2776 2762 923 824 1859 3237 2360 3611 3014 3095 2426 3127 2966 1666 1681 2936 2340 614 2487 2535 3307 1063 2014 2145 464 2273 2707 1670 1572 360 2845 2630 1526 3362 1863 2000 2383 3586 3441 2738 1862 2912 3840 2283 3307 1472 2761 3177 2057 2428 2192 881 3448 2706 3227 481 1840 767 2792 3885 1811 3928 2822 3183 2673 1578 3679 1583 2956 1333 2082 2555 1134 3274 3533 1590 2259 2153 930 2183 2567 2579 1525 2815 2322 3017 2132 990 2799 1558 3543 1832 1155 1661 2685 2259 3390 1628 3328 2461 533 3152
2394 1599 1111 2294 2680 1426 756 1818 1764 2369 1350 819 671 1743 1736 1895 1256 1536 2679 2152 2203 1193 2375 3007 1297 2902 2684 2899 1540 1869 2845 360 2423 1903 1220 1518 1312 864 2006 2096 507 2083 2558 1942 2171 1891 2126 3038 2225 2406 1707 1024 2327 1727 602 1112 2928 2410 2775 662 1821 1393 2218 2547 1289 893 2644 2111 1628 1259 2447 1790 2011 2277 868 1204 2015 3060 2607 2571 2385 735 1183 2276 433 1042 2049 1733 2286 1212 2331 2075 2754 2670 1573 2925 1167 1354 1828 2005 2974 2831 892
698 1262 1716 2427 2181 2443 2700 986 1973 806 3338 2077 2690 1260 2644 1469 1682 1269 2377 639 581 2114 1940 1412 1638 2734 896 854 2216 1624 2630 2423 360 2695 2159 1656 2493 2053 1735 1483 2458 1171 642 2145 748 1480 2892 994 1079 945 1080 2280 2398 1789 2182 2095 2615 1162 2267 2136 2331 2118 2045 559 3316 2764 1498 1779 2229 1695 1660 1165 773 1894 2445 2452 1490 1284 946 2854 813 2075 2944 1468 2465 1828 1038 1179 2094 1639 1432 1626 1340 1888 2329 889 1712 2062 2718 1414 1054 2486 2226
2392 2381 2137 1005 1625 842 2258 2165 3038 2931 1940 1603 2132 2594 530 1599 2345 1982 1484 2449 2512 2581 1486 2600 1611 1539 2591 2991 885 1447 1526 1903 2695 360 2628 1439 952 1572 3136 3085 1768 1920 2956 3259 2308 2902 599 3096 2971 2281 2157 1260 1064 2919 1850 2493 1640 2125 1677 1968 3224 1044 3444 2890 2038 1586 2097 3243 840 2362 1776 1908 2424 1435 2398 2713 1617 2786 2466 1076 2359 1751 1438 1787 1852 1639 2777 1915 1274 2215 1856 3141 2336 1832 781 2990 1653 2709 462 2969 2871 1598 2344
2292 1267 976 2864 3085 2151 1176 1715 930 1926 2135 1385 1259 1273 2475 2147 871 1526 3151 1949 1976 416 2758 3025 1581 3438 2584 2651 2163 2197 3362 1220 2159 2628 360 1865 2071 1417 1235 1408 1362 2188 2184 1085 2065 1232 2865 2788 1686 2389 1586 1737 2881 956 1156 497 3421 2481 3187 1030 969 1992 1380 2210 2037 1752 2803 1326 2244 853 2710 1853 1777 2661 814 655 2271 2997 2550 3216 2315 1238 2044 2493 1294 1407 1569 1786 2743 978 2525 1337 2821 2971 2235 2688 1462 517 2572 1355 2828 3304 688
1438 1342 1260 1407 1585 1147 1905 1088 2121 1854 2202 1059 1829 1552 1362 743 1435 914 1645 1392 1456 1810 1262 1903 644 1944 1692 2027 928 716 1863 1518 1656 1439 1865 360 1207 1015 2141 2047 1469 1002 1899 2350 1286 1881 1660 2151 1896 1377 1079 1066 1411 1968 1313 1733 1916 1312 1687 1363 2383 822 2473 1842 2220 1630 1495 2242 958 1455 1289 851 1349 1163 1842 2060 859 2005 1585 1810 1409 1162 1733 1121 1519 863 1704 844 1238 1298 1180 2123 1636 1522 1041 2037 770 1888 1444 1930 1993 1799 1687
2282 1978 1643 1437 1959 502 1667 1891 2523 2635 1499 1060 1543 2185 783 1523 1852 1647 1887 2221 2284 2028 1716 2672 1245 2038 2529 2874 760 1408 2000 1312 2493 952 2071 1207 360 1039 2665 2655 1176 1830 2721 2736 2131 2459 1173 2997 2615 2210 1844 697 1483 2424 1279 1939 2101 2112 2037 1402 2676 756 2951 2672 1565 1033 2204 2774 825 1866 1917 1691 2150 1633 1812 2133 1598 2809 2415 1642 2253 1199 978 1837 1260 1171 2417 1673 1554 1734 1907 2689 2399 2064 713 2884 1231 2166 875 2543 2827 2028 1772
1959 1362 969 1849 2187 1100 1256 1427 1845 2091 1647 405 1174 1555 1422 1395 1177 1143 2201 1774 1831 1369 1877 2527 819 2447 2242 2502 1115 1365 2383 864 2053 1572 1417 1015 1039 360 1992 2001 819 1604 2232 2059 1752 1800 1810 2638 2015 1947 1338 704 1875 1746 683 1281 2458 1929 2284 775 2012 948 2272 2203 1635 1071 2146 2101 1200 1190 1942 1336 1658 1778 1251 1530 1513 2598 2153 2172 1943 547 1272 1775 864 585 1822 1289 1800 1066 1831 2024 2268 2166 1179 2523 708 1498 1520 1892 2539 2355 1149
2006 1171 1382 3185 3213 2703 2045 1613 711 1345 2977 1979 2116 983 3010 2265 1175 1610 3343 1650 1641 1231 2901 2768 1901 3678 2260 2162 2617 2376 3586 2006 1735 3136 1235 2141 2665 1992 360 631 2127 2153 1630 790 1841 646 3375 2282 1045 2185 1524 2335 3183 643 1855 1287 3614 2353 3314 1735 1025 2452 704 1693 2891 2528 2714 468 2680 1163 2739 1872 1502 2818 1686 1477 2366 2659 2278 3592 2071 1864 2805 2509 2078 1864 1061 1817 2960 1291 2512 493 2638 3006 2715 2207 1843 1077 3106 681 2423 3486 1519
1771 1066 1400 3073 3048 2676 2190 1443 957 1077 3083 1995 2245 855 2971 2121 1211 1496 3193 1425 1408 1392 2745 2526 1834 3536 2014 1895 2560 2244 3441 2096 1483 3085 1408 2047 2655 2001 631 360 2203 1972 1362 1061 1626 565 3320 2013 777 1964 1375 2337 3066 826 1916 1431 3460 2144 3147 1806 1292 2402 923 1428 3009 2597 2506 656 2615 1204 2558 1718 1292 2667 1842 1677 2211 2406 2041 3490 1844 1898 2862 2329 2164 1843 825 1670 2823 1298 2326 506 2412 2821 2664 1941 1799 1257 3065 477 2164 3331 1652
2401 1669 1191 2183 2595 1295 860 1842 1897 2434 1264 779 749 1827 1599 1851 1355 1556 2581 2183 2237 1332 2297 2986 1274 2792 2688 2925 1429 1811 2738 507 2458 1768 1362 1469 1176 819 2127 2203 360 2062 2610 2081 2185 1998 1987 3063 2307 2400 1738 907 2219 1851 655 1249 2826 2388 2688 756 1966 1291 2350 2592 1222 760 2603 2233 1516 1360 2389 1785 2050 2200 1015 1352 1968 3052 2604 2446 2388 743 1045 2230 444 1026 2126 1733 2195 1295 2288 2190 2727 2603 1453 2948 1153 1491 1690 2108 2982 2733 1035
833 1380 1588 1616 1442 1748 2445 901 2256 1516 2842 1643 2390 1534 1893 683 1683 1022 1609 987 1039 2133 1159 1284 1148 1963 1059 1433 1488 833 1862 2083 1171 1920 2188 1002 1830 1604 2153 1972 2062 360 1451 2474 792 1867 2101 1545 1678 740 1005 1707 1587 2074 1852 2076 1866 686 1539 1864 2580 1433 2497 1371 2854 2265 974 2234 1481 1702 947 694 1056 1099 2302 2440 679 1364 946 2043 800 1709 2375 717 2100 1401 1527 762 1290 1570 720 2088 1032 1212 1594 1435 1276 2156 1956 1865 1357 1735 2108
966 1337 1821 2707 2461 2680 2801 1190 1911 645 3505 2252 2807 1271 2897 1741 1748 1456 2659 867 804 2145 2223 1621 1846 3016 1115 895 2466 1896 2912 2558 642 2956 2184 1899 2721 2232 1630 1362 2610 1451 360 2056 1022 1410 3158 1011 945 1221 1256 2486 2678 1737 2323 2140 2895 1439 2546 2262 2267 2357 1909 455 3472 2940 1766 1653 2484 1758 1941 1411 937 2177 2517 2480 1768 1452 1191 3134 1091 2230 3139 1750 2607 2011 984 1415 2376 1732 1714 1508 1588 2163 2578 941 1903 2069 2973 1319 1185 2767 2299
2394 1454 1486 3395 3498 2797 1879 1935 589 1771 2852 2036 1975 1312 3117 2538 1285 1868 3607 2030 2030 1109 3177 3158 2083 3927 2658 2585 2760 2629 3840 1942 2145 3259 1085 2350 2736 2059 790 1061 2081 2474 2056 360 2208 1025 3499 2708 1472 2555 1829 2399 3401 760 1848 1191 3880 2706 3601 1721 618 2589 693 2116 2748 2475 3062 802 2832 1267 3051 2166 1871 3088 1521 1234 2649 3064 2666 3783 2449 1899 2765 2821 2016 1984 1467 2105 3210 1422 2834 921 3009 3320 2847 2630 1996 949 3215 1098 2838 3755 1412
592 1169 1531 2046 1848 2072 2488 725 2007 1091 3037 1782 2459 1258 2261 1080 1557 995 2029 570 612 2014 1583 1327 1309 2385 887 1115 1837 1236 2283 2171 748 2308 2065 1286 2131 1752 1841 1626 2185 792 1022 2208 360 1560 2503 1248 1285 706 852 1942 2019 1819 1929 1977 2279 878 1940 1905 2354 1747 2178 946 3027 2457 1240 1909 1846 1574 1332 801 699 1528 2277 2345 1107 1294 844 2475 610 1805 2615 1119 2204 1528 1162 831 1722 1478 1096 1757 1161 1581 1948 1132 1404 1998 2333 1531 1165 2148 2065
1733 900 1196 2918 2930 2484 1996 1327 861 1127 2880 1793 2047 700 2783 1985 1005 1338 3063 1372 1367 1210 2619 2496 1654 3401 1994 1930 2378 2100 3307 1891 1480 2902 1232 1881 2459 1800 646 565 1998 1867 1410 1025 1560 360 3138 2057 843 1905 1241 2138 2914 691 1710 1241 3333 2069 3030 1601 1218 2217 990 1461 2807 2392 2429 731 2437 998 2453 1589 1220 2537 1652 1512 2084 2399 2005 3330 1793 1694 2656 2223 1959 1648 802 1536 2684 1095 2226 602 2358 2720 2480 1973 1610 1087 2878 484 2174 3204 1457
2569 2615 2377 1030 1659 1075 2470 2381 3278 3145 2071 1841 2341 2828 753 1785 2585 2209 1483 2654 2716 2819 1577 2719 1845 1464 2753 3164 1119 1630 1472 2126 2892 599 2865 1660 1173 1810 3375 3320 1987 2101 3158 3499 2503 3138 360 3263 3196 2450 2380 1493 1090 3158 2084 2730 1592 2281 1693 2202 3462 1282 3684 3088 2180 1775 2213 3481 1067 2601 1890 2117 2638 1544 2626 2944 1789 2918 2626 947 2536 1987 1594 1931 2072 1879 3004 2129 1358 2455 1999 3378 2463 1906 1019 3160 1891 2948 658 3203 3023 1574 2577
956 1896 2347 2703 2298 2926 3329 1581 2558 1297 3924 2667 3314 1880 3078 1868 2317 1866 2523 1248 1202 2744 2146 1186 2197 2864 873 500 2672 2014 2761 3038 994 3096 2788 2151 2997 2638 2282 2013 3063 1545 1011 2708 1248 2057 3263 360 1597 1175 1691 2828 2661 2381 2796 2728 2715 1348 2360 2758 2915 2605 2556 955 3912 3345 1543 2304 2666 2329 1819 1683 1403 2134 3079 3082 1839 948 1001 3105 1107 2680 3501 1705 3076 2413 1621 1719 2343 2272 1644 2159 1293 1967 2779 475 2291 2685 3138 1969 675 2596 2860
1390 1013 1476 2866 2759 2610 2396 1199 1338 660 3211 2021 2427 841 2878 1883 1338 1350 2925 1075 1043 1655 2474 2131 1740 3277 1615 1478 2450 2023 3177 2225 1079 2971 1686 1896 2615 2015 1045 777 2307 1678 945 1472 1285 843 3196 1597 360 1603 1177 2325 2850 1174 2011 1670 3184 1799 2855 1922 1689 2308 1332 1011 3154 2680 2158 1071 2491 1340 2251 1483 982 2406 2074 1976 1954 1999 1654 3292 1476 1956 2919 2029 2285 1820 557 1452 2581 1373 2015 923 2038 2505 2560 1523 1744 1552 2966 739 1750 3053 1864
501 1506 1827 1912 1602 2128 2748 1033 2353 1371 3207 1983 2706 1604 2265 1058 1877 1262 1806 898 920 2336 1384 997 1488 2161 678 1074 1866 1200 2057 2406 945 2281 2389 1377 2210 1947 2185 1964 2400 740 1221 2555 706 1905 2450 1175 1603 360 1162 2078 1875 2165 2168 2292 2036 578 1684 2162 2699 1814 2520 1129 3213 2628 919 2250 1855 1895 1084 976 1045 1353 2567 2662 1023 1013 568 2328 492 2032 2750 915 2429 1733 1498 1033 1560 1786 867 2097 814 1302 1971 1070 1606 2330 2323 1872 976 1908 2361
1084 734 1039 2065 2048 1820 2004 489 1610 1152 2620 1360 1984 901 2071 1106 1075 560 2182 805 858 1533 1737 1799 959 2522 1380 1552 1639 1230 2428 1707 1080 2157 1586 1079 1844 1338 1524 1375 1738 1005 1256 1829 852 1241 2380 1691 1177 1162 360 1592 2055 1428 1465 1490 2451 1265 2150 1428 1937 1506 1869 1225 2596 2049 1606 1613 1676 1092 1584 707 680 1656 1784 1859 1202 1786 1331 2488 1096 1355 2242 1353 1747 1116 988 655 1808 987 1365 1475 1598 1852 1751 1578 1007 1533 2157 1261 1652 2323 1572
2124 1678 1312 1636 2070 778 1407 1659 2186 2373 1498 723 1294 1878 1100 1437 1521 1391 2041 2001 2063 1692 1786 2605 1002 2245 2390 2697 882 1358 2192 1024 2280 1260 1737 1066 697 704 2335 2337 907 1707 2486 2399 1942 2138 1493 2828 2325 2078 1592 360 1672 2090 950 1603 2281 2017 2159 1070 2340 756 2616 2446 1523 933 2173 2444 969 1534 1922 1504 1909 1692 1503 1813 1537 2711 2287 1908 2099 862 1034 1796 985 865 2129 1471 1665 1407 1861 2365 2335 2111 909 2712 949 1829 1197 2227 2691 2191 1444
2011 2374 2297 420 930 1341 2718 2011 3172 2730 2595 1918 2607 2577 1180 1328 2482 1935 781 2205 2261 2827 885 2031 1682 934 2149 2579 1150 1188 881 2327 2398 1064 2881 1411 1483 1875 3183 3066 2219 1587 2678 3401 2019 2914 1090 2661 2850 1875 2055 1672 360 3019 2197 2744 977 1676 974 2288 3426 1295 3519 2597 2676 2155 1532 3281 1062 2502 1216 1727 2239 886 2766 3037 1274 2249 2021 816 1984 2061 2075 1321 2295 1834 2674 1764 677 2345 1378 3154 1792 1185 1141 2568 1785 2922 1160 2950 2392 909 2654
2014 1054 1144 3016 3100 2471 1763 1536 548 1456 2694 1729 1832 920 2785 2141 934 1471 3212 1649 1654 949 2780 2777 1709 3536 2286 2252 2408 2236 3448 1727 1789 2919 956 1968 2424 1746 643 826 1851 2074 1737 760 1819 691 3158 2381 1174 2165 1428 2090 3019 360 1585 1004 3485 2310 3203 1463 903 2239 887 1785 2608 2252 2664 744 2476 919 2651 1766 1485 2692 1405 1213 2251 2697 2285 3411 2063 1606 2532 2421 1799 1639 1120 1705 2818 1063 2434 741 2619 2919 2501 2294 1634 800 2882 802 2483 3360 1235
2152 1374 895 2169 2507 1368 957 1576 1650 2141 1560 639 899 1531 1691 1680 1065 1294 2524 1910 1962 1116 2194 2774 1072 2770 2443 2657 1426 1668 2706 602 2182 1850 1156 1313 1279 683 1855 1916 655 1852 2323 1848 1929 1710 2084 2796 2011 2168 1465 950 2197 1585 360 1027 2782 2178 2605 487 1765 1265 2098 2309 1513 1041 2424 1962 1513 1071 2241 1552 1771 2095 930 1224 1803 2821 2367 2480 2144 510 1310 2061 644 818 1830 1494 2123 999 2113 1911 2524 2474 1480 2682 937 1263 1787 1818 2732 2679 853
2206 1194 854 2727 2955 2016 1121 1620 1014 1892 2055 1249 1188 1230 2340 2023 780 1415 3017 1872 1903 449 2629 2929 1449 3303 2500 2589 2026 2069 3227 1112 2095 2493 497 1733 1939 1281 1287 1431 1249 2076 2140 1191 1977 1241 2730 2728 1670 2292 1490 1603 2744 1004 1027 360 3287 2376 3057 900 1098 1855 1469 2159 1965 1645 2691 1385 2107 764 2588 1742 1702 2532 771 729 2147 2911 2460 3079 2225 1103 1934 2374 1185 1270 1537 1674 2609 869 2408 1377 2719 2847 2098 2625 1328 602 2437 1365 2752 3172 592
2175 2806 2816 1024 794 1959 3322 2377 3651 3010 3204 2503 3215 2992 1777 1709 2984 2374 633 2485 2531 3365 1075 1949 2200 539 2236 2666 1760 1610 481 2928 2615 1640 3421 1916 2101 2458 3614 3460 2826 1866 2895 3880 2279 3333 1592 2715 3184 2036 2451 2281 977 3485 2782 3287 360 1817 716 2865 3933 1895 3957 2804 3290 2773 1534 3705 1674 3004 1314 2104 2562 1156 3348 3600 1609 2197 2118 1050 2164 2641 2687 1519 2901 2388 3029 2157 1038 2848 1545 3566 1782 1110 1758 2643 2319 3444 1742 3349 2410 490 3219
718 1630 1894 1717 1383 2018 2770 1143 2496 1581 3155 1969 2717 1753 2124 950 1971 1323 1589 1085 1116 2427 1174 958 1474 1944 835 1263 1746 1070 1840 2410 1162 2125 2481 1312 2112 1929 2353 2144 2388 686 1439 2706 878 2069 2281 1348 1799 578 1265 2017 1676 2310 2178 2376 1817 360 1466 2188 2835 1716 2692 1347 3172 2581 722 2424 1724 1990 866 1004 1213 1150 2619 2743 882 1057 707 2126 708 2035 2679 716 2426 1728 1681 1069 1359 1867 659 2273 708 1085 1845 1252 1603 2437 2175 2047 1105 1689 2421
1823 2514 2573 1034 463 1897 3172 2066 3375 2669 3172 2330 3075 2691 1783 1423 2727 2093 580 2148 2192 3131 789 1606 1970 867 1880 2310 1657 1350 767 2775 2267 1677 3187 1687 2037 2284 3314 3147 2688 1539 2546 3601 1940 3030 1693 2360 2855 1684 2150 2159 974 3203 2605 3057 716 1466 360 2675 3671 1763 3659 2454 3242 2692 1179 3401 1578 2747 968 1803 2235 885 3159 3387 1312 1852 1762 1251 1814 2458 2649 1185 2757 2182 2707 1860 853 2595 1203 3259 1428 754 1684 2287 2098 3196 1772 3038 2057 596 3013
2133 1297 809 2264 2576 1487 945 1545 1524 2067 1650 735 915 1440 1810 1717 959 1271 2603 1870 1919 989 2258 2779 1103 2859 2427 2618 1529 1719 2792 662 2136 1968 1030 1363 1402 775 1735 1806 756 1864 2262 1721 1905 1601 2202 2758 1922 2162 1428 1070 2288 1463 487 900 2865 2188 2675 360 1638 1364 1973 2253 1592 1153 2451 1842 1615 963 2285 1551 1723 2158 844 1115 1842 2814 2357 2586 2130 587 1429 2095 723 859 1746 1490 2199 909 2143 1795 2536 2525 1589 2646 966 1136 1907 1712 2711 2758 737
2554 1565 1488 3415 3568 2751 1703 2053 718 1983 2682 1983 1810 1458 3074 2609 1309 1945 3660 2190 2197 1009 3243 3317 2104 3967 2829 2788 2743 2686 3885 1821 2331 3224 969 2383 2676 2012 1025 1292 1966 2580 2267 618 2354 1218 3462 2915 1689 2699 1937 2340 3426 903 1765 1098 3933 2835 3671 1638 360 2571 942 2320 2570 2349 3183 1053 2820 1289 3145 2259 2024 3150 1359 1039 2726 3240 2825 3786 2601 1839 2641 2917 1894 1971 1658 2195 3256 1445 2937 1158 3152 3412 2822 2832 2002 875 3172 1310 3026 3811 1291
1889 1701 1462 1265 1673 684 1786 1535 2365 2296 1845 989 1680 1914 931 1127 1667 1319 1649 1852 1915 1941 1393 2282 932 1870 2132 2484 532 1016 1811 1393 2118 1044 1992 822 756 948 2452 2402 1291 1433 2357 2589 1747 2217 1282 2605 2308 1814 1506 756 1295 2239 1265 1855 1895 1716 1763 1364 2571 360 2763 2303 1889 1310 1823 2559 612 1685 1552 1313 1797 1301 1835 2118 1205 2414 2019 1585 1859 1136 1340 1451 1365 964 2112 1302 1269 1535 1520 2457 2009 1725 623 2492 969 2056 1023 2286 2430 1801 1737
2332 1512 1671 3519 3558 2998 2191 1957 814 1630 3155 2254 2279 1327 3312 2608 1461 1949 3686 1982 1968 1394 3244 3089 2224 4020 2577 2444 2931 2717 3928 2218 2045 3444 1380 2473 2951 2272 704 923 2350 2497 1909 693 2178 990 3684 2556 1332 2520 1869 2616 3519 887 2098 1469 3957 2692 3659 1973 942 2763 360 1981 3057 2750 3054 629 2997 1446 3084 2216 1839 3161 1830 1559 2710 2969 2603 3922 2402 2128 3035 2853 2291 2165 1385 2161 3301 1589 2856 783 2970 3350 3025 2490 2156 1230 3409 1007 2722 3829 1699
873 1342 1819 2626 2370 2627 2802 1147 1963 711 3483 2225 2802 1296 2835 1667 1759 1422 2569 811 747 2169 2136 1529 1805 2926 1021 829 2406 1822 2822 2547 559 2890 2210 1842 2672 2203 1693 1428 2592 1371 455 2116 946 1461 3088 955 1011 1129 1225 2446 2597 1785 2309 2159 2804 1347 2454 2253 2320 2303 1981 360 3454 2913 1671 1722 2421 1769 1850 1352 905 2092 2528 2505 1689 1366 1096 3053 999 2210 3105 1663 2593 1980 1026 1360 2292 1734 1625 1574 1492 2071 2518 874 1869 2100 2910 1377 1104 2676 2309
3234 2526 2040 2626 3164 1705 1229 2695 2608 3294 504 1605 1138 2673 1882 2598 2183 2409 3088 3039 3094 2029 2912 3764 2088 3208 3513 3775 1955 2522 3183 1289 3316 2038 2037 2220 1565 1635 2891 3009 1222 2854 3472 2748 3027 2807 2180 3912 3154 3213 2596 1523 2676 2608 1513 1965 3290 3172 3242 1592 2570 1889 3057 3454 360 951 3337 2990 2028 2184 3079 2609 2910 2824 1587 1890 2700 3857 3420 2749 3216 1603 963 2959 1231 1859 2978 2563 2758 2142 3024 2974 3495 3252 1918 3797 1983 2191 1936 2924 3812 3225 1732
2657 2032 1570 2110 2609 1174 1103 2139 2296 2785 940 1048 969 2203 1417 2007 1747 1855 2553 2485 2542 1726 2342 3173 1510 2711 2932 3210 1395 1932 2673 893 2764 1586 1752 1630 1033 1071 2528 2597 760 2265 2940 2475 2457 2392 1775 3345 2680 2628 2049 933 2155 2252 1041 1645 2773 2581 2692 1153 2349 1310 2750 2913 951 360 2746 2634 1474 1753 2494 2031 2368 2251 1366 1708 2110 3269 2836 2299 2636 1084 652 2369 819 1296 2493 1988 2201 1675 2434 2589 2904 2675 1377 3230 1415 1887 1493 2500 3232 2697 1424
1041 1978 2201 1583 1114 2090 3021 1489 2849 1930 3304 2189 2955 2110 2130 1112 2297 1636 1341 1446 1475 2747 1007 865 1712 1681 1063 1491 1811 1174 1578 2644 1498 2097 2803 1495 2204 2146 2714 2506 2603 974 1766 3062 1240 2429 2213 1543 2158 919 1606 2173 1532 2664 2424 2691 1534 722 1179 2451 3183 1823 3054 1671 3337 2746 360 2786 1768 2316 683 1309 1575 1029 2903 3053 999 1076 951 1953 1050 2276 2804 737 2651 1966 2043 1377 1223 2185 675 2635 622 784 1893 1468 1848 2769 2164 2409 1246 1414 2716
2063 1267 1491 3284 3300 2811 2140 1696 778 1371 3078 2088 2214 1072 3118 2357 1284 1707 3435 1712 1699 1325 2990 2821 2005 3772 2309 2188 2724 2471 3679 2111 1779 3243 1326 2242 2774 2101 468 656 2233 2234 1653 802 1909 731 3481 2304 1071 2250 1613 2444 3281 744 1962 1385 3705 2424 3401 1842 1053 2559 629 1722 2990 2634 2786 360 2786 1271 2821 1960 1571 2909 1780 1557 2455 2703 2333 3693 2132 1973 2911 2591 2182 1972 1115 1907 3055 1399 2592 513 2700 3086 2822 2234 1949 1168 3214 737 2460 3576 1618
1952 1909 1705 1026 1497 692 2016 1685 2607 2451 1965 1239 1904 2122 775 1158 1908 1502 1442 1976 2040 2193 1251 2253 1142 1635 2172 2553 448 1016 1583 1628 2229 840 2244 958 825 1200 2680 2615 1516 1481 2484 2832 1846 2437 1067 2666 2491 1855 1676 969 1062 2476 1513 2107 1674 1724 1578 1615 2820 612 2997 2421 2028 1474 1768 2786 360 1926 1468 1433 1945 1170 2082 2370 1202 2411 2051 1333 1920 1387 1444 1416 1594 1210 2298 1437 1090 1774 1487 2678 1981 1600 485 2556 1201 2306 849 2499 2462 1588 1989
1802 792 585 2493 2644 1912 1419 1221 1040 1526 2250 1176 1446 866 2226 1690 380 1043 2731 1468 1500 800 2318 2532 1179 3039 2096 2189 1855 1759 2956 1259 1695 2362 853 1455 1866 1190 1163 1204 1360 1702 1758 1267 1574 998 2601 2329 1340 1895 1092 1534 2502 919 1071 764 3004 1990 2747 963 1289 1685 1446 1769 2184 1753 2316 1271 1926 360 2241 1369 1298 2224 1119 1131 1810 2508 2058 2876 1823 1063 2019 2019 1324 1082 1180 1302 2327 516 2046 1204 2328 2506 1945 2224 1088 816 2324 1108 2347 2883 901
1224 1957 2094 1265 880 1796 2835 1486 2830 2060 3037 1987 2757 2119 1816 931 2221 1562 1082 1541 1583 2654 691 1188 1542 1437 1315 1750 1519 938 1333 2447 1660 1776 2710 1289 1917 1942 2739 2558 2389 947 1941 3051 1332 2453 1890 1819 2251 1084 1584 1922 1216 2651 2241 2588 1314 866 968 2285 3145 1552 3084 1850 3079 2494 683 2821 1468 2241 360 1246 1635 706 2755 2940 805 1394 1189 1649 1211 2091 2527 590 2445 1787 2109 1310 903 2097 595 2675 937 628 1593 1733 1679 2697 1845 2452 1539 1185 2582
985 1073 1254 1742 1702 1638 2136 644 1944 1391 2611 1371 2091 1249 1845 764 1350 687 1836 903 967 1798 1390 1588 881 2178 1265 1554 1414 899 2082 1790 1165 1908 1853 851 1691 1336 1872 1718 1785 694 1411 2166 801 1589 2117 1683 1483 976 707 1504 1727 1766 1552 1742 2104 1004 1803 1551 2259 1313 2216 1352 2609 2031 1309 1960 1433 1369 1246 360 885 1309 1975 2106 855 1630 1178 2169 966 1415 2177 1018 1813 1119 1307 427 1468 1235 1039 1821 1352 1514 1527 1568 992 1824 1922 1605 1563 1975 1778
891 870 1304 2258 2139 2117 2287 622 1673 867 2938 1679 2277 925 2351 1270 1284 879 2303 532 562 1729 1852 1653 1270 2655 1174 1262 1918 1416 2555 2011 773 2424 1777 1349 2150 1658 1502 1292 2050 1056 937 1871 699 1220 2638 1403 982 1045 680 1909 2239 1485 1771 1702 2562 1213 2235 1723 2024 1797 1839 905 2910 2368 1575 1571 1945 1298 1635 885 360 1785 2038 2066 1335 1589 1161 2687 938 1667 2562 1411 2054 1436 834 869 1963 1230 1401 1419 1499 1894 2030 1294 1326 1695 2433 1194 1410 2432 1820
1491 2010 2048 929 783 1503 2673 1586 2860 2255 2770 1824 2582 2196 1486 912 2204 1580 886 1726 1778 2605 459 1534 1445 1232 1622 2053 1233 825 1134 2277 1894 1435 2661 1163 1633 1778 2818 2667 2200 1099 2177 3088 1528 2537 1544 2134 2406 1353 1656 1692 886 2692 2095 2532 1156 1150 885 2158 3150 1301 3161 2092 2824 2251 1029 2909 1170 2224 706 1309 1785 360 2641 2863 816 1738 1494 1335 1467 1946 2251 797 2264 1662 2244 1361 568 2071 851 2771 1281 790 1292 2041 1574 2672 1508 2555 1867 1028 2490
2509 1546 1105 2739 3059 1917 722 1912 1384 2282 1690 1208 814 1618 2233 2185 1129 1665 3087 2202 2240 815 2740 3198 1573 3339 2805 2939 1995 2197 3274 868 2445 2398 814 1842 1812 1251 1686 1842 1015 2302 2517 1521 2277 1652 2626 3079 2074 2567 1784 1503 2766 1405 930 771 3348 2619 3159 844 1359 1835 1830 2528 1587 1366 2903 1780 2082 1119 2755 1975 2038 2641 360 701 2310 3207 2750 3046 2516 1067 1658 2558 933 1339 1931 1910 2683 1167 2602 1783 2967 3000 2044 2972 1437 971 2327 1776 3074 3242 578
2574 1556 1212 3014 3286 2231 1025 1989 1140 2221 2003 1490 1138 1569 2551 2371 1147 1781 3334 2237 2265 698 2961 3299 1778 3604 2867 2944 2285 2405 3533 1204 2452 2713 655 2060 2133 1530 1477 1677 1352 2440 2480 1234 2345 1512 2944 3082 1976 2662 1859 1813 3037 1213 1224 729 3600 2743 3387 1115 1039 2118 1559 2505 1890 1708 3053 1557 2370 1131 2940 2106 2066 2863 701 360 2496 3279 2829 3341 2594 1342 1999 2729 1272 1572 1864 2038 2926 1237 2766 1592 3087 3195 2343 2981 1649 785 2647 1635 3116 3489 742
1139 1562 1654 1299 1209 1498 2399 1129 2424 1818 2672 1557 2326 1743 1605 486 1790 1143 1341 1291 1347 2215 894 1437 1098 1687 1335 1735 1225 550 1590 2015 1490 1617 2271 859 1598 1513 2366 2211 1968 679 1768 2649 1107 2084 1789 1839 1954 1023 1202 1537 1274 2251 1803 2147 1609 882 1312 1842 2726 1205 2710 1689 2700 2110 999 2455 1202 1810 805 855 1335 816 2310 2496 360 1574 1211 1728 1107 1653 2180 622 2018 1346 1789 909 988 1662 684 2316 1164 1059 1323 1733 1236 2265 1661 2099 1621 1480 2138
945 2093 2463 2299 1805 2712 3400 1657 2884 1709 3846 2635 3360 2147 2800 1647 2491 1908 2038 1417 1404 2946 1723 612 2139 2359 774 972 2439 1764 2259 3060 1284 2786 2997 2005 2809 2598 2659 2406 3052 1364 1452 3064 1294 2399 2918 948 1999 1013 1786 2711 2249 2697 2821 2911 2197 1057 1852 2814 3240 2414 2969 1366 3857 3269 1076 2703 2411 2508 1394 1630 1589 1738 3207 3279 1574 360 817 2668 1050 2686 3375 1361 3083 2386 1959 1687 1938 2412 1291 2551 817 1473 2534 930 2259 2923 2844 2337 645 2088 2997
512 1653 2006 2062 1689 2330 2943 1202 2473 1392 3415 2188 2904 1726 2457 1258 2042 1450 1907 996 997 2499 1511 852 1695 2257 488 921 2066 1394 2153 2607 946 2466 2550 1585 2415 2153 2278 2041 2604 946 1191 2666 844 2005 2626 1001 1654 568 1331 2287 2021 2285 2367 2460 2118 707 1762 2357 2825 2019 2603 1096 3420 2836 951 2333 2051 2058 1189 1178 1161 1494 2750 2829 1211 817 360 2468 595 2233 2958 1063 2632 1937 1578 1233 1703 1959 1003 2180 756 1369 2169 906 1810 2483 2512 1958 772 1994 2541
