140 2657 2076 954 2130 1915 864 1688 1752 986 789 2300 770 2252 2153 488 2074 480 2509 2314 1332 1313 1625 726 2738 1838 1212 389 3125 751 1963 1108 1521 2194 1944 2163 2953 2350 1582 2503 1273 2097 1863 1347 1324 2319 2763 1386 886 1809 2356 641 911 892 2416 1243 2355 856 1481 1489 617 2723 2172 398 1683 1811 1430 2727 1052 1826 1867 2029 1339 2442 815 1082 619 3317 2207 2363 2323 2365 554 2583 1649 1279 1880 1443 3283 1405 1414 2722 2273 1456 1858 2238 1723 437 2324 1378 2073 1836 2173 3029 1420 1149 1716 1303 913 2954 2032 2162 2935 1876 2299 788 2395 1655 1759 3135 554 1931 2444 2508 1864 2045 2180 1002 1017 525 639 2294 2116 1619 2175 1854 3350 1463 2335 2932 1449 2627 805 2417 1896 2000 1744 900 2832 1110 1514 1200 554 2334 1748 1808 793 1256 1225 2931 2537 1738 2533 913 888 2975 809 1941 1745 931 759 1979 1857 760 3004 1823 1206 1440 259 1572 2860 2118 1598 1773 1664 2778 2004 1746 1904 813 1439 2218 406 2109 840 1196 2035 745 1889 522 1222 1425 2111 1797 1524 2050 1791 2673 894 1692 2560 1619 2047 1914 2615 900 330 767 802 2460 494 2087 2325 2862 1459 2107 1858 522 2292 991 1509 403 660 1856 2551 1821
2757 360 1524 3570 894 2731 2472 1505 1844 3591 3292 2142 2405 843 2229 2796 963 2782 877 726 2521 2389 2929 2619 924 2147 2760 2990 879 3267 2870 3049 1810 2536 1805 2922 662 1961 2974 775 2414 2285 2284 2301 2700 1999 797 2294 2175 2153 709 3205 2597 2159 2601 1774 1044 2431 2377 2515 3225 1018 895 3008 1334 1923 2735 449 3211 2357 1732 2820 1744 2822 3296 2658 2871 1045 811 2575 2126 1604 3172 959 1533 1997 2381 2849 990 1693 2769 974 2221 2197 2347 2666 2078 3051 2080 1816 1058 2089 2618 771 2384 3762 1367 2123 3414 961 2704 1848 642 1322 2465 2488 2064 2286 1994 876 2989 2075 1183 697 1548 1239 1587 2332 3630 3092 2693 2361 1916 2569 2059 1672 1063 1856 2091 1016 2721 1086 2820 1591 1130 2281 1372 2452 890 2887 1834 2917 3016 1591 2560 2252 3371 1762 2179 852 2781 2128 1540 3049 3134 947 2465 1589 1280 3533 2705 1368 2751 2572 927 2642 2736 2800 2841 2532 600 1026 2500 2317 2635 533 1238 1723 1382 3256 2482 2783 2965 2239 3299 1998 2676 2302 2167 2691 2169 2415 2848 2582 1796 2548 1868 791 3132 2476 1587 2383 2380 2136 500 2146 2886 2288 2220 966 2531 1048 2055 627 1687 2465 2414 3138 1335 3032 1513 2690 2361 1395 808 1295
2176 1524 360 2947 1180 1578 2227 1710 759 2896 2814 1020 1683 1517 2710 2351 1373 2079 1819 1219 1498 1387 1831 1836 1993 998 1769 2358 1748 2520 1717 2839 1942 2966 2242 1758 1783 2598 1889 1728 1425 1122 1130 1300 1674 902 1908 2355 1831 2468 1201 2502 2378 1805 1464 1416 860 1641 2483 1442 2644 1151 1458 2385 1237 2267 2755 1532 2308 2647 620 1660 1164 1673 2521 1717 2476 1941 1308 3072 1014 2323 2557 1058 857 1967 1226 2849 1973 1640 2774 2024 1086 2305 1194 1505 962 2464 973 1814 1561 942 1455 1916 1341 3146 962 2132 2634 1434 3017 708 1694 760 2961 2198 2701 2498 2299 1772 2259 2469 819 1198 1935 1762 2199 2160 3019 2559 1934 1220 2439 2715 912 596 2005 1947 2692 1377 1658 2059 1977 2341 1119 2674 1573 2227 1333 1932 927 2787 2290 637 1426 2551 2829 1374 1277 1472 3300 1003 819 2176 2282 1467 1687 497 1323 2838 1891 592 2970 1784 1518 1498 1747 2811 2232 1436 1584 1582 1398 1178 2789 1523 1717 2027 656 2468 2551 1619 2433 1078 2512 1891 2997 1893 2524 1987 1274 1368 1685 1440 913 2907 2202 1236 2791 2676 850 1278 2776 2511 1396 1565 2249 1895 1776 969 2021 913 952 1791 1017 2870 1262 2516 2054 2772 1363 2050 1810 1751 1793 1558
1054 3570 2947 360 3044 2529 1614 2564 2593 575 806 3075 1625 3156 2845 1184 2983 1228 3402 3229 2024 2055 2149 1485 3627 2612 1808 956 4040 873 2534 1448 2356 2806 2736 2735 3865 3103 2082 3402 2011 2838 2605 2115 1943 3119 3661 2095 1775 2526 3271 827 1576 1786 3098 2157 3259 1671 2150 2173 709 3627 3078 932 2596 2586 1955 3641 1341 2484 2719 2622 2246 3070 925 1740 1179 4232 3119 2974 3100 3180 762 3488 2549 2109 2597 1913 4197 2294 1923 3608 3032 2190 2584 2891 2518 879 3110 2240 2971 2624 2835 3938 2153 558 2628 2086 883 3864 2584 2986 3849 2780 2936 1558 3129 2341 2520 4050 1066 2663 3338 3422 2711 2924 3000 1777 435 861 1383 3024 2879 2209 2962 2717 4265 2296 3061 3839 2055 3503 1413 3233 2810 2678 2637 1648 3742 1641 2380 1632 1034 3192 2413 2498 635 2171 2048 3843 3106 2521 3397 1330 1226 3885 1623 2810 2656 586 1455 2872 2383 1535 3916 2463 1814 1933 1097 2247 3775 3016 2283 2508 2228 3693 2886 2571 2800 984 2072 2836 977 2861 957 2046 2596 1639 2599 1320 2049 2147 2701 2455 2395 2652 2580 3584 1150 2314 3419 2340 2698 2631 3529 1809 1065 1656 1711 3366 1400 2998 3115 3771 2359 2736 2565 799 3146 1343 2420 1269 1575 2730 3447 2715
2230 894 1180 3044 360 2305 1993 1112 1405 3059 2782 1840 1871 697 2027 2285 582 2248 1007 547 2024 1890 2454 2086 1203 1732 2251 2460 1360 2733 2443 2592 1415 2316 1559 2522 1196 1846 2492 926 1911 1921 1871 1805 2201 1716 1146 1899 1666 1861 597 2671 2127 1648 2281 1248 873 1899 2003 2037 2701 1130 642 2479 812 1634 2340 958 2683 2061 1320 2406 1211 2484 2761 2140 2370 1549 493 2392 1833 1536 2644 991 1028 1556 1968 2451 1513 1223 2371 1225 1905 1816 1930 2303 1639 2525 1791 1372 779 1675 2246 1293 1897 3238 842 1702 2879 1263 2429 1528 1166 855 2278 1999 1953 1952 1689 1367 2455 1820 1056 779 1255 1002 1440 1866 3106 2573 2159 2037 1727 2217 1730 1253 1580 1448 1957 1272 2234 1243 2289 1547 596 2033 959 1976 1145 2368 1340 2479 2481 1354 2116 1956 2853 1233 1665 1205 2615 1693 1398 2519 2602 1272 1932 1194 784 3001 2173 965 2435 2039 1285 2206 2226 2405 2311 2064 1090 786 2037 1886 2289 1008 969 1400 944 2722 2097 2405 2444 1882 2765 1533 2405 1787 1896 2156 1655 1929 2446 2145 1300 2292 1570 976 2645 2143 1448 1925 2137 1873 845 1612 2355 1774 1698 896 2007 627 1769 1131 1163 2229 1995 2610 1257 2562 1001 2158 1832 1068 992 900
2015 2731 1578 2529 2305 360 2473 2527 1259 2385 2619 1161 1597 2623 3456 2327 2440 1803 2946 2397 955 1025 784 1551 3148 943 1088 2080 2957 2017 499 2951 2622 3637 3045 630 2999 3467 862 2871 1050 895 808 1048 959 1289 3083 2849 2142 3138 2392 2074 2602 2118 956 1967 2078 1475 2983 807 2353 2336 2546 2111 2124 3002 3116 2746 1590 3262 1359 486 1714 901 1973 1195 2472 3145 2438 3781 1191 3280 2243 2266 1674 2510 711 3172 3186 2311 3117 3169 1076 2853 744 732 1025 2215 1229 2444 2590 1001 690 3131 932 2701 1883 2649 2049 2619 3586 1318 2912 1809 3683 2407 3556 3082 3000 2983 1866 3196 2012 2414 2786 2735 3116 2503 2604 2358 1636 986 3259 3197 1141 1421 3213 2596 3525 2552 838 3172 1508 3313 2147 3363 2446 2493 2532 1248 1381 2993 1894 1628 573 3192 2545 1928 1259 2675 3999 972 1806 1560 1669 2656 1509 1501 2239 2338 1518 1725 3469 1524 2711 473 1086 3151 2034 727 2802 2625 719 778 3264 2740 2683 2799 1725 1912 3003 668 2270 943 1946 2401 3577 2100 3213 1753 1270 910 562 529 1421 3531 2947 2451 2768 3212 1792 782 3449 3216 2609 1762 2002 2119 2005 2186 2045 2064 1249 2998 1635 3536 676 2203 3054 2844 2125 1882 1887 2643 2937 2473
964 2472 2227 1614 1993 2473 360 1363 2015 1724 1231 2639 1242 2011 1650 801 1869 1235 2209 2178 1883 1810 2280 1361 2424 2216 1867 1198 2980 1568 2554 977 1114 1694 1482 2741 2746 1866 2255 2228 1783 2500 2287 1804 1944 2613 2478 881 757 1308 2230 1448 511 784 2871 1184 2354 1367 978 2026 1281 2704 1944 1193 1552 1336 1004 2553 1856 1322 2089 2598 1424 2953 1637 1711 802 3157 2030 1862 2655 1926 1287 2557 1734 871 2335 1059 3098 1139 1004 2398 2639 957 2303 2736 2080 1165 2642 1031 1805 2194 2666 2795 1910 1775 1706 832 1727 2888 1552 2422 2754 1912 1795 438 1903 1150 1275 2982 1373 1436 2487 2408 1470 1713 1747 523 1653 1119 1324 2698 1636 1137 2500 2051 3175 1054 1840 2885 2062 2279 1534 1979 1785 1496 1469 396 2766 1821 1746 924 1377 2504 2274 1304 1358 1221 1612 2837 2043 2115 2675 1700 1697 2900 1340 2110 1569 1678 1441 2060 1394 1364 2916 2366 1852 1037 1082 2106 2700 1847 2119 2216 1192 2620 1684 1320 1978 1637 947 2750 1027 2497 1663 838 1551 739 1387 1213 1604 1928 2676 2324 1736 1553 1327 2598 1020 1196 2713 2097 1543 1414 2465 1103 1153 725 850 2438 834 2042 2636 2631 1572 1605 2325 1275 1904 931 1360 1092 946 1518 2264 1549
1788 1505 1710 2564 1112 2527 1363 360 1727 2631 2224 2320 1634 1025 1361 1746 925 1911 1207 1273 2064 1937 2530 1853 1426 2044 2205 2036 2023 2374 2651 1910 668 1618 900 2785 1759 1302 2542 1225 1938 2303 2167 1876 2210 2231 1475 1156 1161 1131 1332 2281 1472 1157 2697 961 1593 1718 1253 2143 2216 1882 970 2046 833 918 1599 1591 2477 1323 1716 2648 1174 2857 2423 2057 1792 2187 1098 1722 2322 1135 2188 1741 1284 861 2251 1711 2117 651 1632 1404 2359 1067 2212 2648 1914 2061 2291 692 811 1996 2581 1798 1993 2742 1113 978 2535 2001 1695 2023 1781 1310 1611 1395 1396 1202 958 2021 2112 1120 1766 1521 619 719 957 1210 2614 2065 1889 2468 1108 1465 2185 1651 2197 711 1372 2018 2287 1300 2075 1176 992 1327 514 1337 1887 2261 1519 1772 2131 1958 2315 1221 2331 988 1674 1927 1950 1966 2063 2302 2353 2005 1730 1650 752 2577 1953 1481 1686 1821 2009 2416 2182 1664 1887 2200 1742 850 2189 2141 1536 1666 683 677 1413 2399 1351 2718 1948 2277 2437 887 1672 1302 1179 1837 1662 2023 2708 2357 1483 1570 853 1721 2019 1393 2110 2106 1429 1163 1525 1332 1949 1280 1266 1640 1555 1279 2274 1636 1259 1524 2263 2163 981 1902 764 1783 1453 528 1261 576
1852 1844 759 2593 1405 1259 2015 1727 360 2527 2500 994 1344 1727 2715 2065 1549 1726 2049 1500 1098 988 1454 1470 2249 692 1369 2015 2127 2146 1398 2605 1895 2940 2266 1481 2124 2664 1505 1972 1026 935 829 901 1275 958 2185 2240 1621 2432 1500 2138 2165 1594 1329 1274 1229 1282 2374 1051 2306 1548 1653 2044 1277 2257 2600 1868 1911 2590 500 1361 989 1494 2141 1320 2199 2323 1538 3064 1005 2435 2213 1445 808 1858 925 2683 2345 1575 2613 2271 1011 2210 886 1292 595 2130 989 1738 1711 638 1228 2250 943 2790 1008 2019 2252 1828 2947 775 2046 909 2958 1973 2761 2425 2274 2149 1894 2460 1216 1542 1979 1876 2286 1979 2667 2238 1571 1106 2476 2605 853 537 2383 1886 2740 1774 1266 2277 1593 2463 1259 2651 1618 2022 1723 1533 629 2580 1926 963 1077 2504 2497 1230 905 1858 3291 647 1172 1783 1891 1860 1330 637 1386 2469 1515 837 2872 1419 1909 1163 1347 2650 1901 1054 1940 1742 1020 840 2678 1871 1825 2030 827 2087 2425 1378 2116 910 2130 1764 2932 1651 2498 1638 904 970 1404 1102 644 2859 2196 1612 2518 2586 1189 901 2747 2492 1730 1293 1908 1659 1533 1345 1732 1167 981 2111 854 2840 950 2172 2191 2524 1330 1716 1522 1814 2038 1629
1086 3591 2896 575 3059 2385 1724 2631 2527 360 990 2973 1589 3196 2986 1283 3016 1188 3456 3241 1912 1958 1991 1420 3684 2516 1677 963 4046 746 2380 1633 2445 2966 2845 2578 3890 3228 1921 3448 1914 2727 2496 2025 1813 3027 3710 2225 1831 2658 3279 756 1707 1838 2965 2179 3238 1615 2291 2055 805 3604 3115 948 2618 2701 2123 3658 1170 2631 2658 2472 2237 2923 774 1629 1309 4241 3143 3135 2999 3282 805 3469 2526 2199 2480 2089 4213 2351 2093 3669 2924 2315 2470 2753 2431 932 3013 2315 3019 2532 2699 3970 2050 682 2623 2194 701 3850 2754 2907 3866 2760 3091 1660 3260 2480 2639 4057 996 2792 3304 3422 2796 2990 3099 1883 625 968 1322 2907 2999 2369 2867 2661 4277 2386 3194 3821 1919 3572 1309 3334 2824 2822 2690 1759 3729 1502 2331 1808 966 3130 2284 2637 815 2188 1983 3837 3276 2429 3338 1188 1076 3873 1569 2758 2687 418 1373 2839 2556 1471 3907 2326 1686 2106 1114 2124 3787 3065 2163 2398 2393 3705 2949 2666 2771 835 2220 2689 1059 2753 799 2126 2765 1691 2734 1282 1985 2041 2549 2323 2350 2813 2690 3576 1333 2468 3356 2229 2849 2764 3541 1809 1064 1711 1747 3348 1441 2992 3020 3803 2338 2891 2446 828 3228 1522 2450 1261 1590 2799 3497 2767
889 3292 2814 806 2782 2619 1231 2224 2500 990 360 3048 1520 2851 2411 856 2692 1186 3071 2969 2055 2050 2287 1455 3290 2585 1895 899 3783 1087 2651 1003 1986 2362 2334 2854 3578 2683 2231 3082 2009 2840 2605 2091 2020 3068 3337 1676 1477 2101 3016 972 1165 1494 3146 1902 3061 1603 1719 2212 648 3427 2778 867 2329 2179 1508 3368 1559 2047 2612 2726 2049 3156 1164 1787 792 3968 2841 2529 3071 2785 754 3283 2368 1741 2616 1466 3922 1973 1477 3265 3019 1776 2596 2959 2472 763 3073 1892 2653 2585 2896 3638 2156 923 2410 1694 1185 3644 2137 2911 3573 2587 2494 1189 2703 1912 2110 3789 1121 2241 3163 3181 2342 2579 2610 1394 818 628 1358 3035 2464 1766 2924 2596 3994 1926 2634 3628 2142 3150 1472 2838 2556 2243 2315 1262 3520 1758 2257 1185 1097 3077 2468 2066 535 1925 1974 3609 2659 2486 3273 1484 1408 3661 1556 2680 2372 969 1466 2702 1936 1496 3686 2535 1894 1486 970 2293 3509 2697 2323 2513 1783 3427 2547 2189 2624 1205 1636 2926 744 2854 1201 1696 2150 1356 2171 1255 1972 2159 2808 2515 2264 2208 2180 3357 704 1874 3301 2354 2259 2205 3266 1616 984 1367 1453 3161 1162 2775 3074 3472 2181 2293 2591 788 2775 896 2142 1150 1369 2384 3122 2395
2400 2142 1020 3075 1840 1161 2639 2320 994 2973 3048 360 1894 2178 3319 2648 2032 2235 2476 1868 1423 1379 1545 1964 2642 824 1679 2532 2259 2587 1278 3216 2514 3557 2859 1237 2370 3236 1620 2383 1423 634 841 1323 1549 510 2548 2873 2249 3051 1844 2607 2788 2222 820 1906 1458 1805 3007 1291 2825 1626 2118 2563 1850 2865 3233 2134 2247 3215 966 1188 1622 1046 2564 1704 2788 2435 1968 3675 390 2975 2723 1591 1399 2490 882 3314 2495 2197 3246 2676 451 2841 879 928 939 2658 431 2363 2218 824 904 2509 1282 3264 1569 2652 2662 1898 3576 672 2267 1398 3566 2593 3337 3053 2888 2289 2369 3069 1336 1805 2560 2412 2843 2610 3150 2781 2066 587 3064 3238 500 1028 2508 2509 3323 1823 1473 2718 2025 2995 1768 3266 2195 2648 1830 1861 1260 3202 2401 918 1119 3126 3020 1862 1440 1973 3902 922 1047 2163 2277 1936 1852 1036 1950 2919 1980 1245 3504 1919 1994 1135 1665 3282 2438 1235 2155 2240 1193 938 3311 2107 2365 2632 1292 2504 3059 1062 2667 593 2545 2397 3559 2268 3113 2157 1443 1291 1179 1101 1278 3483 2802 1786 3106 3217 1023 1107 3364 3105 2006 1904 2432 2278 2152 1543 2320 1573 456 2402 1484 3458 923 2681 2711 3129 1938 2258 2117 2383 2447 2191
870 2405 1683 1625 1871 1597 1242 1634 1344 1589 1520 1894 360 2063 2371 1121 1869 761 2359 2044 1003 944 1405 583 2591 1435 1003 1035 2834 1233 1673 1726 1586 2495 2042 1862 2708 2476 1387 2329 912 1702 1473 959 1065 1909 2588 1672 965 2028 2077 1192 1366 948 2043 1055 2009 484 1798 1151 1324 2375 1978 1063 1459 1950 1887 2465 1208 2111 1462 1720 1023 2096 1253 843 1265 3031 1970 2652 1916 2396 1234 2240 1297 1399 1501 1938 3014 1348 1886 2587 1871 1700 1475 1884 1315 1146 1915 1407 1921 1430 1815 2801 1050 1824 1409 1502 1372 2623 2401 1752 2671 1533 2567 1173 2545 1928 1923 2848 957 2118 2077 2207 1867 1959 2210 1294 1696 1255 647 1902 2245 1996 1766 1454 3073 1541 2497 2592 1180 2522 803 2442 1636 2247 1634 1265 2503 1006 1116 1757 986 1933 1406 2060 1513 1046 815 2614 2857 1334 2136 1035 1101 2647 466 1546 1550 1530 681 1611 2263 546 2683 1493 985 1919 917 1233 2585 1966 1251 1388 2057 2504 1910 1805 1541 1211 1800 1883 1136 1711 1255 1288 2395 885 2108 667 812 1062 1799 1456 1130 2371 1909 2353 1579 2029 2160 1246 2319 2121 2340 662 927 907 816 2120 811 1773 1916 2637 1111 2397 1484 1193 2253 1626 1328 732 657 1795 2386 1698
2352 843 1517 3156 697 2623 2011 1025 1727 3196 2851 2178 2063 360 1790 2360 557 2412 684 728 2302 2167 2746 2285 903 2057 2511 2592 1363 2896 2760 2574 1328 2092 1343 2848 1096 1565 2779 628 2184 2256 2196 2086 2474 2053 885 1810 1743 1682 781 2821 2129 1731 2618 1384 1171 2111 1893 2330 2808 1343 445 2608 964 1451 2251 932 2901 1885 1651 2728 1432 2819 2932 2387 2424 1522 573 2148 2170 1232 2764 1225 1320 1523 2292 2365 1452 1238 2285 914 2243 1713 2254 2636 1958 2640 2128 1345 574 2001 2578 1147 2186 3343 1116 1643 3049 1391 2240 1866 1116 1180 2035 2033 1672 1807 1519 1359 2621 1614 1353 950 1070 766 1166 1865 3213 2667 2347 2375 1480 2088 2068 1582 1531 1375 1686 1426 2518 910 2498 1235 843 1824 902 1988 1291 2613 1631 2438 2644 1684 2429 1780 2943 1383 1926 1300 2364 2012 1710 2731 2804 1387 2137 1528 875 3139 2378 1301 2276 2242 1381 2522 2486 2317 2441 2364 1084 543 2340 2205 2155 1011 758 1242 1275 2899 1998 2736 2542 2217 2940 1533 2214 1878 1702 2326 1915 2218 2771 2460 1590 2090 1392 1140 2671 1997 1760 2232 1925 1672 888 1779 2493 1861 1809 1161 2119 964 2106 981 1422 2014 2317 2734 948 2563 1108 2306 1969 911 690 822
2253 2229 2710 2845 2027 3456 1650 1361 2715 2986 2411 3319 2371 1790 360 2081 1806 2497 1739 2141 2931 2819 3385 2554 1844 3019 3008 2488 2715 2858 3569 1838 1194 669 832 3723 2379 723 3381 1826 2809 3288 3134 2775 3047 3233 1967 1129 1768 707 2200 2737 1640 1783 3683 1850 2539 2484 1055 3038 2541 2769 1787 2483 1834 818 1312 2316 3120 728 2714 3581 2118 3832 2927 2849 2037 2827 1961 725 3322 1041 2564 2643 2280 1333 3212 1402 2721 1511 1352 1791 3356 1058 3174 3618 2884 2447 3292 1372 1617 2975 3549 2351 2895 2974 2115 1236 3017 2815 893 3024 2451 2309 612 1725 684 865 817 2701 2655 620 2720 2378 1141 1394 1002 1513 2868 2379 2548 3460 673 1038 3184 2650 2807 1221 612 2855 3145 1631 2759 1079 1971 530 1498 1614 2720 3013 2486 1640 2662 2952 3243 709 2571 1890 2564 2716 951 2934 3042 2954 2968 2808 2477 2652 1747 2945 2648 2480 1033 2539 2794 3343 2988 1360 2369 3106 2459 1625 3103 3096 1055 2402 1420 1047 2413 2926 1135 3675 2307 3265 2953 1445 863 1874 626 2455 2552 2922 3648 3289 2454 724 879 2571 2091 915 3091 3036 562 609 2308 2105 2441 1848 1917 2561 2082 2245 3275 2231 2229 615 3219 2557 1263 1906 1744 2351 2099 1331 1815 1522
588 2796 2351 1184 2285 2327 801 1746 2065 1283 856 2648 1121 2360 2081 360 2197 921 2590 2472 1735 1699 2060 1139 2812 2193 1643 781 3286 1145 2385 989 1532 2097 1922 2583 3083 2307 2020 2596 1662 2464 2235 1720 1747 2651 2853 1313 981 1745 2519 1020 808 997 2802 1407 2573 1229 1394 1891 842 2937 2285 770 1833 1778 1308 2872 1496 1739 2166 2445 1568 2845 1219 1504 505 3472 2345 2267 2668 2361 845 2792 1890 1285 2262 1316 3426 1485 1291 2791 2630 1396 2236 2636 2069 726 2664 1418 2166 2185 2569 3147 1806 1356 1919 1270 1300 3149 1921 2480 3078 2102 2210 737 2343 1576 1717 3292 994 1875 2681 2685 1887 2105 2179 960 1229 683 1065 2663 2077 1511 2516 2143 3498 1472 2279 3136 1871 2682 1247 2414 2059 1922 1828 837 3026 1552 1809 1072 989 2621 2150 1733 945 1431 1569 3114 2432 2091 2811 1360 1332 3166 1188 2221 1876 1236 1189 2225 1740 1163 3190 2231 1634 1315 705 1974 3012 2210 1997 2149 1551 2930 2069 1748 2145 1228 1339 2625 586 2471 1248 1224 1926 860 1822 944 1565 1815 2526 2200 1811 1949 1767 2862 818 1593 2842 2004 1960 1851 2770 1146 770 870 960 2670 693 2282 2663 2980 1705 2014 2243 836 2321 877 1646 809 904 1910 2638 1908
2174 963 1373 2983 582 2440 1869 925 1549 3016 2692 2032 1869 557 1806 2197 360 2224 878 712 2106 1971 2552 2091 1101 1881 2313 2412 1473 2709 2576 2451 1233 2097 1340 2670 1245 1624 2584 826 1987 2091 2019 1891 2278 1914 1081 1721 1577 1651 771 2637 1995 1563 2463 1198 1096 1915 1817 2137 2636 1335 472 2429 769 1422 2164 1044 2705 1852 1482 2548 1234 2657 2744 2189 2270 1647 533 2171 2026 1319 2588 1202 1130 1401 2114 2276 1591 1090 2196 1109 2092 1631 2075 2468 1777 2465 1987 1218 557 1826 2408 1315 1992 3173 924 1536 2861 1437 2218 1719 1245 1009 2057 1885 1731 1753 1481 1474 2433 1603 1279 960 1040 779 1218 1731 3041 2499 2154 2220 1504 2024 1915 1413 1666 1273 1734 1457 2323 1092 2303 1333 653 1817 779 1849 1324 2415 1439 2325 2457 1565 2243 1747 2776 1194 1728 1362 2393 1831 1619 2536 2610 1440 1942 1368 689 2959 2183 1147 2233 2047 1444 2337 2288 2229 2262 2173 1192 570 2150 2023 2094 1113 747 1193 1110 2709 1916 2564 2373 2054 2751 1396 2193 1708 1682 2137 1717 2024 2593 2276 1398 2077 1359 1160 2528 1944 1669 2043 1920 1658 964 1589 2312 1692 1633 1114 1943 832 1966 1147 1225 2012 2138 2556 1044 2431 925 2121 1786 856 888 708
580 2782 2079 1228 2248 1803 1235 1911 1726 1188 1186 2235 761 2412 2497 921 2224 360 2693 2426 1229 1226 1505 631 2925 1770 1093 656 3224 845 1846 1547 1794 2568 2239 2047 3083 2661 1461 2674 1184 2017 1782 1272 1208 2267 2935 1743 1133 2150 2461 792 1311 1129 2320 1388 2409 804 1851 1387 949 2775 2329 687 1818 2121 1842 2845 983 2191 1851 1915 1412 2335 880 968 1058 3420 2339 2734 2259 2636 849 2640 1697 1569 1790 1864 3398 1621 1830 2916 2201 1800 1771 2135 1665 785 2265 1632 2252 1775 2071 3170 1331 1426 1799 1625 997 3022 2426 2124 3052 1932 2662 1157 2716 2013 2078 3237 568 2262 2478 2599 2117 2258 2449 1348 1301 919 531 2211 2426 2011 2116 1848 3460 1740 2660 2992 1332 2835 686 2686 2011 2353 1941 1268 2901 990 1512 1632 593 2324 1644 2161 1145 1390 1182 3010 2919 1674 2528 824 830 3045 756 1942 1897 1129 644 2012 2259 676 3080 1714 1087 1857 593 1468 2970 2298 1497 1689 2061 2888 2213 2022 1942 850 1823 2108 827 2033 889 1470 2426 1001 2231 453 1183 1333 1997 1691 1528 2429 2092 2749 1332 2072 2550 1528 2409 2252 2724 996 562 1027 1007 2519 774 2167 2268 3004 1509 2476 1765 807 2530 1432 1665 506 818 2079 2727 2012
2609 877 1819 3402 1007 2946 2209 1207 2049 3456 3071 2476 2359 684 1739 2590 878 2693 360 976 2625 2490 3070 2583 591 2378 2829 2854 1336 3172 3084 2733 1475 2048 1350 3169 1002 1450 3103 467 2505 2568 2516 2409 2796 2346 631 1928 1987 1711 1013 3090 2312 1979 2924 1669 1423 2414 1988 2655 3053 1510 766 2867 1271 1490 2353 957 3203 1910 1968 3050 1745 3129 3213 2702 2639 1452 874 2074 2467 1091 3017 1420 1645 1702 2613 2468 1353 1468 2391 591 2545 1822 2575 2950 2281 2891 2423 1539 801 2321 2894 994 2510 3583 1440 1795 3329 1479 2237 2166 1072 1500 1966 2242 1553 1868 1568 1321 2900 1614 1595 1131 1149 859 1098 2054 3454 2905 2639 2679 1429 2155 2372 1900 1439 1530 1583 1533 2842 602 2799 1076 1167 1809 1125 2183 1404 2926 1956 2579 2923 1961 2753 1808 3175 1674 2246 1368 2274 2335 1960 3032 3101 1463 2439 1841 1171 3400 2678 1612 2307 2541 1440 2845 2804 2419 2703 2689 1089 755 2665 2528 2215 1042 885 1330 1591 3183 2098 3053 2785 2528 3223 1734 2208 2126 1712 2610 2234 2542 3092 2784 1915 2075 1443 1285 2862 2050 2010 2556 1904 1676 989 2068 2759 2107 2070 1385 2374 1268 2400 856 1743 1984 2639 2989 836 2736 1392 2579 2242 1052 435 1048
2414 726 1219 3229 547 2397 2178 1273 1500 3241 2969 1868 2044 728 2141 2472 712 2426 976 360 2159 2026 2575 2256 1134 1815 2395 2643 1173 2911 2536 2774 1580 2438 1682 2601 1027 1931 2618 877 2051 1979 1954 1939 2338 1734 1051 2067 1853 2001 419 2852 2311 1835 2320 1434 810 2066 2166 2159 2887 988 714 2663 999 1771 2510 780 2845 2203 1399 2492 1381 2532 2937 2291 2557 1363 542 2503 1857 1600 2828 862 1168 1734 2052 2621 1332 1405 2541 1167 1940 1980 2015 2363 1736 2710 1812 1550 885 1758 2310 1135 2025 3423 1001 1876 3055 1088 2567 1561 986 964 2390 2185 2038 2105 1832 1181 2632 1949 989 608 1388 1107 1529 2049 3291 2759 2332 2076 1834 2376 1770 1335 1396 1617 2049 1105 2362 1219 2455 1603 778 2161 1123 2161 974 2521 1471 2658 2659 1345 2217 2098 3040 1418 1813 1022 2722 1788 1350 2684 2770 1094 2101 1261 969 3183 2341 1032 2585 2208 1103 2303 2371 2575 2495 2179 906 876 2150 1979 2446 823 1084 1545 1033 2896 2264 2473 2630 1936 2939 1716 2542 1974 2030 2334 1803 2056 2526 2243 1433 2424 1709 808 2831 2297 1401 2034 2264 2004 660 1793 2538 1962 1885 793 2193 693 1789 981 1320 2355 2082 2794 1316 2746 1188 2339 2015 1207 940 1057
1432 2521 1498 2024 2024 955 1883 2064 1098 1912 2055 1423 1003 2302 2931 1735 2106 1229 2625 2159 360 495 825 966 2845 977 635 1518 2851 1527 1031 2357 2107 3089 2550 1218 2814 2982 843 2567 486 1175 944 579 540 1489 2807 2283 1569 2600 2171 1557 2009 1547 1451 1470 1957 880 2414 517 1804 2286 2218 1550 1732 2486 2527 2557 1199 2709 1238 1077 1266 1471 1501 643 1881 3050 2149 3239 1450 2837 1697 2179 1355 1965 932 2581 3063 1814 2528 2856 1372 2296 919 1266 923 1652 1466 1924 2220 1004 1202 2932 518 2209 1549 2093 1599 2565 3019 1400 2749 1558 3146 1815 3064 2526 2474 2872 1327 2672 1955 2246 2320 2325 2662 1922 2099 1789 1058 1360 2762 2622 1325 1272 3106 2073 3025 2513 583 2828 971 2876 1821 2825 2012 1905 2457 810 1047 2398 1357 1670 776 2646 2000 1438 752 2590 3452 905 1878 1100 1215 2596 914 1374 1844 1858 950 1546 2892 934 2643 855 615 2561 1456 599 2646 2261 628 846 2687 2573 2273 2304 1510 1441 2427 1249 1692 1200 1481 1854 3011 1515 2678 1170 764 498 1156 825 1086 2975 2436 2338 2181 2645 1885 677 2905 2685 2421 1197 1431 1536 1427 2074 1449 1833 1475 2781 1242 2989 902 1655 2643 2251 1680 1294 1297 2201 2631 2055
1413 2389 1387 2055 1890 1025 1810 1937 988 1958 2050 1379 944 2167 2819 1699 1971 1226 2490 2026 495 360 954 955 2710 918 744 1521 2727 1571 1119 2310 1991 2985 2430 1295 2684 2861 976 2432 403 1151 916 449 671 1429 2672 2187 1477 2492 2040 1587 1942 1454 1465 1347 1835 829 2320 582 1813 2170 2083 1553 1597 2371 2451 2427 1286 2606 1128 1151 1134 1512 1554 700 1843 2926 2015 3133 1405 2709 1708 2060 1222 1859 927 2510 2937 1693 2453 2721 1339 2195 906 1299 839 1651 1416 1809 2086 935 1231 2800 467 2245 1414 1992 1658 2447 2925 1320 2620 1428 3038 1745 2944 2425 2362 2747 1350 2560 1841 2118 2194 2193 2535 1837 2130 1782 1055 1345 2643 2533 1269 1156 2981 1959 2906 2397 715 2693 1008 2747 1687 2717 1881 1829 2338 905 915 2339 1381 1575 824 2541 2009 1313 623 2469 3348 832 1784 1170 1282 2478 870 1260 1710 1902 961 1422 2804 914 2524 916 721 2487 1442 658 2518 2127 669 822 2599 2444 2141 2183 1383 1496 2339 1301 1678 1169 1537 1748 2916 1435 2569 1155 635 478 1227 874 953 2875 2319 2215 2152 2550 1794 666 2800 2575 2291 1099 1427 1454 1339 1952 1396 1702 1422 2648 1107 2885 905 1666 2511 2208 1549 1271 1226 2072 2496 1923
1725 2929 1831 2149 2454 784 2280 2530 1454 1991 2287 1545 1405 2746 3385 2060 2552 1505 3070 2575 825 954 360 1290 3287 1210 778 1755 3217 1637 749 2689 2566 3531 3012 947 3215 3446 438 3008 951 1270 1105 1026 700 1656 3240 2714 2001 3050 2581 1709 2393 1981 1379 1934 2321 1281 2842 776 2009 2620 2664 1786 2189 2944 2922 2958 1184 3148 1581 846 1729 1299 1585 929 2201 3412 2583 3685 1575 3303 1898 2530 1788 2414 1033 2965 3438 2278 2918 3300 1468 2735 1048 1153 1230 1890 1607 2383 2676 1260 1114 3339 920 2311 1990 2534 1651 2903 3445 1639 3140 1971 3595 2207 3526 2965 2929 3241 1525 3127 2287 2635 2785 2788 3128 2339 2222 2036 1355 1396 3224 3041 1496 1631 3474 2531 3486 2843 602 3280 1184 3341 2263 3273 2476 2305 2805 889 1476 2758 1550 1942 793 3091 2194 1903 1217 2944 3894 1188 2137 1181 1283 2938 1302 1727 2302 1947 1230 1928 3307 1279 2989 772 789 2950 1737 759 3034 2715 794 1029 3102 2964 2735 2766 1907 1525 2845 1068 1965 1314 1555 2302 3440 1930 3128 1476 1228 888 920 804 1516 3412 2896 2703 2475 3073 2132 914 3350 3138 2820 1641 1693 1952 1854 2435 1819 2243 1624 3194 1694 3432 990 1861 3106 2575 2144 1611 1701 2666 3073 2517
826 2619 1836 1485 2086 1551 1361 1853 1470 1420 1455 1964 583 2285 2554 1139 2091 631 2583 2256 966 955 1290 360 2814 1499 872 927 3038 1046 1605 1767 1790 2659 2245 1804 2922 2678 1259 2552 914 1746 1511 1001 969 1998 2811 1831 1147 2208 2287 1028 1465 1134 2053 1279 2196 558 1951 1123 1220 2558 2200 959 1681 2145 1998 2676 985 2277 1599 1667 1235 2076 1055 725 1283 3236 2188 2821 1988 2611 1119 2428 1490 1590 1521 2036 3222 1566 1992 2811 1930 1870 1501 1872 1397 1056 1995 1614 2144 1506 1807 3018 1061 1681 1617 1679 1172 2814 2546 1861 2882 1726 2740 1285 2743 2094 2114 3052 784 2306 2251 2411 2082 2181 2424 1441 1559 1188 462 1940 2445 2134 1846 1601 3280 1742 2693 2779 1093 2745 581 2657 1853 2423 1857 1389 2695 824 1272 1827 816 2071 1382 2233 1416 1270 924 2811 3018 1404 2278 811 879 2840 516 1698 1773 1362 459 1788 2395 411 2877 1457 861 2022 850 1205 2793 2190 1233 1417 2192 2713 2133 2013 1724 1008 1941 1852 1087 1762 1052 1482 2543 1043 2289 563 926 1063 1749 1431 1293 2530 2108 2549 1577 2180 2298 1259 2489 2305 2550 883 831 1068 1000 2309 891 1976 1998 2854 1309 2564 1496 1076 2473 1656 1552 691 814 2016 2609 1921
2838 924 1993 3627 1203 3148 2424 1426 2249 3684 3290 2642 2591 903 1844 2812 1101 2925 591 1134 2845 2710 3287 2814 360 2573 3054 3084 1281 3403 3286 2932 1681 2151 1502 3364 930 1522 3321 638 2727 2751 2712 2628 3018 2506 501 2116 2215 1863 1158 3320 2522 2206 3095 1901 1560 2645 2166 2870 3279 1582 988 3096 1500 1653 2531 982 3434 2055 2160 3249 1973 3306 3444 2929 2858 1358 1070 2156 2630 1167 3245 1516 1858 1914 2810 2645 1244 1694 2570 418 2714 2009 2772 3134 2483 3119 2585 1758 1032 2516 3080 872 2727 3808 1657 1998 3560 1497 2362 2335 1029 1699 2053 2460 1617 2033 1733 1259 3132 1753 1721 1236 1340 1070 1223 2267 3679 3130 2871 2851 1545 2319 2544 2093 1330 1738 1659 1562 3061 574 3030 1137 1384 1935 1353 2397 1444 3154 2170 2772 3154 2109 2959 1957 3398 1905 2469 1378 2342 2536 2085 3263 3332 1475 2670 2027 1401 3629 2909 1797 2450 2773 1440 3049 3029 2596 2933 2901 1080 986 2876 2729 2375 1058 1103 1517 1785 3414 2277 3241 3010 2709 3455 1953 2332 2354 1853 2841 2458 2759 3287 2988 2130 2195 1612 1355 3073 2208 2134 2766 2023 1815 1059 2300 2989 2334 2300 1504 2603 1451 2561 785 1965 2096 2838 3217 964 2941 1624 2810 2473 1266 574 1277
1938 2147 998 2612 1732 943 2216 2044 692 2516 2585 824 1435 2057 3019 2193 1881 1770 2378 1815 977 918 1210 1499 2573 360 1246 2067 2384 2129 1083 2775 2190 3232 2579 1151 2416 2984 1274 2298 962 645 499 859 1124 873 2504 2499 1836 2724 1809 2145 2361 1809 1033 1547 1498 1341 2634 867 2360 1775 1984 2098 1603 2560 2830 2163 1814 2872 776 1036 1265 1174 2110 1250 2335 2576 1865 3362 849 2764 2258 1693 1136 2127 596 2905 2611 1870 2839 2597 796 2480 560 965 499 2193 857 2024 2043 417 899 2547 827 2803 1340 2282 2211 2059 3221 796 2331 1237 3258 2164 3080 2701 2571 2410 1906 2762 1444 1831 2298 2207 2612 2204 2687 2317 1602 841 2791 2861 711 841 2641 2175 3056 1996 1073 2608 1566 2793 1591 2946 1942 2228 1965 1426 893 2774 1938 1092 789 2791 2555 1504 984 2106 3587 462 1292 1716 1830 2094 1388 917 1715 2461 1517 1143 3131 1454 2147 859 1228 2875 1975 833 2221 2075 791 542 2932 2158 2156 2339 1148 2051 2675 1045 2205 641 2092 2026 3208 1839 2793 1692 989 840 1074 802 924 3143 2500 1875 2651 2854 1291 680 3040 2790 2025 1473 1967 1851 1726 1608 1869 1485 863 2414 1150 3132 627 2216 2522 2683 1642 1795 1671 2138 2364 1956
1312 2760 1769 1808 2251 1088 1867 2205 1369 1677 1895 1679 1003 2511 3008 1643 2313 1093 2829 2395 635 744 778 872 3054 1246 360 1357 3109 1299 1116 2272 2206 3138 2659 1319 3057 3094 748 2778 711 1420 1198 833 495 1754 3025 2315 1608 2667 2412 1348 1976 1589 1650 1604 2219 884 2440 748 1626 2554 2426 1388 1921 2578 2507 2802 929 2755 1509 1192 1446 1629 1263 519 1785 3308 2371 3295 1707 2980 1516 2444 1587 2035 1169 2548 3317 1936 2502 3061 1622 2343 1164 1444 1198 1493 1727 2023 2410 1276 1387 3171 794 1985 1769 2144 1351 2831 3041 1673 2997 1803 3209 1792 3168 2572 2556 3129 1139 2753 2225 2497 2454 2494 2799 1933 1883 1637 937 1593 2867 2633 1589 1540 3363 2165 3124 2781 609 3021 782 3022 2037 2888 2173 1893 2722 542 1289 2339 1166 1945 966 2703 1817 1579 946 2853 3500 1178 2153 850 964 2862 897 1643 2030 1627 814 1805 2898 863 2908 1015 384 2534 1326 810 2897 2453 850 1101 2693 2821 2442 2416 1763 1202 2438 1396 1558 1451 1239 1923 3037 1526 2747 1059 957 772 1273 1007 1326 3014 2533 2598 2065 2671 2160 933 2962 2759 2666 1267 1286 1549 1458 2336 1402 2076 1738 3016 1451 3040 1133 1476 2806 2159 1843 1193 1295 2354 2841 2224
489 2990 2358 956 2460 2080 1198 2036 2015 963 899 2532 1035 2592 2488 781 2412 656 2854 2643 1518 1521 1755 927 3084 2067 1357 360 3451 729 2114 1350 1870 2517 2291 2316 3288 2694 1703 2845 1479 2313 2078 1568 1481 2562 3107 1719 1235 2146 2683 613 1227 1240 2610 1577 2663 1095 1808 1675 653 3031 2511 391 2016 2156 1727 3058 1093 2154 2137 2188 1651 2617 799 1248 882 3645 2541 2686 2555 2714 559 2892 1952 1628 2084 1728 3614 1753 1708 3069 2498 1794 2066 2420 1961 495 2561 1728 2416 2072 2358 3367 1626 1154 2034 1647 890 3269 2343 2417 3266 2184 2626 1124 2737 1987 2102 3462 599 2271 2743 2831 2214 2393 2529 1343 1025 641 826 2506 2461 1933 2412 2130 3680 1812 2675 3243 1604 2975 935 2766 2225 2333 2090 1234 3147 1227 1791 1470 584 2608 1930 2142 848 1587 1474 3250 2854 1971 2811 979 929 3290 1047 2221 2083 906 928 2276 2161 972 3322 1996 1355 1731 511 1755 3189 2462 1786 1984 1973 3107 2352 2095 2204 806 1759 2387 591 2330 828 1545 2348 1094 2226 738 1474 1626 2269 1976 1805 2370 2138 2990 1095 2013 2835 1822 2375 2252 2943 1215 469 1116 1144 2770 841 2404 2564 3199 1762 2432 2058 518 2642 1229 1847 672 988 2205 2895 2166
3225 879 1748 4040 1360 2957 2980 2023 2127 4046 3783 2259 2834 1363 2715 3286 1473 3224 1336 1173 2851 2727 3217 3038 1281 2384 3109 3451 360 3706 3094 3564 2329 3024 2309 3109 711 2422 3272 1250 2758 2458 2512 2637 3031 2109 1140 2813 2666 2663 1129 3654 3107 2649 2711 2247 1257 2843 2896 2818 3699 992 1413 3472 1813 2435 3254 792 3602 2865 1996 3027 2172 2942 3728 3026 3369 559 1309 3049 2238 2061 3639 1051 1913 2513 2606 3368 595 2201 3289 1339 2348 2716 2576 2821 2347 3522 2190 2331 1577 2330 2785 802 2702 4235 1785 2642 3846 734 3205 2009 623 1680 2942 2991 2521 2802 2507 393 3429 2578 1305 987 2063 1754 2073 2844 4103 3573 3120 2487 2404 3086 2212 1949 617 2374 2556 817 3032 1487 3225 2040 1590 2779 1888 2961 789 3253 2184 3435 3457 1709 2813 2762 3853 2230 2549 646 3246 2390 1580 3448 3541 696 2881 1851 1775 3987 3117 1665 3261 2988 637 2882 3086 3320 3304 2819 641 1545 2783 2565 3151 720 1756 2240 1707 3684 3001 2950 3444 2409 3728 2509 3177 2787 2673 3131 2541 2732 3041 2826 2151 3046 2380 874 3637 2990 1615 2663 2876 2639 876 2597 3345 2775 2698 1142 3006 1422 2165 857 2089 2958 2644 3604 1812 3543 2000 3144 2825 1914 1260 1812
851 3267 2520 873 2733 2017 1568 2374 2146 746 1087 2587 1233 2896 2858 1145 2709 845 3172 2911 1527 1571 1637 1046 3403 2129 1299 729 3706 360 2021 1659 2226 2883 2654 2222 3569 3061 1571 3156 1527 2342 2111 1639 1434 2641 3417 2089 1577 2516 2946 488 1593 1578 2589 1871 2879 1244 2177 1671 802 3243 2813 736 2303 2523 2079 3330 844 2523 2279 2109 1894 2557 439 1243 1227 3903 2825 3052 2613 3072 712 3111 2169 1987 2097 2071 3882 2085 2057 3392 2539 2164 2086 2380 2045 792 2626 2077 2731 2146 2325 3656 1664 1046 2281 2014 523 3495 2702 2522 3537 2405 2994 1494 3106 2356 2470 3719 638 2641 2937 3080 2564 2726 2885 1711 947 912 953 2524 2828 2295 2481 2285 3943 2169 3044 3462 1544 3307 923 3123 2497 2702 2414 1604 3376 1129 1958 1802 612 2749 1905 2511 951 1874 1604 3488 3216 2043 2958 817 714 3520 1200 2383 2381 691 991 2474 2515 1098 3556 1952 1306 2078 860 1743 3454 2778 1780 2013 2332 3372 2683 2453 2408 480 2125 2324 931 2367 475 1900 2708 1437 2596 936 1607 1655 2188 1946 1980 2735 2502 3226 1376 2378 2975 1844 2744 2622 3209 1482 791 1461 1468 2991 1186 2646 2633 3490 1984 2799 2064 696 2987 1539 2147 953 1290 2542 3208 2488
2063 2870 1717 2534 2443 499 2554 2651 1398 2380 2651 1278 1673 2760 3569 2385 2576 1846 3084 2536 1031 1119 749 1605 3286 1083 1116 2114 3094 2021 360 3012 2736 3742 3164 563 3139 3589 823 3009 1138 1019 947 1154 999 1412 3222 2947 2235 3247 2532 2088 2679 2212 1016 2082 2217 1549 3080 897 2378 2472 2683 2145 2255 3116 3199 2886 1573 3365 1498 465 1836 911 1972 1242 2529 3282 2576 3889 1307 3407 2268 2403 1809 2616 850 3251 3324 2428 3199 3307 1191 2954 884 788 1163 2249 1348 2556 2724 1141 766 3270 1035 2699 2017 2751 2040 2755 3684 1452 3052 1947 3792 2486 3676 3184 3112 3120 1892 3309 2149 2553 2910 2865 3242 2592 2608 2394 1684 1088 3378 3290 1269 1561 3350 2708 3643 2687 874 3308 1538 3441 2283 3472 2573 2576 2669 1260 1512 3063 1918 1761 697 3298 2568 2045 1366 2811 4105 1110 1935 1564 1668 2791 1580 1641 2370 2335 1563 1865 3561 1583 2846 599 1119 3232 2079 824 2942 2759 826 917 3356 2880 2813 2917 1864 1912 3096 684 2313 1069 1942 2505 3675 2186 3322 1804 1377 1009 531 660 1552 3634 3062 2589 2817 3309 1920 906 3556 3327 2749 1858 2042 2206 2095 2325 2114 2204 1369 3138 1763 3642 816 2229 3185 2902 2249 1936 1968 2769 3075 2602
1208 3049 2839 1448 2592 2951 977 1910 2605 1633 1003 3216 1726 2574 1838 989 2451 1547 2733 2774 2357 2310 2689 1767 2932 2775 2272 1350 3564 1659 3012 360 1618 1746 1861 3209 3309 2147 2648 2767 2276 3053 2830 2323 2376 3202 3004 1188 1368 1566 2829 1532 831 1394 3407 1802 2970 1842 1182 2510 1233 3318 2514 1326 2161 1698 892 3133 2082 1469 2688 3071 2034 3462 1739 2132 848 3734 2618 1909 3233 2312 1308 3170 2349 1411 2865 830 3667 1729 855 2898 3207 1298 2837 3250 2644 1239 3225 1592 2362 2759 3182 3345 2416 1536 2324 1298 1787 3493 1505 3017 3328 2530 1886 1000 2149 1367 1619 3564 1586 1709 3105 3011 1952 2234 2156 1086 1450 1107 1694 3253 1948 1165 3079 2654 3746 1565 2077 3493 2500 2763 1873 2365 2392 1668 2036 985 3372 2178 2338 558 1574 3115 2768 1510 1178 1839 2153 3437 2025 2672 3290 1965 1919 3503 1804 2718 2167 1608 1818 2677 1301 1789 3517 2852 2264 858 1321 2593 3283 2400 2614 2749 1167 3204 2214 1777 2595 1766 1079 3245 1118 3056 1774 1418 1520 1314 1625 1573 2147 2428 3151 2818 2331 1592 1717 3203 659 1284 3327 2612 1665 1663 3054 1673 1376 1308 1432 3052 1274 2656 3220 3185 2182 1687 2849 1323 2362 481 1970 1439 1463 2046 2795 2114
1621 1810 1942 2356 1415 2622 1114 668 1895 2445 1986 2514 1586 1328 1194 1532 1233 1794 1475 1580 2107 1991 2566 1790 1681 2190 2206 1870 2329 2226 2736 1618 360 1404 815 2888 2056 1250 2568 1508 1983 2464 2303 1943 2233 2441 1747 847 1021 896 1639 2122 1202 1027 2859 1015 1881 1690 947 2208 2013 2183 1277 1875 1078 740 1290 1897 2395 1065 1909 2747 1286 3001 2283 2049 1555 2490 1407 1532 2520 1205 2000 2040 1477 607 2379 1403 2416 680 1323 1651 2544 760 2341 2786 2054 1873 2493 543 1113 2149 2717 2087 2063 2524 1340 680 2389 2309 1434 2232 2084 1551 1428 1160 1322 920 741 2326 1982 935 2048 1828 716 976 1019 952 2400 1855 1806 2641 1021 1166 2376 1849 2497 419 1279 2325 2325 1527 2007 1256 1272 1116 817 1084 2194 2232 1657 1472 1996 2203 2408 972 2108 1055 1732 2236 1757 2103 2325 2223 2257 2313 1690 1865 1025 2394 1889 1723 1401 1767 2317 2509 2184 1355 1728 2274 2049 1148 2270 2262 1239 1973 955 587 1648 2268 1043 2841 1748 2444 2302 686 1415 1154 963 1732 1721 2090 2813 2454 1627 1329 689 2028 1752 1105 2372 2202 1212 959 1834 1299 1794 1129 1157 1935 1401 1561 2479 1929 1403 1305 2385 1980 1150 1621 941 1655 1350 787 1536 884
2294 2536 2966 2806 2316 3637 1694 1618 2940 2966 2362 3557 2495 2092 669 2097 2097 2568 2048 2438 3089 2985 3531 2659 2151 3232 3138 2517 3024 2883 3742 1746 1404 360 1117 3906 2689 1007 3520 2135 2970 3507 3340 2949 3190 3479 2276 1189 1890 867 2497 2757 1649 1910 3902 2047 2824 2614 1076 3206 2528 3066 2085 2507 2089 1060 1216 2624 3190 743 2951 3763 2326 4039 2956 2978 2029 3136 2256 529 3562 1346 2566 2937 2517 1486 3413 1280 3030 1724 1251 2098 3588 1155 3376 3823 3094 2458 3534 1567 1912 3191 3753 2659 3068 2916 2365 1356 3037 3120 641 3270 2760 2567 512 1773 938 926 1029 3010 2706 860 3004 2678 1421 1691 1311 1583 2820 2371 2640 3685 980 957 3419 2889 3116 1416 876 3158 3295 1938 2852 1381 2243 651 1763 1660 3023 3123 2699 1549 2708 3217 3424 804 2530 2089 2738 3023 723 3142 3317 3031 3032 3113 2601 2899 2010 2931 2749 2740 832 2651 3101 3524 3120 1248 2413 3278 2768 1923 3279 3295 940 2710 1713 1300 2669 2962 1117 3871 2316 3488 2985 1597 614 1977 803 2537 2727 3093 3833 3472 2670 514 1125 2872 2025 864 3365 3222 552 815 2613 2252 2484 1953 2039 2852 2157 2523 3519 2541 2447 460 3417 2565 1572 1833 1979 2422 2209 1611 2124 1796
