140 2687 2332 917 2597 2091 1060 1787 1469 1812 1853 2363 1836 750 2397 1597 382 762 1316 1744 977 2300 2068 1060 2074 2586 1992 1050 2623 283 1982 2366 1166 1107 1906 2209 2279 1363 2056 1923 2870 1247 691 2607 2686 2451 2378 2227 1557 1606 676 2828 2497 2050 2200 1685 1224 1570 1469 2031 1299 2273 2380 608 870 1120 1126 921 2098 1085 2336 2106 1530 1405 1760 1998 2165 1680 1596 1295 2089 1376 2111 879 2296 2325 738 2070 1261 2131 1896 1263 2424 1152 728 503 3075 2471 1510 1693 759 753 865 1196 306 1723 1578 2302 1163 3017 1423 902 2215 1739 2448
2787 360 2656 3563 1078 1665 2282 1499 2334 2674 1866 2005 2821 2387 2441 2161 2949 2550 1889 1535 2130 2582 1796 3688 1125 498 2550 2016 752 2855 1252 2322 2026 2230 1165 1081 1772 1754 3036 1209 1186 1823 2356 833 505 2864 1914 1533 1490 1740 3209 711 1319 2500 2242 2938 2221 1530 2505 2024 1772 2275 918 3123 2762 2908 2117 2388 2471 2214 933 1011 1611 1722 1289 1807 2311 2676 2363 2455 1850 2077 960 2793 1901 729 2968 1433 2665 923 1634 2277 824 3780 3133 3090 1004 1761 1844 1456 3203 3092 2507 2225 2815 1340 2598 1109 1883 693 1684 2267 1565 1699 2510
2432 2656 360 2899 3150 3212 1701 2769 1247 911 3170 1044 967 2549 3935 3183 2674 2756 1746 2756 2472 433 3291 3167 1969 2520 3728 2062 2302 2424 1864 726 1792 1676 2131 2822 3431 1892 961 2577 2117 2360 2274 2972 2770 570 1140 3219 2190 1570 2437 2486 3260 3739 3685 1200 2900 2461 1223 3424 2361 3754 2097 2389 3002 1707 1746 1809 3754 1715 2817 2119 2542 2505 2205 1240 3704 1045 3323 1398 1173 1479 2223 1864 1128 2516 2993 3007 3255 2296 1462 1478 2192 3242 2273 2779 2506 1328 2824 2573 3051 3038 1833 2876 2388 2372 1125 2942 2180 2834 1916 2587 3234 1496 4008
1017 3563 2899 360 3460 2911 1818 2645 2134 2348 2652 3080 2321 1596 3087 2353 1011 1529 2144 2600 1841 2884 2870 644 2931 3460 2641 1915 3486 1070 2831 3018 1990 1874 2777 3079 3081 2217 2479 2797 3706 2123 1567 3480 3563 2971 3112 3059 2433 2417 827 3694 3345 2713 2924 2114 2008 2444 2073 2797 2175 2992 3237 890 1490 1553 1929 1675 2770 1864 3209 2972 2399 2273 2635 2758 2874 2214 2299 1936 2838 2136 2983 1417 3032 3202 1233 2918 1881 3005 2695 1977 3286 705 987 896 3933 3231 2343 2564 1006 1129 1578 1984 1111 2600 2141 3167 2039 3892 2280 1745 3043 2540 3127
2697 1078 3150 3460 360 1091 2430 1177 2627 3043 1358 2562 3181 2224 1775 1705 2812 2327 2064 1222 1980 3076 1212 3526 1541 1149 1968 2041 1437 2788 1645 2855 2161 2389 1401 762 1120 1891 3423 1072 1896 1724 2296 604 938 3361 2480 922 1535 2038 3189 1429 621 1904 1607 3247 1897 1403 2793 1435 1675 1625 1498 3104 2481 3072 2260 2496 1863 2361 699 1391 1427 1553 1398 2270 1684 3010 1887 2694 2342 2325 1287 2901 2447 1006 2726 941 2275 1214 2052 2501 1417 3614 3153 2940 1710 2359 1510 1268 2983 2856 2608 1911 2755 1314 2912 656 1866 1265 1826 2078 954 2055 1838
2191 1665 3212 2911 1091 360 2180 806 2504 2965 643 2746 3084 1701 1172 996 2264 1742 1899 826 1503 3143 490 2931 1747 1673 1252 1728 1921 2301 1798 2986 1937 2156 1500 953 584 1725 3343 1032 2381 1355 1860 1266 1557 3415 2684 535 1386 2004 2718 1996 866 1197 946 3091 1268 1127 2649 719 1324 991 1862 2639 1843 2780 2029 2198 1166 2119 1092 1621 1073 1162 1378 2373 1009 2898 1164 2507 2468 2192 1520 2565 2629 1397 2103 608 1579 1459 2140 2320 1814 3014 2719 2375 2303 2617 943 1001 2366 2232 2292 1290 2277 1202 2784 918 1546 1934 1682 1549 508 2077 1245
1160 2282 1701 1818 2430 2180 360 1754 814 1254 2043 1663 1335 1213 2765 1952 1395 1415 753 1723 1180 1656 2217 2032 1555 2158 2477 818 2113 1172 1437 1681 629 417 1483 2030 2402 906 1594 1721 2269 1189 933 2355 2325 1854 1680 2254 1255 972 1378 2331 2425 2504 2524 1288 1617 1438 890 2285 1216 2598 1852 1299 1661 1004 530 503 2532 429 2107 1637 1470 1379 1409 1307 2522 1148 2056 714 1394 681 1683 873 1598 1965 1670 2048 1926 1728 1238 583 1918 2120 1260 1523 2533 1782 1658 1580 1769 1732 606 1590 1129 1477 1028 2147 994 2588 974 1270 2256 1087 2832
1887 1499 2769 2645 1177 806 1754 360 2061 2520 810 2326 2641 1408 1558 1032 1995 1511 1456 404 1171 2701 883 2708 1365 1460 1496 1313 1656 1984 1394 2553 1503 1727 1101 826 1029 1280 2899 678 2089 952 1506 1238 1431 2971 2269 859 941 1560 2392 1782 1074 1469 1312 2654 1105 684 2209 1047 912 1373 1537 2310 1679 2372 1597 1786 1459 1691 979 1259 648 761 954 1941 1351 2455 1235 2072 2039 1748 1173 2170 2209 1156 1915 659 1531 1127 1709 1882 1511 2797 2371 2122 2088 2217 714 555 2170 2045 1888 1114 1954 770 2342 890 1129 1815 1236 1261 861 1637 1633
1569 2334 1247 2134 2627 2504 814 2061 360 828 2407 1310 940 1666 3154 2361 1810 1870 964 2037 1611 1204 2560 2379 1569 2199 2898 1213 2083 1568 1442 1260 951 794 1599 2245 2728 1140 1200 1952 2125 1556 1388 2508 2407 1401 1351 2550 1497 961 1669 2302 2669 2918 2907 980 2047 1736 531 2657 1569 2980 1825 1604 2115 1040 883 924 2941 834 2290 1691 1794 1728 1591 1049 2914 754 2482 559 1102 672 1767 1080 1274 2073 2112 2337 2377 1828 1099 592 1908 2461 1519 1926 2447 1494 2033 1870 2188 2164 964 2022 1529 1713 646 2368 1361 2604 1190 1714 2558 998 3223
1912 2674 911 2348 3043 2965 1254 2520 828 360 2875 1311 507 2102 3623 2828 2153 2294 1427 2498 2070 903 3025 2618 1920 2536 3362 1679 2375 1900 1796 1107 1420 1247 2002 2674 3189 1600 742 2391 2316 2025 1818 2903 2764 1000 1388 3004 1948 1366 1887 2584 3105 3384 3376 698 2507 2197 726 3125 2038 3449 2132 1842 2527 1155 1347 1333 3408 1288 2704 2057 2259 2196 2022 1251 3383 495 2944 909 1248 1134 2146 1322 1334 2454 2490 2790 2817 2213 1400 1047 2222 2691 1722 2250 2678 1572 2502 2328 2526 2524 1332 2481 1866 2159 596 2797 1830 2912 1645 2165 3013 1355 3692
1953 1866 3170 2652 1358 643 2043 810 2407 2875 360 2762 2984 1467 1126 713 2011 1484 1810 803 1298 3105 577 2661 1815 1853 1057 1585 2077 2068 1842 2976 1821 2027 1551 1146 789 1646 3246 1116 2522 1216 1658 1509 1773 3367 2709 817 1349 1962 2485 2180 1147 1022 876 2969 1004 1074 2540 613 1198 944 1978 2410 1567 2610 1905 2041 1010 1987 1299 1707 988 1038 1398 2369 905 2795 889 2385 2470 2102 1618 2383 2647 1559 1829 801 1295 1567 2139 2205 1945 2742 2499 2116 2488 2664 747 985 2092 1958 2125 1028 2047 1212 2678 1144 1413 2158 1616 1318 791 2054 1200
2463 2005 1044 3080 2562 2746 1663 2326 1310 1311 2762 360 1442 2404 3524 2851 2698 2624 1506 2323 2253 975 2844 3317 1393 1874 3392 1857 1636 2474 1315 684 1617 1616 1610 2278 2952 1587 1563 2078 1434 2054 2169 2363 2129 1239 456 2721 1782 1230 2617 1810 2706 3386 3275 1649 2637 2055 1406 3010 2038 3339 1455 2550 2887 1970 1620 1803 3391 1641 2244 1541 2152 2152 1732 774 3308 1395 3020 1510 667 1349 1649 2030 477 1916 2947 2518 3055 1722 987 1470 1547 3402 2469 2826 1822 645 2465 2138 3068 3022 1878 2619 2432 1915 1397 2391 1913 2160 1581 2395 2741 1104 3598
1936 2821 967 2321 3181 3084 1335 2641 940 507 2984 1442 360 2170 3726 2923 2175 2354 1544 2617 2156 976 3140 2596 2065 2683 3452 1776 2522 1920 1941 1215 1524 1335 2141 2808 3309 1720 621 2522 2460 2130 1885 3044 2910 1009 1523 3129 2074 1502 1868 2732 3238 3477 3481 592 2593 2317 808 3233 2146 3555 2279 1830 2578 1131 1445 1398 3503 1376 2842 2201 2375 2306 2155 1398 3485 549 3032 981 1393 1252 2289 1327 1471 2597 2524 2915 2884 2355 1546 1142 2369 2666 1701 2263 2823 1708 2608 2450 2543 2549 1381 2566 1889 2287 668 2931 1934 3059 1768 2242 3137 1497 3795
850 2387 2549 1596 2224 1701 1213 1408 1666 2102 1467 2404 2170 360 2063 1240 947 580 1260 1364 616 2501 1681 1674 1869 2300 1700 910 2382 961 1802 2490 1151 1232 1655 1847 1892 1220 2420 1577 2695 924 645 2254 2367 2707 2395 1837 1285 1551 1378 2572 2112 1744 1848 2079 862 1227 1736 1659 975 1922 2162 1302 843 1602 1171 1131 1784 1194 1983 1866 1169 1045 1485 1999 1823 1987 1280 1553 2103 1451 1848 1353 2315 2018 964 1684 1074 1852 1837 1433 2189 1765 1395 1079 2844 2444 1119 1335 1179 1077 1162 832 940 1406 1870 1931 922 2720 1258 512 1824 1687 2120
2497 2441 3935 3087 1775 1172 2765 1558 3154 3623 1126 3524 3726 2063 360 1188 2502 1994 2566 1560 1966 3870 1054 3021 2550 2466 825 2312 2725 2628 2590 3742 2563 2756 2294 1756 1029 2407 3988 1835 3189 1958 2308 1998 2319 4131 3468 1272 2115 2729 3029 2785 1513 742 610 3693 1562 1840 3279 874 1947 545 2674 2965 1960 3286 2641 2743 681 2715 1880 2429 1754 1794 2153 3134 603 3537 1162 3116 3234 2855 2330 3044 3408 2204 2214 1420 1568 2271 2903 2944 2625 3088 3079 2571 3086 3413 1481 1746 2456 2324 2813 1591 2618 1969 3418 1697 2152 2676 2379 1933 1241 2821 434
1697 2161 3183 2353 1705 996 1952 1032 2361 2828 713 2851 2923 1240 1188 360 1728 1202 1797 1004 1140 3122 912 2339 1987 2131 906 1508 2327 1822 1988 3029 1770 1948 1717 1453 1111 1656 3183 1348 2752 1182 1479 1840 2081 3369 2810 1170 1436 2003 2234 2454 1500 917 968 2876 738 1178 2475 803 1185 1042 2194 2164 1240 2457 1840 1921 940 1906 1611 1902 1072 1059 1543 2442 946 2733 562 2305 2547 2075 1827 2216 2741 1827 1505 1132 942 1789 2224 2142 2175 2418 2269 1820 2760 2791 751 1148 1766 1631 1986 767 1808 1365 2614 1472 1365 2468 1644 1106 1144 2114 1250
482 2949 2674 1011 2812 2264 1395 1995 1810 2153 2011 2698 2175 947 2502 1728 360 888 1631 1951 1198 2642 2228 1098 2366 2854 2078 1341 2907 614 2279 2707 1484 1442 2183 2434 2440 1663 2391 2159 3173 1491 971 2839 2939 2793 2711 2409 1824 1925 903 3107 2694 2142 2318 2019 1368 1807 1811 2169 1543 2389 2670 857 922 1447 1452 1259 2193 1418 2568 2388 1755 1630 2028 2328 2276 2021 1700 1637 2421 1709 2386 1213 2628 2583 741 2267 1327 2400 2217 1602 2709 1191 998 503 3363 2799 1693 1921 737 736 1207 1343 647 1974 1919 2519 1434 3281 1718 1094 2395 2059 2548
862 2550 2756 1529 2327 1742 1415 1511 1870 2294 1484 2624 2354 580 1994 1202 888 360 1480 1466 796 2709 1702 1561 2070 2470 1595 1131 2570 994 2009 2706 1370 1439 1845 1968 1913 1438 2599 1719 2898 1103 842 2380 2520 2909 2615 1893 1474 1771 1396 2753 2190 1650 1799 2249 840 1380 1929 1642 1151 1872 2357 1330 623 1739 1386 1321 1696 1402 2112 2058 1306 1189 1670 2220 1763 2176 1193 1745 2323 1666 2032 1487 2535 2180 778 1764 899 2030 2057 1638 2379 1648 1446 992 3032 2664 1184 1470 1021 903 1335 815 988 1573 2060 2041 1131 2882 1473 646 1877 1907 2046
1416 1889 1746 2144 2064 1899 753 1456 964 1427 1810 1506 1544 1260 2566 1797 1631 1480 360 1432 1114 1686 1957 2330 1169 1764 2342 711 1730 1451 1057 1620 514 702 1091 1670 2124 538 1804 1367 1923 975 1045 1974 1932 1932 1495 1948 901 658 1731 1947 2082 2353 2317 1564 1523 1132 1114 2062 979 2389 1472 1647 1743 1389 591 865 2371 685 1734 1244 1192 1132 1029 1099 2329 1358 1939 992 1203 653 1289 1265 1414 1573 1824 1735 1916 1335 950 799 1533 2421 1631 1771 2161 1550 1446 1267 1979 1913 984 1502 1407 1123 1246 1791 795 2195 597 1250 1954 795 2637
1844 1535 2756 2600 1222 826 1723 404 2037 2498 803 2323 2617 1364 1560 1004 1951 1466 1432 360 1127 2688 895 2664 1375 1493 1480 1279 1683 1941 1399 2545 1474 1696 1108 869 1051 1258 2877 703 2111 914 1464 1282 1470 2957 2268 892 926 1545 2350 1813 1116 1456 1312 2627 1062 661 2183 1047 875 1375 1557 2267 1636 2337 1568 1752 1449 1660 1021 1274 613 722 955 1935 1348 2431 1206 2044 2034 1725 1191 2133 2207 1188 1871 697 1492 1148 1703 1855 1533 2752 2330 2078 2118 2221 673 545 2125 2001 1852 1071 1911 769 2318 935 1095 1853 1216 1216 892 1627 1634
1077 2130 2472 1841 1980 1503 1180 1171 1611 2070 1298 2253 2156 616 1966 1140 1198 796 1114 1127 360 2417 1501 1929 1634 2045 1657 771 2135 1173 1576 2372 1040 1183 1409 1597 1707 1033 2414 1322 2462 669 720 2001 2110 2644 2234 1625 1038 1384 1585 2321 1882 1686 1734 2098 797 971 1710 1516 720 1809 1921 1503 1046 1683 1090 1140 1716 1142 1730 1621 917 792 1235 1841 1723 1968 1235 1535 1947 1353 1598 1449 2156 1761 1208 1457 1162 1599 1658 1384 1943 2020 1576 1332 2597 2265 921 1083 1433 1327 1206 770 1144 1150 1848 1686 710 2463 1058 514 1616 1517 2030
2400 2582 433 2884 3076 3143 1656 2701 1204 903 3105 975 976 2501 3870 3122 2642 2709 1686 2688 2417 360 3223 3150 1896 2447 3668 2006 2229 2393 1791 662 1737 1630 2059 2750 3362 1829 1000 2506 2049 2299 2227 2898 2696 644 1071 3149 2122 1503 2420 2414 3187 3677 3620 1209 2843 2394 1193 3358 2299 3689 2024 2370 2958 1695 1694 1768 3692 1667 2744 2046 2477 2442 2135 1166 3640 1033 3265 1364 1099 1424 2149 1841 1056 2442 2955 2937 3204 2222 1390 1433 2118 3225 2257 2750 2437 1260 2761 2505 3019 3003 1798 2820 2356 2302 1104 2870 2121 2762 1851 2535 3164 1427 3943
2168 1796 3291 2870 1212 490 2217 883 2560 3025 577 2844 3140 1681 1054 912 2228 1702 1957 895 1501 3223 360 2877 1857 1802 1123 1761 2048 2282 1901 3076 1983 2197 1604 1083 571 1786 3400 1141 2507 1387 1862 1394 1687 3492 2784 650 1461 2080 2700 2127 976 1066 821 3137 1222 1193 2700 589 1362 870 1983 2623 1781 2801 2072 2226 1035 2159 1223 1734 1125 1199 1472 2463 880 2952 1063 2552 2561 2250 1636 2579 2727 1525 2044 733 1492 1577 2231 2368 1938 2958 2710 2334 2433 2723 941 1078 2307 2172 2314 1246 2260 1291 2837 1048 1583 2064 1748 1530 619 2160 1128
1160 3688 3167 644 3526 2931 2032 2708 2379 2618 2661 3317 2596 1674 3021 2339 1098 1561 2330 2664 1929 3150 2877 360 3094 3592 2563 2069 3641 1238 3002 3272 2177 2086 2920 3158 3085 2383 2760 2892 3889 2228 1703 3567 3677 3245 3344 3088 2563 2614 1090 3843 3390 2640 2879 2393 2023 2541 2329 2779 2280 2943 3399 1140 1459 1826 2127 1889 2700 2071 3297 3123 2483 2359 2766 2979 2822 2483 2258 2184 3063 2354 3123 1672 3263 3322 1194 2965 1817 3138 2899 2207 3442 452 1255 958 4095 3454 2385 2649 934 1069 1801 2002 1282 2712 2405 3237 2171 4020 2443 1812 3070 2742 3054
2174 1125 1969 2931 1541 1747 1555 1365 1569 1920 1815 1393 2065 1869 2550 1987 2366 2070 1169 1375 1634 1896 1857 3094 360 989 2493 1385 921 2225 487 1675 1319 1500 629 1245 1941 1073 2289 1075 1187 1339 1754 1364 1205 2180 1318 1702 967 979 2535 1137 1673 2471 2308 2174 1886 1174 1740 2047 1298 2365 666 2451 2319 2160 1400 1674 2464 1490 1214 510 1282 1337 807 1090 2353 1914 2180 1695 1160 1319 617 2067 1276 908 2473 1507 2346 690 886 1522 724 3186 2440 2510 1362 1231 1599 1204 2675 2584 1793 1878 2182 981 1834 1358 1309 1404 1011 1787 1724 934 2624
2686 498 2520 3460 1149 1673 2158 1460 2199 2536 1853 1874 2683 2300 2466 2131 2854 2470 1764 1493 2045 2447 1802 3592 989 360 2546 1908 648 2750 1117 2189 1904 2105 1049 1079 1799 1635 2897 1155 1108 1736 2254 909 616 2728 1783 1554 1389 1606 3097 686 1373 2500 2257 2801 2164 1455 2369 2027 1685 2295 782 3011 2691 2779 1994 2266 2475 2090 946 881 1543 1648 1186 1669 2322 2538 2333 2323 1713 1945 841 2670 1768 665 2889 1432 2615 815 1496 2146 688 3685 3017 2995 994 1634 1796 1396 3118 3010 2386 2166 2710 1257 2462 1129 1782 794 1566 2185 1585 1562 2536
2092 2550 3728 2641 1968 1252 2477 1496 2898 3362 1057 3392 3452 1700 825 906 2078 1595 2342 1480 1657 3668 1123 2563 2493 2546 360 2044 2774 2227 2507 3575 2310 2477 2225 1830 1223 2202 3711 1810 3219 1728 1968 2158 2447 3912 3348 1409 1971 2549 2616 2872 1719 446 773 3393 1222 1704 3005 895 1732 805 2673 2557 1523 2941 2375 2433 510 2436 1978 2395 1602 1602 2059 2985 690 3264 783 2832 3090 2617 2309 2693 3280 2255 1768 1477 1121 2262 2764 2675 2642 2628 2680 2136 3180 3321 1286 1650 2003 1873 2487 1250 2223 1876 3144 1809 1908 2827 2190 1590 1377 2658 851
1150 2016 2062 1915 2041 1728 818 1313 1213 1679 1585 1857 1776 910 2312 1508 1341 1131 711 1279 771 2006 1761 2069 1385 1908 2044 360 1933 1205 1298 1963 629 804 1221 1638 1949 684 2037 1330 2193 733 730 2001 2030 2237 1845 1811 896 1000 1554 2139 2006 2064 2069 1745 1199 1010 1328 1827 764 2143 1690 1467 1394 1418 691 833 2088 764 1738 1417 1025 925 1089 1450 2070 1586 1629 1164 1554 942 1428 1223 1765 1664 1490 1611 1570 1453 1288 994 1734 2161 1490 1485 2386 1893 1200 1153 1665 1587 936 1174 1164 1097 1467 1749 543 2342 737 900 1811 1136 2380
2723 752 2302 3486 1437 1921 2113 1656 2083 2375 2077 1636 2522 2382 2725 2327 2907 2570 1730 1683 2135 2229 2048 3641 921 648 2774 1933 360 2777 1035 1957 1880 2057 1088 1329 2063 1630 2721 1339 827 1827 2297 1198 893 2506 1541 1816 1457 1521 3096 579 1656 2734 2508 2661 2314 1586 2250 2268 1779 2550 622 3011 2806 2706 1960 2235 2713 2049 1212 879 1685 1774 1260 1487 2569 2393 2530 2229 1514 1862 899 2625 1537 883 2983 1674 2773 913 1350 2066 559 3733 3001 3050 821 1379 1969 1557 3199 3100 2353 2312 2735 1379 2328 1395 1836 898 1565 2283 1845 1448 2797
383 2855 2424 1070 2788 2301 1172 1984 1568 1900 2068 2474 1920 961 2628 1822 614 994 1451 1941 1173 2393 2282 1238 2225 2750 2227 1205 2777 360 2128 2468 1299 1223 2066 2397 2493 1511 2137 2106 3012 1430 862 2790 2859 2540 2492 2433 1725 1737 777 2985 2696 2284 2427 1765 1446 1755 1561 2252 1482 2500 2531 702 1112 1198 1252 1031 2331 1203 2520 2263 1720 1595 1926 2117 2394 1767 1827 1390 2206 1492 2273 959 2410 2496 980 2271 1501 2295 2024 1369 2578 1329 812 717 3227 2591 1718 1882 987 990 965 1418 404 1899 1667 2492 1332 3183 1573 1112 2422 1867 2680
2082 1252 1864 2831 1645 1798 1437 1394 1442 1796 1842 1315 1941 1802 2590 1988 2279 2009 1057 1399 1576 1791 1901 3002 487 1117 2507 1298 1035 2128 360 1583 1209 1382 657 1328 1999 978 2167 1126 1256 1293 1669 1478 1330 2075 1248 1766 933 853 2428 1254 1762 2490 2345 2047 1858 1169 1612 2081 1256 2405 775 2344 2262 2036 1286 1561 2487 1374 1312 622 1276 1315 807 984 2385 1788 2176 1569 1062 1194 719 1949 1198 1023 2405 1564 2314 792 769 1398 842 3094 2328 2422 1464 1183 1596 1220 2597 2511 1678 1848 2085 992 1707 1445 1239 1529 920 1730 1786 807 2664
2466 2322 726 3018 2855 2986 1681 2553 1260 1107 2976 684 1215 2490 3742 3029 2707 2706 1620 2545 2372 662 3076 3272 1675 2189 3575 1963 1957 2468 1583 360 1702 1643 1867 2551 3199 1736 1287 2329 1752 2213 2232 2664 2442 915 780 2976 1986 1385 2551 2134 2985 3577 3492 1440 2781 2262 1305 3227 2204 3558 1767 2492 2964 1854 1680 1810 3587 1676 2530 1825 2352 2334 1967 973 3518 1218 3186 1449 882 1400 1932 1961 781 2212 2991 2767 3173 2005 1206 1465 1861 3352 2393 2826 2142 964 2653 2360 3084 3053 1863 2761 2428 2145 1255 2668 2050 2484 1745 2503 2993 1282 3816
1266 2026 1792 1990 2161 1937 629 1503 951 1420 1821 1617 1524 1151 2563 1770 1484 1370 514 1474 1040 1737 1983 2177 1319 1904 2310 629 1880 1299 1209 1702 360 589 1223 1761 2161 638 1785 1453 2076 966 913 2086 2063 1967 1614 2001 986 800 1578 2096 2160 2328 2317 1514 1468 1181 1078 2069 984 2391 1623 1494 1631 1273 459 721 2350 560 1838 1387 1224 1145 1140 1221 2323 1334 1897 930 1321 672 1425 1129 1533 1700 1694 1793 1833 1467 1092 744 1682 2268 1481 1623 2314 1683 1444 1323 1838 1777 841 1444 1255 1209 1216 1879 771 2337 707 1163 2005 935 2632
1207 2230 1676 1874 2389 2156 417 1727 794 1247 2027 1616 1335 1232 2756 1948 1442 1439 702 1696 1183 1630 2197 2086 1500 2105 2477 804 2057 1223 1382 1643 589 360 1433 1990 2380 861 1595 1683 2211 1171 957 2310 2275 1835 1630 2226 1215 915 1435 2276 2390 2502 2513 1301 1621 1407 887 2271 1195 2587 1796 1356 1689 1048 490 558 2528 401 2065 1584 1444 1357 1364 1254 2514 1146 2058 719 1343 629 1631 927 1548 1915 1708 2019 1943 1678 1182 562 1863 2174 1318 1571 2476 1729 1644 1549 1813 1773 663 1594 1179 1438 1026 2109 974 2534 928 1281 2229 1030 2824
2006 1165 2131 2777 1401 1500 1483 1101 1599 2002 1551 1610 2141 1655 2294 1717 2183 1845 1091 1108 1409 2059 1604 2920 629 1049 2225 1221 1088 2066 657 1867 1223 1433 360 1051 1702 949 2382 828 1430 1103 1576 1268 1201 2340 1545 1471 731 1001 2408 1283 1489 2204 2050 2219 1628 908 1769 1787 1058 2108 875 2322 2086 2119 1316 1584 2198 1415 1062 572 1015 1078 544 1258 2092 1975 1911 1690 1345 1311 567 1992 1492 843 2257 1267 2090 604 1029 1502 894 3012 2329 2326 1549 1479 1330 935 2471 2372 1704 1622 2025 712 1880 1172 1110 1483 879 1559 1490 1014 2368
2309 1081 2822 3079 762 953 2030 826 2245 2674 1146 2278 2808 1847 1756 1453 2434 1968 1670 869 1597 2750 1083 3158 1245 1079 1830 1638 1329 2397 1328 2551 1761 1990 1051 360 1098 1494 3056 669 1793 1328 1901 773 989 3032 2204 849 1135 1668 2793 1404 797 1782 1539 2863 1570 1004 2409 1308 1278 1580 1295 2708 2145 2671 1860 2093 1755 1961 517 1101 1040 1165 1013 1947 1603 2633 1652 2302 2030 1938 993 2498 2161 808 2377 713 1988 922 1720 2108 1237 3248 2753 2566 1711 2109 1179 875 2629 2506 2206 1580 2363 912 2531 483 1464 1375 1432 1706 877 1701 1827
2379 1772 3431 3081 1120 584 2402 1029 2728 3189 789 2952 3309 1892 1029 1111 2440 1913 2124 1051 1707 3362 571 3085 1941 1799 1223 1949 2063 2493 1999 3199 2161 2380 1702 1098 360 1949 3568 1233 2529 1576 2067 1334 1650 3634 2887 608 1608 2225 2910 2116 862 1152 846 3315 1433 1352 2874 713 1546 867 2030 2834 1988 2997 2253 2418 1107 2342 1213 1808 1297 1384 1591 2585 924 3122 1244 2731 2679 2417 1704 2779 2835 1546 2251 795 1685 1639 2352 2544 1975 3165 2919 2545 2417 2812 1145 1224 2514 2379 2510 1457 2471 1419 3009 1030 1768 2012 1905 1741 581 2294 1097
1463 1754 1892 2217 1891 1725 906 1280 1140 1600 1646 1587 1720 1220 2407 1656 1663 1438 538 1258 1033 1829 1786 2383 1073 1635 2202 684 1630 1511 978 1736 638 861 949 1494 1949 360 1979 1190 1870 836 1054 1809 1786 2084 1563 1770 723 717 1828 1842 1904 2209 2157 1743 1411 957 1293 1899 830 2228 1380 1742 1700 1549 735 996 2223 836 1564 1124 1022 973 863 1173 2173 1535 1810 1170 1280 828 1154 1406 1486 1423 1812 1557 1829 1192 985 976 1431 2476 1742 1806 2076 1592 1292 1090 1990 1911 1116 1392 1468 946 1424 1615 686 2069 429 1182 1777 845 2478
2156 3036 961 2479 3423 3343 1594 2899 1200 742 3246 1563 621 2420 3988 3183 2391 2599 1804 2877 2414 1000 3400 2760 2289 2897 3711 2037 2721 2137 2167 1287 1785 1595 2382 3056 3568 1979 360 2774 2619 2392 2135 3280 3131 914 1652 3386 2330 1747 2042 2925 3488 3737 3743 735 2851 2576 1069 3495 2408 3816 2486 2013 2817 1317 1706 1650 3764 1636 3084 2430 2635 2567 2404 1594 3746 810 3290 1239 1572 1511 2521 1538 1614 2829 2750 3172 3132 2589 1765 1403 2578 2824 1876 2470 2994 1844 2869 2708 2752 2767 1624 2824 2109 2541 929 3179 2196 3260 2025 2497 3394 1731 4056
2023 1209 2577 2797 1072 1032 1721 678 1952 2391 1116 2078 2522 1577 1835 1348 2159 1719 1367 703 1322 2506 1141 2892 1075 1155 1810 1330 1339 2106 1126 2329 1453 1683 828 669 1233 1190 2774 360 1771 1035 1606 1044 1162 2784 2013 1006 828 1392 2495 1472 1077 1779 1595 2567 1372 712 2113 1336 984 1650 1222 2410 1919 2362 1552 1783 1765 1653 774 955 772 893 734 1717 1643 2344 1550 2000 1808 1642 862 2188 1961 850 2136 799 1820 811 1485 1806 1193 2982 2450 2295 1776 1944 1000 610 2380 2262 1896 1376 2070 604 2238 786 1158 1536 1129 1444 1023 1442 1909
2970 1186 2117 3706 1896 2381 2269 2089 2125 2316 2522 1434 2460 2695 3189 2752 3173 2898 1923 2111 2462 2049 2507 3889 1187 1108 3219 2193 827 3012 1256 1752 2076 2211 1430 1793 2529 1870 2619 1771 360 2165 2564 1653 1331 2305 1339 2281 1792 1656 3284 858 2121 3184 2968 2634 2698 1971 2277 2724 2123 3012 921 3203 3147 2793 2139 2404 3165 2213 1679 1224 2076 2148 1615 1447 3027 2364 2952 2300 1430 1974 1286 2759 1366 1344 3299 2133 3160 1323 1404 2169 938 3981 3169 3316 753 1149 2379 1967 3494 3407 2515 2692 2968 1765 2325 1862 2133 1184 1816 2615 2310 1545 3261
1347 1823 2360 2123 1724 1355 1189 952 1556 2025 1216 2054 2130 924 1958 1182 1491 1103 975 914 669 2299 1387 2228 1339 1736 1728 733 1827 1430 1293 2213 966 1171 1103 1328 1576 836 2392 1035 2165 360 932 1720 1808 2547 2022 1444 734 1190 1825 2011 1660 1738 1711 2112 946 684 1685 1463 412 1784 1618 1740 1343 1785 1049 1203 1755 1132 1449 1316 665 554 927 1640 1719 1941 1333 1529 1747 1258 1289 1578 1949 1455 1517 1251 1388 1290 1435 1349 1637 2320 1790 1629 2289 2030 837 816 1742 1636 1299 931 1395 844 1823 1428 556 2156 833 816 1442 1310 2027
791 2356 2274 1567 2296 1860 933 1506 1388 1818 1658 2169 1885 645 2308 1479 971 842 1045 1464 720 2227 1862 1703 1754 2254 1968 730 2297 862 1669 2232 913 957 1576 1901 2067 1054 2135 1606 2564 932 360 2290 2357 2427 2168 1976 1226 1343 1252 2499 2220 2006 2082 1797 1110 1257 1452 1873 983 2158 2058 1167 1092 1338 913 846 2042 921 2020 1779 1231 1107 1428 1775 2065 1703 1545 1269 1875 1193 1781 1096 2086 1995 1140 1800 1359 1799 1636 1155 2098 1796 1226 1115 2752 2234 1281 1388 1297 1227 881 1081 825 1397 1585 2000 832 2686 1108 738 1969 1480 2369
2707 833 2972 3480 604 1266 2355 1238 2508 2903 1509 2363 3044 2254 1998 1840 2839 2380 1974 1282 2001 2898 1394 3567 1364 909 2158 2001 1198 2790 1478 2664 2086 2310 1268 773 1334 1809 3280 1044 1653 1720 2290 360 693 3183 2277 1111 1471 1908 3178 1184 853 2099 1816 3127 1982 1396 2677 1622 1668 1841 1280 3092 2558 2999 2184 2435 2062 2285 631 1216 1444 1569 1306 2095 1890 2881 2032 2592 2159 2216 1119 2844 2250 816 2790 1069 2391 1050 1887 2402 1194 3657 3128 2973 1467 2147 1591 1278 3042 2919 2551 1992 2755 1264 2788 727 1836 1038 1741 2115 1143 1908 2064
2786 505 2770 3563 938 1557 2325 1431 2407 2764 1773 2129 2910 2367 2319 2081 2939 2520 1932 1470 2110 2696 1687 3677 1205 616 2447 2030 893 2859 1330 2442 2063 2275 1201 989 1650 1786 3131 1162 1331 1808 2357 693 360 2979 2038 1416 1496 1807 3224 851 1185 2394 2126 3017 2168 1501 2578 1916 1756 2156 1035 3138 2722 2959 2157 2423 2362 2256 833 1076 1574 1690 1301 1910 2197 2759 2280 2518 1960 2138 1007 2832 2022 725 2937 1334 2603 956 1725 2335 941 3768 3156 3078 1134 1891 1783 1413 3178 3063 2542 2173 2820 1325 2677 998 1886 746 1716 2240 1448 1778 2386
2551 2864 570 2971 3361 3415 1854 2971 1401 1000 3367 1239 1009 2707 4131 3369 2793 2909 1932 2957 2644 644 3492 3245 2180 2728 3912 2237 2506 2540 2075 915 1967 1835 2340 3032 3634 2084 914 2784 2305 2547 2427 3183 2979 360 1335 3425 2391 1771 2516 2687 3470 3926 3881 1227 3076 2660 1349 3621 2550 3951 2306 2475 3149 1779 1914 1952 3943 1875 3028 2330 2739 2698 2412 1451 3897 1134 3504 1531 1383 1656 2434 1961 1330 2727 3125 3212 3418 2506 1672 1633 2400 3315 2350 2890 2696 1519 3016 2775 3167 3162 1964 3052 2505 2576 1233 3152 2364 3036 2111 2754 3439 1702 4203
2478 1914 1140 3112 2480 2684 1680 2269 1351 1388 2709 456 1523 2395 3468 2810 2711 2615 1495 2268 2234 1071 2784 3344 1318 1783 3348 1845 1541 2492 1248 780 1614 1630 1545 2204 2887 1563 1652 2013 1339 2022 2168 2277 2038 1335 360 2654 1736 1209 2652 1714 2629 3340 3220 1724 2608 2006 1459 2955 2003 3282 1365 2582 2878 2021 1624 1821 3343 1653 2165 1464 2106 2111 1674 755 3255 1466 2983 1551 653 1361 1573 2068 442 1834 2948 2452 3032 1645 948 1496 1457 3430 2507 2841 1726 551 2422 2084 3078 3027 1902 2591 2449 1859 1460 2316 1889 2065 1551 2378 2674 1077 3542
2327 1533 3219 3059 922 535 2254 859 2550 3004 817 2721 3129 1837 1272 1170 2409 1893 1948 892 1625 3149 650 3088 1702 1554 1409 1811 1816 2433 1766 2976 2001 2226 1471 849 608 1770 3386 1006 2281 1444 1976 1111 1416 3425 2654 360 1416 2022 2848 1873 691 1348 1069 3150 1426 1179 2702 874 1407 1102 1782 2768 2006 2869 2096 2284 1311 2190 968 1566 1146 1250 1374 2363 1141 2945 1340 2569 2454 2237 1460 2663 2604 1297 2263 574 1752 1394 2131 2378 1726 3172 2841 2525 2176 2573 1077 1040 2526 2394 2383 1446 2406 1212 2834 785 1627 1787 1720 1684 392 2083 1342
1657 1490 2190 2433 1535 1386 1255 941 1497 1948 1349 1782 2074 1285 2115 1436 1824 1474 901 926 1038 2122 1461 2563 967 1389 1971 896 1457 1725 933 1986 986 1215 731 1135 1608 723 2330 828 1792 734 1226 1471 1496 2391 1736 1416 360 979 2089 1648 1541 1964 1865 2105 1285 635 1653 1601 691 1932 1244 2002 1717 1897 1085 1325 1968 1186 1216 943 730 745 563 1382 1892 1891 1616 1534 1484 1184 924 1733 1670 1131 1886 1202 1742 935 1155 1340 1265 2655 2026 1967 1919 1716 1045 745 2102 2002 1440 1275 1685 583 1782 1253 753 1819 667 1188 1425 1065 2189
1706 1740 1570 2417 2038 2004 972 1560 961 1366 1962 1230 1502 1551 2729 2003 1925 1771 658 1545 1384 1503 2080 2614 979 1606 2549 1000 1521 1737 853 1385 800 915 1001 1668 2225 717 1747 1392 1656 1190 1343 1908 1807 1771 1209 2022 979 360 1988 1741 2102 2552 2478 1579 1769 1250 1132 2216 1179 2546 1258 1907 2034 1544 847 1108 2562 917 1699 1092 1334 1309 1019 817 2500 1333 2163 1076 923 702 1165 1473 1131 1471 2122 1808 2184 1226 653 905 1333 2704 1873 2064 1926 1254 1629 1364 2276 2211 1219 1750 1692 1170 1240 1791 1042 2022 719 1528 2034 497 2801
776 3209 2437 827 3189 2718 1378 2392 1669 1887 2485 2617 1868 1378 3029 2234 903 1396 1731 2350 1585 2420 2700 1090 2535 3097 2616 1554 3096 777 2428 2551 1578 1435 2408 2793 2910 1828 2042 2495 3284 1825 1252 3178 3224 2516 2652 2848 2089 1988 360 3309 3106 2677 2835 1670 1860 2148 1606 2667 1874 2908 2841 446 1466 1096 1507 1240 2726 1431 2910 2592 2122 1998 2283 2306 2799 1752 2227 1470 2381 1690 2615 950 2572 2859 1268 2682 1869 2645 2257 1521 2897 1165 526 892 3532 2776 2134 2280 1152 1221 1133 1832 801 2278 1676 2893 1704 3532 1895 1530 2838 2106 3079
2928 711 2486 3694 1429 1996 2331 1782 2302 2584 2180 1810 2732 2572 2785 2454 3107 2753 1947 1813 2321 2414 2127 3843 1137 686 2872 2139 579 2985 1254 2134 2096 2276 1283 1404 2116 1842 2925 1472 858 2011 2499 1184 851 2687 1714 1873 1648 1741 3309 360 1670 2826 2579 2875 2471 1751 2468 2352 1962 2615 842 3224 2982 2926 2177 2452 2800 2267 1266 1081 1845 1942 1447 1693 2645 2606 2656 2448 1713 2082 1084 2843 1718 986 3169 1757 2927 1082 1566 2286 773 3936 3217 3250 668 1541 2112 1705 3390 3288 2570 2471 2943 1547 2543 1448 2033 711 1776 2466 1904 1667 2854
2597 1319 3260 3345 621 866 2425 1074 2669 3105 1147 2706 3238 2112 1513 1500 2694 2190 2082 1116 1882 3187 976 3390 1673 1373 1719 2006 1656 2696 1762 2985 2160 2390 1489 797 862 1904 3488 1077 2121 1660 2220 853 1185 3470 2629 691 1541 2102 3106 1670 360 1652 1348 3284 1735 1356 2830 1190 1615 1365 1681 3024 2320 3058 2259 2474 1609 2358 828 1525 1354 1473 1443 2384 1427 3061 1671 2715 2464 2360 1417 2869 2589 1177 2573 787 2080 1344 2157 2521 1609 3476 3085 2816 1959 2524 1365 1212 2834 2704 2581 1753 2667 1319 2956 677 1824 1526 1846 1961 720 2138 1576
2150 2500 3739 2713 1904 1197 2504 1469 2918 3384 1022 3386 3477 1744 742 917 2142 1650 2353 1456 1686 3677 1066 2640 2471 2500 446 2064 2734 2284 2490 3577 2328 2502 2204 1782 1152 2209 3737 1779 3184 1738 2006 2099 2394 3926 3340 1348 1964 2552 2677 2826 1652 360 690 3424 1257 1694 3029 837 1738 719 2641 2616 1590 2983 2396 2465 423 2461 1927 2368 1594 1602 2043 2982 607 3288 823 2858 3086 2632 2280 2736 3274 2213 1839 1429 1192 2230 2759 2697 2607 2706 2736 2204 3134 3308 1283 1630 2078 1947 2523 1285 2278 1858 3169 1755 1923 2771 2193 1628 1315 2658 774
2300 2242 3685 2924 1607 946 2524 1312 2907 3376 876 3275 3481 1848 610 968 2318 1799 2317 1312 1734 3620 821 2879 2308 2257 773 2069 2508 2427 2345 3492 2317 2513 2050 1539 846 2157 3743 1595 2968 1711 2082 1816 2126 3881 3220 1069 1865 2478 2835 2579 1348 690 360 3452 1346 1590 3034 625 1699 435 2443 2768 1794 3057 2397 2507 634 2473 1672 2190 1503 1545 1906 2884 444 3292 984 2873 2984 2607 2094 2819 3160 1984 2055 1194 1422 2037 2654 2699 2399 2951 2875 2398 2884 3168 1233 1497 2307 2173 2580 1375 2414 1721 3173 1493 1906 2494 2129 1713 1037 2570 683
1785 2938 1200 2114 3247 3091 1288 2654 980 698 2969 1649 592 2079 3693 2876 2019 2249 1564 2627 2098 1209 3137 2393 2174 2801 3393 1745 2661 1765 2047 1440 1514 1301 2219 2863 3315 1743 735 2567 2634 2112 1797 3127 3017 1227 1724 3150 2105 1579 1670 2875 3284 3424 3452 360 2530 2331 814 3212 2135 3527 2410 1640 2458 942 1424 1319 3454 1341 2910 2302 2378 2297 2210 1554 3450 630 2970 944 1564 1284 2382 1166 1666 2690 2381 2939 2786 2445 1672 1132 2497 2459 1504 2096 2987 1905 2585 2469 2378 2395 1277 2502 1738 2325 700 2985 1916 3193 1799 2167 3155 1599 3759
1324 2221 2900 2008 1897 1268 1617 1105 2047 2507 1004 2637 2593 862 1562 738 1368 840 1523 1062 797 2843 1222 2023 1886 2164 1222 1199 2314 1446 1858 2781 1468 1621 1628 1570 1433 1411 2851 1372 2698 946 1110 1982 2168 3076 2608 1426 1285 1769 1860 2471 1735 1257 1346 2530 360 1089 2147 1166 971 1421 2138 1789 945 2089 1525 1570 1292 1579 1724 1834 988 910 1444 2223 1321 2405 799 1971 2330 1781 1781 1844 2533 1860 1198 1319 821 1761 2022 1820 2139 2106 1891 1471 2768 2616 751 1127 1460 1328 1626 389 1431 1297 2285 1625 1091 2547 1417 733 1407 1893 1621
1670 1530 2461 2444 1403 1127 1438 684 1736 2197 1074 2055 2317 1227 1840 1178 1807 1380 1132 661 971 2394 1193 2541 1174 1455 1704 1010 1586 1755 1169 2262 1181 1407 908 1004 1352 957 2576 712 1971 684 1257 1396 1501 2660 2006 1179 635 1250 2148 1751 1356 1694 1590 2331 1089 360 1885 1326 633 1657 1411 2063 1595 2064 1277 1479 1696 1373 1125 1108 467 552 727 1656 1617 2131 1367 1749 1758 1424 1052 1873 1941 1161 1798 971 1550 1033 1429 1559 1410 2632 2110 1943 2043 1976 787 503 2036 1923 1585 1085 1720 568 2018 1107 828 1862 915 1099 1184 1340 1914
1569 2505 1223 2073 2793 2649 890 2209 531 726 2540 1406 808 1736 3279 2475 1811 1929 1114 2183 1710 1193 2700 2329 1740 2369 3005 1328 2250 1561 1612 1305 1078 887 1769 2409 2874 1293 1069 2113 2277 1685 1452 2677 2578 1349 1459 2702 1653 1132 1606 2468 2830 3029 3034 814 2147 1885 360 2788 1702 3108 1993 1549 2164 923 997 968 3055 928 2457 1862 1937 1863 1756 1192 3038 618 2585 543 1232 830 1937 1017 1386 2243 2136 2490 2451 1998 1262 695 2077 2408 1448 1917 2606 1615 2162 2021 2188 2176 974 2121 1524 1872 499 2531 1488 2773 1346 1800 2708 1167 3347
2131 2024 3424 2797 1435 719 2285 1047 2657 3125 613 3010 3233 1659 874 803 2169 1642 2062 1047 1516 3358 589 2779 2047 2027 895 1827 2268 2252 2081 3227 2069 2271 1787 1308 713 1899 3495 1336 2724 1463 1873 1622 1916 3621 2955 874 1601 2216 2667 2352 1190 837 625 3212 1166 1326 2788 360 1447 690 2191 2595 1680 2838 2152 2277 807 2231 1450 1932 1241 1290 1641 2619 666 3044 901 2630 2719 2353 1838 2606 2895 1745 1945 955 1349 1782 2389 2453 2151 2856 2694 2263 2659 2905 987 1232 2205 2070 2356 1194 2236 1456 2926 1277 1659 2293 1869 1515 841 2306 948
1399 1772 2361 2175 1675 1324 1216 912 1569 2038 1198 2038 2146 975 1947 1185 1543 1151 979 875 720 2299 1362 2280 1298 1685 1732 764 1779 1482 1256 2204 984 1195 1058 1278 1546 830 2408 984 2123 412 983 1668 1756 2550 2003 1407 691 1179 1874 1962 1615 1738 1699 2135 971 633 1702 1447 360 1771 1573 1789 1388 1821 1070 1237 1753 1157 1398 1270 623 522 879 1625 1710 1957 1344 1550 1731 1268 1240 1618 1931 1403 1567 1211 1420 1240 1415 1368 1590 2372 1838 1682 2241 2006 826 768 1793 1686 1336 957 1446 792 1840 1379 582 2105 820 864 1406 1295 2017
2373 2275 3754 2992 1625 991 2598 1373 2980 3449 944 3339 3555 1922 545 1042 2389 1872 2389 1375 1809 3689 870 2943 2365 2295 805 2143 2550 2500 2405 3558 2391 2587 2108 1580 867 2228 3816 1650 3012 1784 2158 1841 2156 3951 3282 1102 1932 2546 2908 2615 1365 719 435 3527 1421 1657 3108 690 1771 360 2493 2841 1862 3133 2471 2582 658 2547 1709 2245 1572 1616 1968 2949 482 3365 1052 2947 3049 2679 2147 2894 3223 2027 2122 1240 1485 2088 2719 2773 2446 3014 2949 2467 2918 3228 1306 1561 2372 2238 2655 1450 2488 1783 3247 1527 1980 2520 2199 1787 1070 2637 619
2480 918 2097 3237 1498 1862 1852 1537 1825 2132 1978 1455 2279 2162 2674 2194 2670 2357 1472 1557 1921 2024 1983 3399 666 782 2673 1690 622 2531 775 1767 1623 1796 875 1295 2030 1380 2486 1222 921 1618 2058 1280 1035 2306 1365 1782 1244 1258 2841 842 1681 2641 2443 2410 2138 1411 1993 2191 1573 2493 360 2756 2601 2443 1701 1976 2626 1789 1213 664 1515 1589 1058 1252 2497 2143 2393 1967 1292 1600 727 2363 1347 863 2766 1613 2600 771 1097 1804 454 3492 2743 2813 1055 1227 1818 1407 2973 2878 2093 2133 2488 1204 2074 1386 1606 1142 1317 2072 1809 1188 2747
708 3123 2389 890 3104 2639 1299 2310 1604 1842 2410 2550 1830 1302 2965 2164 857 1330 1647 2267 1503 2370 2623 1140 2451 3011 2557 1467 3011 702 2344 2492 1494 1356 2322 2708 2834 1742 2013 2410 3203 1740 1167 3092 3138 2475 2582 2768 2002 1907 446 3224 3024 2616 2768 1640 1789 2063 1549 2595 1789 2841 2756 360 1416 1059 1424 1159 2665 1350 2824 2507 2038 1914 2197 2232 2733 1706 2164 1407 2309 1613 2529 891 2502 2772 1232 2600 1817 2559 2178 1448 2812 1219 510 868 3448 2703 2055 2196 1140 1196 1055 1761 722 2192 1626 2808 1618 3446 1809 1453 2758 2026 3016
970 2762 3002 1490 2481 1843 1661 1679 2115 2527 1567 2887 2578 843 1960 1240 922 623 1743 1636 1046 2958 1781 1459 2319 2691 1523 1394 2806 1112 2262 2964 1631 1689 2086 2145 1988 1700 2817 1919 3147 1343 1092 2558 2722 3149 2878 2006 1717 2034 1466 2982 2320 1590 1794 2458 945 1595 2164 1680 1388 1862 2601 1416 360 1922 1643 1557 1645 1653 2295 2299 1511 1403 1907 2483 1744 2404 1169 1980 2586 1923 2266 1671 2798 2395 624 1905 765 2260 2320 1884 2618 1538 1551 973 3267 2927 1332 1669 886 751 1557 930 1121 1796 2291 2206 1389 3093 1734 892 1986 2171 2002
1220 2908 1707 1553 3072 2780 1004 2372 1040 1155 2610 1970 1131 1602 3286 2457 1447 1739 1389 2337 1683 1695 2801 1826 2160 2779 2941 1418 2706 1198 2036 1854 1273 1048 2119 2671 2997 1549 1317 2362 2793 1785 1338 2999 2959 1779 2021 2869 1897 1544 1096 2926 3058 2983 3057 942 2089 2064 923 2838 1821 3133 2443 1059 1922 360 1174 945 3020 1073 2751 2258 2083 1980 2053 1729 3043 1022 2520 853 1782 1203 2313 612 1947 2602 1818 2670 2278 2362 1752 999 2518 1897 930 1517 3098 2172 2224 2208 1799 1823 847 2060 1176 2119 960 2788 1602 3203 1617 1716 2868 1625 3347
1226 2117 1746 1929 2260 2029 530 1597 883 1347 1905 1620 1445 1171 2641 1840 1452 1386 591 1568 1090 1694 2072 2127 1400 1994 2375 691 1960 1252 1286 1680 459 490 1316 1860 2253 735 1706 1552 2139 1049 913 2184 2157 1914 1624 2096 1085 847 1507 2177 2259 2396 2397 1424 1525 1277 997 2152 1070 2471 1701 1424 1643 1174 360 634 2420 461 1937 1475 1316 1232 1238 1236 2400 1255 1959 840 1332 640 1517 1036 1542 1795 1687 1889 1870 1560 1131 662 1764 2217 1402 1588 2388 1706 1525 1419 1815 1762 753 1500 1208 1308 1136 1979 852 2426 804 1201 2099 975 2709
1021 2388 1809 1675 2496 2198 503 1786 924 1333 2041 1803 1398 1131 2743 1921 1259 1321 865 1752 1140 1768 2226 1889 1674 2266 2433 833 2235 1031 1561 1810 721 558 1584 2093 2418 996 1650 1783 2404 1203 846 2435 2423 1952 1821 2284 1325 1108 1240 2452 2474 2465 2507 1319 1570 1479 968 2277 1237 2582 1976 1159 1557 945 634 360 2497 550 2181 1748 1498 1396 1494 1450 2500 1216 2010 784 1536 824 1787 770 1740 2060 1548 2084 1846 1828 1379 704 2038 1977 1128 1384 2661 1925 1654 1623 1635 1603 479 1543 988 1542 1099 2208 1016 2699 1066 1208 2283 1226 2808
2198 2471 3754 2770 1863 1166 2532 1459 2941 3408 1010 3391 3503 1784 681 940 2193 1696 2371 1449 1716 3692 1035 2700 2464 2475 510 2088 2713 2331 2487 3587 2350 2528 2198 1755 1107 2223 3764 1765 3165 1755 2042 2062 2362 3943 3343 1311 1968 2562 2726 2800 1609 423 634 3454 1292 1696 3055 807 1753 658 2626 2665 1645 3020 2420 2497 360 2487 1898 2357 1598 1613 2040 2989 550 3314 865 2885 3092 2652 2267 2775 3278 2190 1896 1403 1249 2216 2764 2722 2590 2766 2783 2258 3107 3306 1293 1627 2136 2005 2557 1320 2324 1854 3195 1723 1943 2737 2205 1664 1278 2666 716
1185 2214 1715 1864 2361 2119 429 1691 834 1288 1987 1641 1376 1194 2715 1906 1418 1402 685 1660 1142 1667 2159 2071 1490 2090 2436 764 2049 1203 1374 1676 560 401 1415 1961 2342 836 1636 1653 2213 1132 921 2285 2256 1875 1653 2190 1186 917 1431 2267 2358 2461 2473 1341 1579 1373 928 2231 1157 2547 1789 1350 1653 1073 461 550 2487 360 2038 1570 1407 1319 1339 1273 2473 1187 2017 760 1363 651 1614 939 1570 1895 1676 1984 1903 1659 1191 602 1854 2160 1318 1549 2472 1747 1604 1515 1787 1744 664 1553 1160 1408 1067 2079 936 2521 905 1240 2193 1037 2783
2436 933 2817 3209 699 1092 2107 979 2290 2704 1299 2244 2842 1983 1880 1611 2568 2112 1734 1021 1730 2744 1223 3297 1214 946 1978 1738 1212 2520 1312 2530 1838 2065 1062 517 1213 1564 3084 774 1679 1449 2020 631 833 3028 2165 968 1216 1699 2910 1266 828 1927 1672 2910 1724 1125 2457 1450 1398 1709 1213 2824 2295 2751 1937 2181 1898 2038 360 1065 1173 1298 1065 1937 1739 2672 1809 2361 2013 1990 958 2589 2128 710 2524 861 2145 884 1717 2169 1144 3387 2863 2702 1571 2056 1334 1007 2774 2652 2296 1733 2485 1001 2574 543 1570 1219 1498 1845 998 1716 1950
