140 2178 2307 2252 2415 633 2268 2010 1780 2521 818 2012 2372 2769 2317 1468 2745 2493 1455 2233 2736 1116 709 1551 1873 2805 694 2450 1476 1671 761 2025 1256 757 2019 1990 3107 350 981 1227 1851 1194 1413 2407 1397 1844 665 1543 2431 449 1398 3227 1913 534 1933 1071 2434 952 542 1621 1925 1178 1866 1832 834 1504 1429 1021 1606 2691 1948 2578 816 510 2461 1273 2319 2806 1709 682 2418 2376 1318 706 694 2229 2086 2205 2565 707 1162 2099 2073 2094 1841 1171 1975 2852 2156 1310 1263 2244 1244 836 1210 2134 2423 2164 2213 1712 2415 1324 1889 1036 2525 1346 988 686 1878 1365 902 2342 2368 1734 2039 1478 1099 2174 1770 1848 961 1685 715 843 1393 1670 1593 2379 2360 1024 856 1264 1230 1899 2347 1156 1195 1691 2749 2160 1529 2342 2862 1740 2648 2245 1049 2392 1821 1133 3062 2006 2432 1388 1722 2318 1478 510 1004 1056 1912 772 1665 2569 1813 2824 1589 2081 1928 3041 1656 1679 1718 1421 744 1870 2102 1592 928 1389 842 2288 852 2546 1900 2197 1999 423 429 1093 1190 1474 1260 2249 2305 2254 1436 1003 1597 1877 1190 1891 860 1497 1584 1198 1622 1958 2124 1140 587 679 869 2214 690 1012 675 1107 1166 1007 940 2543 1490 469 2030 1808 462 356 2340
2278 360 3767 3570 3005 2730 455 2867 3379 2848 2030 2943 735 2648 3106 2775 2856 2741 2040 3943 2379 1657 2142 3332 701 2859 2303 3177 3418 1814 1831 1224 3153 2243 1251 3813 3100 2320 2511 2296 1418 2119 2762 674 1962 1957 2804 2971 3760 2092 3387 3215 3195 2463 1093 3100 1892 2049 2510 3384 1765 3270 1072 1718 2834 3496 3107 3113 3299 3195 3123 3441 2710 2052 3639 3191 3004 3116 3632 2786 819 2177 2493 2650 2026 3126 2958 3435 2003 1839 1478 571 2374 3745 2251 3144 1661 2718 2811 1279 1766 1359 2448 2821 2067 1918 3636 663 2294 3054 3500 3162 1364 1551 1786 2595 2552 2509 3442 1774 1693 3113 3117 3147 2645 2373 3049 366 2990 2631 3025 3404 1824 2037 3090 1898 1764 1916 2605 1594 2965 3118 3186 1090 1223 3187 2842 1218 3026 428 3411 1189 3129 3328 2854 3867 2439 856 3283 1436 3034 2013 3677 1597 1309 2808 2054 2282 3075 2790 880 2213 3319 1918 1919 2811 1267 956 1011 2911 1618 1386 1359 2301 2259 2327 3506 2739 2821 1910 2485 1527 2255 3493 2260 1805 1534 2554 2236 2448 3110 1077 1331 3795 3978 3977 1109 1592 2039 1007 3287 3413 2988 3147 1069 1392 1229 2409 2546 2241 2644 2764 2721 1235 2082 2762 2185 2217 1983 3139 2753 2339 3435 2147 822 2315 2597 2417 810
2407 3767 360 632 1662 2150 3823 1420 894 1986 2246 1323 3733 2530 1411 1363 2270 2075 2096 853 2766 3266 2974 1198 3432 2349 2953 1483 1471 2377 2552 3077 1515 3023 3051 1098 2523 2342 3195 1844 2816 2019 1389 3829 2167 2322 2322 1189 598 2603 1593 2582 940 2732 3122 1808 2877 2159 2707 1133 2554 1938 3106 2541 1903 1574 1242 1979 1088 1795 1043 1309 1858 2500 834 1531 1548 2057 1363 2143 3727 2545 1644 1969 2334 1281 1366 798 2922 2773 3206 3586 2053 736 2022 1664 2680 2569 1620 3246 2365 3144 1699 2792 2067 2566 778 3573 2263 1075 976 1411 2881 3065 3074 1547 1739 1988 792 2353 2989 1432 1459 994 1717 1759 1675 3760 1142 1600 1929 1046 2701 3097 1279 2296 2399 2798 2075 2666 2536 1469 1606 3106 3349 1776 1477 2925 2082 3789 1342 3369 2124 928 2143 669 1778 3669 869 3098 2528 2374 728 2529 2854 1792 2085 2232 1925 1611 3276 2101 1017 3005 2342 2429 2863 3314 3182 2631 2556 2773 2809 1827 3009 1957 621 1389 2938 2218 3055 3049 2019 1186 2048 2725 2807 2453 2335 1751 1583 3140 3216 518 791 891 3243 3054 2130 3162 1958 776 2172 1172 3066 3174 2902 1926 1906 1914 2126 2106 1800 3215 2275 3104 2187 1945 2158 2177 3016 2568 1473 2395 3375 1934 2336 2312 3643
2352 3570 632 360 1389 2140 3622 1160 927 1713 2116 1064 3517 2258 1139 1213 1998 1803 1891 1101 2496 3158 2909 1263 3240 2078 2905 1213 1570 2155 2428 2851 1554 2969 2825 1296 2257 2276 3167 1676 2592 1847 1251 3616 1968 2084 2327 1076 554 2521 1686 2318 743 2699 2906 1849 2619 2015 2680 1209 2316 2011 2895 2310 1898 1688 1230 2026 1126 1530 810 1059 1824 2406 627 1580 1276 1791 1509 2141 3507 2281 1480 1933 2218 1009 1100 527 2659 2668 3080 3384 1794 939 1779 1708 2442 2296 1351 3103 2181 2906 1544 2800 1892 2315 570 3363 2001 925 725 1443 2658 2941 2817 1391 1645 1926 834 2158 2878 1160 1187 879 1456 1557 1700 3564 945 1355 1960 1122 2589 3022 1269 2072 2184 2540 1805 2516 2563 1495 1657 2892 3113 1833 1418 2720 1812 3596 1437 3134 1859 940 1871 920 1654 3446 797 2965 2260 2125 552 2336 2643 1521 1877 2151 1964 1564 3070 1988 1050 2744 2107 2157 2663 3096 2970 2360 2339 2562 2596 1631 2956 1711 535 1198 2944 2020 3025 2804 1901 941 1801 2474 2572 2427 2256 1622 1616 2968 3077 768 1052 1141 3084 2934 1910 2952 2034 781 2202 1160 2878 3039 2701 1673 1642 1756 2100 2098 1762 2982 2162 3102 2082 1790 1986 2230 3014 2299 1575 2307 3165 1693 2312 2260 3423
2515 3005 1662 1389 360 2495 3032 797 1724 686 2041 847 2848 1233 611 1410 969 787 1488 2112 1499 3033 2978 1995 2719 1049 3036 569 2307 1576 2320 2170 2160 3072 2141 2239 1258 2425 3347 1557 1948 1643 1467 2961 1581 1410 2706 1488 1494 2569 2393 1342 1259 2908 2276 2403 1730 1897 2909 1977 1606 2623 2293 1647 2314 2442 1815 2569 1850 635 1120 848 2167 2423 1259 2204 488 815 2347 2524 2815 1362 1462 2246 2179 750 761 1227 1732 2604 2886 2798 992 1923 1138 2297 1720 1267 621 2832 1832 2142 1533 3137 1655 1504 1294 2742 1121 1354 1083 2061 2004 2770 1930 1458 1839 2151 1685 1754 2764 589 564 1440 769 1309 2239 2999 1207 928 2469 1912 2509 3045 1843 1499 1648 1659 837 2275 2984 2084 2271 2275 2351 2430 1809 2169 806 3049 2189 2380 884 1697 841 1940 1735 2749 1510 2746 1250 1362 1352 1907 2066 561 1463 2265 2496 1936 2486 2012 1793 1830 1449 1127 2154 2442 2356 1336 1769 1996 2016 1378 3067 1066 1477 1238 3264 1626 3213 2003 1926 948 1114 1656 1856 2690 2357 1690 2193 2571 2824 1792 2075 2154 2737 2780 1407 2358 2650 1616 2672 1774 2407 2809 2181 970 819 1649 2414 2472 2108 2246 2146 3379 2116 1687 1742 2760 3300 1326 2319 2363 2551 1100 2599 2458 2741
733 2730 2150 2140 2495 360 2817 2064 1616 2658 1174 2043 2891 2989 2354 1463 2913 2653 1719 2012 3010 1709 1267 1342 2411 2982 1199 2490 1218 1997 1264 2470 1027 1280 2459 1748 3276 770 1408 1398 2263 1439 1405 2938 1687 2135 570 1474 2304 1032 1132 3389 1845 955 2401 803 2775 1260 923 1413 2264 909 2341 2180 607 1235 1274 750 1425 2768 1910 2570 695 1039 2374 1033 2385 2923 1450 417 2931 2653 1410 609 1106 2243 2125 2123 2897 1287 1752 2632 2274 1894 2056 917 2337 3068 2249 1891 1631 2670 1351 1028 1475 2448 2329 2686 2447 1648 2358 1114 2310 1623 2894 1398 1020 735 1718 1718 1493 2381 2410 1642 2162 1629 861 2725 1742 1951 687 1487 1276 1412 1235 1973 1934 2711 2535 1521 849 1052 979 2368 2799 885 1102 2152 2878 2717 1287 2799 2984 1584 2803 2046 1149 2898 1702 1714 3239 2291 2329 1790 2162 2436 1737 832 730 954 2415 1033 1493 2917 2113 3015 2051 2566 2410 3242 2030 2105 2147 1595 1263 2065 1976 1622 1169 1696 1269 2687 1069 2518 2116 2539 2388 676 855 1191 957 2014 1843 2071 2090 2028 2001 1591 1861 2362 923 1745 631 1345 2093 1781 2088 2139 2285 1337 464 409 758 2659 1067 1322 988 1315 1467 783 1234 2802 1231 943 2534 2002 560 676 2849
2368 455 3823 3622 3032 2817 360 2908 3444 2864 2108 2986 673 2645 3140 2836 2861 2756 2091 4009 2367 1752 2237 3404 775 2862 2398 3208 3496 1853 1916 1234 3231 2338 1262 3885 3096 2407 2606 2358 1445 2182 2824 593 2016 1987 2894 3033 3810 2182 3467 3209 3249 2557 1116 3183 1882 2122 2604 3455 1787 3355 1103 1747 2917 3576 3177 3198 3367 3215 3174 3474 2791 2140 3685 3270 3035 3127 3708 2874 756 2180 2554 2733 2108 3165 2998 3484 1988 1931 1573 599 2400 3810 2285 3224 1679 2712 2844 1374 1828 1349 2511 2915 2130 1929 3683 657 2310 3112 3542 3237 1387 1645 1765 2657 2625 2590 3505 1830 1787 3147 3149 3207 2679 2426 3129 458 3044 2673 3110 3473 1913 2132 3161 1937 1807 1911 2622 1675 3058 3194 3265 1117 1197 3270 2913 1263 3037 507 3487 1162 3137 3392 2864 3930 2509 802 3343 1530 3029 2034 3724 1655 1349 2833 2104 2366 3160 2865 916 2290 3386 1899 1950 2810 1320 961 1037 2903 1658 1427 1398 2356 2355 2362 3562 2794 2916 1965 2580 1517 2330 3530 2292 1810 1548 2645 2322 2516 3189 1162 1425 3854 4042 4044 1202 1687 2083 1041 3373 3474 3076 3215 1137 1487 1281 2442 2573 2306 2730 2850 2800 1224 2163 2857 2265 2284 2048 3228 2848 2337 3513 2233 841 2352 2687 2505 763
2110 2867 1420 1160 797 2064 2908 360 1344 1039 1677 456 2770 1535 670 973 1334 1090 1221 1806 1728 2708 2598 1584 2554 1414 2644 800 1888 1415 1974 2092 1728 2686 2064 1880 1665 2020 2949 1180 1841 1300 1030 2875 1313 1309 2275 1059 1320 2187 1968 1760 899 2500 2166 1966 1819 1540 2498 1574 1538 2188 2166 1545 1877 2023 1389 2131 1444 1064 761 978 1733 2045 1148 1773 680 1247 1948 2091 2751 1486 1052 1816 1810 626 453 996 1862 2252 2582 2669 994 1602 999 1862 1663 1590 597 2555 1559 2123 1126 2713 1325 1517 1156 2633 1204 942 995 1632 1905 2456 2017 1033 1413 1728 1326 1504 2430 694 718 1041 657 953 1803 2861 791 598 2031 1517 2160 2678 1415 1331 1464 1740 1046 1974 2551 1652 1839 2157 2332 1995 1371 2010 1222 2902 1776 2356 1314 1310 1205 1652 1322 2688 1136 2447 1646 1332 1206 1675 1919 806 1200 1863 2058 1499 2352 1621 1395 1945 1337 1477 1971 2350 2237 1704 1610 1841 1870 1032 2680 925 1185 802 2842 1363 2812 2012 1532 999 1011 1677 1797 2271 1960 1277 1759 2342 2540 1519 1788 1849 2489 2460 1191 2228 2215 1260 2235 1353 2210 2516 2005 875 848 1275 1986 2039 1673 2207 1769 2964 1727 1314 1420 2322 2883 1521 1901 1975 2435 921 2175 2045 2670
1880 3379 894 927 1724 1616 3444 1344 360 2014 1778 1261 3392 2520 1489 985 2311 2074 1766 926 2695 2765 2449 696 3039 2392 2423 1605 1009 2081 2073 2770 993 2493 2747 901 2622 1819 2661 1448 2508 1622 985 3477 1819 2077 1790 780 1062 2088 1122 2705 825 2199 2788 1288 2701 1712 2174 647 2300 1443 2761 2265 1369 1134 711 1464 561 1935 963 1545 1327 1995 1191 1015 1595 2173 991 1610 3397 2414 1257 1438 1850 1345 1337 980 2772 2273 2721 3214 1913 726 1811 1146 2420 2575 1580 2779 1977 2876 1293 2261 1675 2365 1136 3215 2134 781 1242 885 2573 2579 2886 1153 1247 1468 462 1987 2493 1517 1549 670 1614 1441 1147 3373 925 1432 1405 563 2207 2575 747 2007 2082 2622 2028 2217 2011 940 1092 2767 3069 1268 964 2569 2170 3394 877 3084 2242 411 2181 857 1317 3343 573 2623 2611 2166 1118 2154 2513 1786 1762 1719 1405 1088 2914 1617 486 2841 2086 2459 2494 2982 2839 2682 2236 2433 2473 1491 2479 1762 751 1093 2407 1865 2521 2806 1544 1448 1852 2514 2535 1920 1821 1300 1058 2715 2745 831 958 963 2798 2564 1837 2811 1466 506 1648 643 2670 2699 2534 1765 1806 1498 1593 1572 1271 2928 1789 2572 1694 1523 1756 1666 2483 2481 1016 1886 3022 1721 1802 1784 3310
2621 2848 1986 1713 686 2658 2864 1039 2014 360 2104 1114 2654 907 934 1621 656 480 1490 2430 1183 3031 3040 2263 2586 737 3116 886 2567 1487 2353 1990 2397 3143 1962 2541 991 2533 3434 1655 1796 1701 1674 2770 1577 1292 2868 1734 1820 2640 2644 1095 1554 3015 2115 2619 1468 1958 3022 2253 1447 2846 2144 1508 2500 2701 2065 2777 2124 721 1413 1150 2342 2491 1583 2443 799 661 2627 2693 2613 1100 1608 2409 2245 1067 1036 1549 1449 2639 2866 2637 879 2236 1092 2524 1546 942 805 2787 1815 1927 1669 3275 1700 1298 1620 2569 914 1622 1408 2305 1846 2762 1663 1628 1998 2296 1984 1723 2775 915 890 1718 856 1405 2458 2842 1470 1071 2672 2194 2542 3090 2089 1422 1571 1403 602 2266 3148 2321 2506 2120 2131 2655 2019 2046 590 2897 2455 2162 706 1983 526 2260 1874 2546 1802 2722 968 1199 1677 1852 1938 595 1464 2372 2704 2133 2335 2109 2073 1552 1336 808 2049 2265 2198 1028 1664 1877 1889 1459 3140 1039 1794 1442 3393 1613 3305 1775 2030 1261 1047 1435 1676 2820 2455 1830 2423 2491 2786 2114 2395 2472 2669 2778 1378 2208 2874 1917 2858 2032 2305 2779 2070 939 764 1740 2569 2641 2287 2039 2220 3493 2209 1774 1774 2959 3418 1029 2580 2447 2386 1093 2739 2579 2544
918 2030 2246 2116 2041 1174 2108 1677 1778 2104 360 1702 2131 2316 1987 1263 2309 2064 1002 2321 2277 1411 1299 1674 1692 2365 1372 2111 1748 1217 673 1659 1483 1398 1647 2157 2669 852 1691 857 1449 763 1226 2192 939 1385 1331 1417 2309 896 1722 2790 1739 1299 1600 1457 1987 505 1316 1732 1476 1655 1545 1385 1198 1831 1465 1508 1662 2313 1727 2285 1052 747 2274 1522 1962 2398 1961 1230 2160 1917 1019 1014 500 1925 1763 2026 2116 937 1323 1897 1631 2139 1398 1482 1537 2400 1780 1362 822 1856 946 1613 766 1679 2249 1931 1759 1552 2189 1493 1496 1185 2093 1091 898 859 1858 917 1130 2009 2030 1615 1643 1093 1385 2024 1554 1478 1406 1763 847 1364 1443 1211 1142 1929 1925 807 1586 1448 1520 1569 1989 1541 1193 1351 2334 2032 1742 1990 2449 1728 2220 2276 828 2121 1736 1212 2621 1547 2272 976 1351 1918 1026 714 1456 1123 1643 542 1695 2126 1355 2379 1252 1775 1618 2592 1222 1292 1334 1022 1395 1434 2002 1323 1706 930 1566 1875 595 2278 1455 1750 1578 1171 752 856 1441 1325 1330 2234 2369 2352 1385 1178 1142 1574 1677 1846 1445 1516 1339 1288 1291 1529 1701 762 1071 1190 1055 1848 488 1777 545 723 709 1594 1710 2084 1765 716 1762 1375 1136 933 2075
2112 2943 1323 1064 847 2043 2986 456 1261 1114 1702 360 2853 1623 671 941 1411 1173 1283 1712 1822 2743 2613 1513 2626 1492 2652 806 1822 1495 2006 2177 1673 2697 2150 1793 1733 2022 2952 1206 1925 1339 999 2958 1373 1397 2253 1001 1226 2202 1906 1824 808 2499 2248 1921 1915 1569 2494 1499 1627 2139 2246 1631 1847 1957 1328 2090 1371 1100 668 942 1709 2063 1062 1717 721 1302 1872 2067 2837 1583 1060 1796 1832 582 446 900 1959 2280 2623 2747 1090 1509 1087 1811 1753 1675 681 2604 1616 2214 1135 2698 1368 1612 1067 2714 1300 870 916 1574 1989 2495 2113 1026 1401 1718 1237 1566 2464 698 727 963 754 995 1757 2937 721 673 1992 1439 2189 2697 1356 1411 1539 1836 1138 2020 2526 1598 1785 2238 2422 1945 1333 2085 1285 2977 1706 2446 1370 1228 1281 1556 1323 2774 1050 2492 1717 1425 1115 1740 1997 885 1264 1868 2017 1467 2429 1634 1318 2042 1424 1558 2044 2433 2318 1782 1688 1919 1948 1075 2690 1015 1089 783 2831 1425 2814 2105 1544 945 1103 1772 1886 2262 1967 1278 1708 2404 2587 1423 1692 1755 2546 2498 1264 2307 2166 1171 2203 1287 2279 2561 2078 969 945 1300 1968 2016 1648 2296 1789 2958 1740 1339 1464 2284 2875 1616 1834 1988 2515 1006 2163 2042 2755
2472 735 3733 3517 2848 2891 673 2770 3392 2654 2131 2853 360 2389 2978 2771 2623 2541 1999 3958 2097 1957 2407 3385 877 2617 2567 3034 3508 1723 1989 1041 3242 2515 1070 3860 2836 2489 2801 2306 1288 2135 2766 478 1936 1825 2991 2973 3700 2294 3491 2946 3154 2699 971 3226 1620 2119 2744 3431 1607 3414 990 1585 2964 3598 3149 3261 3334 3011 3067 3307 2824 2229 3556 3284 2864 2903 3710 2949 444 1943 2494 2779 2156 3017 2855 3370 1715 2055 1761 653 2219 3754 2133 3252 1488 2452 2680 1557 1785 1096 2461 3064 2081 1716 3559 567 2103 3033 3405 3236 1224 1808 1485 2598 2619 2628 3443 1765 1945 2982 2981 3134 2519 2336 3156 733 2951 2540 3165 3440 2021 2318 3138 1806 1694 1658 2415 1730 3179 3198 3288 987 916 3311 2896 1183 2812 803 3486 882 2907 3340 2638 3865 2488 493 3271 1690 2770 1846 3604 1601 1241 2647 2008 2426 3216 2865 849 2311 3345 1621 1793 2560 1265 780 913 2636 1538 1322 1285 2273 2530 2209 3472 2708 3080 1887 2760 1261 2338 3373 2131 1581 1352 2754 2397 2489 3206 1265 1606 3778 3983 3995 1362 1850 1966 941 3434 3407 3158 3181 1159 1662 1224 2279 2395 2267 2798 2920 2825 977 2206 3039 2303 2250 2009 3311 3021 2088 3526 2311 733 2208 2781 2588 471
2869 2648 2530 2258 1233 2989 2645 1535 2520 907 2316 1623 2389 360 1480 2052 667 816 1674 2964 690 3100 3212 2740 2443 618 3312 1432 3028 1526 2507 1793 2832 3323 1767 3056 812 2790 3632 1950 1674 1939 2097 2508 1739 1322 3191 2197 2368 2839 3092 930 2071 3255 1945 3023 1129 2177 3271 2738 1363 3255 1994 1454 2867 3161 2524 3166 2608 1203 1930 1686 2699 2691 2131 2880 1342 979 3113 3031 2333 850 1964 2748 2451 1609 1554 2093 1051 2781 2911 2440 1075 2766 1295 2945 1412 444 1301 2793 1930 1657 2011 3554 1919 1143 2167 2350 917 2110 1956 2751 1704 2831 1288 2012 2348 2614 2500 1825 2875 1462 1438 2214 1278 1725 2869 2643 1959 1488 3057 2687 2686 3234 2543 1495 1617 1094 856 2358 3470 2757 2936 1960 1835 3070 2432 1956 901 2707 2926 1869 950 2484 767 2798 2203 2266 2311 2767 746 1169 2225 1900 1847 1104 1651 2633 3094 2525 2173 2369 2565 1155 1363 540 1992 2052 2029 649 1648 1809 1805 1753 3324 1284 2330 1876 3657 1757 3515 1490 2304 1802 1235 1214 1509 3099 2700 2164 2848 2448 2804 2654 2934 3007 2639 2855 1534 2055 3283 2434 3217 2500 2235 2811 2001 1217 1101 2018 2891 2980 2651 1781 2442 3733 2457 2044 1967 3334 3666 671 3042 2672 2192 1347 3035 2853 2278
2417 3106 1411 1139 611 2354 3140 670 1489 934 1987 671 2978 1480 360 1251 1220 1028 1502 1862 1733 3013 2909 1775 2804 1300 2954 496 2092 1654 2282 2296 1963 2997 2268 1995 1500 2327 3257 1490 2058 1606 1309 3088 1596 1515 2564 1294 1250 2498 2184 1577 1025 2806 2387 2221 1923 1849 2802 1752 1731 2434 2396 1756 2156 2226 1611 2391 1628 810 892 695 2020 2356 1023 2005 501 1044 2118 2377 2952 1562 1361 2107 2120 504 591 976 1939 2562 2882 2902 1129 1674 1215 2106 1852 1517 658 2847 1847 2295 1435 3009 1628 1664 1053 2856 1300 1144 848 1860 2119 2758 2124 1334 1711 2028 1444 1782 2737 389 421 1219 821 1259 2056 3099 1006 884 2296 1682 2469 2988 1642 1572 1714 1848 1051 2272 2836 1888 2076 2383 2506 2240 1639 2254 1048 3145 1970 2532 1113 1466 1092 1689 1628 2887 1276 2746 1496 1499 1111 1948 2157 759 1480 2171 2319 1775 2586 1932 1567 2033 1550 1378 2226 2564 2463 1586 1850 2082 2107 1337 2990 1138 1227 1094 3141 1645 3119 2167 1842 756 1208 1821 1988 2572 2269 1583 2002 2618 2835 1541 1824 1904 2772 2764 1451 2460 2460 1375 2510 1564 2472 2813 2257 1059 954 1585 2279 2326 1958 2391 2080 3267 2037 1624 1722 2588 3185 1549 2103 2286 2661 1154 2474 2350 2874
1568 2775 1363 1213 1410 1463 2836 973 985 1621 1263 941 2771 2052 1251 360 1904 1645 1141 1549 2170 2310 2100 1080 2438 1980 2119 1387 1341 1457 1576 2144 1141 2173 2121 1496 2253 1481 2407 842 1883 1018 418 2859 1195 1466 1672 564 1407 1697 1400 2355 836 1945 2165 1358 2111 1162 1935 1098 1683 1584 2140 1644 1266 1473 843 1520 975 1676 842 1477 1129 1572 1377 1189 1292 1855 1456 1486 2774 1856 643 1219 1370 1141 1025 1125 2194 1822 2227 2602 1372 1343 1226 1263 1801 2119 1183 2252 1369 2253 696 2123 1068 1767 1349 2598 1588 651 1312 1059 1948 2088 2287 543 840 1154 1032 1369 2028 1279 1308 732 1141 819 1197 2769 664 925 1419 1075 1741 2201 856 1385 1456 2033 1559 1667 1945 1066 1248 2145 2444 1394 760 1950 1824 2795 1250 2459 1921 934 1781 1455 808 2719 867 2111 2227 1570 1369 1541 1891 1387 1137 1338 1447 886 2298 1144 961 2254 1471 2031 1879 2359 2217 2263 1611 1810 1849 866 2163 1191 1109 539 2258 1243 2266 2190 1055 1438 1276 1910 1913 1695 1442 772 1162 2136 2224 1379 1572 1587 2240 2082 1215 2191 1612 998 1623 837 2070 2186 1919 1220 1310 910 1392 1435 1067 2303 1316 2392 1243 942 1157 1710 2308 1952 1357 1480 2404 1140 1592 1487 2687
2845 2856 2270 1998 969 2913 2861 1334 2311 656 2309 1411 2623 667 1220 1904 360 621 1673 2721 990 3178 3233 2558 2623 441 3320 1153 2859 1600 2535 1992 2683 3340 1964 2837 723 2760 3640 1890 1835 1912 1955 2742 1752 1394 3121 2025 2095 2843 2933 842 1850 3237 2133 2898 1378 2164 3247 2548 1496 3127 2173 1575 2767 2993 2356 3051 2419 898 1709 1392 2605 2694 1851 2730 1090 673 2922 2951 2573 1041 1865 2666 2448 1358 1333 1837 1324 2817 3001 2645 1039 2530 1271 2807 1572 673 1098 2902 1973 1887 1922 3512 1903 1304 1891 2564 971 1917 1678 2594 1875 2907 1556 1896 2257 2545 2281 1873 2935 1198 1171 2014 1125 1646 2738 2850 1765 1343 2945 2490 2721 3272 2379 1550 1690 1329 744 2418 3401 2607 2791 2143 2078 2937 2298 2106 594 2910 2749 2111 654 2280 490 2549 2124 2506 2099 2856 686 1265 1950 1978 1995 888 1648 2599 2978 2406 2360 2334 2369 1429 1438 520 2125 2261 2217 731 1755 1945 1949 1690 3339 1235 2085 1724 3625 1780 3515 1724 2260 1512 1216 1411 1688 3056 2676 2081 2707 2579 2907 2402 2684 2763 2765 2927 1545 2236 3154 2213 3123 2325 2378 2907 2141 1146 988 1968 2821 2899 2552 2007 2430 3716 2429 2000 1966 3230 3644 904 2872 2660 2394 1296 2981 2813 2512
2593 2741 2075 1803 787 2653 2756 1090 2074 480 2064 1173 2541 816 1028 1645 621 360 1437 2509 1072 2965 2995 2309 2485 695 3077 994 2606 1404 2302 1881 2425 3100 1853 2606 982 2507 3396 1634 1694 1664 1695 2658 1521 1204 2861 1772 1918 2600 2678 1097 1619 2986 2009 2637 1348 1919 2996 2303 1346 2867 2040 1412 2505 2740 2102 2790 2173 840 1478 1263 2344 2451 1685 2473 888 742 2677 2690 2499 980 1604 2405 2204 1153 1101 1637 1329 2586 2795 2530 808 2312 1034 2548 1440 862 853 2708 1752 1812 1662 3257 1658 1187 1719 2460 808 1671 1510 2338 1742 2695 1543 1635 1996 2286 2050 1656 2714 1011 989 1772 864 1388 2478 2736 1520 1083 2683 2247 2490 3040 2124 1345 1491 1284 509 2201 3141 2350 2533 2015 2014 2677 2038 1950 657 2792 2499 2046 771 2040 515 2342 1864 2431 1863 2651 947 1100 1777 1776 1840 649 1412 2346 2717 2145 2231 2081 2125 1432 1248 749 1957 2156 2093 979 1575 1782 1792 1435 3098 990 1874 1466 3371 1553 3270 1658 2006 1371 983 1321 1567 2801 2425 1821 2448 2403 2710 2198 2478 2551 2584 2712 1316 2105 2894 1983 2862 2073 2213 2705 1977 896 730 1714 2561 2638 2291 1925 2184 3466 2178 1746 1727 2968 3393 910 2620 2412 2279 1048 2724 2558 2431
1555 2040 2096 1891 1488 1719 2091 1221 1766 1490 1002 1283 1999 1674 1502 1141 1673 1437 360 2329 1655 1909 1920 1815 1713 1727 2008 1605 2011 688 1224 1363 1760 2026 1340 2266 2031 1478 2328 733 1102 639 1145 2093 454 778 1908 1345 2079 1531 2032 2153 1519 1941 1389 1860 1436 863 1956 1849 945 2088 1370 884 1648 2127 1570 1968 1737 1744 1443 1832 1476 1382 1965 1808 1438 1790 2175 1767 1998 1296 880 1496 1139 1487 1314 1755 1548 1509 1758 1853 994 2122 763 1826 1048 1757 1239 1708 706 1481 871 2243 608 1097 1959 1836 1117 1394 1835 1718 1166 1644 1582 981 1151 1346 1810 642 1647 1518 1530 1496 1079 697 1733 2033 1315 984 1856 1841 1412 1962 1568 633 675 1366 1293 1148 2181 1698 1839 1372 1666 1928 1357 1189 1719 2068 1954 1680 1836 1715 1592 2228 992 1941 1633 1617 1981 932 1998 816 1118 1332 385 1324 1901 1385 1540 1064 1735 1581 761 1738 1133 1583 1447 1950 830 1037 1074 635 2025 811 1834 1068 2344 502 2206 1436 1011 1860 817 1207 1145 1791 1386 968 1748 1481 1698 2138 2349 2368 1630 1656 504 1425 2114 1770 1970 1587 1358 1681 1170 911 1087 755 1616 1719 1444 1524 1128 2419 1145 768 654 2105 2352 1453 2029 1358 1639 760 1736 1546 1912
2333 3943 853 1101 2112 2012 4009 1806 926 2430 2321 1712 3958 2964 1862 1549 2721 2509 2329 360 3175 3266 2900 1043 3602 2802 2850 1949 1194 2641 2603 3333 1345 2928 3309 679 2994 2291 3050 2013 3071 2188 1551 4044 2384 2624 2146 1345 1088 2573 1312 3059 1271 2607 3354 1600 3229 2266 2574 974 2851 1665 3327 2821 1771 1254 1216 1749 1020 2270 1406 1797 1782 2498 1328 1339 1991 2529 1009 1989 3962 2921 1823 1888 2379 1723 1773 1250 3290 2780 3241 3779 2419 571 2345 1464 2973 3010 2029 3314 2542 3432 1859 2593 2241 2900 1271 3781 2638 1314 1463 1269 3136 3099 3419 1719 1783 1955 881 2553 3003 1885 1915 1203 2098 2000 1510 3937 1435 1942 1730 922 2723 3037 1242 2565 2645 3150 2489 2765 2312 1329 1401 3333 3628 1544 1488 3135 2546 3956 1092 3644 2598 977 2592 544 1871 3908 1071 3152 2995 2702 1222 2720 3079 2220 2324 2215 1711 1585 3480 2152 987 3365 2636 2878 3060 3548 3405 3089 2800 2999 3038 2054 2911 2289 996 1641 2738 2431 2915 3357 2085 1676 2381 3053 3091 2328 2311 1858 1414 3271 3278 697 456 402 3346 3081 2395 3377 1679 931 1961 1165 3234 3228 3100 2279 2292 2062 2017 1963 1737 3488 2318 2915 2218 2085 2321 1926 2828 2968 1188 2385 3588 2255 2211 2239 3876
2836 2379 2766 2496 1499 3010 2367 1728 2695 1183 2277 1822 2097 690 1733 2170 990 1072 1655 3175 360 2956 3125 2882 2202 949 3239 1706 3151 1434 2426 1545 2935 3240 1522 3236 1106 2766 3556 1981 1473 1933 2209 2215 1701 1252 3203 2338 2622 2776 3204 1210 2267 3210 1704 3098 847 2148 3231 2889 1214 3331 1762 1312 2916 3281 2653 3227 2760 1512 2129 1974 2745 2633 2395 2985 1591 1304 3259 3057 2036 720 2034 2779 2405 1849 1765 2328 741 2685 2757 2174 1157 2971 1333 3035 1226 730 1509 2620 1850 1379 2068 3530 1903 985 2427 2076 944 2275 2219 2864 1490 2691 977 2099 2399 2635 2688 1744 2752 1719 1699 2384 1442 1785 2952 2374 2130 1628 3116 2847 2594 3131 2667 1426 1519 836 1050 2245 3476 2863 3033 1725 1540 3153 2525 1757 1223 2440 3060 1575 1280 2655 1071 3017 2245 1970 2495 2616 1040 1090 2484 1783 1653 1337 1635 2615 3157 2600 1929 2358 2725 840 1283 870 1809 1788 1786 899 1511 1629 1617 1795 3244 1348 2548 2004 3623 1707 3447 1211 2305 2084 1275 997 1295 3083 2669 2210 2943 2258 2636 2880 3154 3217 2450 2719 1511 1819 3358 2625 3253 2639 2036 2652 1811 1310 1249 2033 2908 3007 2703 1503 2405 3682 2436 2054 1932 3381 3621 578 3167 2630 1933 1406 3031 2839 1987
1216 1657 3266 3158 3033 1709 1752 2708 2765 3031 1411 2743 1957 3100 3013 2310 3178 2965 1909 3266 2956 360 885 2585 1449 3218 1039 3130 2546 1941 1100 1908 2313 966 1917 3046 3515 1344 1213 1899 1863 1767 2268 1949 1818 2148 1698 2447 3349 1058 2474 3640 2786 1252 1760 2147 2532 1535 1302 2652 2107 2248 1684 2012 1903 2580 2424 2092 2615 3293 2779 3323 1850 1131 3325 2335 2970 3332 2779 1756 2027 2627 2070 1751 1300 2964 2797 3075 2672 853 572 1664 2517 3108 2298 2241 2092 3184 2777 767 1575 2147 1998 1575 1745 2336 3298 1766 2573 2594 3240 2367 1866 630 2544 2142 1887 1671 2855 1669 641 3033 3050 2647 2624 2114 2164 1654 2605 2491 2037 2705 929 754 2393 1987 1850 2506 2816 1124 1777 2309 2299 1726 2160 2232 2161 1596 3256 1615 2589 2140 3373 2720 3115 3254 1864 2027 2759 702 3458 2293 3320 1562 1685 2882 1935 1411 2080 2045 1622 1530 2664 2635 2105 3208 1522 1825 1711 3390 1814 1692 1711 2036 985 2356 3033 2374 1549 1779 1197 2258 1617 3324 2344 2326 2045 1438 1315 1898 2251 1133 725 3234 3329 3291 972 613 2013 1658 2257 2855 1912 2486 1349 684 1531 2457 2633 1806 1660 1755 1890 2066 1356 1470 1439 1768 1653 2048 1470 2813 2561 1241 1713 2308 1524 1415 1969
809 2142 2974 2909 2978 1267 2237 2598 2449 3040 1299 2613 2407 3212 2909 2100 3233 2995 1920 2900 3125 885 360 2219 1890 3286 521 3037 2125 2055 1064 2222 1919 479 2224 2650 3589 993 797 1783 2110 1701 2049 2415 1842 2252 1209 2195 3092 771 2038 3712 2560 733 2096 1709 2755 1444 783 2289 2275 1774 2021 2177 1493 2139 2098 1625 2276 3251 2583 3191 1486 915 3109 1932 2894 3336 2357 1303 2469 2773 1913 1376 1159 2834 2681 2853 2894 802 1026 2116 2554 2764 2323 1822 2294 3296 2716 1222 1642 2458 1837 1051 1700 2501 3074 2205 2658 2359 3052 1991 2131 958 2808 1959 1629 1346 2546 1748 824 2933 2955 2390 2582 2028 1758 2138 2404 2412 1588 2354 890 510 2062 2077 1967 2714 2853 1250 1256 1930 1884 2060 2514 1789 1859 1885 3270 2108 2188 2501 3386 2408 3151 2914 1660 2457 2483 1076 3538 2411 3086 1704 1949 2857 1945 1122 1625 1723 2009 1338 2335 2877 2214 3292 1792 2203 2066 3496 1981 1930 1960 1960 488 2365 2764 2205 1039 1818 719 2539 1429 3169 2377 2529 2282 962 1017 1702 1851 1516 1171 2918 2973 2920 1406 916 2050 2012 1779 2558 1429 2166 1694 1110 1813 2462 2636 1689 1245 1315 1539 2400 1192 995 1233 1651 1628 1553 974 2952 2138 985 2115 2308 1067 1025 2401
1651 3332 1198 1263 1995 1342 3404 1584 696 2263 1674 1513 3385 2740 1775 1080 2558 2309 1815 1043 2882 2585 2219 360 2991 2638 2174 1899 681 2143 1940 2803 681 2250 2782 843 2886 1608 2389 1456 2547 1617 1052 3462 1849 2177 1496 905 1390 1891 788 2976 1116 1936 2799 970 2829 1642 1906 431 2386 1109 2762 2336 1097 812 605 1141 508 2225 1243 1866 1099 1819 1527 693 1866 2449 736 1326 3400 2575 1296 1205 1717 1633 1596 1311 2915 2102 2567 3182 2086 911 1946 826 2499 2802 1819 2651 1960 2936 1306 1961 1671 2484 1472 3198 2304 1002 1573 589 2609 2426 3002 1200 1140 1275 790 1992 2325 1803 1836 915 1822 1525 847 3325 1153 1618 1093 512 2049 2354 609 2078 2126 2752 2244 2122 1698 650 767 2774 3117 939 850 2564 2437 3339 555 3129 2519 692 2429 1063 1257 3350 877 2485 2869 2288 1453 2145 2524 2029 1817 1537 1087 916 2898 1497 579 2973 2178 2698 2479 2990 2839 2927 2274 2447 2489 1555 2234 1910 1087 1238 2107 1889 2251 2888 1441 1775 1996 2624 2600 1656 1630 1256 751 2638 2612 1098 1113 1065 2697 2406 1912 2805 1131 842 1335 604 2626 2560 2521 1933 2006 1481 1338 1295 1055 2973 1656 2278 1554 1495 1736 1340 2189 2665 690 1707 3012 1860 1538 1556 3313
1973 701 3432 3240 2719 2411 775 2554 3039 2586 1692 2626 877 2443 2804 2438 2623 2485 1713 3602 2202 1449 1890 2991 360 2635 2050 2882 3081 1510 1507 1017 2816 1998 1040 3472 2895 2003 2287 1957 1152 1780 2423 895 1632 1670 2497 2632 3431 1790 3052 3014 2863 2186 859 2770 1718 1708 2231 3043 1499 2946 810 1439 2505 3161 2765 2789 2957 2924 2795 3139 2376 1737 3318 2854 2709 2865 3293 2468 940 1957 2155 2320 1694 2815 2645 3108 1844 1546 1247 588 2094 3405 1951 2809 1411 2518 2512 1045 1428 1212 2109 2550 1729 1679 3312 678 2037 2718 3182 2822 1108 1291 1651 2256 2211 2176 3102 1441 1428 2813 2818 2810 2345 2042 2714 695 2658 2316 2699 3062 1518 1802 2749 1592 1451 1727 2343 1261 2673 2779 2850 842 1143 2857 2501 910 2777 717 3072 1115 2884 2988 2608 3528 2098 937 2945 1173 2829 1746 3351 1264 1013 2526 1729 1955 2749 2450 633 1875 2978 1773 1630 2595 942 806 776 2719 1314 1083 1063 1969 2013 2027 3172 2406 2564 1580 2243 1367 1916 3186 1966 1589 1297 2253 1915 2106 2773 759 1091 3457 3637 3637 846 1333 1723 748 2964 3074 2673 2806 728 1147 908 2114 2260 1901 2322 2442 2385 1097 1749 2522 1850 1877 1644 2825 2504 2131 3098 1827 661 2009 2288 2101 880
2905 2859 2349 2078 1049 2982 2862 1414 2392 737 2365 1492 2617 618 1300 1980 441 695 1727 2802 949 3218 3286 2638 2635 360 3375 1231 2938 1638 2585 1997 2760 3394 1970 2918 663 2821 3695 1955 1851 1971 2031 2736 1804 1431 3189 2104 2172 2898 3012 786 1931 3297 2142 2973 1363 2222 3308 2629 1518 3202 2184 1601 2839 3072 2435 3125 2499 966 1790 1465 2676 2749 1928 2808 1171 725 3003 3020 2564 1042 1936 2735 2504 1439 1414 1917 1298 2866 3038 2649 1094 2611 1327 2884 1587 607 1178 2934 2019 1881 1991 3576 1960 1317 1969 2565 1005 1997 1755 2672 1888 2948 1534 1969 2327 2612 2362 1917 2979 1278 1251 2094 1200 1713 2814 2854 1846 1418 3018 2570 2770 3321 2458 1592 1728 1319 808 2461 3469 2685 2868 2154 2068 3013 2374 2126 656 2915 2829 2101 692 2360 571 2630 2192 2497 2179 2893 617 1295 2027 2016 2015 968 1702 2661 3052 2480 2369 2395 2449 1404 1474 448 2150 2264 2226 650 1785 1968 1970 1755 3393 1295 2166 1801 3688 1830 3572 1716 2323 1586 1270 1414 1698 3120 2736 2150 2783 2606 2940 2482 2765 2844 2793 2968 1595 2247 3230 2294 3195 2404 2400 2942 2164 1209 1056 2032 2889 2968 2624 2003 2488 3776 2490 2062 2021 3303 3705 889 2951 2718 2399 1357 3047 2876 2506
794 2303 2953 2905 3036 1199 2398 2644 2423 3116 1372 2652 2567 3312 2954 2119 3320 3077 2008 2850 3239 1039 521 2174 2050 3375 360 3084 2054 2165 1172 2367 1864 447 2368 2587 3679 997 680 1839 2246 1774 2065 2576 1935 2358 1109 2197 3083 837 1960 3801 2568 617 2245 1634 2883 1518 662 2245 2395 1676 2171 2297 1438 2057 2072 1533 2242 3311 2600 3224 1455 986 3115 1873 2947 3409 2284 1228 2628 2884 1952 1344 1232 2871 2723 2859 3021 934 1187 2276 2641 2724 2409 1756 2419 3396 2775 1383 1749 2602 1878 896 1778 2618 3077 2364 2756 2366 3068 1945 2269 1119 2943 1989 1640 1340 2522 1856 983 2978 3002 2388 2647 2089 1700 2299 2422 2468 1509 2314 1014 648 2035 2182 2079 2839 2937 1380 1119 1883 1819 2209 2664 1709 1847 2029 3346 2269 2127 2652 3461 2385 3233 2875 1690 2616 2473 1236 3630 2518 3086 1826 2089 2925 2033 1144 1542 1705 2164 1384 2305 3008 2321 3385 1934 2356 2218 3593 2104 2066 2098 2024 427 2447 2754 2236 878 1915 572 2678 1472 3196 2465 2653 2414 884 1045 1734 1795 1674 1332 2888 2926 2867 1566 1076 2143 2164 1679 2539 1328 2141 1846 1271 1957 2541 2713 1747 1195 1248 1513 2547 1256 841 1280 1711 1714 1442 814 3061 2066 1033 2271 2388 999 1005 2560
2550 3177 1483 1213 569 2490 3208 800 1605 886 2111 806 3034 1432 496 1387 1153 994 1605 1949 1706 3130 3037 1899 2882 1231 3084 360 2217 1733 2403 2353 2094 3126 2325 2099 1405 2459 3389 1616 2123 1725 1445 3146 1699 1581 2700 1427 1301 2626 2311 1473 1144 2939 2453 2354 1937 1971 2936 1873 1787 2566 2466 1821 2292 2351 1741 2526 1751 690 1016 641 2156 2483 1059 2136 533 941 2235 2513 3004 1570 1492 2243 2246 626 726 1058 1941 2684 2994 2972 1175 1768 1291 2238 1905 1460 732 2953 1951 2337 1566 3145 1744 1700 1098 2921 1323 1274 885 1991 2182 2873 2137 1468 1846 2163 1554 1882 2855 468 441 1345 899 1380 2190 3171 1139 998 2431 1801 2590 3114 1773 1653 1798 1864 1046 2383 2972 2020 2207 2450 2547 2373 1774 2332 959 3219 2094 2575 1010 1584 1030 1771 1761 2939 1393 2857 1407 1548 1156 2044 2232 762 1582 2303 2454 1911 2657 2061 1688 2039 1618 1313 2309 2624 2531 1509 1928 2159 2181 1456 3119 1216 1320 1229 3276 1747 3252 2202 1972 739 1277 1854 2042 2707 2400 1716 2135 2712 2942 1621 1905 1990 2871 2880 1543 2530 2593 1485 2646 1693 2559 2923 2339 1128 999 1710 2415 2462 2094 2438 2207 3401 2166 1749 1836 2723 3320 1536 2228 2415 2727 1239 2609 2483 2929
1576 3418 1471 1570 2307 1218 3496 1888 1009 2567 1748 1822 3508 3028 2092 1341 2859 2606 2011 1194 3151 2546 2125 681 3081 2938 2054 2217 360 2339 1972 2966 626 2137 2947 900 3193 1563 2230 1639 2718 1780 1302 3576 2030 2399 1324 1193 1681 1849 482 3286 1437 1803 2943 780 3061 1749 1765 722 2594 836 2899 2535 1003 494 864 915 830 2543 1561 2187 1080 1808 1837 586 2179 2762 593 1185 3531 2831 1510 1163 1759 1952 1906 1629 3156 2086 2559 3285 2354 1132 2195 664 2700 3093 2121 2668 2101 3119 1502 1760 1833 2715 1781 3313 2568 1312 1891 654 2778 2421 3224 1426 1256 1280 1096 2150 2305 2121 2153 1232 2111 1754 744 3412 1460 1900 909 809 2049 2269 845 2283 2310 2986 2532 2187 1478 675 607 2916 3289 713 1014 2700 2747 3418 493 3297 2832 1012 2731 1275 1401 3486 1199 2495 3174 2523 1758 2286 2673 2331 2017 1532 883 1006 3018 1566 900 3206 2395 2995 2608 3130 2975 3225 2449 2600 2643 1771 2119 2167 1395 1512 1905 2064 2099 3086 1531 2095 2248 2845 2791 1530 1610 1413 669 2708 2625 1348 1283 1202 2741 2396 2124 2936 853 1154 1129 895 2726 2568 2649 2201 2288 1642 1248 1169 1059 3144 1700 2083 1597 1648 1882 1093 1997 2933 377 1696 3135 2113 1419 1491 3444
1771 1814 2377 2155 1576 1997 1853 1415 2081 1487 1217 1495 1723 1526 1654 1457 1600 1404 688 2641 1434 1941 2055 2143 1510 1638 2165 1733 2339 360 1353 1059 2086 2169 1034 2589 1934 1709 2483 1060 798 939 1466 1824 678 567 2174 1662 2337 1702 2358 2059 1797 2139 1113 2174 1138 1101 2162 2175 628 2399 1111 556 1951 2454 1898 2273 2061 1798 1705 1989 1781 1560 2196 2134 1559 1784 2504 2049 1712 1078 1207 1789 1337 1672 1504 2007 1262 1618 1760 1614 970 2431 801 2147 721 1611 1362 1664 776 1156 1200 2468 892 822 2197 1578 992 1693 2050 2046 864 1670 1266 1305 1469 1634 2119 670 1709 1663 1668 1800 1195 1000 2054 1808 1598 1181 2162 2165 1526 2070 1896 444 451 1075 1255 1191 2438 2025 2163 1103 1347 2245 1686 960 1701 1851 2282 1363 1816 2031 1548 2531 1312 1652 1936 1615 1877 717 2241 738 864 1390 685 1566 2209 1709 1296 1325 2056 1280 524 1627 937 1302 1182 1815 556 788 815 952 2172 877 2117 1364 2554 661 2373 1107 1291 2039 822 902 817 2028 1609 1291 2072 1365 1667 2432 2655 2680 1541 1692 607 1172 2424 2075 2258 1913 1191 1666 966 967 1123 1070 1893 2002 1754 1207 1344 2608 1387 1075 889 2398 2549 1257 2356 1563 1380 861 1988 1788 1628
861 1831 2552 2428 2320 1264 1916 1974 2073 2353 673 2006 1989 2507 2282 1576 2535 2302 1224 2603 2426 1100 1064 1940 1507 2585 1172 2403 1972 1353 360 1626 1714 1176 1621 2419 2888 861 1490 1160 1464 1038 1537 2033 1142 1548 1367 1725 2621 724 1928 3012 2052 1175 1532 1631 2078 796 1207 2002 1584 1799 1465 1486 1365 2038 1747 1642 1943 2587 2040 2587 1253 611 2587 1747 2248 2652 2196 1321 2030 2072 1330 1183 583 2228 2063 2339 2215 645 1013 1728 1857 2429 1627 1685 1615 2592 2060 1071 938 1848 1258 1530 1024 1805 2562 1782 1954 1863 2500 1742 1497 873 2151 1404 1185 1052 2156 1045 819 2303 2323 1924 1914 1383 1593 1826 1867 1765 1554 2041 549 1097 1721 1373 1266 2031 2157 623 1578 1691 1731 1497 1946 1718 1475 1290 2583 1823 1985 1940 2699 2024 2456 2569 1136 2000 2042 910 2836 1708 2585 1019 1325 2183 1250 811 1603 1384 1518 815 1982 2207 1510 2589 1188 1682 1528 2792 1296 1288 1324 1307 1179 1675 2311 1634 1594 1115 1381 1901 893 2585 1680 1846 1622 1145 768 1166 1663 1114 1034 2534 2657 2632 1128 866 1350 1477 1816 2148 1529 1802 1192 986 1221 1774 1949 1066 1174 1295 1274 1814 645 1626 746 1028 941 1682 1574 2250 1989 682 1637 1620 1156 959 1950
2125 1224 3077 2851 2170 2470 1234 2092 2770 1990 1659 2177 1041 1793 2296 2144 1992 1881 1363 3333 1545 1908 2222 2803 1017 1997 2367 2353 2966 1059 1626 360 2703 2341 388 3264 2245 2103 2656 1706 622 1549 2148 1152 1316 1144 2610 2349 3031 1983 2966 2363 2497 2429 523 2738 1061 1603 2465 2841 925 2948 592 906 2489 3069 2560 2804 2735 2343 2402 2626 2331 1876 2879 2748 2183 2253 3149 2527 1019 1315 1879 2309 1728 2336 2176 2701 1190 1797 1696 1013 1539 3125 1453 2738 809 1866 1998 1522 1230 599 1858 2791 1494 1055 2884 938 1436 2391 2726 2680 556 1674 1014 1981 2070 2151 2813 1176 1776 2300 2299 2496 1838 1694 2642 1218 2297 1866 2700 2840 1730 2179 2554 1140 1048 1070 1749 1370 2840 2650 2765 550 690 2817 2325 699 2163 1278 2925 693 2264 2719 1990 3228 1924 956 2633 1572 2180 1167 2931 1050 668 1969 1368 2000 2749 2320 743 1822 2736 1126 1114 1951 799 634 601 2064 893 729 686 1638 2350 1528 2817 2061 2843 1274 2578 722 1824 2691 1450 942 675 2407 2002 1916 2677 1142 1552 3132 3350 3371 1328 1711 1307 639 2970 2771 2742 2583 920 1585 771 1598 1715 1687 2369 2488 2319 549 1763 2847 1844 1678 1443 2892 2808 1481 2983 1928 762 1531 2403 2198 939
1356 3153 1515 1554 2160 1027 3231 1728 993 2397 1483 1673 3242 2832 1963 1141 2683 2425 1760 1345 2935 2313 1919 681 2816 2760 1864 2094 626 2086 1714 2703 360 1943 2685 1094 3028 1328 2071 1386 2458 1521 1094 3310 1774 2156 1175 1031 1696 1615 632 3126 1341 1622 2678 655 2821 1483 1590 751 2345 835 2633 2283 786 727 715 832 792 2410 1447 2103 828 1561 1811 409 2034 2614 841 1007 3265 2606 1272 922 1498 1829 1759 1578 2920 1843 2314 3019 2141 1231 1969 514 2448 2901 1953 2416 1837 2860 1256 1639 1573 2474 1759 3047 2351 1180 1835 471 2517 2175 2979 1197 992 1024 1094 1888 2064 1992 2024 1125 1923 1521 526 3147 1317 1707 773 832 1800 2058 681 2033 2054 2746 2340 1923 1380 435 472 2651 3027 645 772 2434 2590 3154 636 3035 2681 974 2558 1382 1141 3220 1134 2244 3004 2286 1746 2021 2409 2161 1768 1282 772 743 2752 1300 867 2966 2150 2812 2343 2864 2709 3044 2190 2337 2380 1530 1926 1947 1380 1319 1786 1806 1934 2832 1265 2024 2024 2601 2535 1343 1365 1156 430 2444 2373 1419 1423 1362 2482 2151 1878 2670 860 1135 1017 773 2460 2318 2384 1989 2091 1383 1034 979 800 2883 1439 1956 1335 1387 1619 1035 1868 2717 643 1448 2869 1891 1226 1265 3178
857 2243 3023 2969 3072 1280 2338 2686 2493 3143 1398 2697 2515 3323 2997 2173 3340 3100 2026 2928 3240 966 479 2250 1998 3394 447 3126 2137 2169 1176 2341 1943 360 2342 2668 3697 1054 678 1876 2229 1801 2120 2521 1950 2365 1196 2258 3148 864 2044 3820 2627 703 2213 1717 2874 1544 749 2321 2392 1762 2139 2294 1516 2141 2142 1619 2315 3346 2655 3272 1526 1012 3175 1952 2986 3437 2367 1311 2578 2888 1997 1415 1258 2918 2767 2919 3012 920 1125 2224 2661 2799 2429 1837 2412 3408 2811 1325 1755 2577 1922 974 1802 2617 3138 2315 2769 2425 3124 2021 2250 1068 2927 2038 1697 1403 2592 1862 938 3021 3044 2450 2679 2123 1779 2239 2477 2505 1592 2389 1007 572 2106 2190 2081 2832 2958 1368 1205 1960 1900 2178 2632 1793 1913 2004 3373 2207 2207 2618 3488 2455 3256 2950 1738 2569 2539 1185 3647 2524 3148 1821 2068 2956 2052 1195 1626 1773 2123 1425 2377 2996 2327 3401 1911 2318 2183 3607 2099 2049 2079 2056 380 2470 2820 2285 943 1928 605 2659 1514 3247 2484 2646 2401 966 1092 1781 1874 1630 1274 2961 3003 2946 1513 1026 2159 2129 1766 2608 1414 2211 1810 1215 1932 2566 2739 1782 1272 1329 1582 2518 1287 883 1319 1745 1734 1529 869 3066 2149 1071 2228 2412 1079 1071 2512
