140 316 2228 1457 1341 1524 2000 2426 548 2099 1339 891 1008 2909 790 851 2864 813 2189 1803 2524 2028 2223 1703 2310 2448 2307 1851 2451 960 1218 1593 980 2263 646 1088 1194 2797 662 1954 550 1174 1922 417 1697 2231 2333 1056 2587 1573 2445 1468 1903 878 2433 1421 1895 677 1715 963 777 2520 939 840 2305 2387 1691 1935 780 999 2450 1747 2046 1222 2308 614 2804 2374 1435 2283 1422 2415 2460 1419 387 866 1615 2134 2369 1447 1479 1654 711 905 956 1541 589 2396 2368 700 1954 2131 2030 1287 1971 2606 2136 2797 744 2614 972 1707 2696 2229 1109 1165 1000 2888 1656 2232 1174 1320 275 939 2081 703 2201 565 1629 1354 2415 2028 1383 1867 2633 1373 1600 1879 2950 1234 1041 822 766 1936 2182 2784 1623 1599 3039 1087 2749 1877 2756 1930 905 2311 1551 1027 2366 1986 1831 2160 2619 1499 1158 1525 909 2733 622 1633 1899 1103 1870 1528 2095 1778 686 2472 1895 2513 1738 1026 962 2047 1913 1874 1735 1837 1895 1597 2076 470 2520 1346 1823 1942 2562 2782 2170 1221 1746 496 2595 2342 738 1626 1154 1488 582 2755 2096 2080 1580 1259 2369 2530 1800 964 2123 2058 2812 2362 1236 1858 2360 1687 2599 2429 1204 1146 931 1466 900 1852 2787 1055 1036 2165 2395
416 360 2392 1664 1388 1695 2120 2593 647 2236 1390 1132 1284 3030 1042 1077 3002 1088 2310 1861 2614 2102 2291 1747 2527 2535 2373 1990 2529 1111 1312 1667 1256 2460 758 1137 1247 2909 727 2127 761 1305 2037 683 1740 2319 2381 1317 2720 1734 2589 1652 1955 1087 2493 1637 1957 721 1801 1200 983 2696 1101 996 2432 2444 1763 2136 1054 1084 2504 1978 2103 1417 2540 674 2939 2508 1488 2345 1487 2486 2694 1463 600 1011 1799 2281 2473 1664 1687 1697 865 1181 1228 1751 647 2546 2521 776 2086 2351 2097 1330 2077 2739 2190 2937 1020 2749 1097 1863 2859 2392 1367 1311 1055 3028 1910 2405 1219 1409 416 1204 2300 777 2403 686 1731 1411 2606 2078 1574 2122 2801 1416 1666 2002 3083 1286 1276 995 814 2093 2248 2886 1835 1661 3170 1245 2897 1924 2854 1987 1045 2438 1595 1133 2471 2162 1925 2244 2770 1559 1397 1730 1051 2844 854 1692 1955 1225 2056 1682 2209 1926 780 2704 1943 2639 1928 1302 1185 2224 2011 1924 1787 1960 2012 1840 2144 743 2667 1424 1905 1999 2664 2926 2357 1265 1979 755 2757 2479 824 1883 1249 1540 727 2864 2226 2221 1719 1375 2479 2709 1957 1231 2246 2121 2936 2532 1419 1916 2465 1805 2691 2662 1412 1202 1205 1658 1066 2023 2916 1099 1091 2283 2486
2328 2392 360 1328 2915 1066 1141 566 2667 843 2339 1929 2476 1467 2810 1860 1176 2376 1112 2276 1809 1961 2176 2911 1354 1835 2271 906 2058 3142 1734 1914 2574 955 2024 2329 2276 1533 2199 671 2723 1503 1212 2502 2950 1742 2916 2093 1041 1018 776 1159 2469 1772 2534 1426 2218 2473 1717 1861 2943 725 1651 1756 1016 2574 1933 1026 2325 1911 2741 1543 2410 1427 1670 2602 1166 907 2294 2397 2058 2204 1772 2615 2572 3043 1030 661 1480 1434 1319 2833 2894 2587 2716 1301 2581 661 604 2119 954 1379 2134 2675 1365 1053 2553 1093 2387 1028 1702 899 827 387 2051 1454 2216 1170 1968 507 2504 1742 2358 2163 1329 2132 1021 2717 1480 2205 904 2668 1270 2036 773 2705 2060 1119 1313 2273 1807 3011 2584 673 2210 1736 1300 2144 1415 1506 966 2649 1789 2340 1719 1016 2844 1755 1463 661 1567 1819 823 2160 1797 1262 3084 1515 2753 2213 2357 1610 861 1078 1228 881 2781 1732 2651 1126 981 2556 3075 628 1504 2555 2418 1118 1197 1764 2137 2474 786 1863 1779 2370 1594 1028 760 2582 1566 2578 728 850 2050 2040 1757 2333 2758 1574 954 776 1115 1525 1346 779 805 2184 1066 2245 1352 536 1371 2319 1453 1260 1814 1736 1512 2941 2648 1201 1688 749 1240 2555 2225 1168 1750
1557 1664 1328 360 2489 787 1605 1483 1951 1485 2091 1008 1516 2337 1913 982 2124 1439 1725 2284 2360 2188 2436 2659 1232 2336 2541 1280 2479 2365 1500 1905 1619 1175 1409 1957 1969 2327 1630 1016 1904 1157 1595 1665 2680 2157 2964 1128 1922 907 1689 629 2466 939 2772 462 2292 1881 1829 930 2104 1517 1026 1121 1745 2774 1977 843 1393 1528 2910 813 2499 632 1319 1947 2096 1724 2106 2610 1918 2553 1477 2328 1778 2278 679 1402 2069 483 383 2585 2120 1643 1773 449 1922 1595 1547 1565 1431 1072 2306 2306 1741 1938 2637 2042 1462 1927 1229 1022 1758 1343 1083 1031 1820 2126 1103 1268 2132 1584 1616 1209 1013 1581 1106 1981 1578 1997 1340 2659 558 1250 1669 2367 2020 1488 2249 1987 863 2209 2003 1152 2437 2447 542 2081 2351 965 1932 2572 2466 2393 1165 1748 2543 1368 2057 1029 1791 2167 1788 2039 831 433 2322 2286 1903 2150 2389 1241 846 962 1734 1148 2085 1472 2582 1935 712 1596 2194 1076 1801 2509 2347 1449 1562 897 2333 1617 1731 1711 1943 2419 2246 1989 1121 2211 829 1727 1675 1671 1510 1156 1475 2162 1999 2333 1554 1425 1152 1296 1985 1505 1067 1226 1648 2396 2222 1401 703 2342 2047 1433 2402 1440 613 2411 1703 544 1031 960 2139 2113 1846 1744 2253
1441 1388 2915 2489 360 2335 2341 3119 1246 2580 1002 2110 2303 3158 1922 2021 3281 2114 2517 1424 2487 1863 1929 822 3352 2385 1966 2391 2260 1468 1541 1532 2261 3181 1452 945 1011 2971 1230 2736 1578 1804 2241 1668 789 2204 1608 2333 2983 2314 2954 2369 1382 1983 1956 2497 1556 1036 1763 2164 1676 3270 1823 1728 2679 1876 1586 2895 2082 1378 1856 2885 1581 2217 3438 1101 3200 2805 1102 1860 1308 2132 3596 773 1511 1399 2498 2700 2499 2531 2512 819 1412 2178 2194 2578 1123 2957 2954 1286 2416 3201 1751 618 2187 3001 1589 3239 2044 3026 1647 2392 3344 2904 2378 1896 1064 3322 2900 2981 773 1548 1442 2227 3140 1271 3150 1300 1882 1140 3286 1386 2336 3113 3320 639 1419 2269 3315 1024 2230 1532 934 2603 1863 2841 2672 1351 3378 1910 3262 1221 2776 1504 1688 2685 684 1544 2505 2777 1951 2085 3166 1265 2358 2537 1397 2901 1700 1321 1459 1694 2746 2232 2370 2394 1162 3596 1241 2849 2646 2313 1897 2838 2054 1287 1246 2244 2231 2799 1797 1744 3045 1448 1801 1496 2652 3264 3025 698 2892 1709 3237 2800 1339 2884 1518 1103 1367 2895 2520 2601 2159 1751 2571 3307 2479 2256 2482 1706 3096 3085 2165 1446 2504 2070 2572 3560 2266 646 2189 2411 1818 2626 3129 737 1051 2465 2375
1624 1695 1066 787 2335 360 1178 1261 1975 1084 1842 1251 1821 1950 2109 1167 1786 1697 1305 1945 1932 1793 2039 2425 1435 1910 2144 860 2060 2442 1215 1558 1908 1206 1345 1762 1743 1920 1541 793 2017 895 1168 1796 2455 1735 2627 1458 1552 479 1347 519 2135 1071 2385 882 1935 1814 1446 1192 2237 1361 955 1062 1341 2395 1618 949 1643 1320 2540 1207 2142 747 1624 1925 1745 1343 1831 2226 1618 2144 1773 2102 1867 2344 546 1037 1642 910 794 2348 2193 1911 2037 827 1903 1272 1234 1464 1010 1329 1925 2120 1317 1569 2285 1709 1701 1564 1055 609 1533 1070 1428 801 1633 1798 1530 1069 1942 1273 1659 1505 1263 1478 1183 2022 1186 1727 1314 2335 623 1673 1468 2166 1688 1061 1899 1751 1152 2306 1932 800 2046 2026 896 1759 1998 819 1627 2269 2042 2044 1045 1345 2329 1152 1630 829 1385 1752 1488 1737 1179 763 2386 1874 2046 1830 2046 1003 770 543 1307 731 2095 1755 2276 1540 689 1898 2370 891 1385 2193 2035 1022 1135 1324 1947 1768 1406 1405 1553 2072 1822 1672 1053 2023 1227 1872 1435 1295 1397 1582 1210 1882 2059 1919 1141 1033 734 989 1562 1378 679 1531 1228 2021 1837 1198 669 2001 1620 1018 1974 1733 858 2315 1971 603 988 687 1768 1960 1651 1321 1827
2100 2120 1141 1605 2341 1178 360 1298 2348 663 1712 1971 2545 1269 2700 1858 1303 2387 551 1534 1122 1182 1395 2241 2044 1115 1491 700 1306 2844 1221 1213 2613 1681 1721 1780 1692 1165 1819 1193 2510 1192 460 2336 2286 978 2147 2222 1004 1058 995 1338 1722 1743 1754 1701 1460 2067 987 1932 2737 1487 1484 1553 698 1793 1205 1597 2328 1453 1960 2000 1642 1517 2315 2233 1224 826 1638 1616 1406 1434 2445 1983 2346 2739 1314 842 824 1728 1611 2164 2612 2595 2711 1636 2219 1033 1052 1743 566 2007 1358 2085 585 1022 1783 1257 2370 1045 1388 952 1442 1117 2204 1239 1701 1342 2348 1273 1933 1171 2107 2241 1945 1750 1717 2413 820 1571 1675 1916 1435 2483 1457 2094 1356 489 1352 1677 1913 2751 2155 948 1429 1219 1692 1441 1428 1351 1289 1919 1227 1583 1465 705 2202 1353 812 1227 810 1041 1212 1484 1968 1574 2773 1107 2577 1504 1605 1257 1367 1017 489 830 2430 2414 1917 889 1394 2616 2918 1257 731 1818 1697 534 473 2141 1358 2337 1088 1254 1021 1612 1007 1284 1471 2003 2022 2421 1344 829 1678 2401 1272 1664 2474 1139 563 724 849 1105 757 1552 942 2271 501 1470 1177 1309 1408 1571 802 675 1158 2406 1643 2437 2651 1421 1532 1140 1172 2024 1696 526 1029
2526 2593 566 1483 3119 1261 1298 360 2869 995 2539 2104 2639 1453 2994 2042 1104 2549 1236 2456 1908 2120 2325 3107 1346 1946 2417 1100 2180 3342 1938 2102 2740 947 2228 2533 2479 1558 2405 842 2918 1710 1379 2694 3147 1875 3085 2251 1049 1220 794 1341 2648 1959 2681 1576 2392 2679 1897 2033 3137 551 1851 1957 1112 2725 2116 1115 2499 2117 2895 1638 2579 1609 1678 2807 1117 975 2490 2550 2254 2337 1761 2815 2769 3243 1204 821 1584 1579 1471 3029 3093 2758 2888 1444 2786 684 635 2325 1128 1409 2297 2878 1523 1055 2721 1023 2564 1022 1907 1105 637 574 2205 1658 2421 1086 2072 575 2708 1943 2558 2329 1370 2337 1033 2919 1669 2404 835 2845 1447 2118 568 2906 2248 1295 1249 2475 1975 3208 2790 880 2363 1788 1429 2332 1348 1708 866 2833 1851 2515 1923 1110 3043 1962 1566 819 1738 1962 736 2353 1955 1413 3284 1552 2944 2401 2534 1817 998 1283 1369 1085 2984 1717 2834 1171 1131 2719 3263 767 1669 2737 2604 1299 1368 1875 2297 2663 759 2062 1952 2544 1672 939 799 2786 1661 2769 554 926 2256 2149 1962 2528 2958 1614 1100 938 1320 1731 1442 623 1012 2348 1203 2409 1344 447 1561 2497 1557 1450 1902 1728 1685 3147 2819 1374 1887 936 1218 2760 2430 1298 1863
648 647 2667 1951 1246 1975 2348 2869 360 2486 1428 1399 1440 3254 1041 1356 3251 1266 2539 1929 2782 2231 2396 1663 2812 2697 2469 2245 2662 856 1506 1799 1385 2748 1009 1177 1302 3120 892 2409 696 1557 2260 802 1646 2484 2370 1551 2964 2009 2847 1938 1991 1373 2556 1921 2039 708 1964 1471 849 2977 1380 1273 2670 2497 1892 2424 1246 1269 2535 2254 2159 1705 2816 533 3185 2755 1539 2419 1594 2598 2968 1427 634 751 2084 2543 2671 1948 1974 1627 634 1299 1308 2037 527 2809 2787 965 2332 2634 2199 1261 2283 2983 2226 3189 1194 2996 1347 2134 3133 2666 1607 1578 1141 3279 2158 2685 1199 1590 695 1429 2583 959 2690 435 1933 1484 2893 2084 1862 2367 3078 1348 1770 2235 3326 1342 1549 783 720 2365 2346 3076 2121 1749 3409 1521 3157 1921 3037 2049 1310 2676 1508 1355 2670 2444 2108 2396 3033 1642 1666 2017 787 3054 819 1766 2012 1467 2342 1953 2428 2190 498 2979 1941 2873 2215 1440 1078 2506 2201 1940 1822 2196 2237 2104 2247 882 2927 1578 2058 2055 2858 3183 2643 1221 2254 828 3030 2729 1029 2124 1447 1584 512 3069 2469 2477 1974 1606 2690 2992 2228 1451 2479 2206 3165 2811 1705 1978 2665 2032 2863 2937 1699 1008 1306 1945 1348 2303 3154 1051 1171 2507 2655
2199 2236 843 1485 2580 1084 663 995 2486 360 1966 1957 2533 1227 2761 1858 1125 2395 643 1830 1347 1485 1695 2515 1789 1363 1788 611 1578 2980 1417 1492 2613 1409 1841 2003 1929 1202 1973 954 2609 1291 747 2413 2558 1259 2450 2180 851 975 735 1236 2020 1750 2052 1587 1761 2237 1275 1905 2836 1183 1536 1624 619 2093 1495 1375 2338 1631 2262 1829 1945 1465 2080 2390 1065 635 1903 1917 1667 1721 2200 2241 2447 2876 1170 542 1020 1608 1486 2437 2739 2608 2730 1497 2373 743 755 1894 524 1775 1662 2328 888 869 2086 1062 2389 875 1500 834 1150 818 2152 1296 1909 1152 2213 982 2167 1392 2214 2220 1716 1904 1456 2547 1071 1827 1385 2216 1347 2325 1157 2345 1638 679 1213 1919 1872 2871 2335 719 1730 1342 1535 1723 1305 1390 1047 2212 1376 1883 1554 622 2466 1503 1004 980 1107 1335 946 1756 1904 1440 2913 1162 2662 1788 1904 1380 1152 973 744 717 2582 2165 2211 816 1211 2608 3000 997 1034 2113 1986 697 740 2003 1662 2402 825 1494 1320 1913 1164 1062 1200 2241 1852 2496 1048 603 1826 2274 1456 1935 2600 1211 470 434 878 1250 900 1249 778 2247 585 1774 1115 1007 1370 1869 994 870 1363 2161 1581 2649 2666 1311 1582 932 1060 2244 1910 691 1276
1439 1390 2339 2091 1002 1842 1712 2539 1428 1966 360 1896 2267 2515 2063 1778 2646 2064 1882 867 1862 1248 1361 944 2908 1763 1421 1799 1666 1842 989 889 2263 2679 1205 615 509 2330 1052 2200 1739 1314 1611 1714 976 1572 1361 2167 2349 1793 2335 1913 927 1701 1488 2126 987 1082 1120 1926 1917 2702 1451 1389 2046 1429 947 2428 2016 927 1476 2529 1091 1829 3049 1256 2563 2178 478 1355 667 1567 3206 636 1607 1746 2021 2100 1857 2162 2112 866 1685 2196 2255 2175 1261 2348 2351 1050 1805 2780 1167 744 1547 2366 1163 2606 2005 2392 1225 1845 2746 2326 2195 1431 709 2688 2646 2423 636 957 1424 2092 2716 1039 2664 1502 1257 500 2761 1051 1910 2851 2732 742 784 1649 2675 475 1973 1833 1082 2035 1303 2208 2268 726 2736 1486 2639 908 2147 983 1307 2052 864 1083 1863 2242 1309 1458 2551 628 2096 2123 1763 2259 1854 718 945 1215 2248 1705 1732 1823 1426 3197 924 2210 2169 2301 2145 2301 1412 894 758 1629 1604 2503 1216 1769 2428 837 1161 988 2014 2636 2504 680 2540 1785 2641 2177 1058 2651 992 515 1580 2255 1898 1995 1595 1215 1928 2747 1923 2125 1852 1154 2453 2514 1748 912 1862 1460 1948 3167 1912 1167 2227 1972 1466 2094 2488 784 671 1828 1745
991 1132 1929 1008 2110 1251 1971 2104 1399 1957 1896 360 936 2822 1265 489 2677 808 2135 2243 2651 2306 2541 2391 1805 2601 2641 1712 2680 1753 1470 1921 1017 1818 1058 1689 1750 2765 1258 1622 1282 1214 1923 1042 2398 2394 2877 645 2438 1346 2239 1131 2394 601 2829 942 2295 1440 1942 439 1467 2157 904 905 2204 2806 2013 1486 756 1362 2910 1221 2485 866 1779 1444 2636 2226 1954 2666 1838 2702 1930 2069 1178 1675 1260 1929 2415 959 1026 2327 1518 1020 1148 1077 1418 2161 2121 1226 1851 1619 2372 1989 2031 2456 2605 2600 819 2453 1121 1491 2381 1938 661 1117 1559 2689 1150 1892 1835 1582 1076 630 1574 1240 1743 1410 1753 1849 1988 2561 1019 1363 2299 2066 1990 1842 2789 1781 517 1588 1555 1690 2521 2827 1143 2025 2887 998 2513 2437 2824 2368 1012 2209 2251 1265 2407 1644 1983 2363 2372 1949 627 1081 1719 2712 1265 2081 2350 1223 1483 1345 2091 1600 1537 1943 2452 2411 1345 1011 1547 1698 2033 2402 2242 1797 1890 1068 2410 983 2296 1674 2064 2388 2608 2562 1768 1903 1219 1093 2291 2181 1202 1135 1416 2013 1411 2749 1994 1914 1483 1363 2368 2150 1570 661 2059 2436 2712 2027 948 2304 2398 1704 2712 1900 778 1962 1080 1090 863 1541 2653 1764 1594 2133 2529
1108 1284 2476 1516 2303 1821 2545 2639 1440 2533 2267 936 360 3399 933 1046 3245 562 2710 2685 3207 2817 3040 2670 2166 3150 3135 2289 3211 1588 1967 2405 477 2277 1443 2026 2118 3341 1575 2165 1164 1760 2493 999 2664 2939 3268 752 3011 1920 2806 1689 2811 1162 3299 1428 2757 1645 2463 988 1240 2670 1446 1413 2780 3265 2502 1957 613 1808 3350 1552 2931 1433 2040 1564 3206 2800 2348 3140 2282 3214 2169 2378 1166 1548 1807 2498 2983 1430 1530 2619 1416 548 655 1564 1541 2723 2680 1579 2427 1974 2860 2253 2593 3029 3037 3166 625 3025 1628 2065 2915 2489 805 1678 1918 3254 1256 2424 2133 2080 1235 675 1947 1589 2190 1410 2298 2254 2458 2957 1575 1433 2825 2339 2450 2415 3360 2154 1032 1413 1731 2256 3012 3397 1603 2469 3459 1560 3072 2814 3391 2813 1522 2785 2518 1754 2976 2182 2526 2898 2929 2380 1045 1588 1588 3288 1074 2516 2788 1749 2003 1921 2663 2175 1561 2196 2831 2987 1868 440 1205 2231 2584 2798 2648 2370 2461 1312 2902 921 2859 2151 2583 2829 3177 3123 2267 2185 1540 978 2831 2754 1585 1192 1906 2405 1370 3324 2570 2489 2058 1901 2941 2652 2140 652 2635 2909 3288 2558 1523 2744 2967 2269 3271 2148 1329 2086 592 1637 1399 2093 3227 2021 1955 2708 3082
3009 3030 1467 2337 3158 1950 1269 1453 3254 1227 2515 2822 3399 360 3601 2720 776 3257 1080 2190 1184 1730 1816 2966 2437 1278 1865 1470 1521 3751 2116 1986 3477 2035 2631 2634 2530 592 2724 1728 3419 2097 1354 3241 3017 1370 2629 3047 787 1842 1050 2098 2340 2610 2097 2439 2075 2964 1756 2772 3646 1602 2376 2453 979 2173 1938 2129 3199 2352 2341 2633 2189 2332 2765 3134 717 972 2419 2027 2211 1714 2854 2765 3255 3645 2017 1296 1027 2457 2335 2896 3520 3469 3589 2337 3122 1166 1224 2649 1336 2483 1900 2900 1349 774 2299 831 3247 799 2297 1700 1352 1441 3019 2130 2574 825 3042 1601 2767 2050 3016 3086 2435 2656 2114 3321 1692 2379 1926 2497 2210 3130 1448 2891 2106 1390 664 2507 2739 3660 3044 1545 1880 858 2361 2182 647 2235 1005 2560 951 2182 2370 974 2964 2261 1018 1737 1571 1498 1090 2256 2769 2284 3679 650 3484 2228 2219 2166 1937 1837 1188 1584 3333 2810 2551 771 2029 3474 3825 1724 1467 2453 2380 1433 1378 2833 1873 3238 1056 2107 1721 2207 922 931 1860 2829 2656 3326 1326 1025 2586 3109 2171 2429 3382 690 1192 1277 1716 2014 948 1679 1636 3114 1147 1999 476 1527 2236 2202 1017 1585 1122 2820 2448 3292 3527 2169 2423 1749 595 2879 2564 1107 1236
890 1042 2810 1913 1922 2109 2700 2994 1041 2761 2063 1265 933 3601 360 1311 3514 868 2884 2543 3264 2778 2972 2344 2670 3191 3055 2509 3200 1030 1960 2343 829 2721 1383 1807 1923 3505 1408 2511 704 1868 2629 738 2327 2974 3036 1239 3252 2184 3082 2013 2630 1398 3174 1844 2639 1350 2461 1342 679 3058 1586 1507 2985 3124 2441 2389 897 1747 3179 2059 2783 1745 2581 1206 3462 3036 2165 3027 2169 3165 2718 2098 815 1009 2151 2767 3094 1857 1931 2308 906 745 680 1981 1191 3017 2983 1450 2628 2479 2778 1940 2694 3270 2865 3442 822 3274 1682 2327 3271 2817 1302 1830 1736 3532 1816 2787 1862 2065 1022 1115 2443 1453 2643 982 2360 2092 2892 2741 1907 2002 3194 2027 2347 2574 3613 1963 1414 861 1395 2546 2930 3511 2041 2343 3706 1730 3373 2583 3488 2668 1597 2991 2189 1761 3090 2537 2569 2907 3236 2241 1484 1987 1044 3444 582 2374 2635 1816 2384 2158 2804 2418 1123 2741 2602 3196 2246 889 648 2593 2647 2591 2461 2530 2600 1842 2825 723 3149 2096 2571 2679 3288 3415 2672 1893 2051 654 3177 2999 1487 1757 1895 2216 916 3470 2773 2731 2248 1975 3082 3053 2415 1115 2814 2804 3498 2921 1800 2597 3083 2394 3338 2694 1678 1665 715 1984 1539 2421 3459 1722 1771 2867 3135
951 1077 1860 982 2021 1167 1858 2042 1356 1858 1778 489 1046 2720 1311 360 2590 896 2025 2116 2528 2177 2412 2284 1820 2476 2512 1610 2553 1745 1341 1792 1117 1798 948 1578 1634 2656 1158 1560 1282 1087 1807 1043 2293 2268 2755 774 2343 1254 2152 1061 2269 476 2700 934 2167 1358 1814 508 1482 2108 776 777 2101 2678 1884 1465 840 1238 2783 1261 2358 793 1823 1382 2545 2129 1832 2537 1712 2573 1978 1959 1160 1660 1199 1840 2297 958 1003 2219 1503 1109 1233 1061 1356 2080 2042 1119 1745 1639 2243 1887 1910 2361 2479 2514 894 2360 992 1400 2320 1868 787 995 1446 2604 1245 1835 1729 1453 1023 752 1590 1134 1729 1376 1627 1727 1960 2438 956 1456 2242 1962 1863 1728 2698 1663 569 1587 1477 1607 2392 2710 1137 1898 2795 876 2434 2317 2705 2241 884 2106 2148 1136 2289 1585 1857 2236 2295 1823 697 1054 1705 2602 1282 1955 2223 1094 1436 1244 1976 1503 1493 1986 2331 2309 1299 1118 1585 1642 1908 2279 2119 1683 1774 1139 2281 996 2214 1546 1935 2262 2491 2480 1729 1800 1262 1106 2226 2086 1090 1239 1287 1892 1386 2637 1889 1818 1372 1236 2254 2106 1482 784 1950 2307 2612 1969 858 2177 2281 1584 2590 1946 733 1888 1168 1033 735 1471 2557 1666 1480 2021 2405
2964 3002 1176 2124 3281 1786 1303 1104 3251 1125 2646 2677 3245 776 3514 2590 360 3123 1124 2397 1511 1963 2096 3150 2086 1589 2161 1373 1842 3745 2156 2130 3334 1690 2606 2723 2634 969 2734 1475 3373 2057 1402 3174 3198 1623 2912 2873 658 1696 799 1916 2567 2487 2410 2224 2296 2993 1895 2618 3600 1225 2296 2387 964 2478 2102 1837 3068 2381 2650 2358 2440 2172 2421 3151 449 856 2564 2318 2338 2030 2496 2912 3212 3641 1809 1110 1263 2236 2117 3076 3505 3337 3463 2107 3134 889 939 2655 1279 2154 2143 3024 1461 640 2564 443 3124 618 2266 1550 952 1155 2836 2060 2642 414 2784 1287 2875 2113 2980 2929 2113 2664 1777 3312 1763 2506 1560 2742 2030 2848 1056 3028 2265 1393 506 2617 2573 3637 3086 1348 2153 1242 2114 2347 603 2148 607 2780 1330 2413 2319 958 3126 2262 1249 1473 1706 1744 728 2405 2582 2062 3678 1001 3423 2403 2445 2144 1675 1716 1274 1456 3345 2449 2775 803 1787 3323 3759 1444 1606 2675 2578 1427 1415 2580 2125 3160 753 2197 1893 2440 1236 530 1538 2944 2381 3256 946 882 2587 2856 2202 2584 3366 1058 1146 1145 1643 2009 1136 1299 1468 2954 1161 2251 706 1188 2092 2420 1244 1600 1466 2464 2276 3379 3397 1974 2341 1524 578 2967 2638 1178 1528
913 1088 2376 1439 2114 1697 2387 2549 1266 2395 2064 808 562 3257 868 896 3123 360 2558 2484 3030 2624 2845 2472 2164 2971 2940 2147 3023 1474 1775 2209 589 2232 1242 1823 1915 3189 1373 2069 1021 1585 2330 825 2468 2758 3066 730 2879 1789 2685 1579 2609 1007 3100 1360 2557 1449 2274 875 1140 2595 1272 1230 2637 3065 2306 1903 418 1609 3148 1551 2730 1314 2074 1378 3080 2666 2145 2942 2082 3022 2212 2177 994 1420 1706 2374 2817 1369 1455 2420 1277 573 700 1498 1354 2609 2569 1377 2281 1971 2663 2056 2423 2897 2835 3047 431 2896 1441 1935 2826 2386 793 1511 1715 3136 1321 2336 1932 1888 1038 607 1937 1386 2150 1244 2118 2052 2407 2754 1467 1517 2742 2141 2251 2257 3233 1951 936 1298 1540 2137 2816 3233 1550 2269 3330 1396 2961 2611 3223 2612 1337 2642 2321 1562 2810 2090 2344 2712 2820 2178 986 1512 1462 3133 952 2315 2586 1565 1922 1781 2502 2040 1393 2235 2628 2845 1784 607 1157 2142 2406 2595 2446 2212 2298 1334 2706 745 2744 1955 2393 2628 3012 3009 2199 1986 1542 822 2738 2623 1383 1269 1713 2202 1212 3166 2425 2355 1905 1720 2782 2584 2015 607 2483 2711 3148 2471 1391 2543 2802 2102 3096 2188 1224 1906 633 1536 1225 1988 3094 1823 1752 2552 2905
2289 2310 1112 1725 2517 1305 551 1236 2539 643 1882 2135 2710 1080 2884 2025 1124 2558 360 1664 1064 1270 1456 2395 2072 1083 1544 805 1307 3035 1411 1369 2782 1690 1911 1962 1870 991 2010 1235 2699 1378 644 2522 2442 998 2242 2377 827 1187 870 1463 1845 1912 1808 1824 1577 2258 1137 2091 2926 1428 1663 1736 528 1857 1350 1654 2500 1644 2028 2093 1745 1665 2363 2424 1043 677 1802 1683 1574 1460 2483 2149 2534 2930 1419 816 737 1848 1728 2320 2802 2768 2886 1746 2410 935 968 1934 655 2056 1451 2259 704 844 1881 1085 2544 871 1576 1062 1336 1086 2355 1417 1887 1166 2463 1256 2111 1357 2296 2403 1997 1941 1739 2604 1002 1741 1657 2032 1567 2586 1368 2264 1508 670 1165 1853 2068 2941 2344 995 1500 1082 1792 1592 1239 1526 1138 2050 1106 1698 1650 533 2365 1544 721 1262 949 1090 1081 1644 2114 1686 2964 937 2764 1651 1725 1446 1428 1160 516 936 2621 2448 2047 699 1477 2783 3105 1280 854 1947 1836 713 663 2254 1444 2521 959 1434 1149 1727 889 1123 1482 2179 2116 2607 1246 699 1869 2520 1462 1824 2664 977 540 717 1012 1295 624 1499 1028 2432 437 1564 986 1264 1560 1694 711 866 1081 2445 1788 2620 2825 1544 1710 1205 983 2207 1881 424 997
1903 1861 2276 2284 1424 1945 1534 2456 1929 1830 867 2243 2685 2190 2543 2116 2397 2484 1664 360 1444 825 867 1141 3013 1340 916 1736 1196 2350 1158 746 2696 2721 1601 1111 987 1980 1501 2215 2230 1491 1443 2181 1193 1186 1042 2526 2113 1863 2165 2056 555 2020 991 2341 492 1581 918 2256 2417 2637 1729 1700 1831 944 703 2525 2431 1245 1028 2736 605 2051 3207 1759 2309 1981 751 849 766 1072 3358 1010 2090 2254 2132 1995 1524 2377 2301 1076 2191 2638 2710 2357 1762 2207 2225 1476 1688 2914 688 1189 1323 2128 723 2374 2432 2161 1494 1866 2617 2256 2544 1619 1166 2446 2931 2387 1134 1061 1888 2472 2848 1469 2727 2004 1165 810 2766 756 2088 3122 2627 1145 624 1521 2397 947 2288 2339 1589 2005 804 1812 2445 578 2442 1710 2442 746 1738 487 1598 1836 1163 1344 1535 2257 1084 1059 2381 666 2400 2298 2270 1911 2342 530 467 1426 2315 1775 1507 1803 1933 3340 743 1954 2269 2729 2643 2307 1170 643 552 1517 1450 2762 732 2228 2257 942 875 505 1645 2423 2524 1157 2752 2257 2518 1995 1461 2949 1200 715 2082 1894 1737 1879 1614 1347 1629 2695 1922 2506 1659 649 2149 2452 1949 420 1537 1384 1529 3318 2157 1642 2675 2131 1758 2122 2211 1288 1132 1602 1344
2624 2614 1809 2360 2487 1932 1122 1908 2782 1347 1862 2651 3207 1184 3264 2528 1511 3030 1064 1444 360 984 1005 2222 2777 464 1044 1462 697 3261 1665 1360 3259 2394 2241 2040 1919 953 2261 1936 3016 1806 1125 2886 2276 659 1808 2921 1302 1813 1490 2091 1564 2412 1272 2453 1316 2451 1178 2625 3233 2097 2121 2162 1158 1348 1281 2351 2972 1890 1517 2762 1393 2243 3064 2634 1423 1295 1750 1206 1588 890 3187 2075 2854 3157 2076 1519 689 2482 2367 2159 3057 3228 3332 2396 2628 1587 1633 2200 1320 2757 1125 2236 987 1308 1490 1522 3001 1349 1957 1715 1944 1782 2911 1894 2021 1565 3102 1955 2135 1565 2617 2920 2696 2202 2444 2856 1273 1742 2352 1700 2181 3244 2003 2208 1439 1232 1456 1887 2619 3205 2504 1692 1073 733 2454 1498 1467 2013 1654 1784 654 1407 2057 1159 2246 1863 706 1965 1054 763 1661 1593 2689 2333 3184 895 3104 1526 1449 1828 2122 1760 996 1593 2830 3152 1773 1136 2156 3272 3440 1985 984 1680 1636 1270 1158 2897 1088 2905 1559 1564 1087 1429 635 1604 2187 2182 2784 2971 1873 1342 2150 3151 1729 1744 2927 856 1241 1422 1576 1670 826 2172 1703 2953 1126 1209 1186 1949 2130 1442 716 1314 445 3148 2370 2669 3279 2176 2167 1895 1294 2271 2000 1018 488
2128 2102 1961 2188 1863 1793 1182 2120 2231 1485 1248 2306 2817 1730 2778 2177 1963 2624 1270 825 984 360 607 1606 2807 881 712 1457 791 2691 1209 795 2849 2472 1768 1447 1321 1517 1736 1966 2497 1465 1109 2401 1658 722 1332 2590 1690 1689 1780 1932 970 2067 956 2264 704 1888 728 2300 2703 2309 1762 1770 1430 979 700 2331 2568 1394 1141 2633 839 2000 3042 2072 1873 1585 1133 803 1000 757 3184 1451 2342 2590 1971 1664 1070 2298 2202 1540 2504 2804 2894 2248 2069 1840 1867 1688 1369 2738 542 1615 957 1704 971 1947 2583 1739 1552 1648 2245 1938 2594 1583 1451 2014 2898 2089 1524 1096 2116 2562 2673 1686 2495 2306 970 1138 2486 1138 1991 3070 2271 1584 832 1211 1951 1286 2314 2654 1925 1732 617 1348 2325 881 1989 1695 2033 1189 1277 812 1660 1435 1623 1422 1083 2005 776 594 1990 982 2409 2185 2612 1449 2597 902 848 1443 2105 1610 1119 1556 2262 3160 1181 1525 2090 2872 2921 2046 817 1082 1017 1224 1128 2708 536 2434 1868 1042 608 838 1181 2006 2266 1565 2652 2484 2152 1609 1650 2931 1271 1121 2381 1430 1381 1546 1423 1310 1187 2374 1681 2595 1283 654 1696 2131 1887 832 1086 1146 1070 3144 2121 2054 2849 2015 1802 1889 1767 1666 1425 1205 880
2323 2291 2176 2436 1929 2039 1395 2325 2396 1695 1361 2541 3040 1816 2972 2412 2096 2845 1456 867 1005 607 360 1608 3045 903 465 1689 703 2838 1435 997 3068 2703 1977 1588 1461 1589 1924 2200 2678 1707 1332 2598 1663 835 1177 2826 1841 1934 1962 2179 938 2304 719 2512 737 2048 973 2537 2877 2516 1999 2000 1608 760 899 2572 2789 1602 931 2881 753 2246 3285 2230 2006 1762 1242 587 1166 566 3426 1517 2528 2739 2217 1876 1192 2546 2450 1553 2664 3019 3104 2495 2230 2032 2064 1883 1591 2980 556 1697 1173 1853 845 2090 2801 1891 1782 1889 2431 2152 2832 1826 1615 2148 3144 2308 1635 1322 2309 2793 2915 1879 2730 2471 1217 1275 2709 1057 2239 3317 2465 1652 987 1439 2065 1422 2554 2814 2071 1962 430 1377 2573 1008 2090 1937 2193 1154 1292 791 1891 1611 1655 1647 1207 2238 1018 726 2164 1115 2652 2432 2758 1526 2783 1003 836 1679 2345 1856 1316 1793 2413 3401 1140 1672 2334 3093 3099 2277 1046 1053 1044 1456 1354 2955 508 2636 2046 1251 854 806 1253 2158 2495 1663 2899 2679 2342 1793 1851 3176 1495 1215 2548 1495 1586 1759 1668 1552 1326 2583 1918 2827 1482 585 1800 2342 2134 844 1213 1389 1083 3387 2366 2149 3062 2262 2038 2127 1889 1786 1585 1393 940
1803 1747 2911 2659 822 2425 2241 3107 1663 2515 944 2391 2670 2966 2344 2284 3150 2472 2395 1141 2222 1606 1608 360 3489 2117 1622 2367 1951 1929 1573 1388 2642 3264 1695 1071 1050 2760 1495 2783 1999 1895 2142 2054 414 1967 1154 2642 2858 2378 2875 2492 1030 2223 1560 2686 1265 1386 1618 2432 2119 3276 2004 1928 2563 1473 1407 3011 2433 1491 1427 3088 1225 2392 3619 1500 3063 2705 977 1492 1213 1797 3776 691 1910 1857 2604 2660 2299 2722 2681 438 1858 2564 2595 2745 1518 2899 2907 1525 2357 3356 1457 776 2052 2874 1194 3119 2405 2904 1789 2427 3303 2896 2679 2009 1208 3196 3168 3000 915 1537 1795 2550 3292 1510 3248 1724 1805 1069 3344 971 2484 3377 3296 691 1246 2196 3161 1036 2489 1985 1315 2612 1538 2592 2839 1163 3211 2055 3169 825 2516 1179 1860 2569 514 1655 2309 2825 1806 1840 3092 1119 2616 2695 1856 2691 2122 1106 1136 1794 2832 2290 2240 2399 1598 3769 842 2707 2752 2689 2345 2883 1904 917 948 2181 2141 3040 1497 2124 2968 1410 1618 1162 2426 3159 3087 850 3098 2107 3199 2710 1556 3163 1575 940 1797 2675 2437 2550 2175 1800 2395 3323 2503 2580 2377 1385 2920 3087 2318 1139 2310 2019 2306 3739 2465 1108 2582 2549 2012 2677 2974 1008 1178 2337 2125
2410 2527 1354 1232 3352 1435 2044 1346 2812 1789 2908 1805 2166 2437 2670 1820 2086 2164 2072 3013 2777 2807 3045 3489 360 2789 3147 1720 2991 3198 2287 2626 2283 762 2280 2803 2800 2524 2500 1211 2728 1954 2084 2487 3515 2662 3692 1797 2022 1509 1758 1356 3205 1800 3402 1250 2992 2754 2489 1726 2907 1228 1891 1990 2003 3424 2678 847 2133 2363 3579 974 3198 1501 697 2818 2103 1901 2904 3250 2693 3112 779 3161 2617 3117 1250 1621 2450 1223 1209 3412 2960 2335 2458 1143 2792 1639 1582 2434 1838 552 2958 3158 2248 2031 3342 2006 2208 2001 2072 1520 1523 1381 1735 1840 2668 2062 1342 1209 2982 2348 2477 1916 590 2450 694 2835 2225 2799 891 3405 1376 1289 1411 3213 2760 1973 2232 2812 1647 3033 2876 1456 3064 2730 1054 2833 2328 1806 1841 3344 2781 3106 2023 2003 3384 2196 2433 1177 2390 2715 1721 2812 1553 1177 3162 2509 2706 2904 3111 2055 1062 1597 2157 1611 2947 738 3351 2119 1106 2241 2959 1152 2360 3267 3110 1951 2058 1219 2973 2427 1741 2480 2583 3134 2580 1917 956 3062 986 2536 1502 1844 2376 1425 2276 2956 2846 2568 1896 1715 1763 2063 2324 1162 1486 1919 2012 3062 2327 1270 1547 3066 2423 2024 2791 743 1478 3284 2390 1304 1901 1278 2203 2975 2691 2120 2702
2548 2535 1835 2336 2385 1910 1115 1946 2697 1363 1763 2601 3150 1278 3191 2476 1589 2971 1083 1340 464 881 903 2117 2789 360 947 1455 612 3173 1590 1267 3200 2412 2167 1945 1823 1049 2179 1942 2936 1750 1104 2812 2171 576 1711 2873 1365 1792 1537 2067 1459 2360 1183 2427 1212 2363 1095 2577 3152 2136 2065 2101 1195 1256 1186 2352 2912 1811 1426 2748 1289 2207 3069 2546 1500 1339 1650 1108 1493 801 3195 1973 2775 3069 2061 1540 724 2457 2345 2055 2971 3165 3268 2376 2540 1629 1671 2120 1318 2761 1020 2135 954 1373 1388 1596 2939 1413 1893 1702 1999 1809 2866 1843 1930 1643 3077 1979 2037 1487 2540 2868 2699 2121 2458 2770 1212 1645 2380 1597 2153 3223 2052 2106 1340 1214 1542 1791 2574 3120 2413 1697 970 837 2438 1398 1558 1963 1720 1680 759 1303 1994 1197 2142 1793 741 1973 987 666 1717 1494 2649 2313 3095 988 3027 1424 1344 1765 2122 1734 994 1583 2741 3162 1668 1196 2148 3214 3361 1997 927 1575 1532 1249 1136 2873 984 2834 1611 1479 998 1324 719 1674 2204 2082 2769 2897 1923 1383 2071 3123 1655 1642 2842 953 1254 1437 1546 1610 868 2210 1697 2901 1138 1105 1273 1982 2093 1337 750 1275 549 3156 2334 2570 3216 2152 2111 1895 1374 2174 1908 1031 447
2407 2373 2271 2541 1966 2144 1491 2417 2469 1788 1421 2641 3135 1865 3055 2512 2161 2940 1544 916 1044 712 465 1622 3147 947 360 1790 717 2902 1533 1090 3161 2803 2067 1656 1529 1636 2007 2301 2757 1810 1431 2684 1676 912 1124 2926 1915 2039 2046 2284 954 2404 624 2617 793 2120 1077 2638 2952 2607 2100 2099 1691 678 993 2675 2884 1693 851 2986 757 2350 3389 2301 2072 1845 1302 521 1246 537 3530 1558 2609 2805 2321 1970 1262 2651 2555 1571 2735 3111 3194 2600 2303 2119 2152 1968 1689 3084 638 1741 1270 1925 819 2160 2895 1964 1881 1993 2515 2247 2933 1930 1691 2215 3248 2405 1691 1420 2393 2891 3019 1964 2831 2544 1323 1344 2806 1044 2344 3422 2552 1691 1067 1539 2124 1490 2656 2885 2137 2062 485 1409 2678 1080 2144 2040 2268 1159 1321 822 1990 1695 1680 1744 1277 2339 1122 814 2245 1186 2754 2537 2823 1575 2864 1066 866 1779 2448 1961 1407 1896 2481 3504 1144 1745 2438 3187 3176 2377 1147 1064 1080 1557 1454 3060 593 2723 2129 1345 959 830 1304 2230 2595 1714 3005 2764 2428 1878 1940 3280 1591 1271 2621 1539 1679 1854 1773 1655 1400 2676 2020 2925 1573 627 1856 2436 2238 883 1284 1493 1116 3490 2470 2196 3153 2368 2138 2229 1951 1844 1659 1481 996
1951 1990 906 1280 2391 860 700 1100 2245 611 1799 1712 2289 1470 2509 1610 1373 2147 805 1736 1462 1457 1689 2367 1720 1455 1790 360 1637 2737 1212 1369 2367 1375 1598 1808 1745 1422 1740 871 2360 1048 725 2162 2407 1307 2389 1944 1102 743 961 1018 1930 1501 2048 1379 1686 2008 1179 1664 2586 1271 1285 1374 851 2077 1392 1262 2090 1412 2238 1662 1884 1228 1981 2155 1315 887 1750 1901 1514 1753 2113 2076 2199 2634 979 670 1155 1404 1284 2288 2495 2360 2481 1304 2137 935 925 1660 510 1672 1620 2146 889 1121 2028 1306 2140 1126 1258 618 1312 889 1919 1046 1704 1397 2020 1010 1978 1207 1967 1978 1610 1671 1400 2304 935 1664 1395 2131 1123 2149 1293 2170 1515 613 1464 1739 1634 2625 2110 635 1713 1527 1356 1598 1556 1139 1273 2105 1546 1807 1306 856 2304 1273 1141 908 1046 1355 1156 1614 1674 1244 2672 1375 2411 1667 1821 1142 1031 727 826 493 2345 2084 2107 1058 1054 2364 2749 948 1003 2013 1873 593 698 1811 1630 2151 1044 1322 1253 1836 1327 1297 1168 2055 1684 2245 1206 851 1591 2076 1244 1788 2356 1419 643 591 631 1024 1064 1323 602 2005 728 1729 1361 1083 1128 1781 1131 714 1495 2074 1349 2440 2418 1099 1331 805 1311 2042 1709 824 1368
2551 2529 2058 2479 2260 2060 1306 2180 2662 1578 1666 2680 3211 1521 3200 2553 1842 3023 1307 1196 697 791 703 1951 2991 612 717 1637 360 3122 1613 1224 3251 2624 2183 1875 1749 1290 2164 2140 2925 1827 1274 2822 2005 690 1476 2960 1617 1945 1780 2212 1282 2439 935 2565 1064 2319 1109 2665 3133 2371 2137 2158 1432 1012 1130 2540 2966 1813 1179 2906 1095 2324 3259 2503 1753 1581 1549 877 1431 553 3390 1846 2769 3021 2223 1759 968 2597 2490 1895 2935 3209 3304 2527 2501 1867 1908 2113 1512 2950 868 2020 1112 1625 1174 1849 2986 1665 1942 1871 2245 2032 2958 1933 1883 1896 3212 2200 1943 1502 2540 2943 2887 2112 2663 2738 1292 1564 2602 1394 2289 3369 2295 1981 1261 1387 1792 1713 2671 3085 2355 1894 773 1054 2595 1301 1804 2050 1972 1497 964 1132 2048 1435 1994 1824 985 2173 1062 678 1965 1406 2755 2463 3043 1232 3024 1311 1176 1823 2309 1879 1197 1759 2693 3360 1483 1447 2322 3270 3350 2202 1038 1396 1380 1416 1303 3013 823 2852 1857 1465 992 1148 969 1926 2414 1978 2927 2906 2166 1621 2073 3253 1677 1530 2812 1192 1468 1650 1687 1677 1112 2444 1879 2976 1353 926 1522 2211 2210 1180 994 1405 762 3351 2450 2468 3257 2298 2180 2083 1626 2089 1856 1250 684
1060 1111 3142 2365 1468 2442 2844 3342 856 2980 1842 1753 1588 3751 1030 1745 3745 1474 3035 2350 3261 2691 2838 1929 3198 3173 2902 2737 3122 360 1999 2267 1494 3177 1499 1610 1737 3615 1387 2873 832 2049 2757 1071 1898 2962 2699 1826 3460 2485 3338 2388 2381 1789 2961 2320 2469 1170 2445 1832 711 3440 1851 1747 3166 2894 2356 2847 1479 1762 2909 2609 2564 2139 3158 987 3680 3250 1960 2835 2051 3043 3304 1771 947 465 2534 3032 3162 2342 2386 1915 608 1406 1351 2446 996 3296 3272 1461 2827 3012 2642 1585 2777 3479 2612 3682 1409 3491 1840 2614 3610 3143 1889 2062 1603 3773 2433 3151 1581 2080 1143 1697 2967 1455 3112 793 2427 1923 3332 2442 2302 2631 3549 1662 2222 2732 3822 1775 1911 536 1127 2845 2783 3564 2522 2190 3906 1996 3647 2274 3522 2462 1795 3172 1783 1851 3162 2905 2596 2869 3521 2083 2011 2435 439 3548 881 2197 2422 1962 2789 2434 2924 2677 791 3322 2295 3370 2657 1555 856 2967 2691 2313 2218 2692 2733 2422 2690 1135 3417 2058 2534 2464 3347 3674 3089 1577 2605 1030 3508 3223 1526 2383 1942 1995 744 3562 2964 2969 2466 2103 3185 3450 2708 1708 2976 2636 3662 3280 2156 2393 3157 2529 3343 3277 2112 1182 1384 2385 1814 2770 3650 1425 1627 3004 3135
1318 1312 1734 1500 1541 1215 1221 1938 1506 1417 989 1470 1967 2116 1960 1341 2156 1775 1411 1158 1665 1209 1435 1573 2287 1590 1533 1212 1613 1999 360 810 2000 2050 936 956 905 1975 973 1574 1713 702 1127 1581 1605 1374 1829 1755 1860 1164 1792 1297 1331 1237 1719 1550 1192 1207 865 1473 1934 2092 937 926 1557 1700 903 1804 1718 597 1814 1950 1390 1256 2446 1378 2082 1664 977 1556 778 1607 2601 1256 1550 1894 1397 1523 1526 1587 1520 1495 1777 1956 2051 1579 1366 1784 1778 904 1252 2167 1262 1301 1137 1879 1520 2103 1735 1898 709 1222 2164 1723 1766 829 853 2191 2133 1806 1129 473 1312 1717 2101 908 2035 1575 787 872 2134 1520 1309 2324 2138 1334 895 1123 2214 906 1498 1922 1293 1424 1412 1935 1670 946 2290 913 2104 1432 1902 1276 817 1563 1485 572 1525 1617 973 1310 1999 899 1607 1523 1926 1908 1799 1013 1265 628 1619 1077 1288 1213 1577 2588 1442 1750 1544 2022 2136 1676 1060 1368 1206 1090 1108 1964 1301 1604 1881 575 981 1300 1715 2115 1876 1208 1964 1666 2058 1649 848 2152 424 1030 1642 1923 1372 1429 979 586 1545 2132 1304 1752 1360 1326 2032 1906 1159 1218 1520 916 1741 2562 1359 1592 2003 1363 971 1467 2034 1189 856 1373 1537
1693 1667 1914 1905 1532 1558 1213 2102 1799 1492 889 1921 2405 1986 2343 1792 2130 2209 1369 746 1360 795 997 1388 2626 1267 1090 1369 1224 2267 810 360 2431 2339 1340 1039 921 1801 1301 1835 2061 1122 1114 1967 1433 1063 1428 2206 1835 1476 1847 1672 939 1688 1268 1967 749 1459 594 1924 2268 2278 1387 1376 1536 1251 458 2139 2154 965 1372 2358 954 1681 2821 1643 2045 1676 796 1105 590 1183 2971 1144 1906 2165 1745 1646 1328 2003 1922 1311 2073 2382 2468 1976 1639 1875 1886 1253 1339 2528 814 1273 1028 1851 1092 2095 2165 1880 1160 1483 2282 1896 2217 1249 1024 2174 2571 2018 1148 701 1681 2165 2462 1251 2342 1874 794 755 2390 1140 1708 2757 2282 1266 506 1174 2152 892 1948 2223 1505 1632 966 1691 2063 591 2210 1348 2141 1097 1636 848 1268 1542 1356 1018 1334 1877 784 962 2064 635 2054 1916 2189 1731 2161 659 847 1071 1929 1388 1216 1426 1837 2954 1100 1690 1882 2457 2485 1929 887 1009 864 1163 1114 2395 856 2002 1940 614 637 875 1490 2132 2144 1205 2374 2049 2180 1682 1218 2595 865 814 1949 1728 1410 1532 1229 972 1400 2332 1542 2199 1348 875 1926 2091 1576 802 1333 1014 1445 2932 1792 1681 2425 1749 1421 1739 1965 1275 1001 1312 1238
1080 1256 2574 1619 2261 1908 2613 2740 1385 2613 2263 1017 477 3477 829 1117 3334 589 2782 2696 3259 2849 3068 2642 2283 3200 3161 2367 3251 1494 2000 2431 360 2389 1457 2017 2114 3413 1571 2264 1089 1814 2558 952 2633 2987 3263 861 3096 2004 2895 1782 2815 1230 3316 1533 2773 1615 2501 1076 1143 2776 1501 1458 2858 3279 2529 2067 647 1829 3358 1669 2942 1521 2158 1519 3293 2883 2349 3160 2297 3247 2286 2358 1112 1460 1903 2586 3045 1537 1634 2594 1335 449 537 1671 1498 2815 2773 1582 2503 2091 2884 2226 2652 3113 3044 3257 626 3111 1669 2149 3017 2585 918 1739 1915 3345 1372 2526 2113 2113 1211 771 2063 1591 2303 1348 2347 2259 2569 2954 1668 1546 2929 2312 2468 2483 3447 2152 1127 1320 1694 2346 3037 3460 1712 2483 3545 1623 3166 2807 3451 2824 1565 2863 2489 1787 3038 2282 2573 2940 3024 2390 1151 1692 1498 3358 990 2526 2798 1794 2106 2000 2729 2257 1499 2314 2825 3066 1970 420 1093 2332 2635 2796 2650 2438 2526 1430 2927 878 2951 2176 2620 2840 3240 3216 2374 2161 1657 917 2931 2838 1595 1307 1938 2405 1301 3393 2647 2571 2130 1949 3008 2760 2227 753 2707 2929 3368 2660 1605 2755 3030 2330 3325 2265 1423 2033 478 1733 1454 2189 3310 1995 1952 2777 3134
2363 2460 955 1175 3181 1206 1681 947 2748 1409 2679 1818 2277 2035 2721 1798 1690 2232 1690 2721 2394 2472 2703 3264 762 2412 2803 1375 2624 3177 2050 2339 2389 360 2157 2609 2586 2122 2366 868 2719 1741 1732 2481 3295 2299 3391 1887 1620 1246 1355 1184 2916 1747 3063 1236 2687 2634 2178 1739 2919 850 1756 1863 1609 3092 2380 692 2191 2166 3253 1139 2889 1403 1091 2725 1704 1502 2660 2916 2436 2756 1181 2945 2589 3087 1046 1234 2065 1223 1155 3186 2931 2425 2554 1101 2701 1237 1180 2293 1477 830 2633 2966 1895 1628 3034 1610 2263 1598 1896 1216 1147 983 1831 1644 2479 1669 1570 808 2789 2094 2415 1990 800 2307 458 2782 1919 2559 545 3118 1247 1577 1035 3012 2480 1624 1836 2593 1667 3023 2754 1101 2728 2331 1041 2557 1934 1642 1448 3072 2385 2804 1870 1609 3173 1998 2048 828 2059 2361 1323 2551 1605 1103 3131 2108 2718 2629 2814 1849 795 1334 1786 1283 2877 1139 3077 1718 901 2356 3005 786 2018 2988 2837 1608 1709 1396 2644 2432 1339 2225 2262 2834 2187 1523 569 2870 1160 2542 1113 1446 2228 1652 2052 2708 2806 2167 1518 1335 1470 1824 1935 796 1161 2001 1634 2741 1924 868 1410 2772 2038 1705 2403 1145 1425 3148 2485 1164 1777 960 1801 2805 2498 1741 2326
