140 834 2311 766 1479 2280 728 3337 2211 2241 1749 1479 1486 1353 895 372 2780 1054 2095 3099 1791 2164 1756 1846 952 1930 2504 1771 2442 997 1905 2416 1732 2342 1960 1000 2670 1284 1603 2097 2536 2378 2776 2038 1550 2483 549 1150 1986 220 3356 3214 2399 2333 1436 871 2067 1596 2380 2331 1779 839 2170 897 986 495 1219 796 746 905 2285 1543 823 1162 1848 1181 1371 1299 2663 760 606 2465 1561 2754 1094 1034 1678 1103 1165 1711 2678 2381 1435 2380 596 2322 546
934 360 2916 693 1991 2871 815 4131 2823 2983 2512 2201 2274 2128 785 1157 3573 1410 2702 3893 2570 2762 2212 2553 1333 2725 3296 2463 3183 1118 2690 3172 2425 3054 2638 1269 3463 2072 2395 2888 3079 2942 3570 2644 2343 3055 1257 1904 2740 994 4150 4007 3165 2946 1863 1264 2813 2271 3160 3076 2355 1388 2948 842 1776 1181 1660 579 1529 988 3080 2104 930 1879 2427 1545 1980 2073 3424 1132 774 3173 2308 3548 1857 676 2441 1840 1837 2459 3467 2910 2088 3064 684 3100 1121
2411 2916 360 2612 3308 438 2997 2930 3563 2977 2580 1336 1785 1675 2603 2324 2259 1920 577 2738 1615 516 3602 1053 3108 2061 2069 2998 1297 3257 1718 1433 1060 3228 3158 2083 2242 2223 1875 2294 730 3829 2328 3461 1881 589 2122 1669 2753 2487 2953 2895 1541 3646 1507 2025 2848 2971 1735 1296 924 1891 2594 2543 2212 2181 3237 3000 2327 3176 2248 3256 2399 2651 853 1811 1306 1696 3070 2976 2871 3330 2628 2320 2429 2874 1470 2554 1512 1344 2672 3928 2964 833 2596 2670 2184
866 693 2612 360 2129 2564 1039 4005 2914 2966 2469 1962 2110 1942 501 1044 3414 1082 2401 3766 2382 2457 2380 2298 1508 2593 3134 2495 2945 1372 2514 2948 2163 3068 2681 937 3311 1986 2246 2780 2759 3063 3420 2737 2194 2742 1064 1698 2709 937 4025 3889 2952 3036 1535 948 2791 2315 2968 2842 2048 1105 2878 534 1687 989 1824 869 1463 1243 2954 2219 596 1887 2120 1215 1689 1888 3381 1294 942 3192 2287 3399 1817 665 2234 1829 1577 2235 3368 3049 2147 2790 538 3029 889
1579 1991 3308 2129 360 3306 1542 3188 1230 1717 1490 2333 1965 2009 2271 1647 2868 2458 3112 2984 2266 3193 660 2659 1024 2071 2656 1117 3020 1336 2283 2922 2613 1656 1202 2431 2744 1500 1958 2065 3621 1313 2821 1055 1922 3523 1836 2007 1591 1620 3199 3042 2846 1348 2760 2283 1605 945 2717 2907 2895 2174 1925 2292 1456 1839 705 1792 1391 1432 2298 528 2251 1027 2949 2570 2510 1980 2196 1218 1581 1749 1277 2799 1245 2298 2295 1118 2247 2398 2482 1281 798 3180 1955 2047 1949
2380 2871 438 2564 3306 360 2964 2997 3581 3011 2604 1337 1802 1683 2550 2295 2324 1865 554 2803 1648 476 3601 1078 3089 2098 2128 3015 1366 3229 1757 1499 1069 3260 3178 2028 2303 2232 1899 2335 695 3846 2391 3476 1903 577 2090 1661 2782 2456 3020 2960 1605 3667 1445 1976 2879 2983 1795 1360 876 1850 2633 2490 2209 2147 3225 2960 2314 3145 2297 3258 2347 2652 804 1753 1270 1701 3116 2952 2836 3364 2644 2382 2430 2821 1495 2554 1487 1369 2726 3941 2970 905 2552 2712 2145
828 815 2997 1039 1542 2964 360 3872 2389 2623 2185 2159 2105 2001 1172 1049 3363 1636 2780 3639 2425 2849 1756 2528 880 2496 3095 2070 3108 695 2525 3073 2418 2666 2234 1533 3247 1810 2201 2626 3212 2496 3349 2210 2149 3165 1237 1821 2397 874 3889 3740 3046 2511 2064 1460 2460 1872 3007 2995 2458 1494 2641 1213 1537 1176 1207 609 1286 570 2835 1664 1237 1522 2528 1774 2054 1948 3082 691 489 2782 1966 3327 1552 1130 2333 1506 1853 2377 3184 2458 1682 3066 903 2791 1190
3437 4131 2930 4005 3188 2997 3872 360 2673 1868 2097 2605 2268 2460 4095 3341 1045 3678 2922 599 2060 2967 3321 2478 3563 1772 1298 2436 1993 3898 1907 1858 2605 2041 2408 3798 1103 2426 2123 1606 3264 2899 997 2731 2173 3109 3305 2720 1957 3496 383 507 1757 2654 3547 3632 1947 2604 1594 1999 3088 3400 1634 4065 2716 3378 3410 4052 2967 3915 1412 3028 3925 2755 3068 3669 3072 2510 1450 3609 3806 2027 2329 1012 2681 4306 2255 2744 2975 2323 1069 3067 2773 2463 3867 1502 3491
2311 2823 3563 2914 1230 3581 2389 2673 360 1196 1358 2629 2138 2274 3052 2325 2555 3096 3399 2514 2343 3479 1164 2870 1882 1977 2423 928 3022 2206 2291 2890 2875 991 768 3108 2441 1733 2053 1843 3915 636 2486 539 2042 3791 2468 2386 1263 2355 2678 2526 2785 482 3304 2940 1202 1017 2603 2924 3273 2778 1578 3063 1876 2495 1574 2637 1951 2297 2042 1087 2994 1461 3311 3185 2948 2269 1587 2058 2409 1023 1299 2466 1639 3119 2456 1553 2693 2579 2028 779 1140 3311 2736 1634 2623
2341 2983 2977 2966 1717 3011 2623 1868 1196 360 878 2152 1632 1823 3088 2290 1722 2919 2848 1691 1722 2923 1818 2296 2207 1282 1613 963 2295 2556 1625 2150 2341 624 901 2980 1612 1405 1498 1081 3345 1454 1651 1228 1511 3205 2355 2021 632 2392 1876 1720 2035 1210 3000 2800 537 1156 1836 2211 2807 2592 779 3080 1675 2408 1987 2846 1867 2607 1241 1551 2972 1466 2829 2972 2566 1841 840 2311 2594 713 1039 1632 1509 3231 1886 1504 2348 2011 1196 1612 1347 2649 2797 801 2541
1849 2512 2580 2469 1490 2604 2185 2097 1358 878 360 1688 1172 1342 2587 1788 1737 2401 2429 1879 1345 2508 1688 1887 1830 996 1535 832 2033 2170 1294 1908 1908 1063 950 2462 1614 887 1065 937 2940 1633 1691 1291 1062 2810 1841 1518 606 1901 2111 1956 1810 1431 2494 2283 702 920 1646 1931 2345 2074 826 2575 1160 1896 1677 2393 1366 2200 1169 1347 2463 1029 2374 2455 2074 1352 1274 1895 2140 1184 592 1668 1016 2743 1470 1039 1844 1596 1389 1755 1055 2312 2304 971 2028
1579 2201 1336 1962 2333 1337 2159 2605 2629 2152 1688 360 881 715 2007 1471 1941 1459 1146 2372 914 1227 2625 730 2177 1330 1669 2060 1343 2372 1069 1349 644 2380 2234 1599 1863 1262 1018 1582 1662 2888 1972 2514 1001 1554 1310 713 1898 1650 2627 2519 1366 2722 1310 1455 1998 2013 1424 1240 1017 1237 1834 1961 1237 1384 2275 2224 1373 2311 1644 2281 1808 1675 1046 1431 832 725 2368 2072 2043 2494 1690 1954 1453 2263 711 1578 759 653 2112 2975 1992 1275 1881 1950 1444
1586 2274 1785 2110 1965 1802 2105 2268 2138 1632 1172 881 360 570 2192 1478 1664 1794 1622 2028 688 1702 2240 1094 1973 876 1385 1573 1434 2239 780 1362 1098 1859 1735 1901 1560 826 517 1111 2137 2404 1669 2037 484 2013 1406 823 1376 1650 2288 2160 1315 2224 1767 1730 1477 1555 1261 1319 1537 1498 1331 2160 960 1481 1986 2236 1190 2210 1231 1882 2018 1301 1564 1808 1308 610 1872 1927 2011 1973 1203 1648 1095 2414 693 1219 1124 809 1684 2504 1574 1581 1985 1457 1587
1453 2128 1675 1942 2009 1683 2001 2460 2274 1823 1342 715 570 360 2016 1341 1838 1588 1495 2221 802 1575 2296 1010 1930 1084 1557 1705 1476 2167 933 1431 975 2040 1879 1699 1740 909 727 1322 2012 2533 1850 2159 692 1898 1241 620 1561 1520 2481 2357 1407 2367 1559 1531 1662 1660 1391 1362 1366 1299 1538 1979 933 1318 1985 2109 1122 2125 1435 1945 1834 1343 1400 1599 1105 414 2080 1857 1897 2158 1335 1830 1123 2247 695 1250 913 765 1891 2621 1649 1539 1827 1666 1414
995 785 2603 501 2271 2550 1172 4095 3052 3088 2587 2007 2192 2016 360 1159 3493 1048 2395 3856 2452 2447 2522 2331 1648 2685 3213 2627 2986 1503 2589 2997 2192 3197 2814 890 3392 2095 2332 2879 2729 3203 3502 2876 2282 2721 1151 1765 2829 1068 4116 3981 3007 3175 1495 944 2913 2449 3034 2886 2038 1134 2988 423 1798 1079 1965 984 1581 1372 3046 2360 566 2018 2110 1173 1700 1962 3497 1435 1080 3320 2410 3481 1939 631 2296 1957 1614 2288 3468 3191 2283 2806 677 3139 965
472 1157 2324 1044 1647 2295 1049 3341 2325 2290 1788 1471 1478 1341 1159 360 2775 1171 2108 3103 1779 2179 1936 1839 1194 1931 2498 1854 2430 1293 1896 2404 1728 2408 2046 1151 2666 1302 1598 2106 2562 2509 2773 2156 1545 2502 576 1139 2030 540 3361 3220 2387 2445 1509 996 2114 1690 2369 2319 1803 906 2194 1149 1003 554 1423 1128 783 1213 2289 1690 1047 1243 1870 1287 1392 1287 2698 1026 932 2532 1614 2751 1142 1331 1666 1171 1172 1699 2690 2526 1544 2377 889 2345 663
2880 3573 2259 3414 2868 2324 3363 1045 2555 1722 1737 1941 1664 1838 3493 2775 360 3030 2241 839 1412 2289 3058 1794 3125 1228 640 2169 1331 3438 1266 1187 1923 1965 2205 3158 483 1921 1537 1163 2604 2817 447 2561 1590 2449 2710 2094 1689 2942 1068 995 1079 2572 2874 2998 1724 2295 909 1324 2403 2768 1347 3458 2186 2786 3029 3519 2438 3436 930 2724 3312 2327 2383 3011 2401 1890 1489 3135 3282 2002 1953 457 2204 3719 1597 2292 2323 1653 959 2973 2431 1801 3289 1281 2889
1154 1410 1920 1082 2458 1865 1636 3678 3096 2919 2401 1459 1794 1588 1048 1171 3030 360 1716 3441 1980 1764 2748 1726 1966 2311 2753 2583 2391 1959 2131 2427 1581 3083 2779 523 2944 1873 1950 2541 2041 3298 3054 2935 1908 2032 991 1331 2647 1234 3700 3580 2458 3212 813 542 2743 2443 2523 2302 1357 687 2719 986 1621 980 2226 1548 1504 1844 2663 2496 851 1995 1427 498 1060 1544 3258 1768 1510 3208 2281 3035 1836 1318 1793 1906 1067 1752 3119 3326 2321 2156 1121 2860 874
2195 2702 577 2401 3112 554 2780 2922 3399 2848 2429 1146 1622 1495 2395 2108 2241 1716 360 2719 1490 441 3407 912 2896 1945 2027 2832 1312 3041 1609 1429 884 3094 2998 1880 2209 2044 1725 2187 877 3663 2302 3291 1726 771 1905 1467 2614 2270 2945 2875 1524 3487 1318 1815 2712 2795 1699 1285 719 1676 2480 2336 2015 1964 3031 2784 2120 2959 2165 3065 2190 2459 650 1612 1089 1510 2975 2762 2654 3200 2461 2292 2237 2667 1324 2361 1297 1198 2607 3755 2779 894 2381 2566 1967
3199 3893 2738 3766 2984 2803 3639 599 2514 1691 1879 2372 2028 2221 3856 3103 839 3441 2719 360 1824 2767 3131 2258 3339 1533 1071 2239 1808 3671 1671 1665 2382 1887 2225 3560 878 2191 1883 1372 3081 2752 777 2560 1933 2926 3065 2482 1754 3258 620 516 1558 2505 3318 3393 1754 2399 1381 1803 2870 3161 1421 3825 2479 3138 3196 3816 2731 3686 1173 2827 3685 2531 2853 3434 2841 2270 1313 3380 3571 1887 2110 789 2449 4066 2022 2515 2739 2093 863 2918 2563 2278 3628 1298 3251
1891 2570 1615 2382 2266 1648 2425 2060 2343 1722 1345 914 688 802 2452 1779 1412 1980 1490 1824 360 1563 2530 937 2302 817 1133 1794 1116 2566 514 1034 1006 1973 1935 2106 1323 1129 669 1065 1983 2616 1433 2262 703 1844 1683 1047 1500 1956 2082 1968 986 2416 1864 1946 1594 1811 950 1002 1502 1716 1350 2414 1289 1760 2306 2545 1517 2536 1094 2170 2266 1609 1508 1969 1386 856 1859 2255 2327 2075 1438 1414 1413 2688 565 1533 1275 669 1561 2731 1857 1328 2269 1444 1853
2264 2762 516 2457 3193 476 2849 2967 3479 2923 2508 1227 1702 1575 2447 2179 2289 1764 441 2767 1563 360 3488 987 2972 2017 2081 2912 1347 3113 1679 1470 964 3170 3078 1927 2261 2125 1803 2258 797 3743 2352 3372 1805 692 1975 1547 2691 2340 2991 2924 1570 3567 1354 1869 2788 2876 1751 1327 768 1738 2552 2387 2096 2032 3109 2848 2198 3029 2231 3146 2243 2540 697 1655 1155 1591 3044 2835 2722 3276 2541 2343 2318 2718 1401 2442 1370 1275 2668 3836 2860 908 2441 2637 2032
1856 2212 3602 2380 660 3601 1756 3321 1164 1818 1688 2625 2240 2296 2522 1936 3058 2748 3407 3131 2530 3488 360 2946 1240 2300 2863 1254 3280 1501 2536 3175 2905 1704 1278 2714 2936 1773 2220 2264 3918 1157 3005 1017 2188 3818 2131 2304 1743 1897 3331 3174 3093 1264 3059 2571 1736 1127 2953 3169 3195 2469 2087 2548 1752 2130 917 2003 1691 1615 2494 719 2517 1312 3249 2863 2811 2269 2282 1450 1814 1776 1496 2983 1533 2525 2572 1408 2548 2679 2627 1080 1034 3460 2210 2194 2236
1946 2553 1053 2298 2659 1078 2528 2478 2870 2296 1887 730 1094 1010 2331 1839 1794 1726 912 2258 937 987 2946 360 2542 1393 1548 2307 1024 2742 1062 1070 506 2543 2465 1880 1740 1544 1181 1638 1414 3138 1842 2771 1188 1282 1671 1081 2064 2017 2501 2412 1123 2953 1469 1758 2161 2287 1245 938 972 1556 1928 2280 1576 1744 2625 2586 1734 2681 1633 2593 2126 1993 960 1669 1031 1041 2430 2441 2411 2648 1937 1829 1774 2593 777 1900 1080 651 2087 3239 2293 905 2230 2018 1792
1052 1333 3108 1508 1024 3089 880 3563 1882 2207 1830 2177 1973 1930 1648 1194 3125 1966 2896 3339 2302 2972 1240 2542 360 2262 2874 1622 3039 709 2370 2975 2458 2215 1767 1902 3003 1578 2030 2342 3373 1977 3097 1703 1981 3301 1411 1823 2011 1092 3578 3424 2926 2003 2340 1783 2058 1421 2847 2924 2616 1737 2296 1679 1374 1382 687 1129 1170 777 2567 1154 1664 1168 2680 2094 2206 1885 2682 574 934 2323 1599 3074 1284 1645 2260 1193 1964 2334 2858 1937 1227 3087 1343 2440 1458
2030 2725 2061 2593 2071 2098 2496 1772 1977 1282 996 1330 876 1084 2685 1931 1228 2311 1945 1533 817 2017 2300 1393 2262 360 971 1469 1405 2571 703 1274 1461 1541 1574 2416 1111 1052 721 612 2430 2253 1212 1924 767 2287 1893 1340 1088 2090 1792 1656 1174 2035 2264 2243 1173 1538 1014 1309 1952 2012 895 2656 1321 1966 2190 2659 1574 2567 721 1946 2518 1478 1962 2323 1793 1126 1405 2266 2419 1635 1163 1190 1338 2893 1007 1432 1633 1124 1167 2383 1635 1729 2455 988 2081
2604 3296 2069 3134 2656 2128 3095 1298 2423 1613 1535 1669 1385 1557 3213 2498 640 2753 2027 1071 1133 2081 2863 1548 2874 971 360 1990 1177 3181 986 1022 1671 1871 2050 2880 554 1661 1261 961 2426 2693 662 2409 1314 2271 2430 1814 1529 2666 1320 1224 901 2455 2609 2719 1580 2096 694 1141 2160 2488 1205 3177 1918 2506 2796 3246 2169 3174 741 2520 3032 2086 2146 2738 2134 1610 1480 2875 3011 1927 1738 645 1950 3439 1322 2044 2047 1385 990 2842 2217 1630 3010 1180 2609
1871 2463 2998 2495 1117 3015 2070 2436 928 963 832 2060 1573 1705 2627 1854 2169 2583 2832 2239 1794 2912 1254 2307 1622 1469 1990 360 2502 1971 1758 2379 2308 956 555 2612 2048 1166 1496 1389 3349 1191 2114 828 1481 3226 1968 1823 848 1919 2447 2290 2283 1025 2758 2438 849 560 2118 2399 2705 2258 1192 2628 1333 2006 1386 2305 1449 2031 1613 953 2540 971 2743 2661 2386 1700 1444 1747 2058 1072 731 2092 1107 2734 1895 1045 2135 2017 1736 1296 754 2762 2319 1301 2138
2542 3183 1297 2945 3020 1366 3108 1993 3022 2295 2033 1343 1434 1476 2986 2430 1331 2391 1312 1808 1116 1347 3280 1024 3039 1405 1177 2502 360 3284 1107 516 1170 2559 2618 2544 1329 1885 1421 1574 1633 3298 1404 2964 1459 1478 2288 1651 2130 2611 2017 1964 638 3080 2114 2419 2209 2544 853 475 1552 2211 1879 2937 2027 2363 3060 3195 2237 3240 1448 2920 2783 2365 1513 2332 1694 1526 2268 2974 2999 2640 2165 1399 2167 3244 1141 2289 1731 1091 1806 3426 2605 830 2864 1910 2427
1097 1118 3257 1372 1336 3229 695 3898 2206 2556 2170 2372 2239 2167 1503 1293 3438 1959 3041 3671 2566 3113 1501 2742 709 2571 3181 1971 3284 360 2649 3232 2643 2562 2113 1864 3318 1879 2312 2667 3492 2277 3415 2029 2262 3435 1501 2022 2357 1139 3913 3760 3193 2324 2376 1780 2407 1770 3131 3169 2734 1791 2636 1547 1643 1452 991 899 1410 491 2888 1482 1572 1503 2802 2095 2324 2117 3031 671 812 2670 1941 3392 1594 1432 2502 1516 2104 2562 3196 2219 1576 3287 1239 2781 1489
2005 2690 1718 2514 2283 1757 2525 1907 2291 1625 1294 1069 780 933 2589 1896 1266 2131 1609 1671 514 1679 2536 1062 2370 703 986 1758 1107 2649 360 999 1145 1882 1884 2255 1173 1167 700 938 2088 2567 1284 2223 748 1944 1812 1187 1421 2069 1929 1814 926 2357 2019 2093 1510 1796 842 1001 1644 1861 1236 2552 1366 1888 2350 2656 1605 2625 944 2177 2406 1642 1647 2122 1541 986 1728 2337 2431 1979 1417 1264 1460 2820 718 1574 1427 814 1410 2689 1861 1390 2396 1317 1987
2516 3172 1433 2948 2922 1499 3073 1858 2890 2150 1908 1349 1362 1431 2997 2404 1187 2427 1429 1665 1034 1470 3175 1070 2975 1274 1022 2379 516 3232 999 360 1216 2414 2489 2575 1178 1797 1329 1429 1778 3166 1257 2838 1371 1622 2275 1629 1993 2584 1881 1822 482 2944 2178 2441 2069 2430 697 505 1639 2226 1732 2950 1961 2351 2979 3172 2182 3195 1295 2816 2797 2276 1607 2377 1739 1484 2113 2921 2967 2492 2051 1251 2086 3250 1099 2204 1746 1073 1650 3297 2501 975 2858 1759 2424
1832 2425 1060 2163 2613 1069 2418 2605 2875 2341 1908 644 1098 975 2192 1728 1923 1581 884 2382 1006 964 2905 506 2458 1461 1671 2308 1170 2643 1145 1216 360 2582 2474 1735 1864 1523 1208 1711 1401 3139 1968 2768 1206 1283 1552 994 2100 1905 2628 2535 1265 2963 1326 1616 2199 2274 1378 1084 860 1419 1990 2140 1520 1622 2559 2466 1656 2577 1727 2557 1987 1953 862 1523 885 996 2505 2347 2298 2691 1936 1953 1731 2456 817 1857 948 697 2188 3232 2264 1008 2101 2089 1664
2442 3054 3228 3068 1656 3260 2666 2041 991 624 1063 2380 1859 2040 3197 2408 1965 3083 3094 1887 1973 3170 1704 2543 2215 1541 1871 956 2559 2562 1882 2414 2582 360 815 3132 1859 1580 1734 1345 3595 1227 1890 1066 1741 3457 2495 2221 842 2491 2047 1895 2300 979 3196 2954 743 1156 2100 2474 3037 2756 1043 3193 1823 2542 1960 2901 1989 2626 1503 1489 3095 1542 3062 3146 2777 2053 957 2343 2652 485 1164 1872 1630 3319 2129 1600 2548 2255 1410 1392 1349 2910 2895 1051 2676
2060 2638 3158 2681 1202 3178 2234 2408 768 901 950 2234 1735 1879 2814 2046 2205 2779 2998 2225 1935 3078 1278 2465 1767 1574 2050 555 2618 2113 1884 2489 2474 815 360 2807 2087 1349 1646 1458 3513 1042 2143 718 1637 3387 2163 2009 881 2106 2416 2260 2386 849 2950 2633 843 727 2210 2519 2883 2454 1218 2817 1528 2200 1506 2474 1644 2182 1669 1035 2732 1162 2919 2857 2573 1878 1366 1907 2230 917 905 2122 1302 2915 2050 1239 2324 2174 1724 1168 912 2903 2504 1301 2332
1100 1269 2083 937 2431 2028 1533 3798 3108 2980 2462 1599 1901 1699 890 1151 3158 523 1880 3560 2106 1927 2714 1880 1902 2416 2880 2612 2544 1864 2255 2575 1735 3132 2807 360 3069 1937 2054 2639 2198 3299 3179 2942 2010 2193 1004 1439 2709 1180 3819 3696 2602 3227 965 539 2803 2462 2660 2453 1521 764 2802 827 1669 972 2179 1422 1523 1743 2773 2482 701 2012 1591 642 1218 1652 3337 1697 1411 3258 2328 3160 1870 1158 1925 1928 1201 1891 3222 3317 2328 2318 1000 2946 848
2770 3463 2242 3311 2744 2303 3247 1103 2441 1612 1614 1863 1560 1740 3392 2666 483 2944 2209 878 1323 2261 2936 1740 3003 1111 554 2048 1329 3318 1173 1178 1864 1859 2087 3069 360 1802 1428 1039 2594 2705 470 2444 1481 2439 2607 1998 1570 2831 1126 1031 1062 2462 2804 2906 1607 2172 870 1307 2352 2675 1229 3358 2071 2682 2906 3406 2323 3317 806 2601 3214 2205 2336 2930 2328 1792 1406 3016 3168 1901 1830 451 2084 3615 1515 2170 2238 1579 883 2860 2307 1793 3183 1170 2788
1384 2072 2223 1986 1500 2232 1810 2426 1733 1405 887 1262 826 909 2095 1302 1921 1873 2044 2191 1129 2125 1773 1544 1578 1052 1661 1166 1885 1879 1167 1797 1523 1580 1349 1937 1802 360 828 1179 2562 1987 1902 1612 787 2447 1326 1020 1133 1440 2444 2298 1732 1831 1980 1757 1230 1110 1634 1771 1899 1547 1253 2077 659 1387 1543 1985 903 1875 1384 1416 1956 840 1939 1928 1584 898 1770 1574 1740 1704 805 1879 655 2273 1159 768 1340 1269 1755 2072 1110 2047 1830 1404 1516
1703 2395 1875 2246 1958 1899 2201 2123 2053 1498 1065 1018 517 727 2332 1598 1537 1950 1725 1883 669 1803 2220 1181 2030 721 1261 1496 1421 2312 700 1329 1208 1734 1646 2054 1428 828 360 954 2235 2324 1536 1964 412 2104 1543 979 1251 1765 2143 2012 1264 2133 1923 1882 1350 1503 1178 1309 1669 1651 1179 2302 1031 1617 2012 2345 1277 2293 1080 1861 2162 1307 1691 1966 1460 767 1718 2002 2113 1844 1134 1514 1120 2548 764 1236 1281 890 1528 2433 1547 1627 2114 1302 1727
2197 2888 2294 2780 2065 2335 2626 1606 1843 1081 937 1582 1111 1322 2879 2106 1163 2541 2187 1372 1065 2258 2264 1638 2342 612 961 1389 1574 2667 938 1429 1711 1345 1458 2639 1039 1179 954 360 2664 2117 1123 1816 993 2519 2090 1572 940 2254 1624 1479 1316 1887 2512 2464 1006 1498 1123 1490 2204 2235 667 2854 1472 2160 2229 2805 1721 2676 593 1925 2721 1536 2213 2559 2043 1360 1154 2371 2559 1428 1150 1100 1438 3076 1259 1511 1875 1374 948 2259 1628 1939 2634 739 2280
2636 3079 730 2759 3621 695 3212 3264 3915 3345 2940 1662 2137 2012 2729 2562 2604 2041 877 3081 1983 797 3918 1414 3373 2430 2426 3349 1633 3492 2088 1778 1401 3595 3513 2198 2594 2562 2235 2664 360 4180 2675 3809 2238 515 2351 1974 3118 2714 3287 3237 1891 4002 1594 2175 3214 3313 2092 1647 1119 2081 2964 2666 2526 2401 3526 3186 2617 3401 2616 3579 2532 2973 1053 1916 1530 2027 3440 3226 3083 3698 2978 2669 2751 2996 1831 2874 1770 1705 3036 4273 3295 1163 2768 3040 2383
2478 2942 3829 3063 1313 3846 2496 2899 636 1454 1633 2888 2404 2533 3203 2509 2817 3298 3663 2752 2616 3743 1157 3138 1977 2253 2693 1191 3298 2277 2567 3166 3139 1227 1042 3299 2705 1987 2324 2117 4180 360 2745 737 2311 4057 2667 2633 1538 2521 2903 2754 3061 607 3529 3136 1474 1249 2878 3200 3526 2987 1848 3219 2108 2688 1654 2745 2159 2380 2313 1203 3162 1674 3566 3394 3190 2525 1809 2170 2531 1232 1562 2727 1868 3247 2725 1771 2933 2848 2276 529 1338 3584 2886 1895 2811
2876 3570 2328 3420 2821 2391 3349 997 2486 1651 1691 1972 1669 1850 3502 2773 447 3054 2302 777 1433 2352 3005 1842 3097 1212 662 2114 1404 3415 1284 1257 1968 1890 2143 3179 470 1902 1536 1123 2675 2745 360 2497 1588 2520 2716 2108 1630 2937 1020 933 1146 2501 2911 3017 1660 2245 964 1391 2453 2785 1286 3468 2174 2791 2992 3510 2427 3416 891 2676 3324 2295 2436 3040 2437 1902 1405 3114 3271 1924 1911 382 2181 3723 1624 2264 2348 1687 873 2903 2386 1872 3291 1212 2897
2138 2644 3461 2737 1055 3476 2210 2731 539 1228 1291 2514 2037 2159 2876 2156 2561 2935 3291 2560 2262 3372 1017 2771 1703 1924 2409 828 2964 2029 2223 2838 2768 1066 718 2942 2444 1612 1964 1816 3809 737 2497 360 1949 3689 2305 2255 1239 2182 2738 2584 2738 661 3155 2776 1197 871 2565 2862 3149 2620 1574 2888 1732 2329 1397 2458 1791 2119 2027 909 2821 1303 3190 3027 2813 2150 1660 1878 2230 1125 1194 2477 1492 2940 2362 1398 2555 2483 2064 828 973 3230 2559 1649 2456
1650 2343 1881 2194 1922 1903 2149 2173 2042 1511 1062 1001 484 692 2282 1545 1590 1908 1726 1933 703 1805 2188 1188 1981 767 1314 1481 1459 2262 748 1371 1206 1741 1637 2010 1481 787 412 993 2238 2311 1588 1949 360 2110 1492 938 1258 1712 2193 2061 1309 2125 1891 1836 1359 1480 1228 1345 1656 1606 1206 2252 980 1566 1968 2292 1224 2242 1127 1828 2113 1267 1680 1926 1433 727 1748 1951 2061 1854 1115 1567 1075 2497 773 1193 1245 897 1572 2417 1516 1649 2062 1334 1677
2583 3055 589 2742 3523 577 3165 3109 3791 3205 2810 1554 2013 1898 2721 2502 2449 2032 771 2926 1844 692 3818 1282 3301 2287 2271 3226 1478 3435 1944 1622 1283 3457 3387 2193 2439 2447 2104 2519 515 4057 2520 3689 2110 360 2295 1878 2982 2660 3133 3082 1736 3875 1596 2154 3077 3197 1937 1491 1067 2042 2820 2659 2427 2349 3441 3152 2531 3349 2466 3475 2520 2869 996 1913 1472 1917 3291 3162 3037 3559 2855 2514 2647 2990 1699 2771 1698 1574 2882 4154 3186 1008 2739 2893 2341
649 1257 2122 1064 1836 2090 1237 3305 2468 2355 1841 1310 1406 1241 1151 576 2710 991 1905 3065 1683 1975 2131 1671 1411 1893 2430 1968 2288 1501 1812 2275 1552 2495 2163 1004 2607 1326 1543 2090 2351 2667 2716 2305 1492 2295 360 1007 2087 725 3325 3190 2268 2586 1298 831 2178 1819 2271 2180 1592 698 2214 1123 1040 437 1631 1274 880 1414 2255 1866 993 1369 1660 1095 1183 1186 2736 1242 1112 2621 1691 2694 1228 1368 1545 1284 977 1561 2679 2694 1691 2200 947 2363 551
1250 1904 1669 1698 2007 1661 1821 2720 2386 2021 1518 713 823 620 1765 1139 2094 1331 1467 2482 1047 1547 2304 1081 1823 1340 1814 1823 1651 2022 1187 1629 994 2221 2009 1439 1998 1020 979 1572 1974 2633 2108 2255 938 1878 1007 360 1752 1319 2742 2617 1621 2488 1339 1271 1853 1744 1630 1540 1261 1039 1769 1726 913 1084 1929 1904 1022 1965 1694 1969 1579 1365 1309 1348 924 573 2312 1720 1709 2343 1465 2088 1146 2003 898 1265 687 920 2147 2705 1697 1627 1594 1904 1169
2086 2740 2753 2709 1591 2782 2397 1957 1263 632 606 1898 1376 1561 2829 2030 1689 2647 2614 1754 1500 2691 1743 2064 2011 1088 1529 848 2130 2357 1421 1993 2100 842 881 2709 1570 1133 1251 940 3118 1538 1630 1239 1258 2982 2087 1752 360 2138 1969 1811 1885 1311 2730 2529 461 1006 1700 2037 2554 2320 705 2818 1406 2142 1823 2612 1607 2397 1147 1432 2707 1234 2579 2699 2301 1576 1045 2096 2360 957 792 1609 1252 2979 1649 1260 2079 1775 1251 1679 1179 2451 2542 816 2274
320 994 2487 937 1620 2456 874 3496 2355 2392 1901 1650 1650 1520 1068 540 2942 1234 2270 3258 1956 2340 1897 2017 1092 2090 2666 1919 2611 1139 2069 2584 1905 2491 2106 1180 2831 1440 1765 2254 2714 2521 2937 2182 1712 2660 725 1319 2138 360 3515 3372 2566 2477 1616 1052 2218 1742 2545 2500 1956 1018 2325 1071 1143 673 1359 949 901 1049 2445 1685 1000 1310 2025 1362 1548 1465 2815 900 753 2614 1712 2915 1246 1201 1845 1252 1340 1879 2835 2524 1580 2553 765 2477 727
3456 4150 2953 4025 3199 3020 3889 383 2678 1876 2111 2627 2288 2481 4116 3361 1068 3700 2945 620 2082 2991 3331 2501 3578 1792 1320 2447 2017 3913 1929 1881 2628 2047 2416 3819 1126 2444 2143 1624 3287 2903 1020 2738 2193 3133 3325 2742 1969 3515 360 517 1781 2658 3570 3653 1958 2615 1618 2023 3111 3421 1647 4085 2735 3398 3423 4070 2985 3931 1432 3039 3946 2771 3092 3691 3095 2531 1454 3625 3823 2031 2343 1035 2697 4325 2278 2760 2997 2346 1082 3072 2785 2486 3886 1514 3511
3314 4007 2895 3889 3042 2960 3740 507 2526 1720 1956 2519 2160 2357 3981 3220 995 3580 2875 516 1968 2924 3174 2412 3424 1656 1224 2290 1964 3760 1814 1822 2535 1895 2260 3696 1031 2298 2012 1479 3237 2754 933 2584 2061 3082 3190 2617 1811 3372 517 360 1715 2508 3466 3528 1800 2458 1537 1960 3024 3296 1491 3953 2591 3263 3267 3924 2840 3780 1295 2882 3814 2617 3008 3576 2989 2405 1305 3474 3676 1882 2188 944 2548 4187 2167 2608 2880 2242 926 2922 2628 2434 3747 1357 3378
2499 3165 1541 2952 2846 1605 3046 1757 2785 2035 1810 1366 1315 1407 3007 2387 1079 2458 1524 1558 986 1570 3093 1123 2926 1174 901 2283 638 3193 926 482 1265 2300 2386 2602 1062 1732 1264 1316 1891 3061 1146 2738 1309 1736 2268 1621 1885 2566 1781 1715 360 2837 2232 2462 1960 2342 574 605 1713 2241 1617 2963 1914 2346 2916 3155 2143 3161 1175 2735 2811 2208 1685 2415 1780 1460 1991 2881 2944 2376 1963 1138 2025 3256 1083 2140 1765 1079 1528 3195 2420 1091 2855 1640 2425
2433 2946 3646 3036 1348 3667 2511 2654 482 1210 1431 2722 2224 2367 3175 2445 2572 3212 3487 2505 2416 3567 1264 2953 2003 2035 2455 1025 3080 2324 2357 2944 2963 979 849 3227 2462 1831 2133 1887 4002 607 2501 661 2125 3875 2586 2488 1311 2477 2658 2508 2837 360 3413 3057 1241 1130 2650 2984 3369 2893 1610 3185 1986 2614 1692 2759 2068 2417 2076 1208 3116 1577 3406 3300 3051 2364 1564 2180 2532 988 1392 2482 1750 3242 2537 1667 2798 2662 2029 773 1260 3382 2858 1651 2742
1536 1863 1507 1535 2760 1445 2064 3547 3304 3000 2494 1310 1767 1559 1495 1509 2874 813 1318 3318 1864 1354 3059 1469 2340 2264 2609 2758 2114 2376 2019 2178 1326 3196 2950 965 2804 1980 1923 2512 1594 3529 2911 3155 1891 1596 1298 1339 2730 1616 3570 3466 2232 3413 360 969 2831 2647 2337 2041 966 963 2737 1433 1787 1318 2569 1995 1745 2268 2592 2772 1303 2216 1030 682 838 1530 3279 2156 1935 3318 2419 2895 2024 1761 1661 2118 1012 1584 3059 3578 2555 1808 1568 2865 1250
971 1264 2025 948 2283 1976 1460 3632 2940 2800 2283 1455 1730 1531 944 996 2998 542 1815 3393 1946 1869 2571 1758 1783 2243 2719 2438 2419 1780 2093 2441 1616 2954 2633 539 2906 1757 1882 2464 2175 3136 3017 2776 1836 2154 831 1271 2529 1052 3653 3528 2462 3057 969 360 2624 2291 2509 2323 1460 592 2623 888 1490 809 2046 1385 1351 1666 2601 2326 738 1841 1532 675 1115 1483 3158 1585 1333 3079 2149 2997 1694 1215 1771 1755 1056 1745 3048 3159 2162 2222 959 2768 695
2167 2813 2848 2791 1605 2879 2460 1947 1202 537 702 1998 1477 1662 2913 2114 1724 2743 2712 1754 1594 2788 1736 2161 2058 1173 1580 849 2209 2407 1510 2069 2199 743 843 2803 1607 1230 1350 1006 3214 1474 1660 1197 1359 3077 2178 1853 461 2218 1958 1800 1960 1241 2831 2624 360 1027 1769 2118 2655 2416 738 2903 1497 2231 1855 2680 1691 2452 1199 1442 2795 1299 2680 2797 2403 1678 984 2153 2427 856 865 1640 1333 3058 1747 1333 2180 1873 1250 1621 1210 2540 2623 820 2363
1696 2271 2971 2315 945 2983 1872 2604 1017 1156 920 2013 1555 1660 2449 1690 2295 2443 2795 2399 1811 2876 1127 2287 1421 1538 2096 560 2544 1770 1796 2430 2274 1156 727 2462 2172 1110 1503 1498 3313 1249 2245 871 1480 3197 1819 1744 1006 1742 2615 2458 2342 1130 2647 2291 1027 360 2192 2436 2641 2123 1340 2453 1221 1851 1191 2110 1300 1831 1728 791 2371 810 2684 2529 2301 1647 1636 1548 1864 1269 739 2223 983 2548 1887 897 2043 2004 1897 1323 554 2769 2138 1462 1981
2480 3160 1735 2968 2717 1795 3007 1594 2603 1836 1646 1424 1261 1391 3034 2369 909 2523 1699 1381 950 1751 2953 1245 2847 1014 694 2118 853 3131 842 697 1378 2100 2210 2660 870 1634 1178 1123 2092 2878 964 2565 1228 1937 2271 1630 1700 2545 1618 1537 574 2650 2337 2509 1769 2192 360 807 1854 2282 1417 2993 1848 2348 2812 3133 2088 3108 965 2598 2843 2099 1834 2493 1870 1446 1777 2820 2912 2172 1816 953 1930 3274 1099 2039 1818 1131 1315 3017 2285 1297 2859 1431 2439
2431 3076 1296 2842 2907 1360 2995 1999 2924 2211 1931 1240 1319 1362 2886 2319 1324 2302 1285 1803 1002 1327 3169 938 2924 1309 1141 2399 475 3169 1001 505 1084 2474 2519 2453 1307 1771 1309 1490 1647 3200 1391 2862 1345 1491 2180 1540 2037 2500 2023 1960 605 2984 2041 2323 2118 2436 807 360 1495 2112 1797 2838 1911 2255 2945 3085 2122 3126 1380 2809 2685 2251 1462 2247 1609 1412 2207 2859 2887 2558 2058 1384 2053 3143 1027 2174 1632 980 1761 3326 2494 849 2759 1837 2322
1879 2355 924 2048 2895 876 2458 3088 3273 2807 2345 1017 1537 1366 2038 1803 2403 1357 719 2870 1502 768 3195 972 2616 1952 2160 2705 1552 2734 1644 1639 860 3037 2883 1521 2352 1899 1669 2204 1119 3526 2453 3149 1656 1067 1592 1261 2554 1956 3111 3024 1713 3369 966 1460 2655 2641 1854 1495 360 1336 2475 1978 1812 1644 2779 2446 1875 2645 2227 2867 1834 2265 431 1253 770 1365 2998 2467 2330 3151 2338 2440 2047 2310 1305 2165 1017 1192 2689 3603 2598 1205 2036 2580 1634
939 1388 1891 1105 2174 1850 1494 3400 2778 2592 2074 1237 1498 1299 1134 906 2768 687 1676 3161 1716 1738 2469 1556 1737 2012 2488 2258 2211 1791 1861 2226 1419 2756 2454 764 2675 1547 1651 2235 2081 2987 2785 2620 1606 2042 698 1039 2320 1018 3421 3296 2241 2893 963 592 2416 2123 2282 2112 1336 360 2401 1085 1294 715 1968 1470 1188 1690 2370 2199 932 1677 1407 767 951 1251 2938 1557 1365 2881 1954 2765 1511 1396 1543 1586 840 1523 2818 3021 2008 2044 1065 2544 664
2270 2948 2594 2878 1925 2633 2641 1634 1578 779 826 1834 1331 1538 2988 2194 1347 2719 2480 1421 1350 2552 2087 1928 2296 895 1205 1192 1879 2636 1236 1732 1990 1043 1218 2802 1229 1253 1179 667 2964 1848 1286 1574 1206 2820 2214 1769 705 2325 1647 1491 1617 1610 2737 2623 738 1340 1417 1797 2475 2401 360 2970 1551 2277 2136 2841 1783 2663 826 1770 2846 1494 2489 2752 2279 1567 902 2358 2589 1121 1058 1265 1454 3163 1533 1496 2087 1654 925 1997 1501 2246 2721 511 2405
997 842 2543 534 2292 2490 1213 4065 3063 3080 2575 1961 2160 1979 423 1149 3458 986 2336 3825 2414 2387 2548 2280 1679 2656 3177 2628 2937 1547 2552 2950 2140 3193 2817 827 3358 2077 2302 2854 2666 3219 3468 2888 2252 2659 1123 1726 2818 1071 4085 3953 2963 3185 1433 888 2903 2453 2993 2838 1978 1085 2970 360 1781 1054 1992 1035 1572 1416 3017 2377 513 2018 2050 1110 1644 1927 3483 1465 1116 3317 2402 3447 1931 691 2254 1953 1566 2244 3443 3210 2291 2751 697 3120 935
1086 1776 2212 1687 1456 2209 1537 2716 1876 1675 1160 1237 960 933 1798 1003 2186 1621 2015 2479 1289 2096 1752 1576 1374 1321 1918 1333 2027 1643 1366 1961 1520 1823 1528 1669 2071 659 1031 1472 2526 2108 2174 1732 980 2427 1040 913 1406 1143 2735 2591 1914 1986 1787 1490 1497 1221 1848 1911 1812 1294 1551 1781 360 1096 1412 1698 612 1622 1668 1415 1664 813 1862 1691 1449 895 2061 1331 1457 1949 1020 2151 600 1974 1253 712 1187 1337 2052 2168 1150 2111 1531 1702 1227
595 1181 2181 989 1839 2147 1176 3378 2495 2408 1896 1384 1481 1318 1079 554 2786 980 1964 3138 1760 2032 2130 1744 1382 1966 2506 2006 2363 1452 1888 2351 1622 2542 2200 972 2682 1387 1617 2160 2401 2688 2791 2329 1566 2349 437 1084 2142 673 3398 3263 2346 2614 1318 809 2231 1851 2348 2255 1644 715 2277 1054 1096 360 1618 1203 917 1360 2327 1877 929 1401 1714 1093 1238 1263 2796 1204 1050 2668 1740 2769 1273 1293 1623 1321 1043 1638 2748 2710 1716 2269 870 2427 493
1319 1660 3237 1824 705 3225 1207 3410 1574 1987 1677 2275 1986 1985 1965 1423 3029 2226 3031 3196 2306 3109 917 2625 687 2190 2796 1386 3060 991 2350 2979 2559 1960 1506 2179 2906 1543 2012 2229 3526 1654 2992 1397 1968 3441 1631 1929 1823 1359 3423 3267 2916 1692 2569 2046 1855 1191 2812 2945 2779 1968 2136 1992 1412 1618 360 1456 1270 1087 2461 852 1966 1074 2839 2348 2377 1947 2468 893 1258 2061 1447 2969 1253 1972 2299 1135 2122 2389 2701 1610 1004 3163 1654 2270 1712
896 579 3000 869 1792 2960 609 4052 2637 2846 2393 2224 2236 2109 984 1128 3519 1548 2784 3816 2545 2848 2003 2586 1129 2659 3246 2305 3195 899 2656 3172 2466 2901 2474 1422 3406 1985 2345 2805 3186 2745 3510 2458 2292 3152 1274 1904 2612 949 4070 3924 3155 2759 1995 1385 2680 2110 3133 3085 2446 1470 2841 1035 1698 1203 1456 360 1446 768 3006 1913 1095 1740 2518 1686 2055 2055 3298 939 612 3018 2180 3488 1747 894 2434 1714 1884 2464 3374 2707 1922 3112 787 2992 1177
846 1529 2327 1463 1391 2314 1286 2967 1951 1867 1366 1373 1190 1122 1581 783 2438 1504 2120 2731 1517 2198 1691 1734 1170 1574 2169 1449 2237 1410 1605 2182 1656 1989 1644 1523 2323 903 1277 1721 2617 2159 2427 1791 1224 2531 880 1022 1607 901 2985 2840 2143 2068 1745 1351 1691 1300 2088 2122 1875 1188 1783 1572 612 917 1270 1446 360 1380 1920 1389 1467 851 1933 1595 1481 1075 2279 1098 1204 2114 1191 2404 720 1740 1455 764 1220 1524 2297 2196 1180 2278 1299 1935 1049
1005 988 3176 1243 1432 3145 570 3915 2297 2607 2200 2311 2210 2125 1372 1213 3436 1844 2959 3686 2536 3029 1615 2681 777 2567 3174 2031 3240 491 2625 3195 2577 2626 2182 1743 3317 1875 2293 2676 3401 2380 3416 2119 2242 3349 1414 1965 2397 1049 3931 3780 3161 2417 2268 1666 2452 1831 3108 3126 2645 1690 2663 1416 1622 1360 1087 768 1380 360 2894 1570 1446 1530 2714 1981 2237 2074 3076 665 693 2737 1973 3393 1598 1302 2460 1531 2026 2513 3218 2329 1637 3223 1113 2811 1387
2385 3080 2248 2954 2298 2297 2835 1412 2042 1241 1169 1644 1231 1435 3046 2289 930 2663 2165 1173 1094 2231 2494 1633 2567 721 741 1613 1448 2888 944 1295 1727 1503 1669 2773 806 1384 1080 593 2616 2313 891 2027 1127 2466 2255 1694 1147 2445 1432 1295 1175 2076 2592 2601 1199 1728 965 1380 2227 2370 826 3017 1668 2327 2461 3006 1920 2894 360 2157 2880 1764 2228 2670 2115 1480 1188 2590 2763 1569 1383 868 1655 3253 1299 1735 1976 1399 827 2460 1861 1855 2814 825 2442
1643 2104 3256 2219 528 3258 1664 3028 1087 1551 1347 2281 1882 1945 2360 1690 2724 2496 3065 2827 2170 3146 719 2593 1154 1946 2520 953 2920 1482 2177 2816 2557 1489 1035 2482 2601 1416 1861 1925 3579 1203 2676 909 1828 3475 1866 1969 1432 1685 3039 2882 2735 1208 2772 2326 1442 791 2598 2809 2867 2199 1770 2377 1415 1877 852 1913 1389 1570 2157 360 2324 966 2918 2602 2492 1921 2029 1334 1691 1582 1145 2653 1187 2406 2215 1064 2229 2324 2324 1198 675 3103 2042 1888 1994
923 930 2399 596 2251 2347 1237 3925 2994 2972 2463 1808 2018 1834 566 1047 3312 851 2190 3685 2266 2243 2517 2126 1664 2518 3032 2540 2783 1572 2406 2797 1987 3095 2732 701 3214 1956 2162 2721 2532 3162 3324 2821 2113 2520 993 1579 2707 1000 3946 3814 2811 3116 1303 738 2795 2371 2843 2685 1834 932 2846 513 1664 929 1966 1095 1467 1446 2880 2324 360 1929 1905 982 1493 1782 3365 1451 1125 3220 2298 3303 1827 837 2104 1859 1412 2092 3310 3161 2216 2600 693 2996 802
1262 1879 2651 1887 1027 2652 1522 2755 1461 1466 1029 1675 1301 1343 2018 1243 2327 1995 2459 2531 1609 2540 1312 1993 1168 1478 2086 971 2365 1503 1642 2276 1953 1542 1162 2012 2205 840 1307 1536 2973 1674 2295 1303 1267 2869 1369 1365 1234 1310 2771 2617 2208 1577 2216 1841 1299 810 2099 2251 2265 1677 1494 2018 813 1401 1074 1740 851 1530 1764 966 1929 360 2315 2084 1900 1316 1919 1226 1488 1665 804 2272 582 2136 1629 460 1638 1731 2052 1723 700 2513 1713 1640 1532
1948 2427 853 2120 2949 804 2528 3068 3311 2829 2374 1046 1564 1400 2110 1870 2383 1427 650 2853 1508 697 3249 960 2680 1962 2146 2743 1513 2802 1647 1607 862 3062 2919 1591 2336 1939 1691 2213 1053 3566 2436 3190 1680 996 1660 1309 2579 2025 3092 3008 1685 3406 1030 1532 2680 2684 1834 1462 431 1407 2489 2050 1862 1714 2839 2518 1933 2714 2228 2918 1905 2315 360 1322 837 1402 3007 2533 2400 3175 2374 2423 2096 2381 1316 2215 1078 1199 2686 3647 2646 1149 2108 2591 1705
1281 1545 1811 1215 2570 1753 1774 3669 3185 2972 2455 1431 1808 1599 1173 1287 3011 498 1612 3434 1969 1655 2863 1669 2094 2323 2738 2661 2332 2095 2122 2377 1523 3146 2857 642 2930 1928 1966 2559 1916 3394 3040 3027 1926 1913 1095 1348 2699 1362 3691 3576 2415 3300 682 675 2797 2529 2493 2247 1253 767 2752 1110 1691 1093 2348 1686 1595 1981 2670 2602 982 2084 1322 360 998 1559 3294 1899 1647 3270 2348 3022 1914 1440 1775 1992 1056 1723 3130 3427 2415 2072 1259 2890 997
1471 1980 1306 1689 2510 1270 2054 3072 2948 2566 2074 832 1308 1105 1700 1392 2401 1060 1089 2841 1386 1155 2811 1031 2206 1793 2134 2386 1694 2324 1541 1739 885 2777 2573 1218 2328 1584 1460 2043 1530 3190 2437 2813 1433 1472 1183 924 2301 1548 3095 2989 1780 3051 838 1115 2403 2301 1870 1609 770 951 2279 1644 1449 1238 2377 2055 1481 2237 2115 2492 1493 1900 837 998 360 1085 2819 2056 1926 2896 2029 2420 1689 1969 1183 1800 623 1109 2583 3257 2239 1467 1656 2403 1238
1399 2073 1696 1888 1980 1701 1948 2510 2269 1841 1352 725 610 414 1962 1287 1890 1544 1510 2270 856 1591 2269 1041 1885 1126 1610 1700 1526 2117 986 1484 996 2053 1878 1652 1792 898 767 1360 2027 2525 1902 2150 727 1917 1186 573 1576 1465 2531 2405 1460 2364 1530 1483 1678 1647 1446 1412 1365 1251 1567 1927 895 1263 1947 2055 1075 2074 1480 1921 1782 1316 1402 1559 1085 360 2110 1808 1844 2172 1332 1881 1095 2193 746 1221 880 809 1934 2610 1629 1576 1773 1699 1360
2763 3424 3070 3381 2196 3116 3082 1450 1587 840 1274 2368 1872 2080 3497 2698 1489 3258 2975 1313 1859 3044 2282 2430 2682 1405 1480 1444 2268 3031 1728 2113 2505 957 1366 3337 1406 1770 1718 1154 3440 1809 1405 1660 1748 3291 2736 2312 1045 2815 1454 1305 1991 1564 3279 3158 984 1636 1777 2207 2998 2938 902 3483 2061 2796 2468 3298 2279 3076 1188 2029 3365 1919 3007 3294 2819 2110 360 2777 3045 937 1478 1392 1930 3657 2052 1945 2630 2168 891 1977 1826 2684 3218 778 2926
860 1132 2976 1294 1218 2952 691 3609 2058 2311 1895 2072 1927 1857 1435 1026 3135 1768 2762 3380 2255 2835 1450 2441 574 2266 2875 1747 2974 671 2337 2921 2347 2343 1907 1697 3016 1574 2002 2371 3226 2170 3114 1878 1951 3162 1242 1720 2096 900 3625 3474 2881 2180 2156 1585 2153 1548 2820 2859 2467 1557 2358 1465 1331 1204 893 939 1098 665 2590 1334 1451 1226 2533 1899 2056 1808 2777 360 725 2457 1670 3091 1294 1441 2192 1225 1824 2254 2912 2138 1356 2987 1129 2506 1267
706 774 2871 942 1581 2836 489 3806 2409 2594 2140 2043 2011 1897 1080 932 3282 1510 2654 3571 2327 2722 1814 2411 934 2419 3011 2058 2999 812 2431 2967 2298 2652 2230 1411 3168 1740 2113 2559 3083 2531 3271 2230 2061 3037 1112 1709 2360 753 3823 3676 2944 2532 1935 1333 2427 1864 2912 2887 2330 1365 2589 1116 1457 1050 1258 612 1204 693 2763 1691 1125 1488 2400 1647 1926 1844 3045 725 360 2770 1927 3249 1495 1076 2228 1461 1729 2267 3125 2503 1679 2946 792 2740 1061
2565 3173 3330 3192 1749 3364 2782 2027 1023 713 1184 2494 1973 2158 3320 2532 2002 3208 3200 1887 2075 3276 1776 2648 2323 1635 1927 1072 2640 2670 1979 2492 2691 485 917 3258 1901 1704 1844 1428 3698 1232 1924 1125 1854 3559 2621 2343 957 2614 2031 1882 2376 988 3318 3079 856 1269 2172 2558 3151 2881 1121 3317 1949 2668 2061 3018 2114 2737 1569 1582 3220 1665 3175 3270 2896 2172 937 2457 2770 360 1289 1907 1755 3440 2237 1723 2669 2362 1428 1401 1461 3002 3018 1107 2801
1661 2308 2628 2287 1277 2644 1966 2329 1299 1039 592 1690 1203 1335 2410 1614 1953 2281 2461 2110 1438 2541 1496 1937 1599 1163 1738 731 2165 1941 1417 2051 1936 1164 905 2328 1830 805 1134 1150 2978 1562 1911 1194 1115 2855 1691 1465 792 1712 2343 2188 1963 1392 2419 2149 865 739 1816 2058 2338 1954 1058 2402 1020 1740 1447 2180 1191 1973 1383 1145 2298 804 2374 2348 2029 1332 1478 1670 1927 1289 360 1888 831 2552 1528 828 1784 1649 1621 1662 839 2402 2117 1200 1873
2854 3548 2320 3399 2799 2382 3327 1012 2466 1632 1668 1954 1648 1830 3481 2751 457 3035 2292 789 1414 2343 2983 1829 3074 1190 645 2092 1399 3392 1264 1251 1953 1872 2122 3160 451 1879 1514 1100 2669 2727 382 2477 1567 2514 2694 2088 1609 2915 1035 944 1138 2482 2895 2997 1640 2223 953 1384 2440 2765 1265 3447 2151 2769 2969 3488 2404 3393 868 2653 3303 2272 2423 3022 2420 1881 1392 3091 3249 1907 1888 360 2158 3702 1606 2241 2330 1671 861 2884 2363 1866 3269 1192 2876
