140 2466 2274 2188 1187 665 855 2502 2670 441 1507 902 1847 898 1010 2827 1614 1949 2417 2631 2441 1440 1706 1517 2172 2784 1298 1917 543 824 1024 2590 2180 1523 2025 1118 2341 442 1787 1017 2281 2128 2296 2277 278 860 1844 2047 1417 1504 557 870 1193 994 2463 2541 2342 2484 1431 1187 865 1432 2437 2149 2388 2818 492 1973 1985 818 996 2253 3171 2030 1939 585 2597 2321 2419 1377 1682 1506 657 2916 1893 400 1873 1848 1865 1196 2147 1672 2392 1841 2070 1682 2188 2357 2052 1098 684 1501 1340 1972 2625 2188 2672 1380 2092 884 2282 595 734 1117 2226 1971 625 2361 2270 2416 2753 2140 428 2387 2718 2354 1227 810 774 567 2289 836 869 1585 1398 644 1579 423 555 756 2282 1199 1248 1160 1526 611 893 2860 1161 965 2209 676 1354 1546 690 2112 825 2040 2765 2438 2153 861 760 2655 713 1602 852 1828 1408 1435 2038 1139 2268 1184 2251 1246 1800 558 1824 1355 706 1442 1441 1990 2609 2109 3101 2479 1436 2000 2790 2041 2919 2530 1731 2618 2412 1152 1700 2108 1916 1921 1098 815 1641 362 869 834 544 1299 2229 734 2278 560 1736 2115 1013 1450 1083 870 898 826 1610 2621 1506 970 1852 1038 1438 2109 2481 1975 260 2063 2362 1619 2387 2320 2392 2172 1673 2737 1147 1536 2319 1121 1709 1531 2973 1559 2725 2305 1684 711 1494 1936 1621 1913 3144 1791 1564 1033 713 2553 1787 1862 2231 2480 664 1178 2822 1901
2566 360 2055 1268 3010 3002 2677 1523 1088 2405 1940 3030 2198 3280 2788 735 1482 1245 1561 632 412 1962 2331 2684 773 1138 2405 2962 2708 2400 3450 845 2946 2473 2820 2931 1538 2575 1193 1828 971 748 1468 1280 2671 2022 1215 2075 1872 1998 2785 2369 2129 1907 1041 1414 913 1233 1454 1967 3266 1740 1090 1094 2283 874 2571 2440 2423 2733 3036 602 1140 2567 2241 2539 518 527 626 1777 1154 1782 2677 1167 1524 2652 1299 2127 975 1862 1119 2656 2595 2292 1361 1499 1541 1856 1768 1740 2143 1888 1833 869 763 2299 897 1687 1358 3308 1625 2311 3138 2719 609 1629 2894 565 1620 1185 836 1005 2421 976 754 918 2014 2935 2496 2343 1314 2672 3059 2905 1840 3013 1392 2784 2749 2561 1144 2296 1754 1669 1361 2822 2110 816 2523 3367 1851 3103 1685 1425 2862 1275 3232 1878 1051 741 1938 2265 2852 683 2177 1362 2156 1003 1590 2401 1737 2553 2950 2271 1409 2023 1061 2295 2192 1516 2966 1768 1588 2474 722 998 1267 1693 1525 1033 767 1026 1001 1950 1519 1259 618 2339 1135 1451 2495 1850 1801 3075 1232 2522 2189 3171 2450 2402 1068 2794 2276 2316 1812 1522 2524 1910 1764 2740 3305 2558 1838 1119 2281 1858 1751 2873 2285 1020 1032 2290 2678 924 501 2143 1468 720 996 1297 1627 1124 2903 1391 573 2405 1116 1458 907 1272 628 844 1156 2492 1623 900 2035 2244 1197 1397 1620 1841 2255 618 1421 2236 1455 3005 2703 2149 890 2715
2374 2055 360 1146 2089 2524 2919 1017 1549 2215 1132 3116 851 2771 3086 2341 1292 1244 3027 1952 2003 2755 1060 1504 1676 1619 3019 1538 2253 2694 3053 2518 1378 3207 1312 2050 909 2567 1448 2107 2473 1752 962 2731 2420 1865 1357 3225 1241 1130 2321 2700 2722 2257 1439 1145 2461 1273 1609 1464 3042 1287 2661 1326 3549 1929 2187 939 915 2069 2269 2065 2220 1031 795 2640 2200 2064 2260 1328 1739 1182 2786 1752 999 2309 2463 3150 1749 1499 2511 1364 908 3266 1071 1201 874 606 2994 1838 2103 2731 2548 1987 1813 657 1730 2418 2683 2996 3010 2401 2715 1834 1895 856 2855 2161 2999 1282 1883 2400 2222 1465 1928 2473 1411 2294 2738 2073 1112 2904 2407 1686 1274 2570 2257 2436 2284 1980 1276 1480 1510 1873 2115 2824 2446 2082 1640 3130 564 2803 1425 1449 2899 1147 2792 3072 1681 1703 511 1775 2235 2377 2332 1453 1791 1787 1445 3102 2961 1679 1345 2839 2821 2664 2035 2118 3184 1654 2424 1260 2359 961 1836 2366 1916 843 2262 2298 2022 1439 1934 685 1135 1348 2249 2873 1943 2772 1033 2981 1702 2482 1618 2453 2519 3059 2527 1448 1346 2902 592 2365 2832 2835 2921 1196 1816 2966 2847 1925 1050 1478 1203 1950 2858 2046 1265 2388 2633 3340 2449 1550 1923 1040 998 2275 1448 1118 2620 1582 1998 2191 2125 1598 1852 1426 2179 1923 2133 2377 1967 2691 1301 1959 2939 821 2073 1199 2521 2188 1925 2308 2511 860 962 1340 2158 2729 1918 1270
2288 1268 1146 360 2391 2598 2653 745 903 2106 1229 2935 1348 2875 2804 1567 933 614 2298 1185 1216 2239 1519 1935 899 1010 2594 2138 2294 2388 3111 1734 2074 2742 1963 2326 665 2397 846 1740 1719 985 587 1998 2363 1689 752 2603 1227 1276 2373 2377 2285 1879 718 729 1697 660 1177 1421 3011 1148 1897 548 2896 1217 2183 1571 1552 2216 2490 1291 1557 1695 1372 2422 1414 1283 1478 1203 1128 1120 2574 1157 719 2293 1793 2570 1059 1368 1783 1864 1688 2709 500 871 632 958 2337 1512 1900 2194 2045 1264 1064 1397 1015 1895 1981 3008 2304 2166 2771 2096 1118 763 2720 1380 2295 604 1160 1664 2119 704 1184 1708 1425 2444 2460 1991 472 2641 2571 2154 1220 2628 1662 2433 2333 2069 509 1658 1301 1497 1539 2667 2097 1348 1882 3110 943 2798 1196 1023 2730 436 2861 2429 1030 926 1032 1784 2367 1591 2058 980 1725 1110 1140 2645 2303 1920 2066 2422 2101 2202 1364 1990 2617 1250 2527 1154 1813 1604 1079 1634 1348 849 1716 1585 1281 696 1261 1080 835 795 1467 2473 1307 2076 1639 2355 1455 2617 1053 2304 2181 2973 2311 1717 560 2698 1369 2147 2236 2144 2584 1235 1510 2711 2928 2039 1099 837 1530 1651 2234 2288 1557 1658 1863 2758 2383 795 1137 1360 635 1504 691 391 2019 963 2285 1610 1346 1785 1218 1028 1457 1346 1363 1613 1337 2429 1061 1246 2393 1380 1452 757 1944 1801 1859 1521 1868 1383 552 2104 2242 2298 1210 1875
1287 3010 2089 2391 360 1049 1999 2571 2934 1332 1522 1951 1598 1173 2145 3384 1910 2228 3338 3085 2970 2485 1390 970 2624 3042 2430 1236 1003 1955 1476 3285 1549 2658 1430 445 2403 1589 2187 1855 3040 2624 2393 3132 1275 1463 2191 3105 1536 1478 999 1996 2273 1922 2740 2659 3081 2679 1932 1402 1611 1649 3226 2444 3460 3204 1096 1579 1600 750 614 2856 3562 1568 1659 1731 3164 2907 3059 1603 2247 1641 1797 3188 2032 1148 2724 2924 2409 1509 2953 1142 1955 2944 2251 1924 2259 2271 3045 1744 1516 2526 2334 2605 3021 1877 3017 2316 2974 1500 3229 1660 1212 656 2763 2031 1676 2976 3217 2634 3140 2906 1320 2696 3135 3095 1363 771 1918 1258 2458 1980 807 887 1556 1109 2408 1164 993 901 2529 1096 1619 1835 2301 1703 1929 3298 868 1662 2126 1383 1684 1944 1776 2327 1246 3059 3058 2839 2027 1141 793 3277 1722 2008 1273 2396 1780 2564 3025 832 1649 2297 3143 2299 2488 1358 2913 1883 934 1629 2340 1577 3019 2868 3379 2470 2294 2758 3225 2408 3273 2408 1935 2807 3050 2276 2364 3017 1489 2938 1616 908 2145 1491 1939 1725 1671 1041 2519 1852 1984 1610 2746 3044 2158 1518 1708 2007 1271 864 1653 2869 1267 1696 2847 525 1219 2877 3249 3072 1307 2479 2877 1448 2480 2992 2691 2365 2626 2995 467 2344 2930 974 2327 1912 3415 2234 3227 3021 2362 1853 1762 2564 2685 1631 3478 2046 2503 1917 1239 3176 2675 1589 2339 1876 891 2263 3202 1347
765 3002 2524 2598 1049 360 1391 2867 3114 976 1805 1275 2051 641 1515 3372 2037 2380 3038 3141 2972 2065 1870 1556 2672 3228 1892 1900 664 1430 890 3170 2200 2111 2062 1010 2699 1037 2258 1603 2873 2642 2667 2888 750 1341 2297 2668 1753 1783 585 1479 1814 1603 2908 2926 2930 2899 1922 1539 932 1811 3037 2593 3005 3307 792 2113 2130 824 802 2803 3667 2139 2132 1176 3142 2868 2982 1755 2208 1855 1191 3367 2267 715 2481 2466 2388 1593 2748 1730 2524 2450 2467 2088 2545 2653 2677 1622 1241 2126 1963 2526 3116 2376 3145 1997 2706 845 2905 1219 552 1123 2755 2316 1014 2917 2893 2838 3243 2732 960 2842 3217 2942 1548 644 1364 1019 2688 1374 619 1548 1748 420 2178 605 624 909 2711 1404 1675 1699 2111 1058 1517 3368 1265 998 2502 696 1773 2005 1123 2524 629 2665 3221 2927 2425 1174 666 3216 1331 2067 1240 2358 1848 2030 2663 1230 2297 1795 2868 1871 2366 1075 2439 1853 477 1809 2053 2122 3104 2699 3557 2811 2039 2589 3296 2508 3399 2814 2123 3033 2975 1756 2257 2726 2038 2546 1572 531 2144 986 1493 1035 1162 1448 2674 1215 2477 1182 2361 2736 1590 1766 1598 1384 692 959 1928 3058 1690 1515 2477 953 1623 2702 3077 2585 765 2548 2887 1843 2759 2891 2843 2577 2294 3180 1058 2130 2873 1287 2252 1983 3484 2116 3252 2887 2245 1305 1898 2488 2242 2104 3620 2206 2183 1632 1118 3113 2400 2055 2604 2521 729 1798 3310 1957
955 2677 2919 2653 1999 1391 360 3012 3056 1127 2153 735 2547 1518 529 2998 2108 2399 2279 2894 2665 1243 2438 2311 2481 3165 907 2719 1358 638 1471 2664 2969 1102 2809 1932 2868 780 2187 1278 2325 2411 2809 2224 1084 1414 2268 1752 2038 2167 1361 668 982 1155 2859 3022 2398 2927 1836 1820 1170 2005 2437 2564 2054 3114 1297 2709 2717 1634 1792 2439 3442 2782 2642 656 2777 2514 2556 1957 1984 2102 563 3280 2428 1216 1873 1537 2150 1781 2159 2456 3122 1478 2561 2194 2723 2954 1853 1504 1176 1326 1257 2169 2929 2885 3006 1375 2027 1292 2123 877 1351 1927 2466 2535 779 2525 2113 2852 3054 2194 1128 2770 3000 2408 1883 1606 553 1268 2764 378 1638 2395 2005 1345 1657 1200 1366 1558 2713 1938 1786 1516 1675 708 937 3117 1947 1248 2816 1180 1885 1992 674 2579 1409 1806 3126 2756 2782 1580 1567 2787 961 2032 1514 2100 1903 1038 1850 1930 3051 885 2158 1082 1975 1191 1492 1762 1473 2027 1468 2730 2904 2171 3451 3030 1516 2079 3054 2425 3230 3131 2255 3054 2552 819 1916 2010 2664 1701 1598 1562 1997 895 853 997 760 2060 2639 562 2965 915 1548 1994 595 2085 1512 423 1465 1626 2229 3021 2237 1369 1674 1853 2171 2164 2498 1616 1052 2411 2604 2317 2894 2439 2780 2645 1579 3123 1962 1648 2491 1886 1962 1992 3219 1794 2945 2387 1890 589 2026 2142 1357 2618 3454 2277 1509 1231 1400 2692 1756 2568 2743 3257 1480 960 3122 2680
2602 1523 1017 745 2571 2867 3012 360 904 2422 1433 3279 1394 3137 3167 1749 1266 991 2639 1360 1473 2624 1597 2046 1224 964 2975 2163 2569 2752 3391 2007 2032 3126 1953 2515 529 2733 1229 2108 2046 1321 566 2339 2669 2013 1133 2980 1474 1466 2646 2744 2666 2250 845 490 2014 654 1544 1693 3317 1431 2212 907 3265 1293 2470 1563 1541 2453 2704 1604 1566 1671 1382 2769 1646 1580 1766 1487 1513 1372 2922 1095 968 2586 2164 2953 1436 1665 2130 1939 1553 3093 811 1186 682 772 2707 1868 2236 2579 2430 1625 1206 1312 1102 2280 2340 3301 2658 2515 3048 2286 1431 913 3052 1673 2649 698 1255 2009 2434 907 1311 2024 1678 2684 2820 2297 635 3000 2808 2253 1481 2903 2046 2724 2606 2323 776 1864 1618 1862 1924 3003 2466 1453 2073 3414 859 3095 1512 1382 3069 809 3135 2802 1032 1143 973 2056 2612 1831 2413 1348 2019 1489 1475 3029 2674 2113 2002 2802 2450 2585 1740 2309 3001 1615 2785 1426 2198 1591 1236 1982 1260 547 2101 1943 1401 1069 1284 803 1133 695 1755 2851 1690 2436 1649 2732 1791 2865 1436 2634 2549 3294 2657 1891 873 3045 1247 2491 2618 2505 2955 1462 1861 3068 3199 2283 1304 837 1668 2004 2612 2490 1712 2006 2168 3140 2692 1155 1411 1487 478 1813 886 741 2401 930 2469 1995 1647 1994 1601 1380 1541 1731 1539 1932 1720 2786 1370 1611 2778 1399 1416 1094 2329 2173 2157 1780 2245 1421 632 1990 2502 2679 1280 1893
2770 1088 1549 903 2934 3114 3056 904 360 2589 1772 3368 1859 3394 3194 1232 1436 1093 2282 861 1047 2501 2044 2472 969 474 2906 2648 2809 2780 3618 1562 2549 3020 2455 2868 1004 2849 1246 2139 1684 1063 968 1992 2853 2171 1186 2737 1766 1820 2889 2761 2605 2261 566 774 1634 642 1607 1948 3495 1675 1818 882 2979 750 2691 2061 2039 2749 3028 1248 1037 2177 1867 2854 1175 1199 1353 1729 1436 1659 3004 615 1263 2795 1921 2753 1288 1881 1808 2391 2093 2909 1044 1392 1094 1310 2440 1951 2361 2439 2330 1381 701 1837 573 2175 2040 3504 2333 2602 3280 2639 1101 1290 3177 1277 2326 665 717 1686 2603 646 784 1640 1959 2975 2863 2486 852 3046 3102 2689 1755 3140 1898 2935 2849 2597 768 2200 1801 1914 1809 3116 2481 913 2426 3595 1369 3293 1701 1484 3173 968 3372 2545 493 738 1479 2305 2896 1357 2481 1427 2234 1343 1630 2933 2407 2463 2527 2747 2117 2509 1550 2472 2811 1684 3049 1686 2081 2091 739 1669 806 1092 1994 1665 866 995 745 1345 1368 572 1345 2807 1551 2137 2138 2497 1931 3144 1421 2767 2566 3440 2748 2261 801 3128 1782 2591 2421 2209 2952 1777 1958 3116 3441 2571 1643 432 2070 2090 2386 2829 2099 1693 1760 2931 2871 1006 1020 1897 913 1433 639 931 2214 427 2828 1867 1266 2327 1481 1500 997 1643 1027 1559 1581 2842 1578 1385 2618 1880 913 1271 2171 2184 2363 1329 2026 1892 997 2528 2766 2621 735 2380
541 2405 2215 2106 1332 976 1127 2422 2589 360 1444 1261 1805 1243 1294 2770 1533 1868 2443 2562 2378 1521 1680 1549 2099 2703 1471 1961 733 1004 1408 2554 2202 1699 2042 1252 2262 723 1708 986 2256 2059 2216 2278 628 779 1763 2141 1347 1446 791 1039 1301 998 2383 2460 2313 2403 1354 1117 1266 1355 2421 2068 2492 2744 602 1950 1960 941 1192 2198 3099 2018 1899 830 2540 2265 2371 1300 1616 1432 954 2837 1814 623 1869 1955 1798 1119 2133 1689 2367 1972 1989 1601 2109 2288 2107 1028 626 1569 1388 1919 2551 2146 2594 1399 2100 1278 2317 690 1093 1191 2162 1895 1001 2309 2305 2335 2679 2116 376 2308 2645 2326 1164 1022 991 505 2208 1109 1115 1651 1325 976 1563 742 767 817 2201 1175 1167 1096 1494 969 961 2790 1183 1366 2141 1068 1273 1465 1044 2030 1187 2108 2686 2364 2089 820 950 2607 755 1522 784 1763 1327 1602 2090 1169 2284 1328 2264 1331 1753 477 1941 1279 975 1366 1446 1970 2536 2082 3022 2403 1426 1972 2720 1962 2844 2461 1650 2537 2364 1313 1648 2126 1901 1988 1018 1091 1568 603 967 1231 736 1293 2149 1059 2233 639 1798 2141 1228 1384 1009 1159 1261 879 1542 2540 1478 907 1906 1169 1411 2085 2460 2100 641 1987 2297 1575 2307 2277 2312 2091 1705 2657 1268 1513 2266 1119 1650 1450 2904 1506 2661 2271 1634 928 1413 1881 1717 1873 3067 1709 1588 1020 650 2504 1794 1823 2151 2489 810 1291 2748 1913
1607 1940 1132 1229 1522 1805 2153 1433 1772 1444 360 2344 792 2070 2321 2302 827 1087 2599 1966 1894 2096 802 1104 1531 1879 2299 1406 1515 1939 2334 2305 1471 2501 1317 1458 1264 1795 1115 1399 2142 1557 1242 2330 1657 1101 1085 2637 494 418 1589 1949 2017 1544 1581 1507 2159 1517 1034 693 2292 615 2340 1296 2985 2058 1433 1021 1018 1380 1634 1839 2411 1136 884 1870 2099 1873 2052 622 1299 526 2015 2026 869 1554 1977 2525 1406 749 2116 1084 1381 2618 1088 801 1112 1216 2456 1135 1338 2090 1892 1646 1883 1107 1865 1786 2227 2258 2540 1636 1991 1228 1709 880 2085 1958 2529 1471 1996 2030 1451 1543 2000 2172 640 1611 1976 1302 1296 2137 1735 1326 540 1845 1704 1687 1550 1257 1369 794 798 1194 1562 2053 1711 2166 1014 2383 1066 2058 754 938 2127 1166 2074 2514 1897 1708 1005 1015 1540 2242 1577 985 1020 1417 827 2395 2427 1052 1510 2121 2388 1975 1603 1345 2547 1041 1717 577 1750 1053 1886 1992 2216 1366 1662 1896 2094 1289 2119 1385 791 1646 2042 2146 1483 2301 1026 2407 974 1794 1168 1681 1778 2296 1758 849 1367 2130 1176 1598 2235 2352 2170 433 1105 2199 2136 1213 491 1706 701 1222 2289 1425 705 2009 2338 2711 1685 1379 1800 603 1332 2018 1536 1202 2042 1832 1416 1632 1913 924 1410 901 2282 1403 2124 2083 1496 1926 712 1607 2296 866 2319 911 1927 1484 1155 2148 1987 824 1184 1649 1437 2021 2054 1191
1002 3030 3116 2935 1951 1275 735 3279 3368 1261 2344 360 2704 1312 721 3359 2373 2684 2651 3238 3016 1617 2568 2366 2811 3480 1247 2754 1356 995 1183 3035 3030 1408 2878 1898 3126 911 2486 1592 2697 2746 3073 2600 1102 1633 2561 2098 2242 2347 1329 1034 1358 1488 3167 3301 2770 3219 2128 2013 870 2233 2812 2864 2380 3451 1348 2835 2847 1635 1714 2795 3787 2892 2797 874 3136 2869 2920 2181 2309 2320 723 3601 2679 1237 2247 1882 2482 1999 2533 2527 3254 1804 2832 2452 2977 3179 2220 1785 1403 1700 1631 2520 3264 3045 3333 1745 2403 1013 2493 1129 1170 1949 2812 2774 644 2885 2484 3146 3390 2565 1255 3082 3340 2780 2064 1540 896 1406 3043 734 1534 2411 2216 1218 2021 1163 1349 1609 3008 2060 2025 1814 2029 653 1279 3463 2017 924 3035 977 2130 2272 577 2860 1198 2167 3446 3085 2987 1715 1526 3153 1246 2320 1684 2434 2163 1366 2219 1993 3120 1255 2533 1458 2328 1358 1831 2051 1381 2249 1836 2852 3240 2542 3776 3278 1877 2447 3398 2733 3565 3354 2509 3350 2916 1186 2260 2385 2778 2066 1848 1441 2307 1022 1201 682 984 2161 2941 600 3133 1148 1920 2368 957 2282 1785 677 1236 1678 2437 3329 2367 1645 2045 1828 2299 2535 2872 1940 1068 2729 2950 2475 3161 2805 3089 2924 1955 3436 1939 2007 2849 1983 2299 2267 3568 2133 3298 2756 2236 897 2273 2491 1719 2771 3789 2547 1884 1559 1552 3056 2131 2720 3007 3336 1484 1336 3459 2757
1947 2198 851 1348 1598 2051 2547 1394 1859 1805 792 2704 360 2289 2716 2534 1175 1313 2987 2165 2148 2528 572 1023 1787 1951 2725 1150 1792 2349 2576 2612 1110 2930 982 1559 1240 2167 1431 1830 2493 1837 1256 2707 1983 1510 1369 3063 926 757 1856 2362 2447 1974 1700 1504 2499 1579 1441 1101 2585 1033 2689 1481 3407 2204 1741 611 601 1590 1779 2142 2533 738 455 2256 2355 2162 2353 1050 1669 925 2394 2095 1034 1863 2377 2955 1743 1177 2489 904 951 3050 1221 1111 1125 1042 2872 1567 1740 2521 2323 1990 2052 701 2001 2216 2620 2529 2940 2035 2243 1343 1991 946 2432 2254 2929 1558 2148 2393 1810 1692 2172 2512 1029 1810 2378 1659 1369 2530 1921 1221 971 2100 2118 1982 1820 1516 1498 1018 1230 1626 1974 2410 2134 2337 1154 2669 907 2343 1179 1317 2487 1311 2316 2935 1993 1902 799 1348 1755 2516 1989 1350 1393 1765 1240 2824 2842 1192 1126 2548 2776 2406 1980 1720 2979 1459 1947 996 2176 646 2065 2356 2276 1260 2086 2268 2269 1533 2237 1169 1067 1687 2342 2570 1866 2699 656 2830 1405 1999 1537 2048 2198 2617 2147 964 1533 2504 792 1994 2662 2754 2582 865 1536 2588 2369 1456 797 1788 720 1650 2711 1556 787 2375 2678 3142 2014 1639 2057 590 1329 2338 1680 1317 2464 1907 1506 2047 2212 1125 1785 1284 2446 1804 2338 2419 1883 2324 1105 1954 2727 434 2410 1180 2351 1915 1516 2430 2397 399 1221 1235 1689 2450 2196 886
998 3280 2771 2875 1173 641 1518 3137 3394 1243 2070 1312 2289 360 1613 3648 2317 2660 3272 3421 3250 2274 2099 1746 2953 3507 2051 2049 945 1613 663 3437 2361 2259 2236 1161 2969 1231 2539 1865 3135 2922 2939 3136 994 1620 2578 2861 2024 2045 865 1664 2014 1852 3188 3200 3193 3176 2203 1814 849 2087 3294 2873 3187 3588 1072 2330 2348 1061 922 3078 3948 2343 2367 1357 3418 3144 3254 2032 2486 2128 1333 3647 2541 988 2732 2653 2667 1872 3004 1922 2731 2620 2744 2366 2815 2910 2894 1899 1509 2341 2191 2800 3397 2606 3426 2238 2950 711 3133 1450 533 1325 3034 2585 1104 3191 3122 3116 3524 2994 1226 3123 3497 3206 1820 839 1533 1297 2964 1503 740 1700 2022 627 2435 861 904 1174 2990 1657 1955 1974 2375 1170 1744 3648 1495 872 2759 702 2053 2286 1215 2802 473 2874 3502 3208 2678 1451 895 3490 1572 2348 1521 2636 2129 2188 2883 1457 2461 1976 3108 2081 2637 1347 2619 2133 712 2084 2300 2335 3385 2961 3837 3076 2293 2852 3577 2789 3680 3068 2400 3310 3247 1929 2530 2965 2249 2757 1853 651 2424 1209 1709 1012 1368 1684 2954 1322 2709 1419 2578 2970 1739 2035 1876 1496 460 1217 2196 3338 1929 1788 2697 1127 1865 2963 3336 2757 998 2829 3166 2091 3031 3161 3124 2854 2528 3460 1215 2390 3147 1534 2528 2264 3764 2388 3531 3153 2517 1481 2177 2762 2439 2338 3901 2485 2421 1888 1399 3386 2646 2290 2877 2688 995 1997 3591 2142
1110 2788 3086 2804 2145 1515 529 3167 3194 1294 2321 721 2716 1613 360 3099 2265 2550 2311 3013 2779 1289 2607 2475 2611 3303 890 2881 1509 776 1527 2747 3134 1046 2975 2081 3025 942 2333 1425 2405 2538 2964 2281 1234 1581 2417 1739 2205 2335 1505 792 1046 1293 3000 3173 2480 3074 1987 1988 1216 2169 2504 2710 2018 3237 1456 2878 2886 1788 1930 2548 3560 2950 2812 824 2882 2623 2653 2122 2119 2267 713 3415 2587 1369 1951 1523 2280 1947 2234 2622 3291 1442 2715 2352 2882 3118 1874 1660 1343 1374 1338 2283 3056 3054 3137 1469 2085 1352 2151 1044 1453 2086 2585 2697 871 2629 2142 2998 3178 2278 1295 2910 3121 2490 2051 1745 710 1436 2915 546 1768 2554 2171 1465 1759 1341 1514 1719 2859 2107 1949 1667 1791 816 1073 3233 2112 1281 2980 1271 2047 2145 758 2731 1501 1815 3261 2885 2948 1748 1712 2881 1121 2184 1683 2228 2061 1005 1875 2094 3217 924 2206 1152 2089 1360 1471 1914 1605 2192 1566 2899 3029 2258 3582 3189 1623 2171 3172 2567 3356 3295 2414 3199 2650 851 2038 2059 2833 1718 1760 1686 2139 1059 988 1031 929 2228 2783 660 3133 1083 1582 2036 631 2253 1670 499 1549 1787 2396 3162 2406 1526 1706 2003 2340 2249 2569 1578 1201 2548 2722 2486 3049 2535 2920 2797 1641 3261 2113 1757 2596 2053 2090 2146 3333 1922 3056 2474 2011 755 2188 2258 1371 2787 3578 2433 1585 1371 1569 2789 1830 2737 2899 3424 1633 1024 3247 2847
2927 735 2341 1567 3384 3372 2998 1749 1232 2770 2302 3359 2534 3648 3099 360 1850 1590 1623 751 774 2231 2679 3047 1131 1233 2682 3310 3080 2725 3812 826 3275 2723 3156 3306 1801 2924 1562 2180 1121 1120 1740 1393 3034 2394 1577 2236 2239 2359 3157 2690 2424 2248 1270 1626 1044 1456 1829 2341 3619 2109 1149 1414 2386 874 2942 2769 2752 3108 3411 934 947 2895 2570 2880 590 865 807 2149 1526 2147 3013 1197 1861 3020 1542 2325 1349 2237 1299 3011 2889 2493 1679 1861 1833 2123 1926 2109 2507 2150 2126 1216 903 2604 1019 1989 1526 3667 1727 2660 3504 3093 984 1954 3238 834 1725 1427 883 1213 2787 1235 807 1041 2386 3310 2823 2712 1589 2994 3433 3268 2209 3381 1701 3151 3121 2936 1427 2667 2129 2034 1694 3164 2442 719 2895 3719 2142 3463 2060 1799 3201 1589 3598 2038 1141 1001 2238 2641 3226 605 2526 1736 2530 1374 1964 2661 1899 2926 3272 2562 1524 2317 1398 2661 2394 1890 3338 2136 1892 2803 872 1222 1217 1932 1842 1293 736 1375 967 2192 1875 1438 809 2633 1488 1607 2830 2035 2175 3447 1607 2878 2519 3517 2795 2771 1370 3127 2570 2668 2036 1672 2830 2275 2133 3061 3671 2933 2194 1287 2640 2223 1954 3248 2648 1238 1072 2469 3041 1283 867 2496 1720 928 1253 1598 1877 1241 3278 1712 872 2778 1480 1832 725 1628 570 1014 1506 2825 1993 1251 2271 2575 1078 1753 1894 2186 2628 676 1669 2572 1740 3311 3077 2445 893 3057
1714 1482 1292 933 1910 2037 2108 1266 1436 1533 827 2373 1175 2317 2265 1850 360 703 2172 1535 1437 1825 1253 1565 1080 1550 2118 1871 1733 1853 2544 1837 1911 2292 1765 1836 1119 1829 650 1219 1685 1095 1061 1891 1790 1116 640 2298 749 886 1812 1848 1814 1367 1230 1290 1697 1230 679 880 2438 622 1882 917 2630 1660 1616 1426 1417 1682 1972 1372 2020 1552 1248 1862 1640 1407 1585 667 853 663 2015 1690 688 1723 1568 2218 941 805 1674 1552 1712 2334 820 453 977 1246 2081 965 1331 1800 1620 1184 1473 1405 1481 1487 1807 2437 2130 1608 2205 1615 1245 817 2151 1491 2119 1165 1595 1580 1546 1169 1585 1710 908 1905 1916 1419 1035 2095 2031 1785 719 2064 1332 1863 1773 1524 1035 1181 728 973 1189 2100 1575 1748 1410 2537 1130 2227 625 517 2164 857 2297 2153 1546 1289 1140 1230 1824 1777 1507 535 1159 956 569 2190 2050 1443 1938 1940 1961 1746 1164 1417 2252 733 1973 646 1427 1461 1470 1542 1880 1285 1330 1453 1675 858 1739 1419 520 1365 1575 1982 1052 1889 1455 2056 886 2069 721 1734 1656 2400 1750 1280 997 2139 1435 1585 1902 1946 2063 789 956 2163 2365 1504 749 1381 1168 1099 1934 1787 1166 1561 1877 2408 1810 931 1344 1053 1149 1551 1168 918 1693 1502 1803 1265 1446 1297 969 494 1865 1004 1682 1620 1071 1880 508 1146 2008 1240 1953 536 1590 1292 1289 1682 1600 1214 996 2048 1691 1823 1659 1646
2049 1245 1244 614 2228 2380 2399 991 1093 1868 1087 2684 1313 2660 2550 1590 703 360 2144 1240 1195 1999 1449 1826 833 1207 2344 2080 2076 2133 2886 1667 2062 2497 1934 2158 878 2149 602 1486 1591 889 804 1847 2128 1448 503 2392 1052 1142 2155 2122 2035 1625 888 983 1584 897 922 1217 2774 947 1782 577 2699 1335 1958 1557 1542 2020 2305 1200 1693 1685 1360 2170 1402 1213 1407 999 897 948 2322 1347 641 2065 1598 2346 869 1148 1627 1781 1751 2480 559 665 778 1110 2139 1259 1653 1958 1802 1103 1156 1444 1149 1654 1806 2777 2133 1915 2548 1932 1041 763 2474 1307 2123 827 1272 1516 1881 830 1273 1596 1235 2244 2205 1758 726 2387 2371 2048 1034 2407 1436 2205 2116 1865 693 1492 1069 1243 1306 2419 1842 1439 1721 2873 1045 2566 967 771 2480 542 2639 2226 1204 981 1104 1572 2165 1562 1804 726 1501 912 901 2399 2106 1757 2070 2171 1940 1954 1166 1751 2390 996 2316 962 1576 1592 1159 1482 1538 1064 1478 1417 1367 579 1406 1261 657 1030 1396 2221 1091 1898 1610 2144 1212 2411 807 2059 1926 2729 2060 1573 655 2447 1441 1897 2015 1963 2330 1074 1259 2457 2708 1842 970 1038 1417 1399 2022 2113 1431 1505 1759 2536 2147 687 1104 1266 875 1405 828 610 1798 1159 2121 1380 1267 1615 999 780 1555 1110 1403 1500 1119 2176 845 1076 2160 1361 1616 542 1716 1547 1631 1478 1661 1352 746 2140 2033 2048 1333 1830
2517 1561 3027 2298 3338 3038 2279 2639 2282 2443 2599 2651 2987 3272 2311 1623 2172 2144 360 1823 1597 1397 3041 3248 1774 2339 1792 3621 2815 2066 3329 1157 3710 1726 3556 3252 2602 2409 1946 1845 959 1678 2524 660 2648 2237 2031 1061 2479 2654 2874 2017 1663 1804 2196 2553 1008 2376 1927 2440 3059 2344 841 2111 1128 2052 2678 3237 3228 2969 3257 1404 2210 3361 3060 2303 1521 1444 1295 2349 1678 2438 2385 2363 2396 2700 990 1226 1638 2319 876 3291 3510 1381 2329 2243 2548 2885 807 1973 2202 1317 1441 1401 1964 3201 2098 1403 735 3156 523 2182 3102 3099 1571 2535 2646 1364 531 2311 2026 993 2458 2110 1940 1003 2516 3100 2164 2464 2383 2284 3198 3444 2433 3022 1298 2793 2850 2801 2224 2780 2216 1883 1424 2564 1887 1941 2961 3149 2830 2988 2217 2030 2567 2268 3186 894 2252 1910 2884 2569 3023 1385 2067 1996 2433 1602 2133 1709 799 2977 3744 1756 571 1573 1368 2374 1298 1933 3055 2382 1361 3271 1923 1024 2440 2782 1404 1089 1921 1966 2173 3018 2297 2431 1303 1825 1481 680 3259 963 2129 3171 1810 2423 1927 2905 2269 2922 2128 2464 3213 2217 1090 662 2054 2538 2012 2335 3256 2833 2553 2303 2911 2002 966 3174 2884 1000 913 1308 2638 1862 1623 2841 2555 1208 2131 2318 1104 2323 3247 1367 1376 2841 1562 2065 1981 1557 1729 1083 1464 2198 2250 1427 1304 3052 2329 2203 1215 1791 2459 1358 1022 3025 2487 3861 2872 1684 2070 3428
2731 632 1952 1185 3085 3141 2894 1360 861 2562 1966 3238 2165 3421 3013 751 1535 1240 1823 360 613 2215 2320 2706 830 889 2652 2948 2841 2616 3610 1068 2898 2730 2784 3010 1410 2761 1262 2016 1241 863 1350 1548 2830 2161 1255 2347 1918 2021 2920 2588 2368 2110 879 1239 1179 1066 1578 2047 3443 1797 1347 1045 2553 603 2709 2394 2376 2837 3135 859 909 2519 2195 2737 677 789 889 1841 1309 1819 2880 900 1498 2798 1565 2396 1128 1953 1391 2658 2500 2560 1304 1530 1446 1732 2040 1894 2307 2143 2075 1092 520 2218 651 1925 1630 3476 1894 2500 3288 2790 788 1580 3085 837 1889 1036 565 1277 2577 847 482 1183 2082 3050 2709 2485 1200 2888 3175 2928 1893 3157 1631 2934 2882 2670 1041 2355 1851 1832 1582 3016 2320 588 2585 3545 1754 3267 1769 1513 3061 1214 3382 2150 797 622 1852 2372 2967 856 2369 1449 2274 1169 1679 2655 2009 2618 2892 2511 1678 2264 1286 2448 2460 1648 3095 1819 1826 2428 484 1269 995 1542 1756 1298 520 1039 731 1801 1535 1057 883 2578 1338 1723 2459 2121 1929 3200 1357 2699 2402 3360 2642 2447 992 2999 2181 2500 2078 1794 2754 1947 1912 2957 3454 2660 1850 907 2297 2021 2021 2958 2311 1291 1282 2561 2840 967 652 2144 1328 992 864 1216 1888 884 2978 1621 843 2472 1300 1542 702 1465 541 1114 1363 2700 1682 1115 2297 2202 936 1414 1873 2040 2384 838 1684 2201 1352 2925 2823 2387 619 2691
2541 412 2003 1216 2970 2972 2665 1473 1047 2378 1894 3016 2148 3250 2779 774 1437 1195 1597 613 360 1965 2282 2638 724 1102 2405 2913 2677 2388 3424 894 2895 2478 2769 2891 1486 2555 1149 1807 1003 705 1416 1312 2644 1991 1168 2096 1827 1952 2754 2358 2125 1890 993 1366 948 1185 1419 1927 3244 1696 1130 1042 2311 857 2541 2389 2372 2697 2999 605 1142 2516 2190 2522 567 535 666 1735 1124 1737 2661 1138 1473 2623 1311 2143 943 1823 1143 2608 2543 2306 1309 1452 1488 1804 1791 1711 2117 1892 1831 856 730 2247 862 1682 1382 3284 1656 2291 3110 2678 576 1578 2875 593 1651 1134 814 1027 2394 926 735 954 1972 2901 2483 2312 1262 2660 3024 2859 1796 2984 1388 2756 2718 2526 1092 2253 1715 1642 1350 2804 2096 815 2481 3345 1799 3078 1645 1385 2845 1223 3204 1900 1017 692 1886 2229 2817 735 2158 1321 2121 974 1550 2405 1759 2511 2898 2268 1440 2020 1050 2267 2207 1483 2934 1723 1583 2423 690 1017 1248 1643 1517 1044 760 976 985 1899 1471 1213 657 2336 1117 1476 2444 1868 1767 3042 1196 2500 2176 3152 2431 2358 1016 2779 2224 2295 1824 1548 2517 1865 1734 2728 3277 2521 1790 1075 2234 1832 1767 2834 2239 1040 1074 2308 2653 876 453 2094 1417 751 946 1245 1635 1086 2863 1383 592 2363 1093 1417 914 1252 645 876 1139 2478 1579 884 2044 2193 1187 1349 1623 1823 2223 669 1431 2186 1403 2953 2669 2145 872 2666
1540 1962 2755 2239 2485 2065 1243 2624 2501 1521 2096 1617 2528 2274 1289 2231 1825 1999 1397 2215 1965 360 2502 2563 1891 2597 812 2974 1888 1035 2304 1841 3144 879 2979 2402 2517 1402 1757 1074 1498 1800 2444 1352 1676 1473 1856 980 1962 2136 1933 985 627 953 2332 2592 1576 2453 1506 1820 2026 1862 1581 2095 1335 2455 1764 2751 2751 2096 2353 1721 2742 2857 2619 1282 2029 1795 1785 1839 1472 1974 1351 2685 2144 1755 1050 809 1581 1721 1321 2656 3115 882 2194 1918 2402 2704 984 1323 1337 445 566 1495 2291 2825 2395 704 1157 2128 1243 1212 2101 2299 1801 2280 1613 1779 1233 2376 2403 1383 1534 2236 2333 1584 1902 2178 1130 1588 2350 1248 2258 2719 1916 2039 962 1823 1916 1949 2245 2098 1657 1262 1063 1531 920 2418 2218 2113 2596 1971 1715 1671 1530 2177 2180 960 2537 2146 2603 1793 2110 1999 1126 1679 1667 1525 1675 799 976 2221 3204 725 1277 554 1312 1487 817 1460 2102 1898 787 2781 2258 1369 2830 2701 882 1300 2366 1933 2580 2873 1985 2560 1784 797 1315 1130 2741 843 1491 2214 1552 1438 931 1868 1266 2246 2153 1427 2875 1256 669 1110 1023 2023 1356 1300 2247 1997 2112 2486 2324 1265 794 2320 2275 1356 1648 983 1660 1877 1927 2324 2512 1662 2250 2243 720 2562 2411 998 1755 2113 1395 1691 2506 1253 2222 1583 1284 1169 1820 1482 567 2602 2792 1950 702 991 1636 1914 924 2561 2385 3370 1971 647 2467 2844
1806 2331 1060 1519 1390 1870 2438 1597 2044 1680 802 2568 572 2099 2607 2679 1253 1449 3041 2320 2282 2502 360 812 1918 2140 2660 991 1625 2259 2391 2723 1028 2874 875 1353 1439 2043 1531 1791 2577 1958 1449 2771 1835 1433 1483 3063 926 748 1685 2277 2396 1928 1876 1703 2590 1767 1476 1043 2417 1058 2775 1635 3413 2376 1589 630 639 1406 1577 2254 2714 717 630 2144 2490 2281 2467 1057 1737 964 2275 2285 1181 1709 2419 2940 1834 1141 2557 706 1047 3024 1385 1207 1316 1253 2892 1541 1651 2504 2301 2077 2216 866 2175 2207 2669 2353 2982 1937 2063 1143 2112 1116 2291 2370 2971 1740 2318 2469 1683 1860 2336 2604 962 1620 2279 1535 1552 2421 1727 1015 973 1921 2142 1821 1651 1349 1668 867 1218 1611 2001 2275 2068 2502 965 2497 1117 2173 1192 1377 2353 1474 2132 2947 2177 2058 1010 1220 1569 2643 1906 1420 1289 1849 1269 2768 2863 1002 1071 2487 2830 2366 2044 1607 2958 1479 1762 1019 2178 653 2227 2431 2469 1470 2093 2337 2433 1666 2417 1380 1175 1880 2456 2502 1924 2743 598 2838 1371 1808 1606 1924 2125 2460 2038 783 1693 2379 970 1892 2662 2793 2494 865 1506 2475 2182 1285 865 1973 562 1603 2721 1354 629 2448 2770 3123 1867 1767 2190 561 1526 2441 1849 1488 2474 2095 1299 2071 2326 956 1850 1341 2614 1845 2489 2513 1938 2222 1153 2039 2706 603 2597 1296 2356 1876 1398 2553 2427 559 1409 1228 1515 2397 2369 753
1617 2684 1504 1935 970 1556 2311 2046 2472 1549 1104 2366 1023 1746 2475 3047 1565 1826 3248 2706 2638 2563 812 360 2275 2572 2632 776 1372 2185 2047 3035 1023 2857 873 953 1885 1893 1856 1856 2846 2299 1889 3001 1627 1449 1829 3162 1180 1047 1412 2214 2407 1970 2293 2148 2871 2199 1704 1168 2126 1319 3043 2029 3520 2785 1385 969 991 1105 1191 2575 3132 961 1068 2017 2843 2612 2787 1293 2004 1262 2125 2718 1581 1490 2618 3012 2133 1290 2798 536 1349 3069 1796 1546 1754 1705 3036 1652 1613 2582 2377 2363 2616 1272 2587 2313 2873 2039 3167 1858 1743 792 2450 1541 2082 2695 3155 2167 2725 2725 1546 2267 2735 2885 1094 1279 2180 1419 1980 2293 1365 582 1218 1613 2315 1571 1386 1121 2082 833 1395 1738 2184 2084 2058 2901 726 2194 1569 1884 1414 1653 2163 1881 1798 3074 2602 2447 1462 1140 1250 2983 1866 1708 1258 2137 1509 2754 3010 740 1113 2471 3041 2400 2293 1512 3017 1683 1440 1286 2307 967 2622 2686 2904 1922 2235 2583 2830 2033 2836 1827 1533 2318 2777 2471 2167 2935 879 2957 1486 1458 1881 1776 2097 2203 1926 687 2094 2211 1379 1808 2771 2977 2414 1136 1614 2337 1837 1051 1216 2402 769 1667 2849 979 759 2701 3049 3183 1661 2123 2545 935 1969 2744 2258 1905 2607 2526 897 2245 2649 812 2107 1616 3016 2062 2867 2800 2174 2117 1433 2323 2770 1043 3025 1654 2484 1936 1316 2887 2601 1006 1844 1333 1247 2403 2780 761
2272 773 1676 899 2624 2672 2481 1224 969 2099 1531 2811 1787 2953 2611 1131 1080 833 1774 830 724 1891 1918 2275 360 1067 2301 2549 2372 2203 3146 1204 2536 2410 2408 2548 1196 2315 797 1579 1185 460 1119 1474 2367 1694 806 2151 1468 1588 2451 2180 2001 1687 814 1144 1159 973 1110 1583 2989 1341 1359 712 2416 1007 2240 2030 2015 2368 2667 752 1360 2158 1833 2302 931 749 944 1382 861 1375 2449 1166 1114 2331 1329 2153 691 1485 1266 2244 2205 2306 967 1089 1166 1497 1864 1433 1849 1830 1723 782 816 1903 885 1568 1482 3016 1795 2058 2821 2330 580 1226 2642 845 1787 902 943 1144 2114 719 906 1170 1622 2580 2291 2018 972 2473 2705 2497 1439 2689 1288 2468 2413 2201 810 1900 1382 1378 1203 2576 1904 1055 2129 3090 1471 2807 1303 1045 2625 888 2915 1965 1013 634 1549 1902 2497 1088 1930 981 1804 743 1211 2324 1831 2161 2543 2145 1586 1904 941 1984 2209 1181 2626 1366 1472 2065 797 1118 1330 1371 1387 1089 983 614 1115 1615 1107 1053 933 2207 945 1578 2083 1907 1460 2730 891 2247 1988 2914 2202 2000 715 2571 1889 2054 1819 1649 2362 1504 1449 2543 2987 2191 1425 958 1870 1565 1792 2494 1876 1143 1324 2334 2379 512 632 1730 1143 964 737 923 1608 1031 2517 1258 809 2013 882 1075 1171 1049 963 1075 975 2276 1225 780 2010 1835 1340 984 1561 1613 1915 1005 1427 1825 1091 2606 2353 2019 1012 2303
2884 1138 1619 1010 3042 3228 3165 964 474 2703 1879 3480 1951 3507 3303 1233 1550 1207 2339 889 1102 2597 2140 2572 1067 360 3008 2737 2923 2890 3732 1597 2628 3117 2539 2977 1082 2962 1360 2250 1745 1157 1055 2054 2968 2285 1300 2816 1876 1926 3002 2870 2707 2370 680 834 1690 733 1720 2060 3609 1787 1868 996 3048 725 2804 2145 2124 2861 3139 1318 961 2260 1954 2966 1207 1263 1404 1841 1544 1769 3116 506 1369 2909 2004 2839 1392 1995 1877 2486 2157 2997 1151 1505 1185 1376 2516 2064 2474 2535 2431 1471 736 1911 601 2275 2112 3618 2397 2714 3394 2747 1181 1390 3290 1336 2391 768 711 1757 2717 758 792 1696 2071 3087 2973 2601 951 3156 3214 2788 1866 3254 1995 3049 2963 2709 879 2308 1915 2026 1910 3229 2590 891 2533 3709 1447 3407 1814 1598 3285 1077 3486 2622 453 819 1559 2418 3009 1383 2593 1541 2348 1446 1744 3032 2483 2571 2602 2851 2181 2610 1646 2586 2899 1797 3163 1797 2180 2175 777 1741 697 1148 2095 1744 858 1108 684 1393 1479 631 1396 2911 1652 2208 2225 2579 2045 3256 1532 2881 2675 3553 2860 2367 915 3240 1851 2703 2509 2280 3059 1886 2071 3226 3555 2683 1749 533 2172 2203 2470 2939 2203 1765 1807 3014 2985 1114 1088 1997 991 1493 752 1037 2304 407 2936 1966 1329 2436 1584 1614 958 1748 1037 1618 1682 2953 1691 1478 2710 1969 820 1383 2265 2294 2477 1366 2113 1982 1090 2594 2879 2724 708 2468
1398 2405 3019 2594 2430 1892 907 2975 2906 1471 2299 1247 2725 2051 890 2682 2118 2344 1792 2652 2405 812 2660 2632 2301 3008 360 3048 1792 835 2018 2293 3260 588 3096 2354 2852 1221 2107 1271 1951 2215 2783 1789 1535 1586 2202 1211 2168 2328 1815 794 668 1121 2727 2958 2029 2832 1805 1985 1716 2095 2026 2467 1507 2888 1694 2924 2927 2044 2253 2163 3185 3017 2819 1078 2478 2238 2235 2059 1845 2204 1077 3104 2446 1647 1503 995 1978 1909 1773 2752 3316 932 2530 2211 2724 3003 1349 1540 1383 896 939 1923 2719 3045 2816 1093 1597 1839 1630 1142 1880 2301 2232 2573 1323 2227 1621 2755 2834 1835 1479 2632 2768 2036 2062 2068 888 1581 2706 919 2122 2755 2127 1854 1383 1673 1810 1928 2619 2199 1874 1509 1457 1248 952 2860 2268 1791 2881 1719 1954 1974 1221 2526 1945 1286 2953 2564 2871 1854 2015 2451 1126 1996 1749 1923 1937 498 1352 2262 3332 539 1702 757 1734 1483 947 1744 1957 2126 1191 2951 2687 1822 3257 3030 1273 1750 2806 2310 3012 3177 2277 2947 2234 520 1716 1559 2897 1192 1686 2058 1901 1302 898 1539 1119 2339 2533 1109 3109 1193 1073 1528 674 2225 1564 948 2004 1989 2342 2885 2467 1437 1192 2271 2408 1808 2095 1070 1509 2268 2361 2504 2859 2113 2646 2594 1172 2971 2374 1403 2200 2182 1786 1986 2951 1629 2668 2036 1686 949 2079 1906 847 2798 3228 2265 1148 1191 1675 2366 1377 2753 2721 3519 1899 656 2900 2961
2017 2962 1538 2138 1236 1900 2719 2163 2648 1961 1406 2754 1150 2049 2881 3310 1871 2080 3621 2948 2913 2974 991 776 2549 2737 3048 360 1757 2600 2352 3348 679 3274 609 1254 2019 2299 2155 2263 3187 2587 2042 3363 2021 1860 2112 3568 1511 1348 1787 2630 2822 2381 2491 2281 3205 2367 2059 1549 2472 1650 3385 2263 3925 2994 1786 961 985 1479 1488 2880 3323 870 1143 2426 3121 2909 3093 1637 2343 1572 2529 2880 1810 1884 2992 3422 2452 1667 3154 690 1189 3483 2008 1833 1914 1774 3430 2047 2029 2990 2785 2692 2840 1250 2791 2714 3246 2370 3549 2274 2077 1164 2741 1734 2469 2997 3537 2349 2938 3073 1957 2481 2960 3218 1470 1615 2593 1834 2160 2700 1678 712 1555 1960 2698 1951 1765 1522 2288 1236 1766 2130 2562 2478 2474 3125 1141 2531 1664 2235 1767 1983 2556 2097 2119 3473 2782 2685 1550 1557 1604 3273 2283 2032 1672 2463 1855 3170 3403 1152 780 2887 3412 2814 2643 1928 3429 2048 1782 1614 2703 937 2852 3034 3057 2009 2627 2936 3057 2297 3028 1854 1805 2470 3083 2888 2519 3313 874 3358 1878 1777 2213 2184 2514 2567 2338 1088 2318 2611 1348 2224 3173 3358 2828 1456 2009 2742 2147 1453 1490 2576 1073 2073 3248 1307 1097 3050 3384 3595 2056 2398 2821 1182 2110 3063 2470 2106 3003 2695 1203 2626 2953 1228 2451 1946 3235 2426 3119 3130 2530 2530 1757 2653 3181 1128 3197 1926 2881 2345 1733 3183 2985 1117 2010 1006 1629 2819 2986 630
643 2708 2253 2294 1003 664 1358 2569 2809 733 1515 1356 1792 945 1509 3080 1733 2076 2815 2841 2677 1888 1625 1372 2372 2923 1792 1757 360 1316 1182 2895 2035 2019 1885 934 2402 945 1954 1346 2609 2344 2368 2645 634 1046 1993 2505 1455 1498 439 1359 1657 1371 2603 2625 2662 2595 1623 1237 1153 1508 2779 2288 2854 3005 502 1882 1896 641 827 2515 3365 1923 1878 1087 2850 2578 2699 1452 1914 1556 1157 3063 1967 505 2235 2314 2093 1288 2493 1537 2299 2320 2165 1784 2247 2369 2480 1334 980 1940 1761 2241 2813 2126 2841 1772 2470 1104 2691 1040 839 952 2461 2020 1072 2630 2679 2534 2940 2468 718 2538 2915 2675 1251 649 1275 733 2386 1339 743 1417 1448 694 1924 559 401 636 2407 1135 1370 1415 1845 1083 1328 3067 1037 1238 2218 911 1468 1701 1160 2220 927 2480 2917 2624 2146 873 584 2932 1125 1764 935 2065 1544 1927 2463 1008 2126 1667 2635 1696 2088 807 2296 1555 618 1507 1817 1894 2802 2434 3252 2519 1791 2323 2995 2204 3096 2534 1820 2729 2691 1641 1974 2498 1814 2359 1272 731 1845 850 1324 1199 1032 1203 2369 1223 2224 993 2170 2514 1515 1472 1307 1370 993 701 1635 2754 1434 1236 2279 854 1366 2438 2815 2452 667 2246 2591 1575 2460 2612 2539 2274 2078 2875 964 1871 2586 1030 1964 1679 3184 1834 2955 2615 1964 1210 1594 2201 2080 1851 3316 1902 1961 1388 816 2828 2164 1800 2305 2345 487 1645 3007 1768
924 2400 2694 2388 1955 1430 638 2752 2780 1004 1939 995 2349 1613 776 2725 1853 2133 2066 2616 2388 1035 2259 2185 2203 2890 835 2600 1316 360 1628 2402 2828 1063 2665 1880 2612 753 1916 1008 2065 2133 2550 1984 1062 1199 2000 1607 1817 1959 1341 410 768 879 2585 2757 2137 2657 1571 1610 1352 1770 2187 2294 1937 2835 1221 2528 2534 1570 1778 2163 3164 2610 2444 616 2503 2238 2284 1726 1707 1872 679 3004 2177 1172 1617 1400 1872 1556 1904 2315 2933 1379 2300 1941 2470 2714 1659 1247 969 1111 1007 1892 2651 2682 2728 1111 1789 1453 1916 687 1440 1835 2188 2290 939 2251 1906 2582 2775 1932 1011 2495 2721 2147 1679 1594 461 1126 2499 631 1652 2295 1781 1396 1386 1203 1335 1461 2443 1774 1548 1251 1398 857 659 2839 1819 1443 2580 1299 1643 1730 865 2314 1514 1628 2850 2478 2553 1419 1539 2517 722 1768 1331 1822 1651 971 1652 1808 2904 725 1929 852 1698 1033 1369 1498 1488 1795 1201 2552 2626 1907 3174 2778 1242 1812 2776 2151 2952 2891 2004 2783 2280 688 1638 1781 2491 1514 1357 1591 1723 827 575 1203 644 1907 2367 772 2756 736 1345 1772 594 1868 1259 701 1579 1524 2004 2747 2060 1117 1468 1797 1997 1901 2244 1515 1037 2135 2326 2121 2634 2170 2505 2382 1341 2848 1901 1373 2216 1741 1684 1732 2942 1516 2669 2121 1612 494 1781 1864 1187 2421 3176 2019 1259 956 1237 2421 1505 2373 2485 3101 1424 749 2844 2532
