140 1653 628 768 1609 466 2206 1713 2804 1002 2864 2077 1766 1545 1265 2300 1256 2463 1394 833 1066 1326 1589 999 371 1960 2189 2673 980 1750 698 1585 695 1203 1124 1808 2508 550 2587 1723 1011 2678 2802 2207 1880 2445 1448 2325 2062 2296 2394 2332 2198 2653 1829 2592 893 1622 2742 762 1706 2393 1520 1498 2041 2140 491 935 1593 971 1559 1363 905 1482 2301 2272 1217 2358 2435 2240 335 1029 2519 1690 2449 2512 1774 1477 2735 1885 652 831 2015 1893 1240 2095 2891 737 1356 2719 1846 893 1773 2423 2611 541 2296 998 1986 2753 1893 906 1107 2416 2349 887 1850 839 1214 1270 1024 1427 2176 2112 1655 1940 1463 572 2268 695 896 2181 595 1860 1257 1077 1265 771 2977 1045 2644 2223 1892 2079 1306 1033 1987 497 2463 800 2360 2164 498 2277 1139 1915 1633 669 1929 1848 1834 766 1471 3012 1616 1215 1203 667 925 1527 1624 2149 1350 769 1532 2563 2205 1578 2346 1312 2907 2157 1515 1400 2248 961 711 2069 542 1527 1274 1549 1658 2561 1576 1087 1132 648 531 877 1650 2753 2423 1435 2063 2412 1624 1053 1304 2967 1177 2240 1707 1056 1724 1083 1500 2328 2695 2446 413 1072 1361 1350 866
1753 360 2234 2232 684 1692 1919 2269 1664 2615 1889 2225 2020 1177 1524 1624 2356 1659 2222 1189 1121 1258 1679 1724 1652 1311 2575 1833 2577 1116 2176 1105 1609 1939 1245 817 1384 1480 1706 993 1717 1448 1740 1008 1474 1617 2209 1396 1274 2469 1608 1660 985 2039 1012 1770 1563 1980 1599 2119 2420 1236 859 983 774 1038 1529 1082 2107 1054 2446 1899 2484 1607 1160 986 1266 1372 1165 2445 1737 2232 1452 1259 1624 1887 2658 1264 2005 1146 1934 1646 741 2473 1335 1851 1815 1429 1634 1900 991 2416 1186 3004 2195 1700 1413 1050 1094 1598 1201 2513 2621 1242 2033 1490 622 1495 1354 870 2614 704 1240 1806 951 2018 931 1733 2536 2046 1190 2270 1856 1953 774 1052 1101 2157 2124 2134 1419 1273 1448 1849 1115 1026 2619 1522 1391 1348 1168 1030 2050 1331 2684 623 1604 1807 1531 2706 2433 2146 2334 1975 407 1857 1015 2277 2052 1097 1774 2533 2036 2381 1457 1504 2612 2114 1897 1686 1757 2721 2388 1941 2027 2575 2089 1661 1485 967 1942 2225 2413 1474 1851 2662 892 1957 2143 1878 1607 1870 1218 1808 1916 1148 1930 1843 1338 1864 1961 1164 564 2637 688 1311 1449 2643 1666 2870 2022 1649 2500 689 1523
728 2234 360 891 2198 934 2592 1913 3339 772 3365 2360 2059 2029 1782 2859 1302 2942 1545 1420 1648 1884 1959 1329 959 2528 2387 3151 804 2326 661 2083 1122 1448 1611 2397 3047 1115 3076 2305 1343 3236 3322 2796 2428 2930 1617 2834 2637 2550 2873 2793 2787 3084 2351 3070 1301 1906 3279 998 1845 2940 2107 2017 2627 2685 1065 1512 1829 1559 1649 1642 790 1865 2847 2856 1777 2876 3004 2489 858 1080 3047 2253 2933 2952 1832 2035 3188 2391 867 1327 2589 2057 1789 2481 3412 1306 1725 3191 2372 703 2344 2533 2998 965 2799 1587 2569 3293 2390 639 1050 3004 2730 1423 2419 1285 1664 1822 861 2016 2758 2511 2179 2260 1990 961 2495 809 1483 2470 1011 2186 1844 1621 1773 794 3448 1164 3200 2805 2444 2463 1880 1622 2120 1085 2993 1377 2949 2713 578 2792 1036 2497 2028 981 2473 1908 1999 798 1589 3523 2198 1496 1735 412 1244 2026 1972 2351 1573 574 2066 3088 2393 1808 2758 1796 3444 2297 1620 1668 2614 724 784 2495 1110 2109 1526 1731 1788 3091 1895 947 1707 843 463 1281 2045 3238 2978 1753 2429 2980 1924 1329 1852 3493 1410 2828 2274 908 2281 1556 1925 2535 3210 2607 614 1559 1361 1936 1396
868 2232 891 360 2105 1193 2935 2385 3462 931 3557 2786 2477 2258 1457 2573 1821 3171 2035 1416 1515 1639 2315 1712 1013 2279 2863 3381 815 2113 1175 2290 1422 1889 1842 2272 3166 1242 3289 2125 1725 3304 3479 2695 2127 3150 2100 3015 2411 2997 3102 3049 2694 3377 2514 3301 1620 2329 3399 520 2343 3040 1967 2191 2578 2794 1177 1561 2281 1543 2161 2065 692 2210 2951 2818 1543 3041 3035 2938 1063 1594 3190 1997 3154 3234 2354 1778 3453 2583 1296 1033 2611 2547 1529 2824 3566 1167 2082 3430 2527 1222 2113 3045 3340 1263 2992 1541 2384 3406 2596 1006 750 2877 3077 1181 2460 1567 1940 1932 821 1943 2562 2841 2341 2660 2148 1286 2957 1283 1403 2893 740 2580 1817 1758 1970 1302 3688 1657 3271 2609 2151 2808 1685 1566 2622 1122 3132 1250 2834 2812 1006 2964 821 2481 2362 1362 2162 2430 2488 1303 2091 3697 2188 1916 1891 870 767 2233 2348 2825 2029 783 1753 3237 2874 2263 3073 1418 3564 2798 2127 2098 2976 924 1273 2795 1231 1937 1964 2210 2289 3229 2293 829 1756 1280 837 877 2379 3457 3056 2150 2790 3017 2336 1749 1583 3637 1857 2673 2326 818 2366 1806 2228 3008 3377 3101 778 1211 1890 1905 1145
1709 684 2198 2105 360 1706 2226 2480 1935 2549 2193 2494 2265 1450 1255 1340 2472 1982 2383 1142 950 979 1927 1859 1599 1005 2823 2153 2492 796 2193 1389 1677 2097 1416 577 1669 1475 2024 676 1855 1681 2031 959 1151 1939 2382 1715 996 2742 1932 1984 954 2363 1333 2091 1680 2208 1870 1974 2612 1517 551 1254 844 1345 1509 1096 2317 1006 2607 2090 2388 1843 1450 1084 1013 1686 1374 2713 1721 2319 1750 935 1946 2211 2829 958 2328 1465 1980 1466 986 2689 1073 2152 2101 1301 1846 2220 1313 2425 865 3234 2515 1733 1735 971 836 1865 1519 2475 2492 1167 2344 1306 926 1597 1550 1051 2522 546 1014 2111 1254 2288 1193 1774 2799 2087 1082 2548 1725 2218 743 1178 1308 2197 2439 2239 1656 1056 1126 2149 851 935 2832 1472 1689 1218 1110 1330 2038 1650 2566 803 1865 1867 1209 2883 2645 2187 2495 2267 648 2024 1192 2236 1867 1370 2020 2780 2211 2316 1148 1802 2858 2321 2215 1414 2021 2947 2550 2134 2330 2513 2127 1971 1475 653 2113 2414 2597 1766 2083 2558 959 1999 2099 1690 1870 2185 1478 2020 2209 1366 2163 1980 1063 2141 2112 1011 888 2538 1011 1472 1699 2903 1966 3120 1964 1418 2614 664 1342
566 1692 934 1193 1706 360 2102 1630 2765 1343 2799 1973 1663 1468 1545 2497 1252 2385 1334 935 1235 1545 1482 898 639 2144 2101 2596 1350 1920 848 1516 589 1117 1046 1918 2472 595 2515 1872 909 2665 2750 2290 2101 2371 1380 2265 2226 2196 2316 2246 2277 2558 1778 2514 787 1521 2705 1187 1642 2366 1652 1444 2098 2111 583 978 1502 1062 1519 1265 1294 1376 2274 2318 1439 2304 2441 2141 492 1044 2473 1890 2374 2420 1742 1692 2647 1821 656 1159 2032 1818 1479 1991 2839 979 1250 2639 1798 1085 1953 2360 2508 440 2232 1109 2126 2718 1824 1203 1515 2510 2244 1168 1859 738 1120 1252 1400 1520 2318 2010 1605 1834 1416 485 2173 749 1051 2076 995 1754 1330 1049 1201 856 2897 1020 2629 2364 2108 1975 1493 1147 1920 677 2419 1013 2448 2140 726 2220 1538 1956 1529 602 2156 1813 1759 846 1422 2953 1660 1119 1161 984 1332 1458 1517 2060 1266 1123 1781 2515 2119 1488 2246 1622 2870 2087 1470 1303 2142 1297 785 1972 597 1680 1184 1473 1598 2517 1471 1473 1160 668 864 1259 1546 2679 2406 1330 1957 2415 1521 963 1542 2920 1096 2355 1713 1439 1712 997 1401 2237 2639 2366 803 1390 1375 1419 1157
2306 1919 2592 2935 2226 2102 360 1375 1765 2987 1495 921 1021 1178 2833 3181 1983 1073 1659 2113 2335 2639 992 1623 2310 2869 1321 1197 3037 2661 2339 1214 1874 1563 1498 2375 1613 2089 1221 2542 1608 1938 1610 2424 3008 1106 1586 1248 2832 1067 1037 873 2389 918 1284 1139 1676 1148 1744 2913 1588 1648 2362 1357 2162 1528 2150 1955 1311 2080 1783 1364 3008 1089 1601 2201 2588 1339 1973 1080 2231 2055 1506 2777 1102 850 1872 2711 1091 1154 2086 2684 1872 1465 2663 471 1683 2410 1227 1191 1314 2523 2729 1782 766 2036 1179 2140 2649 1775 1094 2793 3248 2629 503 2588 1771 1728 1369 1646 3093 2148 2776 476 1332 812 1423 2021 1191 2162 2247 879 2679 843 2029 1692 1443 2227 1395 1917 1905 2802 2987 488 2499 2153 1588 2238 1502 2368 2550 1580 2380 1274 3257 2001 933 1974 3068 1869 1470 2217 1722 1685 1944 1486 1573 2644 3003 1248 991 1296 1500 2806 2894 1505 1363 1336 582 2981 1846 1576 1748 1358 477 2937 2200 622 2101 2465 1492 1498 1630 1556 1093 3177 1863 2111 2561 2876 916 1298 1765 1222 550 1939 1101 1639 2698 1780 1607 2650 1726 3139 1601 1513 1076 1301 1500 1552 2539 2829 2081 2028 2603
1813 2269 1913 2385 2480 1630 1375 360 2673 2240 2479 893 725 1495 2727 3445 1061 2028 739 1973 2288 2634 995 1113 1906 3089 838 2189 2329 2855 1615 1584 1439 873 1430 2685 2451 1756 2184 2761 1107 2756 2553 2903 3139 2046 661 2102 3112 1017 1974 1823 2875 1931 1851 2120 1289 666 2635 2424 574 2429 2536 1665 2643 2223 1794 1877 523 2023 779 767 2341 1033 2354 2776 2546 2185 2684 954 1754 1220 2377 2902 2045 1861 863 2756 2106 1778 1449 2409 2419 570 2607 1296 2636 2178 996 2194 1888 1722 2911 1130 1709 1549 2037 2092 2956 2662 1731 2030 2602 3135 1465 2380 2257 1385 1290 1789 2388 2328 3128 1365 1768 923 1705 1508 944 1470 2129 1000 2263 901 2141 1683 1535 1482 2409 1111 2719 3166 3133 1277 2528 2123 711 1903 2350 2177 3058 2273 1743 2099 2580 2465 1101 1404 3200 873 524 1476 748 2668 2268 886 1647 1957 2598 1566 907 800 724 2119 2899 2393 851 522 1596 2836 2767 841 756 721 1325 2193 1489 1461 1767 2613 809 543 615 2430 796 2479 1914 1464 1925 2529 1109 2291 2527 821 1186 2649 726 1027 2662 2733 896 3073 2143 2440 2052 1383 1204 983 2435 1096 1968 2622 1118 2191 2379
2904 1664 3339 3462 1935 2765 1765 2673 360 3748 788 2316 2312 1715 2823 2558 3102 1055 2837 2410 2418 2551 2073 2528 2827 2384 2722 1008 3742 2281 3189 1642 2595 2624 2103 1926 656 2613 924 2167 2515 700 564 1671 2619 1019 2784 934 2266 2471 1088 1252 1637 1406 1352 1026 2453 2379 425 3370 2882 789 2127 1685 1528 1028 2674 2260 2555 2293 3022 2475 3668 2090 874 1370 2568 859 984 2486 2854 3076 667 2461 1023 1344 3170 2531 1230 1342 2914 2934 1308 2815 2636 1793 569 2694 2211 1059 1328 3422 2346 3187 1722 2739 996 2311 2098 433 1363 3604 3844 1757 1770 2783 1404 2436 2097 1895 3788 2008 2115 1717 1522 2160 1709 2753 2597 3022 2457 2285 3103 2150 2052 2086 1932 3122 1106 2944 698 2113 2583 1809 2413 2296 2952 2706 711 2617 1702 1013 3128 949 3893 1495 1960 2776 2663 3186 2805 3110 2931 741 1711 2528 1965 3389 3337 1695 2143 2695 2640 3523 2716 641 2765 2575 1574 2984 464 2967 2973 2496 1871 3703 3067 1586 2621 2225 2582 2735 2908 616 2266 3850 2067 2941 3266 3166 1948 942 817 2326 1911 973 2319 2612 2633 571 2664 1913 1515 3820 1458 2167 1937 2706 635 2957 3176 2953 3232 1980 2815
1102 2615 772 931 2549 1343 2987 2240 3748 360 3777 2718 2426 2442 2009 3119 1571 3354 1862 1788 1975 2161 2355 1725 1323 2809 2701 3563 501 2625 1010 2496 1534 1814 2023 2737 3455 1508 3489 2620 1739 3637 3733 3148 2676 3343 1939 3246 2931 2892 3285 3203 3142 3488 2762 3482 1711 2273 3688 1089 2141 3345 2438 2428 2996 3091 1452 1897 2177 1926 1922 2013 612 2264 3253 3230 2058 3288 3397 2830 1256 1380 3457 2528 3345 3359 2072 2307 3596 2803 1262 1563 2978 2360 2056 2876 3823 1619 2122 3602 2782 884 2633 2787 3391 1378 3211 1946 2884 3700 2803 570 812 3347 3122 1691 2812 1697 2075 2224 543 2372 3068 2910 2589 2635 2399 1373 2824 1184 1827 2830 1237 2564 2213 2025 2184 1133 3859 1492 3602 3116 2698 2858 2183 1978 2401 1453 3403 1698 3296 3117 990 3203 744 2876 2428 1386 2715 2145 2304 1141 1883 3935 2576 1873 2143 721 1339 2439 2360 2668 1925 594 2303 3499 2702 2154 3159 1984 3853 2578 1904 2034 3002 409 1149 2900 1501 2425 1891 2056 2080 3501 2276 629 2095 1237 842 1441 2446 3650 3380 2136 2818 3374 2297 1711 2115 3904 1772 3158 2668 594 2682 1968 2332 2852 3622 2895 952 1766 1588 2305 1658
2964 1889 3365 3557 2193 2799 1495 2479 788 3777 360 2057 2113 1695 3048 2919 2993 817 2699 2534 2603 2787 1935 2475 2907 2711 2451 658 3789 2580 3178 1642 2603 2523 2114 2226 911 2681 662 2460 2461 1115 586 2031 2931 811 2637 903 2608 2175 879 1016 1996 1035 1404 719 2437 2207 818 3484 2693 1060 2382 1727 1850 1211 2745 2373 2383 2434 2861 2351 3727 1979 1109 1732 2787 890 1356 2199 2903 3003 806 2751 810 1018 2982 2790 840 1339 2902 3094 1586 2593 2859 1550 600 2835 2114 681 1394 3399 2648 2904 1359 2759 927 2465 2430 846 1334 3614 3926 2146 1463 2953 1630 2440 2069 1992 3839 2229 2473 1477 1576 1931 1769 2765 2309 3003 2608 2006 3219 1939 2230 2159 1960 3094 678 2865 1104 2477 2898 1569 2643 2457 2721 2795 865 2765 2085 1223 3147 957 3964 1777 1827 2767 2980 2987 2593 3082 2782 549 1934 2430 2026 3416 3484 1700 1987 2429 2511 3562 2981 755 2493 2406 1280 3211 809 2711 2818 2363 1585 3729 3046 1380 2691 2487 2470 2570 2727 802 2111 3909 2194 2929 3303 3321 1812 561 1143 2197 1667 1336 2149 2541 2866 679 2566 2280 1707 3875 1616 2168 1852 2413 592 2658 3231 3147 3113 2174 2981
2177 2225 2360 2786 2494 1973 921 893 2316 2718 2057 360 670 1408 2929 3474 1582 1631 1250 2167 2449 2784 945 1437 2228 3135 767 1758 2794 2910 2074 1481 1752 1271 1545 2676 2140 2036 1781 2801 1425 2462 2168 2809 3232 1660 1170 1774 3128 610 1589 1427 2776 1448 1670 1700 1564 817 2290 2799 1087 2153 2593 1604 2542 1991 2088 2035 905 2178 1311 1082 2790 1049 2093 2626 2713 1863 2454 579 2105 1714 2043 2993 1657 1406 1353 2885 1637 1562 1863 2685 2275 925 2782 883 2243 2427 1121 1750 1706 2213 2973 1235 1193 1896 1705 2245 2955 2320 1504 2512 3046 3029 973 2623 2141 1646 1390 1827 2852 2375 3106 959 1649 567 1662 1865 675 1911 2319 471 2602 636 2215 1792 1576 1946 1939 1589 2427 3138 3218 868 2659 2269 1034 2192 2031 2406 2950 2044 2168 1789 3036 2368 989 1783 3293 1337 942 1938 1279 2246 2238 1231 1709 2408 2939 1489 865 738 1153 2573 3051 2048 810 929 1139 3060 2400 1015 1290 1053 838 2670 1939 1100 2049 2686 1193 1059 1140 2095 868 2942 2008 1884 2354 2842 984 1859 2264 1004 766 2419 812 1399 2828 2340 1310 3012 2059 2903 1945 1527 1162 787 2056 1032 2370 2871 1650 2242 2630
1866 2020 2059 2477 2265 1663 1021 725 2312 2426 2113 670 360 1210 2641 3244 1336 1662 1005 1877 2169 2509 700 1127 1919 2897 917 1824 2497 2667 1778 1294 1442 972 1267 2458 2098 1730 1818 2564 1115 2408 2189 2633 2977 1681 929 1744 2902 902 1609 1458 2602 1579 1532 1755 1256 513 2276 2489 940 2085 2348 1397 2368 1891 1781 1753 651 1898 1122 777 2488 783 2014 2479 2433 1828 2355 853 1795 1439 2019 2738 1679 1501 1229 2616 1748 1446 1558 2382 2122 869 2500 935 2271 2127 826 1830 1570 1930 2728 1349 1383 1585 1678 1966 2735 2304 1395 2222 2743 2860 1125 2325 1972 1339 1112 1581 2555 2132 2897 1002 1475 582 1448 1555 913 1611 2031 775 2292 538 1961 1521 1324 1653 2050 1307 2372 2932 2966 915 2389 1992 1014 1885 1995 2109 2782 1942 1863 1745 2736 2190 785 1475 3038 1236 853 1645 1061 2302 2026 925 1452 2108 2629 1288 605 875 871 2273 2776 2033 953 677 1240 2767 2405 1075 1086 752 987 2377 1641 1096 1743 2435 895 836 975 2072 565 2644 1744 1580 2049 2534 787 1926 2187 695 831 2320 502 1093 2549 2368 1013 2820 1872 2604 1768 1240 930 1007 2071 1215 2061 2573 1425 1996 2331
1645 1177 2029 2258 1450 1468 1178 1495 1715 2442 1695 1408 1210 360 2017 2428 1767 1278 1542 1321 1520 1821 873 1173 1606 2095 1760 1489 2457 1875 1847 449 1268 1293 782 1628 1440 1376 1407 1762 1159 1701 1667 1782 2211 1263 1506 1172 2081 1653 1209 1152 1752 1497 746 1407 1105 1193 1662 2205 1673 1372 1564 556 1517 1132 1441 1157 1342 1271 1752 1182 2401 823 1285 1640 1770 1226 1572 1627 1578 1722 1410 1975 1266 1348 1940 1897 1557 734 1571 1903 1283 1689 1845 1087 1757 1627 899 1534 780 2075 1941 2199 1535 1425 1132 1327 1906 1681 723 2279 2612 2010 1312 1792 1124 1105 742 828 2508 1347 2058 1062 633 1201 617 1429 1718 1675 1443 1457 1951 1135 1213 898 653 1771 1792 1593 1662 2091 2193 1080 1681 1338 1837 1509 1364 1576 1932 1177 1812 1137 2642 1340 788 1435 2272 1975 1656 1760 1648 1857 1189 1198 767 2081 2253 440 968 1719 1342 2228 2078 1445 1799 1354 1236 2167 1820 1922 1697 1214 1268 2394 1720 955 1387 1664 1266 1491 1679 1460 1061 2581 1046 1598 1970 2110 790 1571 1449 1055 1127 1539 1137 1262 1880 1844 1329 1972 1021 2547 919 833 651 1825 1551 2054 1906 2027 1904 1220 1811
1365 1524 1782 1457 1255 1545 2833 2727 2823 2009 3048 2929 2641 2017 360 1476 2437 2774 2492 1124 857 637 2350 1979 1289 1197 3163 2965 1908 1072 1924 1996 1671 2235 1746 1337 2547 1351 2844 1126 1983 2577 2905 1750 1029 2737 2524 2535 1342 3177 2714 2728 1761 3105 2076 2895 1797 2532 2758 1299 2785 2399 1067 1854 1724 2200 1331 1256 2575 1118 2692 2323 1786 2241 2324 1956 622 2524 2269 3133 1470 2225 2616 921 2743 2950 2919 719 3110 2192 1833 816 1877 2932 549 2736 2979 927 2175 3028 2070 2101 1052 3490 3188 1615 2540 1055 1356 2755 2233 2017 1799 1886 2969 741 1787 1701 1900 1551 1918 1180 1512 2718 1938 2743 1790 1664 3193 1904 970 3012 1141 2662 1200 1511 1754 1992 3266 2205 2552 1556 1054 2727 769 1039 3053 1229 2554 911 1860 2194 1719 2472 1892 1698 2334 1784 1066 2988 2876 1986 2589 3140 1477 2202 1621 1799 1098 1952 2424 3120 2381 1807 655 2668 3189 2568 2886 522 2912 3205 2640 2368 2916 1989 1928 2610 1342 985 2285 2599 2750 2638 2436 1922 1330 1838 1681 944 2346 3013 2369 2323 2756 2262 2507 2082 553 3026 2227 1661 1701 1915 1799 1762 2159 3278 2829 3451 1531 606 2559 1240 759
2400 1624 2859 2573 1340 2497 3181 3445 2558 3119 2919 3474 3244 2428 1476 360 3351 2828 3312 1936 1622 1335 2907 2778 2298 719 3802 2962 3023 955 2947 2363 2539 3028 2374 1166 2367 2265 2830 1043 2776 2229 2714 1248 806 2780 3320 2541 710 3721 2790 2876 1283 3241 2263 2916 2589 3181 2502 2415 3562 2223 1269 2232 1445 2149 2275 1968 3281 1835 3533 3046 2902 2821 2191 1550 1443 2487 1934 3693 2464 3169 2482 970 2787 3098 3759 1184 3168 2396 2792 1916 1740 3655 1430 3115 2759 1922 2815 3032 2236 3153 908 4206 3436 2547 2580 1773 893 2484 2454 3111 2910 1191 3291 1798 1788 2497 2517 2024 3034 1476 806 3068 2215 3268 2173 2594 3780 2885 1806 3526 2243 3199 1664 2123 2283 2988 3210 3112 2222 804 781 3114 1364 1736 3795 2198 2430 1862 1228 2114 2757 2479 3005 1569 2846 2705 778 3818 3608 2979 3421 2935 1604 2965 2160 2882 2206 2348 3000 3759 3154 2910 1180 2530 3837 3283 3145 1538 2613 3918 3476 3091 3290 3097 2918 2921 2261 1202 3055 3364 3542 2478 3059 3038 1892 2805 2755 2059 2851 2968 2135 2988 3179 1949 3138 2897 1368 2766 3036 1004 1815 3031 1941 2423 2679 3883 2688 4099 2605 1722 3488 1614 1828
1356 2356 1302 1821 2472 1252 1983 1061 3102 1571 2993 1582 1336 1767 2437 3351 360 2536 693 1776 2098 2426 1418 994 1516 2993 1497 2725 1675 2760 1005 1852 1172 838 1482 2689 2840 1462 2690 2694 1003 3108 3021 3002 2977 2542 772 2533 3055 1717 2473 2345 2981 2535 2153 2648 1156 1196 3053 1898 932 2779 2465 1867 2768 2539 1470 1752 1048 1877 712 1002 1707 1377 2692 2952 2322 2603 2962 1653 1335 590 2795 2756 2543 2438 893 2569 2687 2128 969 2036 2614 1153 2367 1885 3109 1871 1250 2744 2186 1046 2803 1592 2359 1185 2478 1938 2931 3075 2100 1360 1970 3234 2098 2059 2436 1235 1414 1847 1732 2292 3119 1940 2016 1558 1879 1135 1632 924 1916 1693 1804 1506 2091 1669 1650 880 2982 598 3070 3163 2980 1865 2358 1975 1190 1569 2755 1901 3163 2582 1187 2513 1933 2600 1525 1017 3033 969 1098 879 679 3175 2339 934 1705 1337 2114 1810 1376 1467 847 1486 2670 2823 1495 1022 2191 2509 3203 1368 694 994 1962 1526 919 1989 1469 2514 883 883 871 2847 1258 1825 1873 969 1343 2091 1540 2824 2856 1156 1794 2930 1242 880 2429 3203 798 3118 2297 1786 2243 1412 1524 1649 2901 1685 1432 2273 504 2167 2046
2563 1659 2942 3171 1982 2385 1073 2028 1055 3354 817 1631 1662 1278 2774 2828 2536 360 2242 2182 2299 2529 1478 2031 2518 2570 2034 570 3374 2403 2742 1240 2180 2068 1700 2065 952 2289 516 2279 2016 1268 897 1974 2762 409 2180 648 2492 1776 429 566 1937 787 1061 490 2005 1752 1039 3110 2242 1037 2158 1347 1744 1039 2354 2016 1928 2098 2406 1894 3319 1524 1028 1699 2512 717 1384 1793 2497 2551 828 2557 402 673 2531 2557 706 960 2467 2758 1447 2151 2587 1112 973 2490 1662 621 1064 2959 2473 2496 1062 2340 609 2139 2307 1071 937 3184 3529 2139 1075 2628 1426 2017 1639 1639 3426 1976 2389 1036 1217 1489 1399 2341 1904 2565 2276 1593 2849 1490 1935 1781 1560 2653 877 2413 1240 2403 2733 1129 2382 2137 2283 2414 844 2426 2066 1076 2724 708 3560 1624 1371 2335 2817 2538 2147 2641 2325 1003 1699 1976 1646 2994 3134 1297 1530 2008 2054 3144 2750 813 2077 1950 879 2935 1132 2285 2362 1906 1177 3306 2608 926 2300 2266 2014 2115 2274 871 1653 3499 1855 2494 2886 2979 1356 656 1154 1741 1230 1354 1693 2092 2604 1071 2112 2221 1458 3465 1344 1749 1404 2012 786 2262 2824 2841 2656 1894 2653
1494 2222 1545 2035 2383 1334 1659 739 2837 1862 2699 1250 1005 1542 2492 3312 693 2242 360 1769 2095 2437 1128 895 1614 2953 1202 2423 1953 2717 1245 1631 1181 646 1338 2598 2589 1500 2397 2637 896 2872 2743 2870 2969 2252 440 2264 2997 1396 2181 2046 2846 2215 1925 2349 1084 871 2792 2087 671 2541 2406 1673 2622 2311 1527 1706 715 1846 584 724 1970 1109 2458 2786 2340 2339 2754 1333 1446 842 2532 2738 2252 2123 807 2570 2373 1882 1109 2133 2436 873 2394 1564 2830 1927 1003 2438 1961 1342 2766 1388 2029 1256 2205 1912 2856 2816 1847 1652 2233 3104 1770 2126 2263 1179 1233 1715 2012 2214 3038 1623 1807 1227 1696 1209 1322 1112 1921 1361 1950 1178 2016 1565 1485 1112 2671 741 2834 3079 2968 1544 2348 1947 952 1634 2497 1941 3029 2358 1389 2249 2207 2448 1239 1094 3028 867 814 1107 472 2884 2212 725 1569 1588 2278 1597 1071 1168 560 1747 2694 2556 1207 690 1871 2585 2937 1126 526 701 1633 1815 1126 1685 1510 2470 641 556 624 2585 949 2104 1789 1120 1565 2227 1253 2524 2627 871 1469 2721 921 778 2453 2925 635 3011 2133 2064 2062 1275 1272 1352 2623 1426 1623 2359 782 2081 2120
933 1189 1420 1416 1142 935 2113 1973 2410 1788 2534 2167 1877 1321 1124 1936 1776 2182 1769 360 685 1027 1592 1239 825 1579 2401 2388 1748 1350 1416 1324 965 1497 990 1348 2115 700 2283 1297 1241 2248 2438 1736 1564 2154 1791 1992 1654 2414 2116 2093 1727 2454 1493 2310 1051 1768 2346 1320 2048 1986 1077 1198 1569 1742 728 526 1817 498 1982 1566 1654 1482 1897 1802 934 2008 1986 2369 939 1593 2146 1340 2159 2302 2210 1161 2494 1582 1224 942 1562 2180 994 2010 2523 669 1411 2444 1500 1645 1388 2741 2490 975 1978 534 1551 2353 1608 1699 1803 1949 2254 834 1405 953 1141 904 1785 957 1742 2002 1326 1985 1143 1021 2429 1324 516 2252 1053 1903 785 783 1033 1432 2697 1537 2215 1789 1566 1999 943 572 2307 696 2086 615 1891 1758 1256 1936 1861 1448 1585 1129 1622 2275 2126 1422 1873 2662 1149 1453 913 1460 1313 1271 1663 2357 1638 1554 1288 2194 2428 1812 2195 1252 2511 2454 1927 1612 2186 1750 1361 1912 698 1107 1539 1856 2018 2182 1672 1833 703 1239 1324 1158 1598 2454 1999 1559 2017 1966 1743 1351 1050 2590 1496 1785 1270 1808 1312 1001 1414 2515 2340 2690 1196 1078 1911 877 851
1166 1121 1648 1515 950 1235 2335 2288 2418 1975 2603 2449 2169 1520 857 1622 2098 2299 2095 685 360 705 1866 1563 1056 1269 2705 2496 1910 1049 1695 1500 1290 1820 1264 1123 2130 1003 2380 1017 1564 2209 2477 1542 1239 2266 2115 2075 1359 2699 2238 2242 1540 2616 1598 2423 1374 2070 2353 1385 2371 1988 823 1360 1427 1767 1013 776 2131 631 2308 1881 1802 1760 1906 1668 623 2073 1919 2657 1209 1909 2184 1018 2271 2461 2536 836 2630 1709 1530 887 1500 2497 693 2239 2557 716 1705 2558 1596 1912 1079 3058 2692 1285 2074 563 1280 2354 1746 1920 1902 1734 2472 730 1376 1277 1419 1055 1938 797 1469 2221 1452 2259 1296 1333 2723 1624 544 2528 1135 2179 732 1020 1259 1728 2801 1859 2180 1517 1242 2230 619 543 2626 944 2123 636 1685 1770 1516 2014 1975 1347 1844 1445 1297 2601 2444 1719 2199 2709 1074 1773 1125 1681 1293 1456 1944 2661 1960 1745 971 2235 2734 2127 2390 1009 2514 2770 2253 1927 2419 1942 1658 2113 999 820 1861 2177 2342 2212 1966 1970 833 1543 1546 1118 1855 2551 1978 1862 2261 1905 2040 1676 739 2613 1821 1544 1266 1951 1346 1289 1668 2813 2392 2997 1402 905 2232 797 764
1426 1258 1884 1639 979 1545 2639 2634 2551 2161 2787 2784 2509 1821 637 1335 2426 2529 2437 1027 705 360 2199 1907 1327 1008 3048 2715 2075 834 1978 1789 1625 2164 1602 1064 2278 1324 2592 865 1908 2301 2637 1483 917 2491 2459 2282 1132 3035 2472 2496 1492 2876 1838 2647 1718 2413 2485 1488 2715 2128 790 1645 1447 1936 1322 1120 2476 973 2648 2227 1957 2095 2056 1680 468 2266 1992 2994 1498 2228 2350 728 2497 2721 2876 511 2869 1960 1842 966 1603 2843 473 2547 2710 948 2046 2780 1828 2179 834 3403 2978 1604 2291 904 1113 2482 2004 2140 2005 1631 2771 829 1520 1621 1757 1352 2093 918 1284 2523 1712 2590 1580 1653 3063 1928 875 2859 1284 2511 974 1352 1579 2026 3013 2188 2276 1330 927 2539 506 877 2972 1235 2289 895 1600 1928 1784 2218 2092 1422 2171 1769 970 2942 2790 2018 2540 2873 1212 2119 1444 1909 1323 1750 2281 3005 2305 1944 627 2403 3077 2473 2675 794 2639 3115 2593 2272 2728 2136 1957 2405 1317 709 2206 2522 2686 2371 2307 2109 1143 1852 1781 1153 2181 2759 2096 2206 2577 1986 2382 2019 443 2755 2164 1412 1443 2096 1547 1630 1994 3154 2565 3341 1631 833 2556 996 862
1689 1679 1959 2315 1927 1482 992 995 2073 2355 1935 945 700 873 2350 2907 1418 1478 1128 1592 1866 2199 360 990 1709 2563 1257 1666 2404 2334 1709 959 1253 958 963 2119 1834 1499 1632 2229 976 2130 1974 2295 2651 1485 1072 1499 2564 1195 1415 1287 2265 1507 1216 1589 1055 688 2030 2304 1188 1801 2015 1057 2030 1589 1556 1454 853 1595 1309 776 2377 471 1724 2150 2129 1576 2049 1158 1613 1451 1770 2411 1485 1393 1469 2299 1641 1145 1453 2130 1792 1179 2199 882 2061 1864 595 1687 1253 1900 2396 1687 1398 1413 1438 1662 2396 2055 1101 2163 2619 2524 1130 2056 1637 1118 810 1248 2461 1799 2556 916 1141 753 1107 1393 1235 1531 1741 1022 2083 672 1633 1207 993 1600 1930 1312 2093 2591 2638 863 2073 1685 1327 1653 1738 1836 2445 1639 1748 1488 2626 1853 472 1342 2712 1494 1150 1589 1219 2118 1686 871 1125 2011 2415 949 455 1214 936 2173 2466 1792 1293 870 1169 2484 2171 1409 1260 789 1020 2305 1569 935 1511 2106 898 1025 1205 1823 560 2545 1423 1479 1930 2303 485 1765 1896 622 835 2014 629 1013 2244 2157 1003 2480 1533 2507 1432 952 590 1336 1854 1553 1913 2304 1538 1663 2066
1099 1724 1329 1712 1859 898 1623 1113 2528 1725 2475 1437 1127 1173 1979 2778 994 2031 895 1239 1563 1907 990 360 1164 2418 1573 2234 1774 2182 1083 1250 688 617 848 2075 2253 1002 2176 2104 374 2502 2471 2372 2435 2027 912 1976 2465 1658 1963 1861 2350 2126 1550 2154 549 983 2475 1722 1169 2178 1874 1245 2135 1930 1042 1171 972 1311 1115 728 1749 899 2088 2318 1813 2035 2338 1602 1029 911 2222 2203 2029 2001 1341 2038 2243 1546 823 1657 1981 1314 1870 1512 2561 1426 757 2266 1581 1289 2231 1871 2029 819 1928 1378 2328 2495 1528 1536 1996 2605 1760 1627 1803 646 796 1214 1830 1686 2512 1544 1401 1308 1251 788 1637 905 1393 1541 1532 1229 1486 1044 1018 984 2519 788 2464 2555 2433 1494 1815 1412 1433 1151 2177 1428 2532 1971 1119 1946 1998 1966 1063 715 2494 1402 1257 973 1003 2648 1709 587 1072 1380 1869 1202 1005 1531 761 1543 2167 2256 1594 961 1794 2084 2632 1587 1058 768 1646 1675 945 1540 1014 1935 666 979 1138 2272 941 1915 1261 848 1303 1786 1081 2327 2246 798 1460 2308 985 481 1927 2651 619 2497 1663 1877 1612 778 986 1704 2353 1847 1299 1869 1138 1555 1626
471 1652 959 1013 1599 639 2310 1906 2827 1323 2907 2228 1919 1606 1289 2298 1516 2518 1614 825 1056 1327 1709 1164 360 1955 2375 2728 1289 1743 1010 1637 837 1393 1194 1797 2531 589 2636 1713 1173 2690 2835 2197 1884 2497 1660 2365 2054 2458 2449 2398 2189 2731 1865 2648 1024 1782 2765 965 1922 2411 1509 1540 2035 2161 524 939 1774 964 1796 1532 1203 1599 2320 2267 1218 2393 2439 2403 541 1298 2548 1688 2501 2586 2017 1478 2802 1930 906 882 2018 2096 1247 2200 2922 739 1484 2777 1880 1217 1767 2639 2710 719 2340 989 1975 2774 1943 1236 1381 2405 2453 908 1855 951 1303 1291 1329 1417 2166 2210 1691 2078 1498 764 2441 974 885 2328 735 1996 1251 1109 1317 1065 3034 1291 2656 2213 1895 2185 1300 1023 2200 489 2491 795 2349 2182 820 2315 1425 1912 1741 880 1934 2089 2038 1058 1700 3049 1613 1389 1240 997 1070 1580 1755 2333 1543 1089 1544 2594 2394 1761 2435 1353 2930 2366 1748 1572 2360 1284 999 2154 578 1517 1459 1752 1878 2588 1721 1385 1138 910 860 983 1757 2804 2436 1584 2178 2418 1776 1238 1311 2996 1374 2229 1714 1356 1739 1163 1595 2508 2730 2642 730 1117 1632 1343 892
2060 1311 2528 2279 1005 2144 2869 3089 2384 2809 2711 3135 2897 2095 1197 719 2993 2570 2953 1579 1269 1008 2563 2418 1955 360 3454 2721 2721 595 2602 2034 2180 2669 2019 866 2162 1911 2589 694 2416 2074 2521 1098 617 2524 2961 2289 519 3384 2526 2597 1125 2971 1962 2668 2230 2830 2324 2125 3204 2011 913 1899 1222 1899 1923 1608 2926 1476 3173 2690 2602 2474 1965 1384 1113 2244 1764 3354 2117 2812 2266 642 2531 2823 3400 862 2915 2096 2439 1609 1494 3300 1113 2796 2576 1584 2463 2790 1939 2813 550 3853 3144 2192 2320 1414 646 2311 2152 2788 2634 1140 2984 1478 1507 2137 2163 1676 2737 1125 711 2754 1897 2930 1838 2239 3437 2534 1453 3191 1932 2859 1308 1766 1934 2638 2987 2754 2061 747 577 2794 1015 1377 3439 1850 2210 1520 1144 1871 2416 2225 2724 1308 2506 2348 647 3459 3252 2629 3062 2750 1284 2606 1809 2555 1935 2015 2654 3411 2796 2593 919 2316 3488 2928 2848 1294 2452 3564 3116 2735 2974 2784 2567 2611 1907 842 2696 3006 3184 2269 2709 2748 1535 2453 2425 1777 2511 2738 1939 2635 2854 1771 2788 2537 1056 2595 2677 909 1511 2738 1637 2067 2336 3539 2479 3752 2275 1440 3130 1262 1510
2289 2575 2387 2863 2823 2101 1321 838 2722 2701 2451 767 917 1760 3163 3802 1497 2034 1202 2401 2705 3048 1257 1573 2375 3454 360 2152 2796 3223 2087 1841 1901 1346 1813 3016 2548 2213 2182 3121 1566 2869 2571 3179 3529 2065 1130 2181 3460 668 1995 1831 3148 1819 2056 2098 1738 995 2697 2902 927 2558 2903 1951 2913 2391 2255 2288 961 2435 1161 1208 2812 1340 2497 3011 2967 2271 2855 622 2227 1682 2451 3290 2061 1795 1109 3161 2014 1954 1927 2869 2657 706 3032 1290 2644 2628 1363 2138 2092 2178 3284 827 1532 2021 2113 2504 3293 2727 1899 2490 3075 3404 1351 2829 2514 1831 1660 2138 2854 2689 3453 1366 2017 952 2003 1981 532 1946 2557 804 2736 996 2514 2068 1880 1954 2312 1583 2834 3488 3519 1276 2933 2531 729 2363 2438 2620 3325 2443 2221 2196 3050 2737 1332 1880 3590 1067 758 1949 1179 2639 2582 1346 2007 2430 3072 1839 1163 403 1199 2590 3316 2455 403 973 1531 3281 2805 633 1165 1165 1226 2655 1964 1508 2224 2989 1277 1015 988 2503 1107 2946 2295 1943 2401 2998 1331 2251 2669 1203 1174 2820 1029 1498 3084 2741 1372 3373 2421 2907 2313 1778 1487 511 2460 657 2447 3075 1520 2552 2831
2773 1833 3151 3381 2153 2596 1197 2189 1008 3563 658 1758 1824 1489 2965 2962 2725 570 2423 2388 2496 2715 1666 2234 2728 2721 2152 360 3584 2565 2948 1450 2389 2261 1910 2220 1000 2499 492 2442 2219 1284 815 2091 2923 593 2358 798 2634 1877 639 739 2055 759 1261 441 2213 1924 1012 3319 2404 1119 2333 1556 1877 1182 2564 2223 2099 2301 2578 2082 3530 1719 1134 1804 2703 837 1458 1901 2707 2748 870 2725 588 720 2692 2737 590 1166 2674 2962 1588 2298 2777 1256 869 2695 1859 430 1261 3163 2635 2606 1078 2550 784 2341 2450 1044 1146 3392 3740 2238 1165 2830 1589 2227 1847 1844 3636 2159 2519 1184 1421 1636 1606 2550 2011 2771 2479 1707 3058 1648 2129 1990 1771 2857 668 2609 1262 2529 2893 1275 2569 2337 2425 2624 909 2630 2169 1211 2933 862 3771 1773 1562 2542 2976 2695 2299 2846 2502 847 1875 2170 1855 3203 3341 1508 1712 2130 2239 3354 2930 835 2194 2122 981 3127 1062 2412 2536 2091 1286 3514 2814 1098 2510 2441 2204 2287 2439 897 1834 3709 2059 2701 3096 3185 1546 462 1228 1929 1372 1431 1868 2291 2791 962 2305 2341 1636 3675 1528 1959 1607 2115 735 2361 3035 3040 2840 2084 2856
1080 2577 804 815 2492 1350 3037 2329 3742 501 3789 2794 2497 2457 1908 3023 1675 3374 1953 1748 1910 2075 2404 1774 1289 2721 2796 3584 360 2544 1080 2506 1555 1884 2036 2674 3447 1490 3505 2546 1788 3618 3736 3090 2578 3360 2029 3254 2848 2976 3305 3229 3086 3526 2763 3503 1741 2343 3681 975 2240 3333 2372 2430 2949 3080 1431 1868 2257 1884 2027 2081 483 2309 3241 3186 1974 3291 3369 2914 1249 1474 3456 2439 3363 3393 2186 2218 3627 2811 1311 1471 2947 2458 1967 2926 3825 1554 2169 3626 2782 992 2549 2900 3443 1394 3222 1898 2808 3692 2815 683 675 3284 3174 1608 2785 1718 2100 2210 418 2319 2990 2955 2589 2701 2397 1396 2914 1246 1772 2905 1152 2628 2170 2016 2190 1209 3883 1577 3583 3038 2601 2908 2106 1928 2505 1417 3400 1635 3235 3104 1019 3208 619 2836 2472 1424 2615 2260 2401 1216 1982 3942 2537 1936 2138 753 1218 2449 2416 2762 2002 591 2204 3499 2799 2235 3202 1874 3846 2683 2006 2104 3058 524 1215 2937 1483 2353 1962 2145 2181 3498 2337 510 2067 1287 847 1332 2489 3668 3362 2196 2873 3347 2364 1771 2025 3904 1844 3089 2643 470 2664 1985 2366 2946 3627 2999 927 1663 1702 2261 1574
1850 1116 2326 2113 796 1920 2661 2855 2281 2625 2580 2910 2667 1875 1072 955 2760 2403 2717 1350 1049 834 2334 2182 1743 595 3223 2565 2544 360 2385 1818 1948 2433 1784 715 2039 1686 2435 483 2180 1991 2402 1066 719 2359 2725 2129 671 3159 2356 2415 1084 2793 1768 2508 1994 2597 2219 1963 2968 1886 680 1680 1115 1746 1701 1373 2692 1243 2938 2454 2428 2243 1831 1316 930 2092 1676 3128 1899 2583 2133 545 2366 2642 3164 712 2749 1901 2213 1439 1354 3065 947 2585 2463 1380 2229 2634 1748 2600 430 3619 2951 1965 2154 1183 644 2209 1955 2591 2480 1177 2780 1296 1338 1902 1930 1446 2564 895 809 2546 1690 2705 1618 2012 3210 2310 1230 2969 1752 2633 1073 1531 1703 2415 2842 2522 1973 856 691 2581 805 1145 3204 1633 2075 1310 1157 1724 2204 2064 2566 1162 2280 2119 774 3223 3017 2406 2826 2635 1084 2370 1577 2355 1794 1796 2425 3180 2560 2403 842 2185 3257 2693 2651 1198 2357 3330 2881 2499 2764 2597 2345 2407 1682 607 2460 2771 2948 2143 2477 2582 1300 2227 2223 1627 2286 2590 1827 2401 2639 1678 2556 2302 900 2492 2441 949 1321 2568 1445 1832 2109 3311 2349 3521 2075 1300 2898 1031 1330
798 2176 661 1175 2193 848 2339 1615 3189 1010 3178 2074 1778 1847 1924 2947 1005 2742 1245 1416 1695 1978 1709 1083 1010 2602 2087 2948 1080 2385 360 1911 958 1165 1446 2403 2902 1078 2883 2346 1098 3117 3154 2778 2534 2734 1317 2660 2694 2257 2673 2580 2765 2850 2196 2867 1101 1625 3132 1259 1544 2807 2131 1866 2584 2552 1049 1467 1537 1547 1350 1364 1086 1622 2715 2802 1869 2710 2908 2195 846 780 2889 2337 2736 2725 1538 2129 2966 2219 636 1483 2507 1756 1896 2230 3244 1390 1479 2983 2221 600 2413 2234 2743 837 2619 1590 2604 3148 2211 813 1348 2998 2474 1546 2331 1113 1468 1717 1138 2007 2795 2266 2030 1986 1850 809 2198 538 1515 2185 1204 1914 1818 1512 1619 493 3238 864 3080 2842 2545 2211 1946 1628 1819 1112 2838 1445 2936 2585 568 2623 1327 2439 1787 773 2584 1614 1698 498 1287 3343 2146 1223 1608 702 1488 1857 1711 2051 1282 864 2190 2927 2093 1516 2516 1965 3294 1996 1319 1386 2353 960 499 2264 1078 2151 1243 1432 1487 2936 1625 1229 1645 609 698 1491 1805 3038 2857 1486 2169 2881 1647 1061 1960 3329 1125 2840 2185 1189 2173 1382 1704 2236 3039 2306 803 1724 1077 1908 1525
1685 1105 2083 2290 1389 1516 1214 1584 1642 2496 1642 1481 1294 449 1996 2363 1852 1240 1631 1324 1500 1789 959 1250 1637 2034 1841 1450 2506 1818 1911 360 1324 1379 832 1559 1363 1408 1361 1703 1237 1616 1602 1699 2159 1220 1596 1111 2014 1723 1172 1131 1668 1490 661 1370 1171 1281 1587 2231 1763 1289 1512 503 1433 1046 1473 1158 1431 1262 1841 1271 2446 912 1201 1552 1744 1158 1482 1700 1622 1801 1339 1925 1224 1338 2030 1857 1535 667 1635 1906 1194 1776 1819 1129 1693 1632 989 1499 694 2142 1885 2283 1552 1477 1076 1314 1837 1606 668 2338 2651 1926 1343 1789 1038 1162 815 804 2556 1296 1985 1097 543 1274 569 1485 1793 1741 1437 1525 1973 1211 1176 907 680 1840 1757 1673 1578 2017 2140 1125 1647 1321 1925 1534 1291 1576 1847 1091 1867 1071 2684 1257 869 1498 2220 2065 1744 1828 1737 1799 1120 1284 772 2134 2267 417 1053 1800 1431 2279 2042 1376 1880 1444 1250 2149 1747 2007 1786 1304 1310 2448 1786 976 1419 1614 1354 1581 1769 1387 1149 2627 1028 1662 2020 2119 869 1528 1364 1145 1180 1449 1225 1343 1851 1778 1415 1893 940 2593 834 890 740 1901 1489 2133 1949 2019 1990 1174 1810
795 1609 1122 1422 1677 589 1874 1439 2595 1534 2603 1752 1442 1268 1671 2539 1172 2180 1181 965 1290 1625 1253 688 837 2180 1901 2389 1555 1948 958 1324 360 930 853 1894 2306 681 2314 1884 696 2518 2567 2236 2169 2168 1214 2076 2245 1980 2111 2034 2219 2337 1602 2308 558 1304 2537 1414 1476 2209 1656 1270 2022 1954 715 945 1300 1065 1385 1056 1509 1147 2117 2230 1525 2121 2314 1926 720 1002 2297 1945 2171 2201 1613 1764 2432 1632 692 1330 1920 1635 1576 1763 2657 1108 1021 2430 1626 1196 1990 2188 2280 523 2039 1125 2126 2552 1630 1373 1738 2463 2016 1308 1743 523 904 1126 1608 1493 2316 1783 1433 1608 1251 521 1963 804 1110 1854 1209 1527 1294 924 1023 913 2688 934 2482 2360 2171 1746 1548 1163 1748 824 2245 1120 2396 1987 904 2035 1756 1867 1301 558 2227 1680 1578 902 1279 2763 1583 915 1011 1174 1546 1268 1289 1859 1080 1325 1878 2336 1921 1289 2021 1767 2700 1908 1332 1097 1913 1486 849 1749 691 1702 990 1295 1439 2343 1247 1686 1090 717 1068 1459 1318 2475 2259 1108 1728 2287 1300 775 1636 2740 919 2328 1597 1649 1577 794 1177 2032 2453 2174 1026 1546 1310 1376 1305
1303 1939 1448 1889 2097 1117 1563 873 2624 1814 2523 1271 972 1293 2235 3028 838 2068 646 1497 1820 2164 958 617 1393 2669 1346 2261 1884 2433 1165 1379 930 360 1054 2311 2363 1251 2220 2351 616 2633 2545 2587 2691 2072 654 2056 2711 1469 2004 1882 2564 2100 1680 2183 806 819 2575 1918 911 2304 2121 1407 2342 2066 1285 1425 752 1566 870 561 1878 904 2218 2512 2071 2125 2497 1409 1241 854 2317 2458 2072 1991 1092 2295 2239 1651 955 1900 2165 1065 2127 1457 2634 1677 773 2285 1713 1326 2483 1617 1958 1036 2002 1634 2569 2597 1622 1611 2135 2821 1690 1878 1990 903 958 1430 1942 1928 2751 1504 1549 1182 1425 995 1428 999 1651 1381 1750 1113 1730 1278 1207 1041 2529 715 2595 2793 2688 1437 2071 1668 1178 1394 2277 1683 2747 2110 1259 2035 2125 2169 1058 894 2750 1150 1007 1032 758 2703 1928 456 1284 1497 2086 1340 933 1305 509 1661 2425 2345 1362 735 1758 2336 2726 1337 812 580 1562 1765 1028 1534 1262 2186 437 724 881 2369 831 2032 1503 975 1444 2016 1075 2359 2383 702 1382 2465 844 515 2185 2727 405 2726 1856 1992 1791 990 1046 1485 2425 1609 1471 2117 971 1795 1875
1224 1245 1611 1842 1416 1046 1498 1430 2103 2023 2114 1545 1267 782 1746 2374 1482 1700 1338 990 1264 1602 963 848 1194 2019 1813 1910 2036 1784 1446 832 853 1054 360 1626 1816 965 1829 1690 839 2042 2073 1893 2078 1685 1330 1583 2043 1795 1631 1567 1870 1897 1110 1829 718 1179 2046 1798 1556 1725 1465 782 1651 1472 1029 850 1267 992 1562 1035 1979 856 1634 1830 1527 1628 1859 1753 1157 1386 1804 1839 1688 1752 1779 1709 1971 1139 1171 1548 1493 1641 1596 1391 2163 1275 809 1955 1136 1680 1841 2195 1889 1005 1548 1060 1892 2062 1139 1866 2191 2127 1641 1461 1315 693 515 736 2087 1258 2069 1392 945 1357 773 1013 1821 1280 1138 1625 1552 1276 1070 615 537 1383 2213 1272 2004 2109 2069 1379 1481 1084 1781 1108 1753 1240 2053 1508 1395 1542 2220 1480 955 1033 2139 1830 1594 1372 1450 2271 1233 974 590 1662 1868 775 1040 1769 1158 1808 1869 1843 1844 1269 1606 1881 2208 1906 1504 1079 1563 1976 1326 1323 977 1544 1061 1358 1542 1850 1066 2159 845 1198 1549 1738 968 1993 1783 977 1390 1830 1143 963 1643 2247 1076 2034 1175 2125 1127 430 786 1913 1960 2108 1484 1707 1626 1121 1473
1908 817 2397 2272 577 1918 2375 2685 1926 2737 2226 2676 2458 1628 1337 1166 2689 2065 2598 1348 1123 1064 2119 2075 1797 866 3016 2220 2674 715 2403 1559 1894 2311 1626 360 1683 1685 2088 601 2071 1641 2046 786 1066 2019 2594 1785 816 2921 2020 2090 790 2464 1460 2164 1897 2408 1863 2134 2821 1531 664 1431 765 1398 1716 1311 2522 1215 2822 2299 2566 2039 1476 983 1126 1744 1326 2895 1927 2536 1779 894 2026 2316 3042 996 2410 1594 2194 1614 1000 2893 1172 2308 2107 1479 2049 2289 1436 2633 782 3434 2640 1947 1815 1174 638 1854 1651 2672 2655 970 2486 1457 1001 1814 1756 1256 2701 760 803 2262 1408 2469 1375 1989 2984 2300 1274 2724 1895 2402 960 1393 1510 2410 2492 2456 1622 842 1034 2307 964 1138 3037 1673 1721 1399 922 1373 2243 1721 2733 809 2050 2083 1117 3095 2850 2400 2709 2279 799 2237 1400 2433 2005 1547 2213 2973 2423 2506 1166 1831 3052 2527 2345 1485 2004 3148 2764 2343 2484 2703 2340 2116 1685 716 2326 2624 2808 1787 2281 2732 1176 2213 2297 1829 2054 2241 1471 2224 2373 1326 2361 2196 1145 2137 2327 797 1011 2714 1136 1684 1889 3090 1994 3312 2158 1532 2831 881 1493
