140 2374 1629 1202 2234 879 833 2128 2469 2446 1306 1868 767 2209 1122 1055 2923 2451 2340 1124 1127 1786 2276 2808 1709 1393 1823 1329 876 2374 1242 2514 2177 1634 2700 1931 1898 1573 2234 1649 2882 1150 933 612 824 2484 2952 2027 383 1762 1060 896 1457 2434 939 1016 2281 2429 2424 1187 649 2354 1071 1657 3020 2814 2021 1825 2161 675 987 1569 2515 1574 2473 2482 1554 2005 2653 2655 1417 2113 2523 1567 604 2694 2133 1481 1790 2793 2378 2059 2202 1561 1216 927 1311 768 1326 1690 772 866
2474 360 1534 1680 1199 2753 2019 1462 835 1056 2102 1911 2592 1619 1740 1681 1262 3406 1703 2852 2802 964 693 1626 1685 1376 1264 1942 2525 3072 1982 1294 1760 1991 1471 2702 1098 1886 2160 1158 1659 2017 2514 2946 3159 2474 1791 2586 2511 3082 2068 2855 1798 846 3195 2122 2923 1894 440 1593 2458 1088 1861 1346 1318 1147 1342 2616 962 2061 1941 2519 1284 1774 3232 1743 1464 1598 768 839 1321 2127 2069 3080 2890 1865 1994 2059 2948 1136 1687 1908 820 1687 2740 2859 1620 2828 3099 1219 2882 1895
1729 1534 360 1521 1001 2299 1156 859 1896 2028 2050 2258 2130 957 881 1218 2391 3524 1097 2494 2465 1260 1266 2591 1977 878 1705 1926 1487 3290 1900 2224 2339 827 2437 2833 802 714 2642 1359 2647 1867 1456 2160 2361 2977 2766 2809 1680 2976 1019 1833 1888 1327 2528 1874 3153 2572 1612 919 1960 1991 1626 560 2463 2269 761 2720 1761 1439 1006 2517 2217 1954 3436 2502 500 2116 1934 1989 1146 2553 2737 2869 2026 2692 2474 2126 2911 2254 2407 2372 1690 1867 2474 1827 694 1852 2746 1512 1916 1414
1302 1680 1521 360 1888 1434 1175 1930 1663 1613 895 1181 1276 2075 1138 715 2092 2368 2216 1537 1489 1082 1702 1972 939 1015 981 764 1699 2129 745 1672 1403 1842 1859 1671 1504 1723 1584 883 2045 735 1724 1749 1950 1899 2122 1652 1423 1871 1446 1925 753 1906 1912 808 1993 1663 1710 992 1157 1517 540 1404 2191 1988 1773 1559 1339 929 1242 1366 1672 849 2274 1679 1384 1202 1878 1863 804 1475 1790 1814 1764 1894 1439 966 1780 1966 1574 1345 1402 790 1444 1945 1241 1838 1788 871 1869 724
2334 1199 1001 1888 360 2833 1769 646 1664 1863 2416 2452 2660 785 1472 1684 2098 3866 863 3000 2962 1314 866 2446 2179 1274 1802 2268 2126 3582 2269 2094 2419 1333 2289 3153 744 1268 2787 1509 2486 2263 2094 2781 2986 3121 2617 3086 2302 3400 1660 2473 2178 786 3128 2312 3436 2609 1277 1432 2497 1867 2039 937 2146 1985 610 3048 1675 1992 1630 2884 2086 2207 3737 2489 1042 2215 1594 1674 1444 2722 2784 3331 2659 2643 2613 2444 3306 1975 2413 2514 1555 2113 2946 2466 1285 2493 3256 1651 2557 1911
979 2753 2299 1434 2833 360 1554 2788 2711 2620 1183 1757 532 2897 1780 1514 3092 1958 3036 605 618 2151 2747 2839 1712 1922 1990 1297 1716 1934 1219 2618 2117 2408 2766 1534 2460 2327 2041 1957 2914 1147 1772 1084 1182 2216 2953 1676 1223 1256 1839 1688 1466 2937 947 1012 1864 2336 2784 1766 699 2517 1253 2270 3193 3001 2656 1445 2377 1220 1712 1207 2621 1563 2012 2441 2194 2007 2941 2917 1825 1923 2383 1049 1261 2636 1991 1342 1311 2979 2350 1946 2460 1598 737 1722 1965 1549 820 1931 1528 1283
933 2019 1156 1175 1769 1554 360 1655 2212 2247 1567 1992 1394 1739 663 845 2701 2964 1872 1773 1755 1486 1867 2709 1753 1003 1694 1503 913 2801 1439 2371 2213 1216 2577 2334 1453 1133 2393 1418 2779 1368 926 1371 1577 2698 2872 2369 893 2336 671 1207 1554 2003 1732 1305 2682 2472 2081 786 1225 2171 1159 1196 2792 2583 1550 2219 1950 736 519 1978 2368 1660 2928 2471 1087 2003 2352 2372 1137 2280 2604 2187 1261 2684 2253 1705 2311 2563 2365 2160 1950 1605 1796 1217 844 1169 2013 1515 1222 851
2228 1462 859 1930 646 2788 1655 360 1912 2097 2465 2577 2617 529 1378 1671 2364 3935 656 2975 2942 1461 1132 2682 2297 1278 1952 2326 1939 3674 2315 2322 2586 1081 2524 3229 844 1038 2933 1630 2726 2296 1901 2655 2853 3270 2855 3181 2175 3425 1491 2282 2259 1072 3027 2323 3531 2792 1541 1387 2449 2090 2060 892 2417 2249 523 3120 1883 1930 1503 2936 2314 2304 3825 2687 954 2372 1864 1941 1502 2859 2966 3334 2513 2854 2760 2516 3346 2238 2604 2659 1775 2212 2941 2272 1187 2317 3229 1781 2383 1884
2569 835 1896 1663 1664 2711 2212 1912 360 597 1960 1625 2566 2075 1972 1788 861 3110 2167 2765 2709 1087 1160 1151 1460 1599 1087 1810 2754 2753 1872 830 1391 2364 996 2433 1494 2249 1795 1180 1185 1930 2754 3033 3240 2084 1316 2289 2644 2882 2330 3059 1645 1320 3216 2059 2606 1477 769 1799 2459 665 1836 1697 944 739 1778 2362 695 2156 2170 2314 820 1584 2913 1307 1799 1281 625 570 1440 1786 1646 2920 3015 1405 1643 1873 2729 721 1268 1573 627 1515 2624 3069 1898 3010 2994 1152 3056 1962
2546 1056 2028 1613 1863 2620 2247 2097 597 360 1836 1440 2485 2263 2034 1793 839 2906 2364 2651 2594 1157 1369 944 1312 1670 997 1695 2798 2542 1765 597 1174 2493 786 2243 1654 2374 1575 1189 990 1833 2804 3001 3203 1854 1117 2089 2641 2716 2399 3087 1526 1542 3149 1971 2397 1242 997 1853 2392 465 1773 1827 938 740 1955 2179 657 2144 2225 2153 588 1449 2701 1070 1918 1092 841 761 1470 1574 1410 2773 3002 1171 1429 1730 2557 718 1035 1366 697 1392 2499 3100 1985 3027 2871 1117 3068 1942
1406 2102 2050 895 2416 1183 1567 2465 1960 1836 360 948 1086 2610 1622 1205 2296 1835 2751 1176 1118 1545 2184 2016 896 1550 1237 519 2004 1614 510 1808 1298 2336 1946 1148 2033 2223 1289 1327 2091 559 2044 1753 1917 1542 2131 1162 1599 1356 1872 2142 675 2396 1759 653 1485 1528 2114 1503 1069 1731 792 1939 2396 2213 2307 1034 1627 1214 1678 831 1812 750 1753 1621 1914 1185 2210 2171 1332 1167 1597 1338 1849 1821 1202 536 1250 2192 1528 1141 1732 806 1023 2170 1753 2026 1395 1242 2037 1080
1968 1911 2258 1181 2452 1757 1992 2577 1625 1440 948 360 1673 2739 1950 1535 1844 1857 2873 1707 1647 1499 2095 1471 641 1743 1026 899 2495 1521 986 1338 726 2633 1430 1167 2099 2511 763 1307 1544 1077 2526 2338 2505 1085 1566 1034 2142 1645 2268 2677 799 2312 2341 1216 1373 941 1896 1787 1654 1339 1209 2099 1940 1785 2413 1098 1330 1695 2064 1096 1344 692 1682 1049 2117 707 1890 1827 1471 657 1015 1729 2422 1239 627 777 1479 1765 965 553 1466 760 1524 2702 2026 2572 1884 1161 2589 1512
867 2592 2130 1276 2660 532 1394 2617 2566 2485 1086 1673 360 2728 1611 1342 2959 2044 2867 741 730 1988 2578 2731 1599 1750 1850 1180 1598 1982 1097 2495 2025 2250 2651 1556 2288 2166 1985 1798 2806 1017 1652 1067 1204 2188 2853 1676 1108 1357 1685 1608 1345 2767 1037 874 1899 2254 2625 1594 530 2382 1096 2098 3060 2865 2484 1456 2233 1051 1550 1205 2497 1450 2074 2347 2023 1899 2791 2770 1657 1864 2315 1172 1213 2548 1919 1256 1384 2843 2252 1865 2311 1476 809 1641 1796 1472 981 1779 1460 1111
2309 1619 957 2075 785 2897 1739 529 2075 2263 2610 2739 2728 360 1478 1801 2520 4083 502 3091 3061 1629 1286 2848 2459 1420 2119 2475 1969 3828 2460 2490 2754 1066 2690 3380 1012 1052 3099 1795 2892 2436 1926 2722 2914 3436 3021 3337 2245 3560 1543 2306 2414 1205 3107 2457 3686 2961 1697 1509 2558 2258 2198 1031 2570 2406 689 3270 2052 2037 1582 3081 2482 2462 3978 2856 1073 2540 2017 2097 1655 3023 3135 3461 2569 3023 2926 2668 3487 2396 2773 2825 1943 2370 3067 2292 1292 2352 3344 1946 2419 2007
1222 1740 881 1138 1472 1780 663 1378 1972 2034 1622 1950 1611 1478 360 785 2470 3077 1616 1980 1954 1246 1569 2535 1687 734 1540 1524 1149 2876 1478 2182 2117 1073 2394 2410 1150 963 2352 1224 2601 1427 1143 1671 1879 2673 2704 2416 1195 2491 726 1474 1531 1700 2018 1404 2747 2371 1805 545 1441 1968 1190 896 2557 2350 1261 2295 1739 920 561 2072 2178 1622 3013 2344 793 1897 2090 2119 939 2247 2518 2369 1564 2552 2197 1731 2443 2331 2241 2098 1719 1550 1972 1479 550 1454 2230 1346 1511 926
1155 1681 1218 715 1684 1514 845 1671 1788 1793 1205 1535 1342 1801 785 360 2260 2673 1943 1676 1639 1091 1614 2230 1281 769 1214 1099 1393 2458 1058 1899 1732 1495 2102 1993 1307 1380 1938 969 2301 1014 1410 1627 1838 2254 2391 1992 1216 2119 1095 1658 1108 1793 1883 1016 2326 1990 1730 660 1184 1710 773 1139 2355 2147 1525 1879 1499 740 891 1664 1898 1204 2598 1985 1089 1519 1961 1967 722 1830 2127 2023 1589 2198 1788 1306 2053 2126 1880 1692 1521 1138 1631 1673 909 1593 1932 1043 1634 591
3023 1262 2391 2092 2098 3092 2701 2364 861 839 2296 1844 2959 2520 2470 2260 360 3241 2599 3113 3055 1583 1593 928 1762 2098 1475 2160 3248 2862 2234 866 1521 2858 842 2620 1977 2745 1884 1651 914 2305 3249 3479 3682 2106 1034 2447 3112 3129 2830 3546 1990 1708 3627 2445 2724 1491 1183 2294 2870 938 2252 2193 460 482 2243 2570 1123 2618 2666 2577 859 1905 3016 1299 2298 1506 867 783 1924 1915 1624 3206 3477 1288 1770 2176 2961 499 1316 1731 1111 1856 2953 3558 2399 3491 3324 1593 3535 2417
2551 3406 3524 2368 3866 1958 2964 3935 3110 2906 1835 1857 2044 4083 3077 2673 3241 360 4224 1721 1700 2941 3567 2739 2088 3024 2507 1968 3275 746 1985 2754 2095 3786 2769 1074 3488 3680 1716 2728 2793 2018 3327 2666 2713 1551 2747 1183 2791 1067 3275 3285 2047 3785 2375 2034 877 2118 3393 2973 2175 2812 2260 3413 3326 3209 3776 1177 2826 2587 3098 1368 2762 2027 620 2308 3389 2190 3375 3305 2794 1694 2017 1303 2857 2383 1840 1782 1022 3192 2285 1899 2963 2121 1595 3319 3221 3147 1624 2604 3127 2513
2440 1703 1097 2216 863 3036 1872 656 2167 2364 2751 2873 2867 502 1616 1943 2599 4224 360 3232 3202 1755 1370 2948 2593 1561 2247 2616 2079 3967 2601 2593 2879 1160 2790 3520 1138 1163 3229 1927 2989 2578 2034 2847 3037 3566 3119 3476 2372 3702 1665 2411 2553 1262 3237 2599 3825 3082 1779 1651 2697 2364 2340 1172 2644 2487 820 3411 2164 2176 1714 3222 2585 2599 4118 2972 1214 2667 2093 2175 1794 3155 3256 3603 2689 3134 3056 2808 3629 2478 2891 2955 2050 2507 3208 2396 1431 2464 3484 2077 2530 2148
1224 2852 2494 1537 3000 605 1773 2975 2765 2651 1176 1707 741 3091 1980 1676 3113 1721 3232 360 419 2259 2875 2813 1712 2086 2038 1317 1961 1721 1253 2624 2073 2630 2754 1352 2621 2544 1942 2054 2886 1200 2017 1307 1377 2080 2913 1514 1468 1015 2066 1931 1486 3074 1085 1091 1664 2272 2876 1947 908 2546 1360 2449 3213 3029 2836 1276 2429 1422 1929 1063 2628 1567 1788 2396 2382 1993 3006 2974 1958 1830 2299 803 1496 2579 1916 1309 1085 3008 2311 1886 2525 1619 556 1965 2161 1791 616 2006 1768 1452
1227 2802 2465 1489 2962 618 1755 2942 2709 2594 1118 1647 730 3061 1954 1639 3055 1700 3202 419 360 2211 2830 2753 1653 2048 1982 1260 1963 1685 1197 2565 2014 2612 2695 1305 2582 2524 1884 2004 2827 1147 2018 1335 1415 2026 2854 1464 1471 999 2052 1946 1428 3029 1133 1042 1623 2213 2825 1915 892 2489 1313 2415 3155 2972 2802 1226 2374 1398 1909 1008 2569 1509 1758 2336 2350 1933 2952 2919 1914 1771 2240 802 1518 2520 1857 1250 1055 2950 2251 1826 2470 1562 502 1980 2132 1807 659 1954 1786 1418
1886 964 1260 1082 1314 2151 1486 1461 1087 1157 1545 1499 1988 1629 1246 1091 1583 2941 1755 2259 2211 360 999 1697 1229 875 851 1386 2027 2640 1412 1332 1484 1716 1546 2226 977 1593 1837 577 1757 1435 2026 2358 2569 2172 1871 2143 1940 2540 1607 2334 1265 1213 2592 1528 2493 1697 1004 1071 1854 1103 1261 1065 1670 1463 1299 2127 870 1471 1443 1992 1326 1273 2797 1609 1138 1271 1233 1247 729 1769 1869 2514 2317 1794 1662 1535 2423 1444 1519 1563 833 1179 2158 2344 1187 2290 2509 700 2338 1295
2376 693 1266 1702 866 2747 1867 1132 1160 1369 2184 2095 2578 1286 1569 1614 1593 3567 1370 2875 2830 999 360 1948 1841 1243 1429 2026 2332 3253 2049 1604 2000 1704 1791 2854 825 1608 2388 1217 1985 2067 2313 2845 3057 2714 2116 2759 2386 3180 1861 2672 1903 577 3135 2150 3105 2163 770 1455 2430 1384 1876 1099 1645 1479 1021 2759 1216 1980 1764 2631 1595 1903 3412 2027 1224 1814 1092 1170 1282 2340 2340 3149 2763 2166 2216 2173 3062 1469 1960 2124 1083 1810 2786 2672 1419 2662 3129 1325 2720 1842
2908 1626 2591 1972 2446 2839 2709 2682 1151 944 2016 1471 2731 2848 2535 2230 928 2739 2948 2813 2753 1697 1948 360 1492 2190 1376 1911 3262 2354 1996 727 1107 3052 518 2171 2234 2930 1396 1671 435 2080 3275 3334 3523 1569 535 1982 3035 2717 2901 3523 1749 2111 3409 2228 2223 985 1559 2349 2675 961 2098 2392 987 959 2539 2140 1190 2538 2713 2197 734 1641 2502 806 2474 1192 1317 1221 1956 1455 1086 2829 3372 729 1320 1865 2539 953 869 1312 1273 1625 2635 3540 2513 3446 2996 1555 3479 2331
1809 1685 1977 939 2179 1712 1753 2297 1460 1312 896 641 1599 2459 1687 1281 1762 2088 2593 1712 1653 1229 1841 1492 360 1463 781 778 2276 1773 863 1271 832 2359 1413 1378 1821 2236 1030 1030 1568 948 2302 2214 2397 1361 1620 1278 1962 1782 2016 2485 618 2059 2276 1096 1625 1090 1680 1518 1545 1207 1007 1818 1862 1684 2133 1290 1138 1488 1813 1214 1275 509 1932 1133 1837 662 1720 1670 1191 935 1211 1822 2271 1345 870 777 1635 1663 1030 771 1262 511 1551 2507 1753 2388 1922 888 2412 1292
1493 1376 878 1015 1274 1922 1003 1278 1599 1670 1550 1743 1750 1420 734 769 2098 3024 1561 2086 2048 875 1243 2190 1463 360 1229 1417 1522 2778 1399 1830 1846 1268 2044 2325 897 1143 2131 889 2254 1377 1518 1962 2173 2464 2362 2294 1506 2507 1092 1842 1371 1404 2261 1407 2639 2090 1438 577 1589 1609 1141 749 2183 1977 1126 2214 1378 1105 935 2021 1826 1436 2926 2039 737 1623 1717 1744 634 2038 2248 2424 1884 2240 1965 1615 2428 1958 1939 1864 1349 1350 2035 1848 684 1811 2342 1031 1865 998
1923 1264 1705 981 1802 1990 1694 1952 1087 997 1237 1026 1850 2119 1540 1214 1475 2507 2247 2038 1982 851 1429 1376 781 1229 360 1084 2247 2185 1145 1054 998 2134 1250 1799 1468 2009 1345 706 1447 1204 2261 2370 2570 1680 1537 1692 2032 2188 1901 2509 922 1646 2512 1338 2036 1227 1261 1355 1755 898 1136 1522 1575 1377 1789 1711 751 1533 1707 1622 1053 876 2344 1170 1570 780 1333 1296 966 1281 1392 2207 2383 1374 1171 1166 2048 1355 1070 1072 857 796 1898 2525 1549 2435 2268 557 2471 1327
1429 1942 1926 764 2268 1297 1503 2326 1810 1695 519 899 1180 2475 1524 1099 2160 1968 2616 1317 1260 1386 2026 1911 778 1417 1084 360 1975 1725 448 1681 1220 2235 1831 1267 1886 2119 1278 1169 1986 540 2010 1810 1987 1562 2035 1253 1604 1513 1799 2142 530 2239 1858 684 1590 1464 1955 1390 1132 1590 704 1805 2261 2074 2167 1156 1475 1174 1599 976 1684 629 1870 1536 1788 1078 2057 2020 1187 1159 1554 1497 1884 1743 1165 567 1402 2052 1438 1090 1578 664 1174 2167 1641 2034 1544 1083 2050 1011
976 2525 1487 1699 2126 1716 913 1939 2754 2798 2004 2495 1598 1969 1149 1393 3248 3275 2079 1961 1963 2027 2332 3262 2276 1522 2247 1975 360 3172 1899 2925 2743 1289 3131 2715 1881 1278 2890 1971 3332 1816 419 1212 1365 3176 3424 2784 853 2595 833 706 2056 2434 1646 1716 3067 3003 2592 1315 1460 2724 1645 1604 3337 3129 1881 2603 2501 1161 947 2349 2922 2168 3281 3013 1479 2539 2879 2906 1688 2772 3126 2403 1013 3227 2761 2163 2612 3109 2907 2672 2496 2125 2046 702 1273 744 2159 2069 811 1344
2474 3072 3290 2129 3582 1934 2801 3674 2753 2542 1614 1521 1982 3828 2876 2458 2862 746 3967 1721 1685 2640 3253 2354 1773 2778 2185 1725 3172 360 1759 2381 1728 3590 2387 827 3212 3478 1339 2434 2407 1810 3220 2658 2739 1165 2360 856 2705 1136 3111 3227 1774 3470 2430 1856 508 1735 3054 2754 2086 2451 2046 3163 2946 2835 3512 943 2482 2431 2923 1186 2389 1735 520 1927 3152 1840 3016 2943 2532 1327 1631 1376 2830 1997 1473 1524 1002 2818 1908 1540 2621 1829 1556 3260 3005 3093 1697 2300 3082 2326
1342 1982 1900 745 2269 1219 1439 2315 1872 1765 510 986 1097 2460 1478 1058 2234 1985 2601 1253 1197 1412 2049 1996 863 1399 1145 448 1899 1759 360 1760 1308 2192 1913 1296 1885 2078 1360 1197 2071 451 1935 1721 1898 1637 2121 1299 1519 1496 1739 2059 608 2260 1774 596 1628 1553 1999 1355 1044 1661 649 1789 2335 2145 2158 1182 1536 1100 1543 981 1763 715 1900 1625 1764 1164 2114 2081 1184 1240 1641 1462 1796 1832 1251 626 1396 2123 1526 1178 1633 740 1121 2085 1605 1949 1486 1125 1965 948
2614 1294 2224 1672 2094 2618 2371 2322 830 597 1808 1338 2495 2490 2182 1899 866 2754 2593 2624 2565 1332 1604 727 1271 1830 1054 1681 2925 2381 1760 360 1021 2685 574 2118 1869 2563 1403 1319 785 1837 2935 3056 3252 1658 902 1950 2726 2623 2548 3198 1512 1780 3169 1981 2239 1037 1235 1997 2419 594 1816 2024 962 816 2176 2065 823 2227 2365 2071 370 1418 2538 853 2107 1002 1052 962 1605 1421 1196 2702 3076 935 1274 1680 2455 798 839 1228 908 1380 2459 3213 2152 3127 2828 1216 3164 2021
2277 1760 2339 1403 2419 2117 2213 2586 1391 1174 1298 726 2025 2754 2117 1732 1521 2095 2879 2073 2014 1484 2000 1107 832 1846 998 1220 2743 1728 1308 1021 360 2755 1078 1459 2102 2630 765 1340 1178 1399 2768 2670 2846 1075 1200 1288 2434 1982 2462 2957 1080 2208 2698 1545 1584 619 1727 1939 1991 1087 1480 2160 1613 1478 2424 1412 1157 1960 2260 1451 1029 963 1887 683 2202 583 1652 1576 1574 761 762 2084 2738 884 615 1135 1808 1460 598 571 1299 984 1891 2979 2158 2861 2250 1187 2884 1762
1734 1991 827 1842 1333 2408 1216 1081 2364 2493 2336 2633 2250 1066 1073 1495 2858 3786 1160 2630 2612 1716 1704 3052 2359 1268 2134 2235 1289 3590 2192 2685 2755 360 2899 3124 1253 485 3029 1789 3110 2141 1240 2097 2274 3358 3227 3128 1642 3183 935 1613 2231 1726 2510 2112 3461 2998 2070 1211 2081 2453 1904 1027 2929 2736 1087 3009 2222 1581 1063 2783 2679 2313 3727 2941 938 2532 2396 2453 1542 2931 3157 3042 1922 3137 2867 2442 3145 2721 2843 2766 2156 2234 2649 1597 967 1673 2868 1937 1740 1633
2800 1471 2437 1859 2289 2766 2577 2524 996 786 1946 1430 2651 2690 2394 2102 842 2769 2790 2754 2695 1546 1791 518 1413 2044 1250 1831 3131 2387 1913 574 1078 2899 360 2170 2077 2778 1414 1530 570 1994 3142 3234 3427 1624 692 1989 2919 2700 2760 3399 1665 1956 3327 2141 2252 1012 1405 2209 2585 806 1994 2237 919 845 2380 2129 1037 2421 2576 2164 580 1562 2540 820 2321 1121 1175 1080 1816 1456 1142 2798 3263 816 1314 1804 2526 835 852 1289 1115 1536 2581 3415 2366 3325 2947 1422 3361 2214
2031 2702 2833 1671 3153 1534 2334 3229 2433 2243 1148 1167 1556 3380 2410 1993 2620 1074 3520 1352 1305 2226 2854 2171 1378 2325 1799 1267 2715 827 1296 2118 1459 3124 2170 360 2777 3012 1143 2013 2234 1343 2761 2252 2355 1146 2217 562 2257 937 2644 2788 1334 3071 2077 1389 712 1549 2693 2291 1642 2144 1581 2712 2712 2573 3069 475 2134 1965 2456 725 2125 1313 964 1725 2696 1512 2698 2634 2087 1076 1501 1121 2409 1850 1216 1072 753 2554 1677 1249 2268 1407 1166 2819 2542 2656 1399 1890 2650 1858
1998 1098 802 1504 744 2460 1453 844 1494 1654 2033 2099 2288 1012 1150 1307 1977 3488 1138 2621 2582 977 825 2234 1821 897 1468 1886 1881 3212 1885 1869 2102 1253 2077 2777 360 1150 2451 1151 2284 1878 1859 2458 2667 2787 2409 2718 1985 3015 1408 2225 1803 915 2783 1927 3068 2310 1177 1076 2127 1634 1654 638 2043 1857 682 2671 1417 1633 1332 2502 1862 1838 3366 2210 764 1888 1503 1565 1061 2378 2483 2947 2354 2383 2277 2066 2922 1842 2125 2177 1321 1744 2563 2223 979 2225 2877 1300 2285 1536
1673 1886 714 1723 1268 2327 1133 1038 2249 2374 2223 2511 2166 1052 963 1380 2745 3680 1163 2544 2524 1593 1608 2930 2236 1143 2009 2119 1278 3478 2078 2563 2630 485 2778 3012 1150 360 2906 1664 2988 2029 1234 2056 2240 3236 3105 3012 1589 3085 876 1614 2111 1644 2459 2006 3347 2873 1965 1091 1996 2332 1791 912 2817 2623 1018 2897 2100 1488 975 2675 2558 2191 3616 2816 816 2407 2288 2343 1417 2809 3032 2950 1890 3012 2743 2325 3043 2607 2718 2642 2037 2112 2556 1601 845 1661 2786 1812 1728 1527
2334 2160 2642 1584 2787 2041 2393 2933 1795 1575 1289 763 1985 3099 2352 1938 1884 1716 3229 1942 1884 1837 2388 1396 1030 2131 1345 1278 2890 1339 1360 1403 765 3029 1414 1143 2451 2906 360 1665 1457 1450 2922 2676 2829 696 1434 948 2519 1709 2671 3060 1199 2600 2627 1578 1199 771 2131 2186 1994 1490 1605 2476 1970 1856 2770 1130 1558 2088 2467 1251 1411 1095 1495 955 2502 934 2055 1976 1857 482 727 1854 2778 1067 534 1114 1526 1839 929 634 1700 1161 1747 3085 2423 2949 2074 1512 2963 1911
1749 1158 1359 883 1509 1957 1418 1630 1180 1189 1327 1307 1798 1795 1224 969 1651 2728 1927 2054 2004 577 1217 1671 1030 889 706 1169 1971 2434 1197 1319 1340 1789 1530 2013 1151 1664 1665 360 1737 1223 1978 2215 2424 2002 1840 1937 1824 2322 1590 2258 1048 1431 2421 1324 2287 1573 1186 1038 1672 1112 1064 1179 1745 1537 1467 1913 892 1336 1406 1775 1316 1061 2590 1511 1224 1119 1370 1366 646 1588 1737 2299 2194 1711 1493 1318 2205 1516 1413 1391 913 967 1947 2271 1213 2200 2302 514 2243 1144
2982 1659 2647 2045 2486 2914 2779 2726 1185 990 2091 1544 2806 2892 2601 2301 914 2793 2989 2886 2827 1757 1985 435 1568 2254 1447 1986 3332 2407 2071 785 1178 3110 570 2234 2284 2988 1457 1737 360 2155 3345 3409 3598 1616 492 2044 3108 2784 2967 3595 1824 2142 3484 2303 2278 1046 1590 2416 2750 1016 2173 2447 963 960 2585 2206 1247 2611 2781 2267 790 1716 2554 872 2532 1267 1334 1238 2022 1519 1136 2899 3446 772 1387 1939 2605 956 940 1382 1323 1700 2708 3612 2576 3518 3068 1624 3552 2404
1250 2017 1867 735 2263 1147 1368 2296 1930 1833 559 1077 1017 2436 1427 1014 2305 2018 2578 1200 1147 1435 2067 2080 948 1377 1204 540 1816 1810 451 1837 1399 2141 1994 1343 1878 2029 1450 1223 2155 360 1853 1631 1809 1722 2208 1361 1429 1496 1673 1970 691 2274 1693 507 1683 1644 2038 1314 956 1729 601 1766 2405 2213 2141 1228 1594 1020 1479 1010 1839 802 1946 1714 1734 1250 2167 2138 1180 1329 1733 1442 1705 1922 1343 707 1410 2192 1614 1269 1685 818 1084 1996 1563 1859 1442 1166 1874 880
1033 2514 1456 1724 2094 1772 926 1901 2754 2804 2044 2526 1652 1926 1143 1410 3249 3327 2034 2017 2018 2026 2313 3275 2302 1518 2261 2010 419 3220 1935 2935 2768 1240 3142 2761 1859 1234 2922 1978 3345 1853 360 1272 1422 3212 3439 2828 909 2649 811 741 2086 2410 1705 1757 3114 3028 2582 1315 1512 2731 1677 1581 3337 3130 1847 2649 2506 1195 943 2396 2932 2198 3330 3034 1455 2562 2873 2902 1694 2805 3154 2459 1070 3247 2791 2200 2664 3110 2928 2701 2497 2152 2099 732 1257 793 2216 2080 860 1374
712 2946 2160 1749 2781 1084 1371 2655 3033 3001 1753 2338 1067 2722 1671 1627 3479 2666 2847 1307 1335 2358 2845 3334 2214 1962 2370 1810 1212 2658 1721 3056 2670 2097 3234 2252 2458 2056 2676 2215 3409 1631 1272 360 572 2892 3471 2382 840 1958 1542 1044 1956 2999 795 1485 2587 2913 2996 1752 1044 2906 1600 2207 3577 3373 2559 2157 2721 1247 1514 1910 3057 2071 2734 2985 2098 2515 3223 3222 1989 2554 2991 1729 578 3193 2596 1929 2031 3351 2884 2532 2766 2072 1461 1079 1856 907 1430 2248 863 1431
924 3159 2361 1950 2986 1182 1577 2853 3240 3203 1917 2505 1204 2914 1879 1838 3682 2713 3037 1377 1415 2569 3057 3523 2397 2173 2570 1987 1365 2739 1898 3252 2846 2274 3427 2355 2667 2240 2829 2424 3598 1809 1422 572 360 3029 3656 2498 1044 2008 1731 1137 2138 3209 723 1662 2679 3084 3208 1964 1214 3107 1796 2414 3781 3577 2761 2267 2925 1458 1716 2028 3253 2252 2802 3164 2303 2699 3432 3431 2201 2708 3154 1769 713 3370 2758 2092 2101 3555 3064 2699 2974 2258 1551 1170 2062 1015 1452 2453 957 1640
2584 2474 2977 1899 3121 2216 2698 3270 2084 1854 1542 1085 2188 3436 2673 2254 2106 1551 3566 2080 2026 2172 2714 1569 1361 2464 1680 1562 3176 1165 1637 1658 1075 3358 1624 1146 2787 3236 696 2002 1616 1722 3212 2892 3029 360 1560 948 2782 1719 2983 3325 1507 2923 2794 1836 1053 981 2439 2512 2221 1780 1901 2812 2182 2095 3107 1182 1872 2376 2780 1377 1667 1411 1303 1171 2837 1265 2336 2252 2191 787 843 1906 3013 1203 870 1375 1536 2081 1181 970 2013 1485 1884 3352 2751 3208 2169 1849 3216 2209
3052 1791 2766 2122 2617 2953 2872 2855 1316 1117 2131 1566 2853 3021 2704 2391 1034 2747 3119 2913 2854 1871 2116 535 1620 2362 1537 2035 3424 2360 2121 902 1200 3227 692 2217 2409 3105 1434 1840 492 2208 3439 3471 3656 1560 360 2022 3184 2777 3069 3680 1878 2274 3529 2356 2237 1030 1723 2518 2805 1137 2241 2567 1073 1088 2712 2197 1365 2690 2880 2276 909 1766 2503 878 2648 1317 1466 1370 2124 1509 1091 2903 3516 728 1384 1972 2596 1085 963 1393 1447 1758 2731 3697 2685 3599 3086 1721 3631 2484
2127 2586 2809 1652 3086 1676 2369 3181 2289 2089 1162 1034 1676 3337 2416 1992 2447 1183 3476 1514 1464 2143 2759 1982 1278 2294 1692 1253 2784 856 1299 1950 1288 3128 1989 562 2718 3012 948 1937 2044 1361 2828 2382 2498 948 2022 360 2345 1140 2674 2883 1284 2976 2237 1433 710 1358 2571 2283 1743 1993 1588 2675 2537 2406 3019 599 2003 2010 2480 832 1958 1239 1014 1538 2670 1368 2554 2485 2042 893 1302 1318 2526 1654 1037 1046 956 2388 1497 1084 2140 1333 1321 2913 2533 2756 1584 1803 2755 1882
483 2511 1680 1423 2302 1223 893 2175 2644 2641 1599 2142 1108 2245 1195 1216 3112 2791 2372 1468 1471 1940 2386 3035 1962 1506 2032 1604 853 2705 1519 2726 2434 1642 2919 2257 1985 1589 2519 1824 3108 1429 909 840 1044 2782 3184 2345 360 2105 1073 903 1717 2531 1229 1306 2609 2689 2566 1291 980 2552 1314 1730 3208 3000 2078 2149 2349 858 1034 1893 2726 1834 2808 2729 1619 2250 2813 2822 1572 2398 2793 1911 739 2943 2409 1770 2129 2979 2625 2330 2377 1811 1557 931 1378 790 1668 1883 810 1065
1862 3082 2976 1871 3400 1256 2336 3425 2882 2716 1356 1645 1357 3560 2491 2119 3129 1067 3702 1015 999 2540 3180 2717 1782 2507 2188 1513 2595 1136 1496 2623 1982 3183 2700 937 3015 3085 1709 2322 2784 1496 2649 1958 2008 1719 2777 1140 2105 360 2643 2585 1644 3392 1678 1463 1126 2107 3087 2416 1502 2613 1726 2893 3225 3070 3273 940 2561 1962 2482 928 2630 1672 1166 2272 2849 1989 3143 3090 2316 1628 2073 604 2151 2413 1757 1383 544 3049 2213 1771 2682 1756 911 2619 2654 2446 929 2228 2423 1927
1160 2068 1019 1446 1660 1839 671 1491 2330 2399 1872 2268 1685 1543 726 1095 2830 3275 1665 2066 2052 1607 1861 2901 2016 1092 1901 1799 833 3111 1739 2548 2462 935 2760 2644 1408 876 2671 1590 2967 1673 811 1542 1731 2983 3069 2674 1073 2643 360 1179 1835 1961 1943 1615 2991 2718 2138 911 1519 2334 1454 1130 2915 2709 1418 2528 2104 1047 563 2289 2545 1936 3239 2700 1005 2245 2435 2469 1304 2561 2859 2488 1385 2910 2523 2003 2621 2690 2596 2427 2081 1873 2100 1175 808 1193 2300 1710 1257 1152
996 2855 1833 1925 2473 1688 1207 2282 3059 3087 2142 2677 1608 2306 1474 1658 3546 3285 2411 1931 1946 2334 2672 3523 2485 1842 2509 2142 706 3227 2059 3198 2957 1613 3399 2788 2225 1614 3060 2258 3595 1970 741 1044 1137 3325 3680 2883 903 2585 1179 360 2247 2779 1470 1849 3137 3215 2919 1629 1505 3007 1838 1948 3638 3430 2227 2681 2791 1357 1273 2425 3196 2363 3322 3243 1823 2765 3198 3220 1982 2939 3325 2371 825 3458 2945 2312 2630 3409 3138 2864 2797 2333 2052 394 1612 500 2092 2342 542 1560
1557 1798 1888 753 2178 1466 1554 2259 1645 1526 675 799 1345 2414 1531 1108 1990 2047 2553 1486 1428 1265 1903 1749 618 1371 922 530 2056 1774 608 1512 1080 2231 1665 1334 1803 2111 1199 1048 1824 691 2086 1956 2138 1507 1878 1284 1717 1644 1835 2247 360 2119 2022 838 1632 1333 1807 1379 1286 1420 771 1750 2091 1904 2098 1229 1311 1258 1632 1087 1515 477 1925 1389 1748 920 1895 1856 1118 1086 1438 1647 2017 1599 1065 629 1519 1883 1288 978 1418 494 1338 2270 1626 2146 1709 944 2167 1072
2534 846 1327 1906 786 2937 2003 1072 1320 1542 2396 2312 2767 1205 1700 1793 1708 3785 1262 3074 3029 1213 577 2111 2059 1404 1646 2239 2434 3470 2260 1780 2208 1726 1956 3071 915 1644 2600 1431 2142 2274 2410 2999 3209 2923 2274 2976 2531 3392 1961 2779 2119 360 3305 2352 3322 2363 911 1606 2615 1570 2077 1190 1747 1601 1003 2976 1418 2149 1886 2846 1771 2120 3630 2220 1315 2027 1201 1289 1476 2554 2540 3357 2904 2350 2429 2388 3276 1594 2158 2337 1280 2027 2990 2776 1534 2780 3328 1542 2840 2024
1039 3195 2528 1912 3128 947 1732 3027 3216 3149 1759 2341 1037 3107 2018 1883 3627 2375 3237 1085 1133 2592 3135 3409 2276 2261 2512 1858 1646 2430 1774 3169 2698 2510 3327 2077 2783 2459 2627 2421 3484 1693 1705 795 723 2794 3529 2237 1229 1678 1943 1470 2022 3305 360 1547 2383 2921 3236 2067 1118 3048 1740 2551 3727 3529 2919 2000 2888 1516 1886 1777 3171 2127 2481 3021 2451 2576 3429 3416 2235 2510 2971 1435 1010 3219 2578 1924 1787 3507 2927 2531 2955 2152 1275 1504 2208 1337 1111 2423 1288 1661
1116 2122 1874 808 2312 1012 1305 2323 2059 1971 653 1216 874 2457 1404 1016 2445 2034 2599 1091 1042 1528 2150 2228 1096 1407 1338 684 1716 1856 596 1981 1545 2112 2141 1389 1927 2006 1578 1324 2303 507 1757 1485 1662 1836 2356 1433 1306 1463 1615 1849 838 2352 1547 360 1737 1788 2147 1314 808 1868 636 1791 2546 2352 2173 1273 1725 938 1430 1034 1984 950 1984 1861 1746 1398 2291 2266 1241 1456 1872 1379 1565 2068 1479 824 1400 2330 1762 1409 1809 965 999 1876 1557 1733 1340 1283 1745 839
2381 2923 3153 1993 3436 1864 2682 3531 2606 2397 1485 1373 1899 3686 2747 2326 2724 877 3825 1664 1623 2493 3105 2223 1625 2639 2036 1590 3067 508 1628 2239 1584 3461 2252 712 3068 3347 1199 2287 2278 1683 3114 2587 2679 1053 2237 710 2609 1126 2991 3137 1632 3322 2383 1737 360 1601 2905 2620 1992 2306 1917 3022 2809 2694 3369 825 2333 2315 2800 1078 2248 1589 669 1792 3014 1692 2870 2797 2391 1182 1505 1356 2751 1871 1328 1386 969 2677 1768 1393 2473 1683 1488 3168 2871 3005 1667 2152 2997 2202
2529 1894 2572 1663 2609 2336 2472 2792 1477 1242 1528 941 2254 2961 2371 1990 1491 2118 3082 2272 2213 1697 2163 985 1090 2090 1227 1464 3003 1735 1553 1037 619 2998 1012 1549 2310 2873 771 1573 1046 1644 3028 2913 3084 981 1030 1358 2689 2107 2718 3215 1333 2363 2921 1788 1601 360 1851 2191 2231 1177 1737 2388 1572 1475 2633 1527 1306 2219 2517 1612 1047 1215 1887 552 2438 833 1721 1635 1819 838 536 2236 2988 671 719 1358 1926 1460 568 750 1442 1242 2083 3237 2405 3117 2430 1422 3140 2021
2524 440 1612 1710 1277 2784 2081 1541 769 997 2114 1896 2625 1697 1805 1730 1183 3393 1779 2876 2825 1004 770 1559 1680 1438 1261 1955 2592 3054 1999 1235 1727 2070 1405 2693 1177 1965 2131 1186 1590 2038 2582 2996 3208 2439 1723 2571 2566 3087 2138 2919 1807 911 3236 2147 2905 1851 360 1655 2495 1038 1890 1422 1237 1069 1422 2610 934 2110 2007 2522 1225 1775 3215 1695 1540 1575 688 759 1368 2102 2025 3092 2945 1809 1966 2063 2950 1058 1643 1884 793 1691 2759 2924 1690 2890 3120 1234 2943 1939
1287 1593 919 992 1432 1766 786 1387 1799 1853 1503 1787 1594 1509 545 660 2294 2973 1651 1947 1915 1071 1455 2349 1518 577 1355 1390 1315 2754 1355 1997 1939 1211 2209 2291 1076 1091 2186 1038 2416 1314 1315 1752 1964 2512 2518 2283 1291 2416 911 1629 1379 1606 2067 1314 2620 2191 1655 360 1427 1785 1073 864 2382 2174 1250 2177 1556 919 733 1965 1993 1463 2895 2160 796 1718 1928 1952 753 2085 2341 2312 1669 2368 2028 1596 2353 2155 2057 1929 1542 1387 1917 1636 610 1595 2202 1161 1648 857
749 2458 1960 1157 2497 699 1225 2449 2459 2392 1069 1654 530 2558 1441 1184 2870 2175 2697 908 892 1854 2430 2675 1545 1589 1755 1132 1460 2086 1044 2419 1991 2081 2585 1642 2127 1996 1994 1672 2750 956 1512 1044 1214 2221 2805 1743 980 1502 1519 1505 1286 2615 1118 808 1992 2231 2495 1427 360 2292 983 1932 2970 2772 2317 1536 2130 881 1381 1280 2421 1398 2187 2309 1855 1847 2675 2660 1511 1872 2306 1330 1152 2515 1911 1245 1512 2750 2210 1848 2199 1410 951 1536 1626 1375 1151 1667 1371 952
2454 1088 1991 1517 1867 2517 2171 2090 665 465 1731 1339 2382 2258 1968 1710 938 2812 2364 2546 2489 1103 1384 961 1207 1609 898 1590 2724 2451 1661 594 1087 2453 806 2144 1634 2332 1490 1112 1016 1729 2731 2906 3107 1780 1137 1993 2552 2613 2334 3007 1420 1570 3048 1868 2306 1177 1038 1785 2292 360 1674 1791 1038 844 1943 2078 593 2055 2156 2049 587 1343 2611 1016 1875 992 925 852 1397 1484 1349 2667 2911 1141 1340 1624 2454 822 968 1273 675 1286 2393 3021 1928 2943 2765 1029 2983 1851
1171 1861 1626 540 2039 1253 1159 2060 1836 1773 792 1209 1096 2198 1190 773 2252 2260 2340 1360 1313 1261 1876 2098 1007 1141 1136 704 1645 2046 649 1816 1480 1904 1994 1581 1654 1791 1605 1064 2173 601 1677 1600 1796 1901 2241 1588 1314 1726 1454 1838 771 2077 1740 636 1917 1737 1890 1073 983 1674 360 1529 2352 2151 1907 1466 1507 846 1256 1251 1817 886 2185 1775 1493 1296 2055 2037 965 1488 1848 1653 1635 1989 1475 909 1648 2129 1671 1389 1577 856 1275 1861 1322 1740 1612 1045 1765 668
1757 1346 560 1404 937 2270 1196 892 1697 1827 1939 2099 2098 1031 896 1139 2193 3413 1172 2449 2415 1065 1099 2392 1818 749 1522 1805 1604 3163 1789 2024 2160 1027 2237 2712 638 912 2476 1179 2447 1766 1581 2207 2414 2812 2567 2675 1730 2893 1130 1948 1750 1190 2551 1791 3022 2388 1422 864 1932 1791 1529 360 2266 2071 747 2601 1561 1420 1065 2410 2018 1807 3312 2311 486 1938 1742 1794 994 2391 2555 2803 2093 2499 2305 2000 2816 2055 2218 2204 1489 1717 2411 1946 713 1951 2704 1333 2013 1356
3120 1318 2463 2191 2146 3193 2792 2417 944 938 2396 1940 3060 2570 2557 2355 460 3326 2644 3213 3155 1670 1645 987 1862 2183 1575 2261 3337 2946 2335 962 1613 2929 919 2712 2043 2817 1970 1745 963 2405 3337 3577 3781 2182 1073 2537 3208 3225 2915 3638 2091 1747 3727 2546 2809 1572 1237 2382 2970 1038 2352 2266 360 568 2300 2664 1219 2714 2754 2674 956 2005 3099 1379 2373 1603 912 839 2016 2004 1699 3304 3574 1354 1859 2276 3055 589 1402 1823 1201 1957 3053 3649 2481 3584 3424 1690 3628 2514
2914 1147 2269 1988 1985 3001 2583 2249 739 740 2213 1785 2865 2406 2350 2147 482 3209 2487 3029 2972 1463 1479 959 1684 1977 1377 2074 3129 2835 2145 816 1478 2736 845 2573 1857 2623 1856 1537 960 2213 3130 3373 3577 2095 1088 2406 3000 3070 2709 3430 1904 1601 3529 2352 2694 1475 1069 2174 2772 844 2151 2071 568 360 2125 2518 1012 2507 2547 2512 808 1824 2991 1284 2176 1441 761 672 1807 1877 1619 3137 3367 1302 1731 2100 2904 381 1287 1684 993 1770 2874 3441 2277 3376 3246 1485 3420 2308
2121 1342 761 1773 610 2656 1550 523 1778 1955 2307 2413 2484 689 1261 1525 2243 3776 820 2836 2802 1299 1021 2539 2133 1126 1789 2167 1881 3512 2158 2176 2424 1087 2380 3069 682 1018 2770 1467 2585 2141 1847 2559 2761 3107 2712 3019 2078 3273 1418 2227 2098 1003 2919 2173 3369 2633 1422 1250 2317 1943 1907 747 2300 2125 360 2960 1732 1802 1404 2779 2169 2141 3664 2531 828 2210 1749 1821 1342 2695 2806 3188 2428 2700 2597 2356 3191 2113 2446 2496 1628 2049 2797 2219 1070 2251 3091 1618 2316 1744
1925 2616 2720 1559 3048 1445 2219 3120 2362 2179 1034 1098 1456 3270 2295 1879 2570 1177 3411 1276 1226 2127 2759 2140 1290 2214 1711 1156 2603 943 1182 2065 1412 3009 2129 475 2671 2897 1130 1913 2206 1228 2649 2157 2267 1182 2197 599 2149 940 2528 2681 1229 2976 2000 1273 825 1527 2610 2177 1536 2078 1466 2601 2664 2518 2960 360 2056 1850 2340 616 2072 1215 1078 1694 2583 1446 2626 2566 1978 1048 1495 1092 2309 1833 1180 964 759 2498 1639 1201 2187 1308 1084 2712 2427 2551 1347 1793 2546 1743
2261 962 1761 1339 1675 2377 1950 1883 695 657 1627 1330 2233 2052 1739 1499 1123 2826 2164 2429 2374 870 1216 1190 1138 1378 751 1475 2501 2482 1536 823 1157 2222 1037 2134 1417 2100 1558 892 1247 1594 2506 2721 2925 1872 1365 2003 2349 2561 2104 2791 1311 1418 2888 1725 2333 1306 934 1556 2130 593 1507 1561 1219 1012 1732 2056 360 1855 1928 1992 817 1255 2642 1174 1644 1001 945 905 1173 1528 1483 2591 2714 1330 1392 1545 2413 991 1103 1309 502 1182 2289 2803 1696 2731 2659 832 2774 1655
775 2061 1439 929 1992 1220 736 1930 2156 2144 1214 1695 1051 2037 920 740 2618 2587 2176 1422 1398 1471 1980 2538 1488 1105 1533 1174 1161 2431 1100 2227 1960 1581 2421 1965 1633 1488 2088 1336 2611 1020 1195 1247 1458 2376 2690 2010 858 1962 1047 1357 1258 2149 1516 938 2315 2219 2110 919 881 2055 846 1420 2714 2507 1802 1850 1855 360 879 1605 2227 1372 2555 2246 1337 1767 2338 2340 1102 1971 2334 1822 1219 2460 1962 1366 1934 2486 2140 1876 1889 1336 1427 1379 1105 1269 1670 1386 1301 566
1087 1941 1006 1242 1630 1712 519 1503 2170 2225 1678 2064 1550 1582 561 891 2666 3098 1714 1929 1909 1443 1764 2713 1813 935 1707 1599 947 2923 1543 2365 2260 1063 2576 2456 1332 975 2467 1406 2781 1479 943 1514 1716 2780 2880 2480 1034 2482 563 1273 1632 1886 1886 1430 2800 2517 2007 733 1381 2156 1256 1065 2754 2547 1404 2340 1928 879 360 2104 2362 1732 3054 2502 949 2044 2292 2319 1119 2358 2657 2339 1389 2713 2320 1805 2450 2527 2398 2224 1915 1669 1945 1277 713 1257 2171 1519 1315 958
1669 2519 2517 1366 2884 1207 1978 2936 2314 2153 831 1096 1205 3081 2072 1664 2577 1368 3222 1063 1008 1992 2631 2197 1214 2021 1622 976 2349 1186 981 2071 1451 2783 2164 725 2502 2675 1251 1775 2267 1010 2396 1910 2028 1377 2276 832 1893 928 2289 2425 1087 2846 1777 1034 1078 1612 2522 1965 1280 2049 1251 2410 2674 2512 2779 616 1992 1605 2104 360 2077 1106 1310 1759 2383 1431 2575 2523 1802 1147 1616 993 2057 1924 1253 820 791 2491 1688 1245 2114 1192 867 2456 2213 2295 1182 1671 2291 1511
2615 1284 2217 1672 2086 2621 2368 2314 820 588 1812 1344 2497 2482 2178 1898 859 2762 2585 2628 2569 1326 1595 734 1275 1826 1053 1684 2922 2389 1763 370 1029 2679 580 2125 1862 2558 1411 1316 790 1839 2932 3057 3253 1667 909 1958 2726 2630 2545 3196 1515 1771 3171 1984 2248 1047 1225 1993 2421 587 1817 2018 956 808 2169 2072 817 2227 2362 2077 360 1422 2546 863 2101 1007 1042 952 1602 1429 1206 2707 3076 945 1283 1684 2462 790 848 1236 900 1383 2463 3211 2147 3126 2833 1214 3163 2021
1674 1774 1954 849 2207 1563 1660 2304 1584 1449 750 692 1450 2462 1622 1204 1905 2027 2599 1567 1509 1273 1903 1641 509 1436 876 629 2168 1735 715 1418 963 2313 1562 1313 1838 2191 1095 1061 1716 802 2198 2071 2252 1411 1766 1239 1834 1672 1936 2363 477 2120 2127 950 1589 1215 1775 1463 1398 1343 886 1807 2005 1824 2141 1215 1255 1372 1732 1106 1422 360 1890 1273 1813 809 1840 1795 1172 986 1322 1696 2135 1483 953 650 1534 1802 1172 864 1371 454 1410 2387 1706 2263 1782 938 2284 1184
2573 3232 3436 2274 3737 2012 2928 3825 2913 2701 1753 1682 2074 3978 3013 2598 3016 620 4118 1788 1758 2797 3412 2502 1932 2926 2344 1870 3281 520 1900 2538 1887 3727 2540 964 3366 3616 1495 2590 2554 1946 3330 2734 2802 1303 2503 1014 2808 1166 3239 3322 1925 3630 2481 1984 669 1887 3215 2895 2187 2611 2185 3312 3099 2991 3664 1078 2642 2555 3054 1310 2546 1890 360 2079 3298 2001 3176 3102 2683 1487 1777 1411 2913 2142 1632 1671 1063 2974 2063 1700 2782 1984 1636 3355 3146 3186 1736 2457 3172 2458
2582 1743 2502 1679 2489 2441 2471 2687 1307 1070 1621 1049 2347 2856 2344 1985 1299 2308 2972 2396 2336 1609 2027 806 1133 2039 1170 1536 3013 1927 1625 853 683 2941 820 1725 2210 2816 955 1511 872 1714 3034 2985 3164 1171 878 1538 2729 2272 2700 3243 1389 2220 3021 1861 1792 552 1695 2160 2309 1016 1775 2311 1379 1284 2531 1694 1174 2246 2502 1759 863 1273 2079 360 2371 839 1544 1455 1776 1009 702 2389 3044 574 874 1459 2094 1269 465 875 1303 1280 2212 3264 2360 3153 2567 1368 3180 2043
1654 1464 500 1384 1042 2194 1087 954 1799 1918 1914 2117 2023 1073 793 1089 2298 3389 1214 2382 2350 1138 1224 2474 1837 737 1570 1788 1479 3152 1764 2107 2202 938 2321 2696 764 816 2502 1224 2532 1734 1455 2098 2303 2837 2648 2670 1619 2849 1005 1823 1748 1315 2451 1746 3014 2438 1540 796 1855 1875 1493 486 2373 2176 828 2583 1644 1337 949 2383 2101 1813 3298 2371 360 1979 1856 1904 1005 2412 2601 2748 1978 2564 2334 1988 2781 2159 2275 2232 1581 1727 2354 1821 603 1829 2635 1376 1891 1294
2105 1598 2116 1202 2215 2007 2003 2372 1281 1092 1185 707 1899 2540 1897 1519 1506 2190 2667 1993 1933 1271 1814 1192 662 1623 780 1078 2539 1840 1164 1002 583 2532 1121 1512 1888 2407 934 1119 1267 1250 2562 2515 2699 1265 1317 1368 2250 1989 2245 2765 920 2027 2576 1398 1692 833 1575 1718 1847 992 1296 1938 1603 1441 2210 1446 1001 1767 2044 1431 1007 809 2001 839 1979 360 1547 1481 1350 889 985 2060 2568 1053 762 1043 1825 1421 734 670 1142 803 1822 2785 1934 2673 2190 965 2700 1565
2753 768 1934 1878 1594 2941 2352 1864 625 841 2210 1890 2791 2017 2090 1961 867 3375 2093 3006 2952 1233 1092 1317 1720 1717 1333 2057 2879 3016 2114 1052 1652 2396 1175 2698 1503 2288 2055 1370 1334 2167 2873 3223 3432 2336 1466 2554 2813 3143 2435 3198 1895 1201 3429 2291 2870 1721 688 1928 2675 925 2055 1742 912 761 1749 2626 945 2338 2292 2575 1042 1840 3176 1544 1856 1547 360 456 1601 2049 1886 3176 3190 1617 1905 2130 2992 756 1515 1837 842 1767 2871 3205 1990 3159 3240 1371 3209 2152
2755 839 1989 1863 1674 2917 2372 1941 570 761 2171 1827 2770 2097 2119 1967 783 3305 2175 2974 2919 1247 1170 1221 1670 1744 1296 2020 2906 2943 2081 962 1576 2453 1080 2634 1565 2343 1976 1366 1238 2138 2902 3222 3431 2252 1370 2485 2822 3090 2469 3220 1856 1289 3416 2266 2797 1635 759 1952 2660 852 2037 1794 839 672 1821 2566 905 2340 2319 2523 952 1795 3102 1455 1904 1481 456 360 1611 1975 1797 3131 3196 1523 1830 2083 2936 665 1430 1765 820 1725 2834 3228 2028 3177 3204 1352 3225 2151
