140 1915 1797 2839 2460 1526 1991 2852 1929 1808 2118 1511 1200 2256 2036 2336 2032 1907 1739 1368 2759 3124 736 1313 1632 2452 1002 1920 226 1827 1663 2848 1819 903 1844 1877 1640 1402 2316 2248 2070 842 723 2638 1322 770 2529 2308 1152 2341 812 1780 477 2021 2514 439 1810 2069 808 3206 2003 1873 2402 677 1084 1806 2409 3041 1262 2153 887 1176 1651 2576 1478 1994 976 2127 2423 2642 1611 3249 2086 1663 2243 2448 2262 1003 2439 1298 2513 843 2031 1359 2865 725 2657 2250 2559 2140 1534 2570 2384 1677 2064 2408 860 1555 2083 1916 2179 1534 1501 2259 1114 1010 2370 253 1281 2691 926 2406 1151 2187 2109 1937 1566 3192 955 1493 2220 1491 2407 1817
2015 360 2789 2458 2753 788 2140 2612 396 3024 2158 903 2790 3362 2690 822 2785 1862 628 2744 2606 2586 2356 2888 784 1979 2509 389 2050 755 942 2412 2532 2520 691 1385 2848 1300 2939 1895 3173 2218 2554 2046 1474 2551 2959 996 2815 799 2628 1136 2166 1281 2974 2151 916 1686 1572 2718 862 1079 2491 1784 1194 2396 3154 2685 2660 1464 2360 2734 740 2101 2967 597 2839 1888 2157 2823 2567 2609 1794 2747 2300 2379 788 1278 3484 1259 3703 2051 944 1022 2336 2468 2541 839 1418 764 1627 2484 845 1530 1241 2172 1743 894 696 2870 1084 3097 2372 1295 2088 1482 2551 2050 1095 1913 1363 1120 1431 2516 832 3098 3082 2637 2606 3049 2833 1575 1541 1668
1897 2789 360 2155 1335 2625 1348 2037 2778 701 1468 2249 1255 932 799 2995 696 1555 2522 930 1903 2478 2444 1223 2365 2052 1228 2774 1970 2961 2919 2212 726 1375 2938 1977 656 2862 976 1876 745 2596 1756 2243 1675 1641 1266 2754 1382 3056 1714 2123 2221 2188 1233 2184 2320 1875 2351 2490 2509 2232 1497 2347 2189 881 989 2260 996 2163 2618 1213 2768 2105 1080 2991 1924 1745 1846 1540 587 2660 1791 512 1475 1667 3218 2266 1071 2728 1275 2595 3220 2156 2307 2351 1811 3263 2720 2734 1557 1740 3238 1714 2262 1812 2527 2770 2721 479 2514 1229 779 2428 1149 1765 1395 2006 2575 2444 2061 2779 2673 1183 2642 699 1145 2541 1397 1206 921 1595 2395 1672
2939 2458 2155 360 1289 2632 1266 582 2426 2494 1123 2170 2883 2504 1734 2313 1866 1291 2265 2600 687 684 3524 2903 2179 843 2696 2429 2993 2828 2944 442 1804 2824 2771 1513 2428 3151 1739 989 2413 3547 3140 799 1924 3050 1510 1965 2993 2408 3149 1755 3257 1545 1551 3221 1935 1211 2971 730 1959 1764 1026 3110 2517 1678 1962 590 2604 1356 3642 2821 2714 717 2821 2690 3411 1083 775 1162 2087 865 1147 2256 1055 848 2771 2676 2491 3039 2806 3449 3042 2225 582 3522 735 2863 1620 2126 1676 784 2667 1574 1577 791 3214 2821 2169 2127 1764 2984 2003 1552 2190 2256 1138 3021 2815 1027 2532 1890 3115 1335 2024 2454 2910 750 2893 2951 1703 1729 1322 1407
2560 2753 1335 1289 360 2762 980 1117 2730 1649 958 2295 2189 1586 898 2784 1005 1251 2501 1871 981 1589 3154 2178 2365 1407 2078 2729 2623 3047 3088 1363 1063 2225 3004 1738 1630 3172 814 1331 1517 3246 2591 1543 1810 2484 602 2465 2313 2868 2573 1978 2897 1897 636 2859 2200 1474 2808 1570 2323 2050 678 2883 2464 1021 1033 1332 1909 1773 3306 2136 2883 1391 2052 2987 2814 1269 1146 566 1354 1779 1359 1468 830 874 3150 2597 1562 3041 1878 3194 3298 2275 1488 3104 914 3223 2260 2541 1561 874 3104 1596 1962 1113 3033 2944 2557 1273 2218 2204 1362 2052 1707 2078 576 2657 2837 1790 2405 2438 3054 640 2434 1582 2121 1644 2272 2180 800 1625 1909 1446
1626 788 2625 2632 2762 360 2142 2755 814 2817 2193 835 2488 3193 2603 1249 2678 1888 768 2488 2725 2808 1933 2593 813 2150 2213 804 1661 702 687 2599 2418 2201 696 1485 2636 920 2872 2021 2999 1790 2186 2256 1346 2197 2943 1368 2496 1226 2266 1236 1752 1460 2951 1740 1071 1797 1151 2931 1139 1236 2538 1362 847 2303 3067 2862 2395 1652 1933 2437 506 2280 2694 828 2461 1978 2280 2864 2398 2858 1890 2559 2342 2462 1096 883 3334 850 3523 1623 957 852 2544 2050 2647 1091 1759 1142 1567 2578 1223 1532 1447 2287 1315 550 1072 2719 1379 2810 2207 1564 1866 1231 2577 1656 667 2171 1017 1491 1010 2500 1172 2907 2806 2865 2283 2763 2764 1505 1800 1698
2091 2140 1348 1266 980 2142 360 1232 2118 1686 502 1674 1983 1826 1021 2206 1151 644 1884 1714 1130 1584 2686 2010 1746 1065 1790 2117 2149 2427 2469 1301 982 1918 2384 1143 1583 2566 1199 889 1683 2743 2241 1261 1208 2149 1179 1908 2091 2285 2246 1369 2421 1325 1195 2383 1592 932 2243 1634 1731 1450 789 2342 1864 827 1436 1437 1708 1240 2822 1920 2262 1130 1945 2372 2507 765 886 1092 1225 1747 828 1414 612 820 2544 2004 1882 2437 2168 2669 2678 1657 1368 2664 1027 2614 1780 1955 949 940 2511 976 1396 856 2477 2325 1964 1360 1658 2110 1109 1522 1293 1503 800 2180 2228 1455 1822 1901 2463 737 1850 1681 2043 1652 1987 2074 1106 1014 1438 833
2952 2612 2037 582 1117 2755 1232 360 2581 2370 1096 2285 2812 2343 1604 2497 1730 1325 2404 2516 496 834 3545 2823 2307 996 2645 2584 3009 2972 3073 664 1702 2779 2916 1629 2320 3258 1572 1093 2266 3585 3112 1001 1979 3016 1322 2150 2927 2591 3113 1880 3278 1691 1364 3241 2074 1318 3035 816 2118 1903 902 3161 2600 1592 1784 583 2530 1509 3672 2752 2846 891 2726 2847 3372 1153 838 966 1994 1024 1233 2149 991 774 2943 2755 2316 3140 2633 3497 3194 2324 804 3531 587 3032 1823 2298 1720 666 2849 1646 1732 837 3277 2945 2337 1997 1937 2886 1933 1729 2165 2305 1001 3039 2918 1240 2598 2083 3203 1214 2194 2319 2808 887 2843 2856 1549 1778 1511 1472
2029 396 2778 2426 2730 814 2118 2581 360 3016 2134 896 2792 3350 2673 795 2769 1839 616 2742 2576 2552 2378 2890 773 1948 2511 369 2065 791 978 2379 2517 2524 727 1358 2842 1333 2920 1866 3162 2243 2564 2012 1464 2559 2937 960 2819 777 2637 1111 2185 1250 2953 2169 890 1658 1594 2683 828 1052 2465 1806 1207 2380 3136 2652 2659 1432 2385 2736 773 2068 2966 626 2851 1861 2128 2797 2557 2573 1767 2738 2275 2351 800 1295 3471 1289 3693 2076 977 1021 2302 2488 2512 857 1382 728 1611 2455 842 1510 1210 2142 1768 927 660 2858 1049 3097 2361 1260 2084 1482 2526 2065 1122 1878 1374 1084 1460 2494 796 3089 3081 2603 2611 3049 2815 1560 1507 1645
1908 3024 701 2494 1649 2817 1686 2370 3016 360 1809 2481 1091 809 1126 3265 1005 1880 2760 808 2235 2817 2405 1021 2604 2391 1173 3012 1986 3159 3093 2552 1066 1302 3143 2278 543 2991 1244 2211 638 2586 1662 2584 1916 1548 1545 3044 1211 3320 1601 2402 2211 2490 1508 2176 2588 2200 2442 2825 2784 2514 1833 2403 2356 1218 1172 2593 910 2479 2585 1070 2963 2446 839 3213 1769 2079 2187 1850 852 2999 2120 651 1816 2007 3452 2410 998 2860 1082 2611 3415 2372 2649 2289 2145 3489 3035 3006 1837 2077 3488 2006 2563 2154 2589 2948 2986 736 2809 954 1037 2737 1311 1946 1728 2021 2730 2781 2211 3077 2781 1520 2918 496 865 2879 1293 945 1215 1867 2718 1983
2218 2158 1468 1123 958 2193 502 1096 2134 1809 360 1719 2125 1922 1110 2189 1245 664 1910 1853 1000 1441 2812 2151 1780 945 1933 2134 2276 2464 2520 1158 1102 2061 2418 1140 1713 2640 1250 790 1788 2863 2382 1135 1295 2290 1181 1876 2233 2271 2388 1382 2546 1301 1203 2509 1603 884 2344 1491 1724 1451 705 2453 1946 953 1493 1297 1850 1191 2945 2062 2307 999 2083 2394 2649 689 747 1032 1358 1605 770 1543 509 689 2551 2092 1964 2513 2259 2783 2711 1717 1227 2795 899 2625 1712 1944 1032 813 2506 1020 1368 716 2581 2379 1959 1471 1628 2248 1250 1473 1433 1604 752 2306 2300 1342 1916 1858 2549 766 1837 1796 2179 1509 2130 2212 1167 1095 1362 857
1611 903 2249 2170 2295 835 1674 2285 896 2481 1719 360 2273 2822 2174 1218 2261 1415 642 2208 2251 2365 2057 2367 492 1691 1992 891 1650 1115 1162 2142 2004 2017 1077 1017 2305 1343 2433 1552 2632 1976 2100 1814 934 2080 2484 1157 2308 1246 2166 780 1825 1028 2494 1802 684 1327 1312 2482 855 813 2064 1508 825 1876 2639 2400 2127 1215 2106 2215 948 1824 2435 1103 2397 1503 1808 2391 2026 2430 1416 2205 1868 1986 1331 975 2948 1237 3162 1830 1371 513 2097 2135 2172 1373 1453 995 1116 2102 1374 1060 1034 1814 1538 1025 945 2333 1057 2570 1831 1192 1548 963 2106 1659 1012 1760 951 1260 1340 2039 958 2555 2551 2425 2105 2523 2326 1058 1404 1223
1300 2790 1255 2883 2189 2488 1983 2812 2792 1091 2125 2273 360 1525 1658 3125 1584 2066 2552 685 2687 3205 1715 473 2406 2647 641 2786 1383 2825 2708 2923 1491 663 2824 2310 982 2517 1872 2441 1369 1920 950 2850 1799 842 2154 2982 487 3160 878 2345 1558 2512 2125 1528 2477 2349 1927 3244 2687 2459 2276 1833 2000 1580 1865 3030 642 2565 1898 425 2631 2737 651 2936 1040 2301 2507 2395 1195 3370 2307 1104 2190 2406 3196 1999 1717 2398 1721 1975 3062 2133 2990 1583 2586 3211 3091 2883 1849 2505 3275 2036 2577 2479 2019 2576 2845 1359 2782 697 1240 2774 1165 1671 2196 1413 2321 2995 1832 3047 2280 1979 2817 1227 727 3272 605 653 1808 1848 2829 2089
2356 3362 932 2504 1586 3193 1826 2343 3350 809 1922 2822 1525 360 1171 3558 1037 2070 3094 1257 2207 2813 2854 1442 2938 2502 1623 3347 2433 3531 3483 2572 1233 1750 3509 2523 977 3407 1131 2350 556 3035 2106 2678 2248 1992 1409 3306 1639 3621 2041 2685 2660 2731 1366 2626 2886 2387 2873 2796 3071 2791 1843 2844 2749 1391 947 2558 1359 2686 3034 1511 3338 2531 1249 3564 2192 2232 2267 1760 1157 3001 2291 1001 1886 2040 3790 2817 552 3275 708 3059 3790 2728 2687 2736 2132 3836 3239 3297 2121 2079 3809 2269 2805 2231 3029 3335 3286 857 3062 1321 1352 2961 1700 2329 1728 2468 3131 2901 2614 3323 3206 1555 3203 678 1236 2869 1738 1327 1161 2162 2902 2210
2136 2690 799 1734 898 2603 1021 1604 2673 1126 1110 2174 1658 1171 360 2823 496 1282 2423 1337 1469 2055 2716 1642 2272 1691 1571 2671 2204 2922 2918 1796 578 1720 2889 1763 1092 2929 648 1539 1047 2837 2096 1870 1616 1984 869 2545 1783 2895 2069 1956 2472 1962 846 2434 2171 1590 2484 2060 2337 2053 1069 2522 2224 659 825 1827 1381 1896 2880 1608 2739 1725 1514 2911 2300 1425 1461 1104 832 2239 1489 930 1080 1252 3112 2331 1221 2794 1509 2808 3181 2112 1901 2647 1380 3170 2441 2565 1423 1313 3104 1535 2035 1426 2689 2769 2564 753 2296 1666 895 2175 1293 1804 962 2239 2613 2090 2127 2549 2772 760 2464 1079 1583 2116 1760 1641 544 1477 2099 1443
2436 822 2995 2313 2784 1249 2206 2497 795 3265 2189 1218 3125 3558 2823 360 2933 1922 958 3037 2519 2377 2809 3216 1086 1865 2844 804 2472 1158 1375 2253 2695 2875 1095 1425 3098 1752 3041 1841 3379 2678 2951 1876 1719 2936 3010 707 3165 455 3019 1233 2608 1247 3031 2591 1036 1670 2025 2514 847 1130 2490 2237 1612 2545 3272 2527 2963 1383 2819 3066 1196 1966 3272 920 3244 1877 2088 2816 2784 2363 1785 2977 2314 2344 855 1716 3659 1719 3905 2511 1246 1367 2153 2914 2473 956 1109 620 1797 2430 716 1652 1181 2110 2204 1350 641 3061 931 3413 2591 1129 2370 1820 2570 2476 1557 1690 1770 797 1893 2581 718 3321 3388 2418 2962 3366 2942 1760 1351 1743
2132 2785 696 1866 1005 2678 1151 1730 2769 1005 1245 2261 1584 1037 496 2933 360 1405 2517 1258 1594 2185 2702 1557 2364 1826 1524 2767 2201 3002 2989 1929 619 1673 2972 1878 992 2981 655 1673 911 2834 2053 2006 1695 1939 931 2662 1710 3003 2019 2063 2465 2080 901 2427 2275 1718 2515 2186 2446 2163 1200 2540 2282 750 759 1952 1314 2021 2870 1537 2817 1861 1417 3001 2241 1556 1597 1207 789 2370 1618 841 1216 1386 3209 2382 1095 2847 1377 2815 3262 2191 2035 2624 1508 3264 2569 2674 1518 1443 3207 1642 2154 1562 2712 2839 2671 629 2414 1564 899 2299 1309 1858 1090 2237 2672 2225 2176 2670 2815 894 2575 949 1479 2246 1705 1542 585 1569 2229 1559
2007 1862 1555 1291 1251 1888 644 1325 1839 1880 664 1415 2066 2070 1282 1922 1405 360 1609 1833 1254 1580 2593 2111 1477 946 1840 1838 2061 2161 2216 1302 1202 1952 2115 858 1754 2341 1480 736 1914 2623 2237 1148 1016 2156 1460 1628 2162 2001 2256 1088 2326 1044 1478 2290 1310 680 2073 1658 1446 1166 1009 2195 1655 1041 1714 1498 1808 976 2714 2001 2003 1051 2075 2096 2520 597 876 1336 1394 1719 605 1594 813 956 2262 1805 2140 2217 2416 2531 2409 1415 1330 2592 1160 2333 1529 1670 755 1080 2227 716 1116 861 2313 2075 1680 1587 1378 2239 1240 1253 1300 1340 1053 2090 2001 1292 1638 1627 2260 1021 1565 1894 2181 1649 2029 2199 1384 814 1200 555
1839 628 2522 2265 2501 768 1884 2404 616 2760 1910 642 2552 3094 2423 958 2517 1609 360 2491 2388 2421 2236 2647 516 1782 2270 612 1876 927 1046 2226 2263 2290 874 1149 2586 1329 2674 1676 2906 2125 2353 1871 1207 2341 2702 981 2583 975 2423 895 2023 1080 2716 2004 690 1459 1460 2548 731 862 2247 1669 1017 2129 2887 2494 2410 1272 2263 2494 814 1909 2717 850 2646 1655 1939 2579 2301 2462 1562 2482 2054 2146 1056 1135 3215 1252 3436 1967 1163 778 2162 2331 2318 1107 1353 773 1360 2255 1092 1270 1057 1950 1662 942 710 2602 970 2851 2105 1158 1830 1240 2302 1880 1047 1771 1173 1100 1397 2258 778 2832 2833 2476 2378 2804 2568 1307 1398 1414
1468 2744 930 2600 1871 2488 1714 2516 2742 808 1853 2208 685 1257 1337 3037 1258 1833 2491 360 2388 2924 1956 668 2338 2400 727 2736 1547 2831 2741 2645 1180 853 2822 2138 667 2601 1546 2200 1083 2138 1220 2602 1680 1104 1830 2858 812 3082 1165 2211 1765 2348 1799 1731 2369 2134 2032 2956 2576 2327 1976 1976 2009 1284 1544 2737 466 2376 2137 644 2634 2481 605 2913 1358 2060 2240 2078 884 3095 2078 778 1905 2117 3164 2040 1446 2474 1505 2168 3080 2082 2721 1842 2289 3190 2920 2785 1675 2210 3223 1860 2417 2210 2163 2600 2756 1035 2641 767 964 2607 1026 1628 1890 1581 2364 2765 1851 2910 2379 1672 2709 943 719 2991 850 725 1484 1687 2635 1885
2859 2606 1903 687 981 2725 1130 496 2576 2235 1000 2251 2687 2207 1469 2519 1594 1254 2388 2388 360 968 3453 2696 2282 1014 2527 2578 2916 2956 3047 768 1572 2663 2902 1603 2188 3214 1436 1071 2129 3502 3001 1059 1910 2904 1190 2175 2804 2611 3000 1857 3187 1686 1232 3150 2059 1290 2967 953 2120 1890 772 3085 2544 1467 1650 717 2405 1512 3585 2628 2822 929 2596 2842 3257 1108 809 837 1866 1158 1195 2017 881 671 2952 2697 2182 3094 2498 3419 3185 2280 905 3434 463 3038 1871 2309 1648 550 2867 1590 1732 798 3207 2915 2344 1861 1952 2755 1811 1750 2058 2232 867 2947 2874 1308 2533 2115 3149 1082 2203 2183 2677 1022 2725 2725 1412 1709 1544 1415
3224 2586 2478 684 1589 2808 1584 834 2552 2817 1441 2365 3205 2813 2055 2377 2185 1580 2421 2924 968 360 3802 3227 2355 1050 3014 2557 3276 2971 3107 643 2129 3139 2910 1721 2752 3347 2043 1240 2728 3813 3448 912 2187 3361 1797 2034 3314 2473 3460 1944 3536 1708 1839 3501 2098 1444 3215 498 2085 1931 1345 3365 2746 2003 2259 649 2927 1515 3913 3142 2875 918 3145 2810 3723 1356 1073 1440 2412 549 1403 2580 1379 1173 2857 2907 2790 3241 3107 3706 3167 2437 629 3809 1040 2954 1641 2223 1951 1101 2733 1829 1724 1096 3458 2995 2275 2448 1867 3309 2326 1653 2500 2519 1455 3303 3017 1047 2777 1941 3332 1656 2129 2774 3235 429 3210 3275 2015 1999 1407 1672
836 2356 2444 3524 3154 1933 2686 3545 2378 2405 2812 2057 1715 2854 2716 2809 2702 2593 2236 1956 3453 3802 360 1820 2160 3123 1595 2369 897 2168 1963 3530 2501 1463 2203 2517 2252 1610 2991 2923 2678 605 1128 3302 1982 1233 3215 2844 1628 2795 1211 2386 627 2639 3199 663 2376 2734 1143 3889 2550 2467 3098 932 1593 2497 3068 3729 1856 2787 542 1713 2027 3249 2007 2378 1207 2807 3109 3337 2275 3921 2760 2302 2938 3142 2635 1461 3043 1554 3075 750 2319 1914 3540 532 3351 2600 3144 2650 2211 3265 2786 2341 2673 3095 1007 1897 2585 2563 2751 2018 2182 2859 1806 1654 3066 866 1636 3337 1475 2953 1368 2882 2639 2539 2072 3870 1481 1986 2899 2163 3031 2491
1413 2888 1223 2903 2178 2593 2010 2823 2890 1021 2151 2367 473 1442 1642 3216 1557 2111 2647 668 2696 3227 1820 360 2500 2687 740 2883 1497 2931 2817 2946 1489 776 2929 2377 936 2630 1839 2483 1296 2027 1051 2889 1880 948 2128 3065 558 3252 975 2423 1668 2582 2097 1639 2562 2402 2041 3261 2772 2538 2283 1947 2106 1590 1815 3043 663 2628 2002 515 2736 2772 554 3038 1111 2343 2536 2385 1192 3396 2354 1076 2208 2422 3297 2108 1634 2511 1622 2086 3170 2230 3018 1683 2596 3314 3160 2971 1915 2516 3373 2101 2649 2507 2133 2684 2935 1319 2859 583 1261 2844 1235 1768 2198 1526 2430 3043 1938 3126 2393 1980 2902 1155 615 3294 718 540 1783 1917 2890 2145
1732 784 2365 2179 2365 813 1746 2307 773 2604 1780 492 2406 2938 2272 1086 2364 1477 516 2338 2282 2355 2160 2500 360 1696 2125 769 1770 1044 1126 2145 2109 2150 998 1039 2430 1358 2526 1574 2749 2067 2229 1803 1050 2211 2562 1044 2441 1113 2296 786 1935 1007 2574 1913 624 1352 1399 2477 752 783 2121 1602 927 1976 2737 2409 2258 1199 2200 2348 899 1827 2566 998 2525 1540 1835 2451 2144 2409 1449 2325 1926 2029 1212 1064 3060 1264 3280 1915 1292 642 2091 2245 2208 1261 1370 868 1209 2142 1246 1130 998 1843 1617 1002 815 2446 974 2702 1948 1133 1676 1096 2170 1777 1045 1726 1067 1153 1387 2117 841 2676 2683 2413 2238 2655 2419 1155 1360 1282
2552 1979 2052 843 1407 2150 1065 996 1948 2391 945 1691 2647 2502 1691 1865 1826 946 1782 2400 1014 1050 3123 2687 1696 360 2426 1951 2604 2346 2461 810 1685 2538 2289 1037 2287 2674 1794 570 2373 3126 2818 562 1502 2740 1650 1520 2745 1958 2839 1274 2858 1062 1683 2824 1452 754 2524 1157 1483 1281 1089 2676 2057 1533 2036 1073 2383 875 3229 2582 2230 493 2638 2213 3104 708 621 1371 1928 1157 728 2119 982 898 2306 2218 2532 2565 2833 3016 2563 1754 781 3138 977 2395 1233 1661 1279 950 2215 1143 1098 654 2768 2339 1700 2056 1301 2803 1797 1096 1887 1834 1198 2629 2340 759 2087 1462 2648 1315 1557 2381 2739 1115 2615 2764 1725 1322 893 995
1102 2509 1228 2696 2078 2213 1790 2645 2511 1173 1933 1992 641 1623 1571 2844 1524 1840 2270 727 2527 3014 1595 740 2125 2426 360 2505 1182 2551 2441 2730 1377 509 2549 2048 1016 2270 1819 2217 1444 1772 889 2628 1525 775 2080 2705 695 2878 857 2071 1397 2246 2055 1363 2198 2109 1688 3064 2408 2185 2123 1617 1726 1434 1858 2859 623 2309 1774 585 2357 2524 858 2657 1097 2078 2306 2281 1100 3172 2075 1079 2015 2233 2917 1733 1811 2147 1870 1801 2792 1852 2787 1489 2424 2933 2826 2603 1592 2340 2994 1778 2310 2280 1805 2306 2565 1345 2508 957 1083 2508 910 1390 2055 1215 2057 2759 1559 2772 2039 1842 2537 1306 962 3082 558 910 1740 1586 2575 1844
2020 389 2774 2429 2729 804 2117 2584 369 3012 2134 891 2786 3347 2671 804 2767 1838 612 2736 2578 2557 2369 2883 769 1951 2505 360 2056 784 970 2383 2514 2517 720 1359 2837 1324 2918 1868 3158 2234 2556 2016 1460 2552 2936 968 2812 786 2630 1111 2176 1253 2952 2161 891 1659 1585 2688 832 1053 2466 1797 1198 2378 3134 2656 2653 1435 2376 2729 764 2072 2960 624 2843 1862 2130 2798 2553 2579 1768 2734 2275 2353 804 1286 3468 1280 3689 2067 973 1015 2306 2479 2514 859 1389 735 1608 2457 849 1509 1213 2144 1759 918 667 2855 1054 3091 2357 1265 2078 1476 2526 2057 1112 1884 1366 1092 1451 2493 802 3085 3075 2607 2604 3043 2813 1557 1512 1644
326 2050 1970 2993 2623 1661 2149 3009 2065 1986 2276 1650 1383 2433 2204 2472 2201 2061 1876 1547 2916 3276 897 1497 1770 2604 1182 2056 360 1961 1796 3002 1986 1085 1978 2024 1817 1535 2485 2400 2246 993 910 2788 1470 956 2695 2448 1337 2477 999 1923 634 2166 2681 596 1951 2219 941 3359 2143 2016 2561 812 1221 1971 2581 3196 1441 2299 1043 1358 1785 2727 1660 2129 1163 2280 2577 2804 1782 3401 2237 1837 2401 2605 2396 1138 2616 1431 2692 987 2165 1498 3017 894 2814 2384 2702 2278 1686 2728 2519 1827 2208 2562 996 1688 2221 2089 2320 1717 1669 2402 1279 1156 2531 396 1415 2839 1064 2546 1285 2350 2248 2114 1749 3345 1138 1676 2388 1641 2553 1968
1927 755 2961 2828 3047 702 2427 2972 791 3159 2464 1115 2825 3531 2922 1158 3002 2161 927 2831 2956 2971 2168 2931 1044 2346 2551 784 1961 360 587 2787 2744 2535 425 1715 2978 980 3186 2244 3337 1995 2499 2426 1667 2517 3239 1387 2829 1100 2582 1460 2018 1644 3250 2011 1257 2026 1410 3101 1247 1428 2805 1612 1185 2622 3387 3057 2737 1833 2140 2775 556 2471 3035 604 2764 2220 2506 3136 2734 2999 2128 2898 2610 2711 830 1198 3669 985 3863 1821 620 1172 2716 2302 2885 792 1812 1157 1870 2822 1000 1811 1613 2518 1524 635 1090 3054 1476 3149 2542 1684 2208 1573 2854 1952 908 2304 1352 1510 1173 2794 1227 3247 3147 3023 2616 3102 3078 1811 1931 1966
1763 942 2919 2944 3088 687 2469 3073 978 3093 2520 1162 2708 3483 2918 1375 2989 2216 1046 2741 3047 3107 1963 2817 1126 2461 2441 970 1796 587 360 2908 2729 2411 643 1805 2910 753 3191 2340 3288 1781 2343 2557 1665 2370 3268 1578 2702 1322 2429 1553 1829 1763 3275 1825 1371 2117 1227 3233 1401 1541 2865 1419 1097 2619 3381 3174 2643 1955 1926 2662 591 2590 2933 830 2596 2302 2601 3192 2692 3148 2213 2844 2669 2787 1051 1068 3630 770 3807 1607 728 1176 2847 2103 2970 1002 1995 1345 1892 2902 1226 1859 1743 2608 1316 509 1276 3018 1638 3038 2504 1838 2146 1514 2904 1784 748 2455 1249 1702 958 2826 1403 3190 3043 3163 2489 2992 3082 1829 2081 2025
2948 2412 2212 442 1363 2599 1301 664 2379 2552 1158 2142 2923 2572 1796 2253 1929 1302 2226 2645 768 643 3530 2946 2145 810 2730 2383 3002 2787 2908 360 1857 2855 2728 1487 2481 3125 1810 978 2477 3547 3164 737 1921 3077 1587 1905 3032 2348 3176 1724 3263 1505 1628 3228 1897 1193 2961 719 1911 1726 1090 3105 2501 1727 2036 634 2646 1314 3645 2860 2677 678 2869 2642 3439 1083 790 1242 2136 810 1139 2309 1103 905 2716 2661 2563 3015 2878 3445 2996 2203 499 3533 811 2809 1551 2072 1679 853 2609 1567 1533 812 3205 2788 2118 2188 1710 3032 2045 1497 2217 2254 1205 3029 2790 953 2523 1827 3095 1395 1972 2515 2960 712 2926 2998 1771 1730 1262 1405
1919 2532 726 1804 1063 2418 982 1702 2517 1066 1102 2004 1491 1233 578 2695 619 1202 2263 1180 1572 2129 2501 1489 2109 1685 1377 2514 1986 2744 2729 1857 360 1524 2714 1651 983 2725 864 1511 1071 2619 1895 1877 1436 1786 1076 2435 1613 2762 1873 1822 2255 1858 1058 2217 2031 1522 2269 2150 2207 1925 1160 2304 2024 520 1015 1925 1209 1816 2663 1436 2557 1740 1383 2746 2112 1383 1482 1267 656 2307 1432 811 1115 1316 2957 2126 1323 2590 1581 2589 3003 1932 1948 2435 1475 3011 2372 2435 1268 1399 2960 1403 1932 1448 2472 2580 2428 744 2190 1544 678 2088 1075 1600 1070 2022 2414 2078 1921 2450 2563 852 2338 1059 1467 2194 1570 1513 763 1316 2040 1337
1003 2520 1375 2824 2225 2201 1918 2779 2524 1302 2061 2017 663 1750 1720 2875 1673 1952 2290 853 2663 3139 1463 776 2150 2538 509 2517 1085 2535 2411 2855 1524 360 2537 2127 1153 2215 1968 2328 1576 1650 741 2739 1586 626 2229 2755 655 2903 709 2131 1279 2320 2205 1247 2244 2209 1624 3193 2453 2244 2261 1533 1715 1576 2005 2991 755 2394 1644 632 2343 2640 934 2655 954 2190 2429 2426 1249 3295 2182 1225 2148 2366 2919 1704 1940 2096 1982 1691 2769 1872 2908 1350 2560 2929 2898 2640 1680 2475 3006 1864 2381 2404 1719 2282 2598 1491 2568 1000 1226 2581 1012 1414 2196 1117 2023 2861 1544 2828 1976 1985 2580 1436 1025 3208 448 956 1890 1668 2661 1942
1944 691 2938 2771 3004 696 2384 2916 727 3143 2418 1077 2824 3509 2889 1095 2972 2115 874 2822 2902 2910 2203 2929 998 2289 2549 720 1978 425 643 2728 2714 2537 360 1664 2962 1033 3151 2190 3316 2035 2513 2366 1637 2527 3198 1322 2832 1039 2594 1409 2046 1587 3210 2038 1203 1973 1438 3040 1185 1373 2758 1642 1183 2590 3354 2999 2730 1775 2180 2773 555 2414 3029 547 2781 2169 2453 3089 2712 2937 2077 2879 2564 2661 791 1208 3645 1029 3843 1862 654 1144 2656 2334 2832 766 1747 1092 1833 2770 952 1768 1554 2464 1562 666 1025 3029 1413 3146 2519 1622 2192 1559 2809 1971 933 2242 1353 1445 1216 2753 1163 3229 3142 2962 2619 3099 3043 1775 1869 1921
1977 1385 1977 1513 1738 1485 1143 1629 1358 2278 1140 1017 2310 2523 1763 1425 1878 858 1149 2138 1603 1721 2517 2377 1039 1037 2048 1359 2024 1715 1805 1487 1651 2127 1664 360 2129 1998 1976 896 2354 2492 2335 1178 926 2279 1955 1144 2383 1502 2376 614 2258 572 1974 2227 828 672 1866 1833 947 671 1467 2031 1387 1496 2207 1743 2088 637 2605 2245 1579 1171 2384 1621 2636 865 1156 1799 1785 1804 773 1986 1277 1357 1771 1549 2611 1887 2872 2371 1952 1077 1452 2554 1529 1846 1142 1172 823 1466 1729 638 645 1164 2108 1676 1181 2029 898 2541 1603 828 1504 1228 1531 2044 1662 1180 1435 1161 1971 1520 1067 2314 2497 1784 2213 2497 1877 822 900 680
1740 2848 656 2428 1630 2636 1583 2320 2842 543 1713 2305 982 977 1092 3098 992 1754 2586 667 2188 2752 2252 936 2430 2287 1016 2837 1817 2978 2910 2481 983 1153 2962 2129 360 2808 1265 2100 789 2425 1525 2484 1745 1409 1559 2886 1108 3152 1472 2242 2049 2341 1526 2014 2422 2071 2262 2771 2621 2355 1778 2227 2173 1120 1242 2543 757 2340 2431 949 2782 2352 785 3035 1661 1964 2098 1836 720 2931 1998 532 1738 1939 3275 2226 1159 2677 1265 2443 3233 2194 2569 2143 2093 3311 2895 2840 1680 2019 3315 1854 2414 2066 2413 2765 2819 743 2655 934 885 2592 1129 1765 1681 1852 2546 2671 2028 2923 2600 1465 2755 658 851 2817 1157 910 1216 1706 2586 1843
1502 1300 2862 3151 3172 920 2566 3258 1333 2991 2640 1343 2517 3407 2929 1752 2981 2341 1329 2601 3214 3347 1610 2630 1358 2674 2270 1324 1535 980 753 3125 2725 2215 1033 1998 2808 360 3212 2528 3211 1410 2084 2795 1721 2130 3328 1919 2493 1707 2174 1763 1511 2002 3329 1515 1621 2303 955 3466 1700 1780 2983 1108 1070 2636 3380 3381 2498 2193 1553 2479 919 2807 2768 1221 2311 2467 2779 3299 2639 3406 2385 2767 2789 2933 1444 959 3569 494 3714 1236 1077 1294 3080 1761 3129 1389 2318 1689 1976 3055 1620 1989 1996 2782 968 766 1618 2970 1939 2854 2464 2122 2073 1485 3006 1515 701 2724 1165 2043 614 2898 1729 3100 2871 3406 2283 2809 3104 1911 2356 2163
2416 2939 976 1739 814 2872 1199 1572 2920 1244 1250 2433 1872 1131 648 3041 655 1480 2674 1546 1436 2043 2991 1839 2526 1794 1819 2918 2485 3186 3191 1810 864 1968 3151 1976 1265 3212 360 1675 1074 3118 2348 1953 1886 2235 661 2747 1999 3118 2314 2187 2751 2164 624 2713 2407 1766 2772 2025 2560 2277 1091 2809 2505 936 603 1786 1606 2075 3158 1827 3006 1802 1689 3164 2534 1580 1543 992 1083 2233 1656 1127 1174 1292 3355 2616 1113 3078 1427 3092 3444 2380 1931 2916 1365 3418 2602 2787 1678 1317 3336 1771 2235 1507 2977 3042 2791 883 2497 1827 1176 2358 1579 2088 974 2521 2893 2190 2412 2740 3059 845 2683 1156 1740 2099 1999 1810 468 1735 2253 1658
2348 1895 1876 989 1331 2021 889 1093 1866 2211 790 1552 2441 2350 1539 1841 1673 736 1676 2200 1071 1240 2923 2483 1574 570 2217 1868 2400 2244 2340 978 1511 2328 2190 896 2100 2528 1675 360 2211 2933 2607 771 1306 2529 1569 1508 2538 1930 2629 1148 2657 978 1598 2622 1347 585 2343 1335 1415 1178 1020 2488 1887 1354 1918 1216 2180 818 3033 2376 2114 687 2440 2132 2893 500 622 1337 1739 1361 523 1934 869 862 2252 2046 2394 2413 2688 2828 2473 1598 977 2934 1006 2335 1292 1616 1074 953 2179 950 1031 636 2587 2212 1645 1889 1270 2605 1600 1087 1676 1639 1115 2426 2190 931 1905 1471 2485 1189 1508 2210 2543 1307 2406 2565 1596 1120 941 792
2170 3173 745 2413 1517 2999 1683 2266 3162 638 1788 2632 1369 556 1047 3379 911 1914 2906 1083 2129 2728 2678 1296 2749 2373 1444 3158 2246 3337 3288 2477 1071 1576 3316 2354 789 3211 1074 2211 360 2854 1940 2556 2059 1825 1370 3134 1489 3440 1880 2506 2478 2564 1330 2443 2705 2233 2678 2722 2892 2614 1747 2653 2553 1232 944 2485 1181 2528 2858 1349 3144 2412 1110 3373 2046 2088 2148 1705 966 2915 2142 804 1767 1936 3602 2620 729 3079 890 2873 3596 2536 2586 2565 2048 3646 3083 3118 1941 1988 3623 2094 2637 2113 2837 3140 3105 687 2892 1207 1161 2798 1504 2133 1634 2281 2935 2771 2418 3155 3011 1445 3025 502 1118 2787 1571 1204 1077 1980 2751 2044
942 2218 2596 3547 3246 1790 2743 3585 2243 2586 2863 1976 1920 3035 2837 2678 2834 2623 2125 2138 3502 3813 605 2027 2067 3126 1772 2234 993 1995 1781 3547 2619 1650 2035 2492 2425 1410 3118 2933 2854 360 1343 3296 1986 1440 3325 2744 1841 2656 1430 2336 736 2594 3312 772 2300 2732 1027 3906 2460 2407 3165 829 1512 2599 3212 3760 2035 2755 504 1911 1869 3255 2210 2216 1448 2825 3134 3422 2414 3921 2769 2460 2996 3192 2465 1363 3222 1371 3272 534 2126 1843 3547 778 3402 2423 3069 2538 2231 3316 2625 2343 2621 3123 836 1730 2471 2716 2673 2233 2302 2799 1909 1653 3143 957 1485 3310 1421 2858 1182 2969 2538 2718 2282 3880 1678 2198 3021 2178 2987 2502
823 2554 1756 3140 2591 2186 2241 3112 2564 1662 2382 2100 950 2106 2096 2951 2053 2237 2353 1220 3001 3448 1128 1051 2229 2818 889 2556 910 2499 2343 3164 1895 741 2513 2335 1525 2084 2348 2607 1940 1343 360 3015 1772 476 2605 2880 859 2966 452 2294 1003 2510 2582 980 2369 2463 1492 3510 2573 2400 2607 1347 1719 1935 2385 3318 1129 2611 1311 955 2318 2928 1241 2654 662 2473 2734 2790 1627 3594 2453 1606 2481 2697 2922 1664 2298 1982 2311 1419 2711 1948 3206 993 2897 2917 3078 2736 1919 2811 3033 2092 2564 2712 1522 2230 2685 1872 2720 1250 1588 2765 1309 1525 2550 928 1958 3112 1550 2967 1833 2343 2691 1799 1303 3517 729 1217 2268 1894 2876 2197
2738 2046 2243 799 1543 2256 1261 1001 2012 2584 1135 1814 2850 2678 1870 1876 2006 1148 1871 2602 1059 912 3302 2889 1803 562 2628 2016 2788 2426 2557 737 1877 2739 2366 1178 2484 2795 1953 771 2556 3296 3015 360 1680 2939 1783 1528 2948 1971 3039 1393 3038 1156 1820 3005 1546 929 2682 1036 1544 1379 1229 2841 2206 1727 2193 1011 2585 963 3403 2785 2325 511 2839 2273 3303 910 772 1477 2126 986 922 2315 1152 1028 2340 2367 2699 2691 3005 3182 2629 1891 650 3323 1051 2434 1182 1697 1468 1048 2231 1321 1174 807 2924 2443 1744 2243 1336 3004 1999 1122 2088 2009 1344 2812 2466 612 2248 1451 2785 1484 1598 2570 2940 970 2817 2966 1891 1507 885 1184
1422 1474 1675 1924 1810 1346 1208 1979 1464 1916 1295 934 1799 2248 1616 1719 1695 1016 1207 1680 1910 2187 1982 1880 1050 1502 1525 1460 1470 1667 1665 1921 1436 1586 1637 926 1745 1721 1886 1306 2059 1986 1772 1680 360 1719 1972 1545 1858 1768 1816 906 1718 1100 1977 1684 1048 1111 1416 2280 1256 1020 1633 1545 1015 1316 2080 2141 1611 1203 2087 1736 1483 1630 1918 1677 2073 1200 1515 1940 1453 2299 1143 1635 1442 1610 1903 1157 2374 1591 2589 1884 1927 856 1921 2005 1816 1948 1674 1465 623 1735 1931 719 1157 1506 1657 1516 1438 1759 1343 2065 1257 1358 1014 692 1647 1494 1387 1730 982 1607 1615 1537 1388 1985 2035 2254 1674 2019 1778 561 1466 877
870 2551 1641 3050 2484 2197 2149 3016 2559 1548 2290 2080 842 1992 1984 2936 1939 2156 2341 1104 2904 3361 1233 948 2211 2740 775 2552 956 2517 2370 3077 1786 626 2527 2279 1409 2130 2235 2529 1825 1440 476 2939 1719 360 2494 2850 762 2955 459 2251 1087 2459 2470 1060 2337 2392 1534 3420 2544 2359 2507 1405 1721 1830 2270 3225 1013 2552 1415 842 2332 2847 1134 2662 724 2393 2648 2684 1514 3510 2377 1490 2385 2602 2929 1679 2184 2022 2203 1505 2736 1929 3122 1104 2800 2929 3032 2714 1852 2715 3033 2028 2516 2625 1585 2252 2666 1756 2681 1154 1482 2716 1220 1492 2447 979 1983 3044 1550 2933 1881 2238 2665 1684 1202 3430 614 1118 2155 1830 2818 2126
2629 2959 1266 1510 602 2943 1179 1322 2937 1545 1181 2484 2154 1409 869 3010 931 1460 2702 1830 1190 1797 3215 2128 2562 1650 2080 2936 2695 3239 3268 1587 1076 2229 3198 1955 1559 3328 661 1569 1370 3325 2605 1783 1972 2494 360 2696 2281 3092 2578 2188 2966 2123 403 2928 2411 1703 2930 1764 2542 2266 920 2987 2617 1089 829 1526 1883 2006 3375 2107 3069 1632 1984 3191 2806 1501 1389 718 1340 1986 1588 1412 1064 1116 3363 2741 1360 3195 1676 3286 3493 2451 1716 3151 1136 3433 2500 2764 1735 1107 3324 1792 2189 1355 3146 3121 2777 1180 2448 2126 1395 2286 1776 2215 815 2730 2998 2031 2543 2673 3195 804 2657 1457 2038 1847 2267 2107 706 1798 2149 1652
2408 996 2754 1965 2465 1368 1908 2150 960 3044 1876 1157 2982 3306 2545 707 2662 1628 981 2858 2175 2034 2844 3065 1044 1520 2705 968 2448 1387 1578 1905 2435 2755 1322 1144 2886 1919 2747 1508 3134 2744 2880 1528 1545 2850 2696 360 3036 802 2940 1007 2620 943 2720 2597 873 1352 2077 2170 667 892 2164 2283 1612 2280 2983 2179 2794 1053 2880 2920 1364 1619 3100 1178 3181 1555 1749 2485 2555 2028 1467 2752 1994 2010 1184 1745 3395 1859 3655 2587 1532 1309 1806 2930 2131 1282 789 592 1566 2092 1063 1400 872 1773 2283 1514 662 2810 609 3249 2366 786 2196 1718 2249 2457 1664 1347 1748 484 2014 2276 565 3089 3216 2077 2843 3203 2652 1541 1003 1462
1252 2815 1382 2993 2313 2496 2091 2927 2819 1211 2233 2308 487 1639 1783 3165 1710 2162 2583 812 2804 3314 1628 558 2441 2745 695 2812 1337 2829 2702 3032 1613 655 2832 2383 1108 2493 1999 2538 1489 1841 859 2948 1858 762 2281 3036 360 3195 779 2405 1488 2582 2251 1461 2527 2438 1898 3357 2737 2518 2394 1789 2010 1697 1991 3145 764 2643 1810 537 2637 2839 752 2951 917 2398 2613 2519 1318 3478 2400 1231 2303 2519 3214 1996 1831 2378 1819 1907 3061 2165 3095 1488 2703 3224 3161 2927 1926 2621 3300 2113 2645 2585 1973 2574 2887 1486 2842 752 1354 2843 1243 1705 2316 1364 2313 3087 1839 3105 2250 2099 2865 1347 804 3382 573 718 1935 1921 2909 2175
2441 799 3056 2408 2868 1226 2285 2591 777 3320 2271 1246 3160 3621 2895 455 3003 2001 975 3082 2611 2473 2795 3252 1113 1958 2878 786 2477 1100 1322 2348 2762 2903 1039 1502 3152 1707 3118 1930 3440 2656 2966 1971 1768 2955 3092 802 3195 360 3037 1300 2602 1330 3113 2586 1095 1755 2011 2610 917 1202 2577 2223 1616 2614 3347 2622 3005 1472 2799 3101 1159 2060 3314 857 3257 1962 2179 2903 2843 2458 1870 3034 2398 2433 764 1712 3726 1682 3969 2488 1168 1391 2248 2906 2564 866 1204 690 1860 2520 620 1721 1266 2201 2180 1310 695 3125 1021 3453 2649 1222 2416 1850 2655 2478 1531 1786 1779 893 1860 2661 795 3380 3430 2514 2991 3405 3018 1820 1446 1819
912 2628 1714 3149 2573 2266 2246 3113 2637 1601 2388 2166 878 2041 2069 3019 2019 2256 2423 1165 3000 3460 1211 975 2296 2839 857 2630 999 2582 2429 3176 1873 709 2594 2376 1472 2174 2314 2629 1880 1430 452 3039 1816 459 2578 2940 779 3037 360 2345 1094 2556 2553 1072 2428 2492 1581 3519 2633 2452 2602 1439 1795 1922 2341 3323 1080 2650 1393 890 2399 2947 1167 2733 624 2493 2747 2774 1597 3610 2477 1562 2482 2699 3000 1745 2234 2071 2237 1510 2796 2014 3222 1069 2896 2997 3127 2800 1951 2811 3108 2127 2611 2724 1614 2314 2751 1828 2774 1167 1572 2812 1319 1582 2540 1018 2043 3143 1625 3024 1923 2331 2753 1738 1224 3529 677 1136 2237 1928 2916 2225
1880 1136 2123 1755 1978 1236 1369 1880 1111 2402 1382 780 2345 2685 1956 1233 2063 1088 895 2211 1857 1944 2386 2423 786 1274 2071 1111 1923 1460 1553 1724 1822 2131 1409 614 2242 1763 2187 1148 2506 2336 2294 1393 906 2251 2188 1007 2405 1300 2345 360 2136 618 2205 2108 582 926 1688 2062 746 475 1715 1868 1198 1674 2411 1985 2149 797 2458 2281 1325 1405 2453 1372 2596 1120 1409 2047 1917 2011 1027 2112 1523 1611 1535 1358 2786 1657 3032 2203 1698 869 1677 2441 1784 1605 1145 973 926 1721 1509 780 646 1418 1925 1427 968 2187 797 2604 1726 839 1551 1137 1774 1939 1433 1349 1276 1062 1755 1747 878 2453 2569 2004 2219 2558 2084 895 1010 895
577 2166 2221 3257 2897 1752 2421 3278 2185 2211 2546 1825 1558 2660 2472 2608 2465 2326 2023 1765 3187 3536 627 1668 1935 2858 1397 2176 634 2018 1829 3263 2255 1279 2046 2258 2049 1511 2751 2657 2478 736 1003 3038 1718 1087 2966 2620 1488 2602 1094 2136 360 2386 2951 398 2140 2469 968 3622 2320 2222 2835 770 1369 2244 2839 3462 1661 2531 769 1545 1860 2984 1846 2211 1173 2540 2842 3078 2042 3656 2494 2084 2673 2876 2475 1251 2847 1432 2902 778 2194 1678 3274 670 3085 2450 2903 2434 1944 2999 2615 2077 2423 2827 911 1743 2372 2341 2513 1880 1937 2613 1552 1392 2805 601 1472 3078 1236 2725 1258 2624 2416 2342 1924 3604 1314 1843 2655 1897 2778 2225
2121 1281 2188 1545 1897 1460 1325 1691 1250 2490 1301 1028 2512 2731 1962 1247 2080 1044 1080 2348 1686 1708 2639 2582 1007 1062 2246 1253 2166 1644 1763 1505 1858 2320 1587 572 2341 2002 2164 978 2564 2594 2510 1156 1100 2459 2123 943 2582 1330 2556 618 2386 360 2145 2357 752 785 1947 1831 797 583 1608 2127 1456 1701 2399 1774 2295 552 2714 2447 1532 1188 2593 1516 2812 993 1239 1937 1998 1764 900 2198 1428 1474 1634 1617 2815 1902 3080 2462 1863 1127 1444 2689 1625 1717 939 1006 1032 1571 1570 849 433 1255 2184 1647 1029 2238 694 2750 1816 621 1707 1372 1684 2183 1679 1093 1533 951 2008 1696 898 2526 2707 1765 2407 2705 2068 1025 752 882
2614 2974 1233 1551 636 2951 1195 1364 2953 1508 1203 2494 2125 1366 846 3031 901 1478 2716 1799 1232 1839 3199 2097 2574 1683 2055 2952 2681 3250 3275 1628 1058 2205 3210 1974 1526 3329 624 1598 1330 3312 2582 1820 1977 2470 403 2720 2251 3113 2553 2205 2951 2145 360 2913 2427 1727 2925 1807 2562 2284 954 2979 2619 1079 785 1569 1854 2031 3360 2078 3078 1668 1950 3206 2779 1526 1422 761 1315 2029 1612 1381 1091 1151 3380 2741 1316 3197 1633 3275 3504 2459 1756 3133 1177 3449 2530 2784 1743 1146 3344 1805 2212 1388 3139 3128 2796 1145 2471 2090 1377 2312 1763 2214 846 2716 3001 2067 2542 2698 3193 818 2678 1418 2003 1890 2241 2072 676 1806 2178 1669
539 2151 2184 3221 2859 1740 2383 3241 2169 2176 2509 1802 1528 2626 2434 2591 2427 2290 2004 1731 3150 3501 663 1639 1913 2824 1363 2161 596 2011 1825 3228 2217 1247 2038 2227 2014 1515 2713 2622 2443 772 980 3005 1684 1060 2928 2597 1461 2586 1072 2108 398 2357 2913 360 2115 2435 960 3586 2297 2194 2797 769 1348 2205 2801 3426 1627 2500 808 1514 1851 2949 1816 2201 1162 2505 2806 3040 2004 3621 2459 2047 2636 2839 2465 1235 2812 1431 2870 806 2192 1654 3239 694 3048 2443 2877 2414 1909 2962 2603 2043 2394 2791 919 1736 2353 2304 2488 1852 1899 2585 1513 1360 2767 563 1464 3046 1211 2702 1261 2585 2395 2308 1895 3569 1284 1815 2617 1862 2748 2190
1910 916 2320 1935 2200 1071 1592 2074 890 2588 1603 684 2477 2886 2171 1036 2275 1310 690 2369 2059 2098 2376 2562 624 1452 2198 891 1951 1257 1371 1897 2031 2244 1203 828 2422 1621 2407 1347 2705 2300 2369 1546 1048 2337 2411 873 2527 1095 2428 582 2140 752 2427 2115 360 1132 1636 2222 569 531 1935 1832 1149 1885 2629 2164 2299 944 2430 2415 1140 1579 2607 1153 2670 1332 1610 2267 2109 2147 1239 2300 1744 1824 1312 1299 2993 1528 3233 2155 1486 822 1836 2449 1991 1382 1129 778 1125 1930 1292 996 736 1622 1862 1257 760 2390 734 2753 1915 872 1703 1205 1996 1962 1308 1462 1264 959 1649 1969 700 2645 2723 2154 2332 2706 2304 1085 1096 1118
2169 1686 1875 1211 1474 1797 932 1318 1658 2200 884 1327 2349 2387 1590 1670 1718 680 1459 2134 1290 1444 2734 2402 1352 754 2109 1659 2219 2026 2117 1193 1522 2209 1973 672 2071 2303 1766 585 2233 2732 2463 929 1111 2392 1703 1352 2438 1755 2492 926 2469 785 1727 2435 1132 360 2131 1548 1220 966 1182 2281 1667 1361 2006 1439 2101 668 2837 2284 1891 886 2378 1923 2756 568 843 1511 1712 1549 475 1913 1004 1054 2056 1828 2451 2189 2732 2622 2259 1373 1176 2754 1219 2136 1212 1431 905 1158 1996 752 848 851 2374 1988 1453 1906 1104 2542 1552 951 1559 1441 1260 2243 1965 1012 1693 1334 2263 1288 1323 2215 2487 1510 2290 2500 1676 940 879 626
908 1572 2351 2971 2808 1151 2243 3035 1594 2442 2344 1312 1927 2873 2484 2025 2515 2073 1460 2032 2967 3215 1143 2041 1399 2524 1688 1585 941 1410 1227 2961 2269 1624 1438 1866 2262 955 2772 2343 2678 1027 1492 2682 1416 1534 2930 2077 1898 2011 1581 1688 968 1947 2925 960 1636 2131 360 3318 1792 1751 2672 571 851 2208 2913 3192 1927 2116 1163 1892 1253 2657 2185 1605 1732 2250 2567 2961 2136 3309 2184 2241 2488 2664 1867 697 3043 849 3164 878 1595 1184 2946 1260 2872 1842 2404 1874 1678 2790 2010 1756 1968 2561 603 1135 1808 2465 2008 2264 1979 2140 1572 1100 2671 924 864 2673 798 2190 712 2527 1871 2558 2285 3280 1690 2220 2666 1618 2337 1926
3306 2718 2490 730 1570 2931 1634 816 2683 2825 1491 2482 3244 2796 2060 2514 2186 1658 2548 2956 953 498 3889 3261 2477 1157 3064 2688 3359 3101 3233 719 2150 3193 3040 1833 2771 3466 2025 1335 2722 3906 3510 1036 2280 3420 1764 2170 3357 2610 3519 2062 3622 1831 1807 3586 2222 1548 3318 360 2216 2055 1353 3463 2854 2032 2231 598 2965 1639 4004 3183 3001 1023 3172 2942 3780 1442 1143 1405 2439 621 1497 2599 1414 1199 2993 3015 2763 3358 3080 3804 3299 2550 746 3890 1039 3090 1778 2357 2038 1111 2870 1926 1851 1161 3561 3119 2408 2453 2000 3334 2364 1786 2561 2613 1457 3387 3134 1184 2879 2078 3445 1667 2262 2775 3257 482 3261 3302 2005 2089 1541 1763
2103 862 2509 1959 2323 1139 1731 2118 828 2784 1724 855 2687 3071 2337 847 2446 1446 731 2576 2120 2085 2550 2772 752 1483 2408 832 2143 1247 1401 1911 2207 2453 1185 947 2621 1700 2560 1415 2892 2460 2573 1544 1256 2544 2542 667 2737 917 2633 746 2320 797 2562 2297 569 1220 1792 2216 360 644 2041 1995 1316 2058 2789 2184 2507 969 2593 2625 1172 1601 2814 1091 2874 1427 1674 2371 2301 2112 1334 2495 1857 1911 1197 1457 3171 1623 3419 2308 1445 1005 1834 2630 2061 1280 985 588 1311 2008 1141 1165 747 1692 2008 1309 594 2574 599 2961 2109 798 1910 1412 2112 2153 1414 1417 1446 764 1763 2107 493 2838 2931 2137 2542 2914 2460 1277 1044 1262
