140 850 770 1421 739 246 572 765 826 1460 1839 461 2228 2394 1375 2023 1406 1966 2001 1786 1407 2605 1821 1479 2051 2096 678 1467 1811 2163 1964 1014 2162 2569 1636 2422 1488 684 1907 437 859 2849 932 1794 1363 1394 1441 2164 822 660 2558 1671 2548 2030 1812 897 2127 672 1176 507 586 1366 1299 1692 943 631 807 974 2369 1686 2084 884 1190 901 2360 1358 1016 2363 1003 1513 355 1646 2139 1997 1975 1635 1404 743 2395 1254 2296 1525 1145 546 2548 2169 2658 1603 2723 1384 2036 1342 1280 2135 2930 2037 2019 1802 2066 2854 729 1783 1058 1471 2279 851 1088 956 488 2128 2440 751 1276 2718 764 592 1494 2679 1365 2845 1583 1588 1423 2307 1930 1842 2063 1511 694 1783 2206 2051 1900 663 2787 1249 1604 1336 2479 1232 2290 698 1488 2322 2000 2400 960 2385 2989 889 2170 1294 2443 1139 2633 1247 1444 2180 2242 1600 1644 894 959 1484 452 1751 978 1588 2510 1468 2633 2084 1942 2476 1374 1768 2203 512 2527 1524 547 2123 1511 1922 2669 1002 2390 880 1939 757 1831 744 3120 1457 2876 2278 2200 1688 2139 1731 2030 2218 1434 1828 1330 2121 2537 931 2002 1203 852 1921 693 2077 2274 1357 2395 759 2065 2706
950 360 1370 2172 1462 1056 1073 618 1538 2263 2635 1175 2822 3204 1959 2653 2164 2768 2799 2588 2211 3405 2550 2255 2758 2697 1110 2066 2405 2844 2557 1790 2847 3365 2331 3193 1926 1466 2544 925 1663 3657 1690 2599 2126 1884 2229 2776 1271 1047 3363 2220 3321 2738 2291 1256 2892 1124 1918 1298 1303 1896 2109 2331 1331 1270 426 1776 2938 2280 2818 1582 700 1704 3144 2025 1667 2934 1787 1935 1113 2439 2894 2500 2596 2381 1824 651 3168 2028 2870 2294 1933 1272 3335 2856 3466 2412 3523 2162 2646 2151 1784 2693 3733 2684 2829 2295 2860 3665 496 2305 1831 2084 2822 1568 618 1722 1226 2747 3239 960 1847 3511 1552 1402 2298 3486 2175 3654 2068 2399 1851 2882 2616 2526 2870 2320 534 2529 2702 2855 2491 1471 3591 2038 2384 2009 3003 1774 3031 878 2224 3109 2809 3211 1722 2907 3798 1328 2961 1849 3183 1665 3418 1717 2072 2991 3044 2065 2398 1171 1596 2156 1114 2562 1733 2149 3309 2137 3444 2846 2724 3254 2178 2535 2931 1211 3332 1980 1294 2916 2241 2501 3461 1508 3011 730 2546 1500 2641 1437 3931 1989 3687 3077 2907 2183 2714 2473 2643 2780 2135 2486 1778 2919 3311 1288 2598 1689 1550 2408 1302 2674 2860 2106 3089 950 2839 3500
870 1370 360 1208 1288 910 657 1150 1363 1429 1746 1120 2750 2389 1957 2519 1756 2118 2169 1947 1388 2739 1554 1777 2448 1711 642 2029 1421 2589 2498 1382 1837 2449 2077 2668 2149 750 1541 826 1156 2797 1368 1754 1707 985 1335 1784 573 704 2665 1265 2784 1731 1402 692 2401 1393 960 766 592 955 1351 1326 1655 500 1359 1256 1973 2236 2432 616 1655 1194 2204 1863 658 1967 1350 2181 781 1862 1914 2598 2484 1991 2077 1113 2207 1584 1901 1838 1450 1156 2740 1846 2612 1615 2625 1245 1654 1489 872 1735 3037 2514 2011 1391 2254 2875 1299 2381 1430 2021 2841 633 1627 1367 1111 2631 2341 854 871 2586 1170 938 1666 2763 1406 2904 2216 1652 2092 1913 2362 2284 2175 1538 1198 1546 2805 2183 1509 1007 2889 1530 1458 1000 3049 1857 2612 1417 1239 2521 1994 2403 1377 1978 3045 598 2361 885 2188 1782 2827 848 1068 2199 2380 1192 1429 1624 586 1970 681 1794 1408 1184 2653 1126 2662 2370 1790 2699 1354 2063 2554 626 2464 1120 1130 2306 1253 1526 2534 1669 2017 1161 2461 648 1845 528 3103 1047 2891 2181 2587 1278 2680 1489 2542 1819 1886 1477 935 2022 2350 704 1614 1861 593 2535 437 1690 1883 1144 2793 869 1885 2868
1521 2172 1208 360 1562 1538 1482 1981 1586 780 938 1608 2638 1611 2068 2388 1555 1540 1605 1414 781 2074 771 1491 2167 1282 1490 2091 1100 2336 2438 1372 1158 1605 1929 2145 2386 1099 1047 1606 1215 1974 1456 997 1512 1222 608 1310 1397 1550 1976 1148 2238 998 1395 1497 1947 1908 614 1275 1229 1123 890 901 2096 1271 2147 1213 1575 2239 2079 960 2483 1215 1355 1866 938 1567 1329 2428 1439 1429 1082 2653 2379 1730 2352 1945 1361 1418 1504 1553 1312 1572 2141 1163 1796 958 1785 522 1212 1095 1185 1413 2329 2352 1257 1354 1702 2098 2076 2456 1396 2062 2795 966 2428 1422 1565 2498 1504 1703 1024 1739 1349 1277 1230 2045 889 2156 2382 1058 2355 1511 2150 2099 1536 933 1997 722 2835 1569 1164 1266 2183 1317 633 713 3001 2065 2200 2055 465 1951 1244 1629 1435 1690 2291 1385 1800 1062 1382 2041 2226 1259 856 1455 1748 1331 586 2149 1006 1916 1418 1132 1467 1087 2003 723 1899 1935 944 2142 768 1696 2190 1321 1643 1330 1531 1741 495 1211 1686 2000 1486 2008 2384 1034 1136 1099 2295 1129 2109 1349 2273 1295 2611 670 2436 1465 1800 934 1309 1193 1504 1492 1224 2134 990 2624 1257 1275 1458 425 2475 1718 1037 2226
839 1462 1288 1562 360 872 1222 1446 446 1415 1797 654 1859 2231 1031 1647 1063 1708 1730 1535 1362 2332 1968 1161 1677 2411 1326 1111 2155 1783 1598 716 2360 2501 1257 2093 1242 955 2191 1132 719 2708 597 1708 1027 1877 1472 2461 1428 1327 2305 2073 2220 2200 2265 1529 1791 801 1379 881 1055 1819 1213 1992 906 1165 1403 780 2703 1325 1721 1248 1794 736 2340 980 1407 2696 730 1278 943 1367 2209 1671 1602 1279 1184 1429 2407 939 2629 1195 870 557 2244 2365 2518 1494 2627 1458 2343 1160 1768 2494 2667 1659 1883 2243 1780 2652 1326 1454 747 1108 1927 1196 1650 637 613 1754 2358 1443 1706 2654 574 722 1264 2438 1274 2617 1292 1436 1194 2638 1551 1463 1829 1402 1340 1899 1879 1802 2240 682 2530 971 1646 1634 2133 934 1932 1053 1657 2020 1863 2231 633 2765 2758 1485 1877 1735 2529 874 2325 1764 1786 2010 1981 2081 1753 1002 1382 1104 1062 1596 637 1988 2236 1754 2433 1745 1949 2156 1337 1435 1837 1048 2407 2020 552 1837 1686 2274 2611 801 2664 1573 1569 1092 1693 1166 2941 1897 2678 2204 1826 2138 1777 1857 1657 2566 1055 2090 1852 2060 2539 1558 2330 962 1225 1607 1230 2397 2594 1512 2018 1452 2091 2415
346 1056 910 1538 872 360 735 966 959 1574 1953 606 2366 2508 1518 2159 1528 2082 2117 1902 1521 2721 1940 1599 2179 2225 842 1608 1942 2293 2103 1135 2284 2683 1766 2542 1644 800 2033 620 976 2963 1057 1908 1485 1535 1556 2292 977 829 2674 1805 2667 2150 1952 1058 2248 844 1295 623 715 1504 1413 1818 1111 769 1013 1091 2500 1826 2209 1010 1395 1018 2475 1492 1145 2494 1123 1671 488 1763 2256 2144 2112 1759 1562 942 2511 1375 2427 1646 1264 683 2666 2291 2771 1717 2837 1500 2164 1457 1421 2268 3046 2171 2133 1940 2184 2968 935 1929 1180 1610 2422 975 1294 1080 626 2265 2553 932 1411 2832 884 706 1610 2794 1479 2960 1735 1703 1580 2438 2060 1973 2179 1624 898 1901 2354 2167 2031 779 2903 1367 1720 1461 2623 1380 2413 892 1607 2440 2114 2514 1083 2519 3104 1043 2287 1430 2560 1291 2751 1391 1573 2294 2358 1742 1762 1074 1091 1617 599 1865 1103 1722 2627 1593 2747 2205 2057 2595 1488 1889 2328 646 2640 1668 679 2240 1630 2053 2783 1157 2517 1076 2077 879 1945 872 3234 1594 2990 2392 2328 1827 2279 1849 2167 2349 1564 1952 1476 2235 2652 1092 2132 1357 977 2070 834 2206 2403 1475 2523 940 2181 2824
672 1073 657 1482 1222 735 360 860 1307 1645 1990 980 2721 2609 1884 2505 1812 2273 2317 2095 1598 2907 1844 1859 2489 1999 467 1971 1707 2615 2461 1417 2134 2708 2090 2786 2019 861 1835 545 1212 3036 1367 1980 1764 1227 1576 2075 618 470 2844 1538 2907 2026 1648 684 2503 1200 1228 759 652 1218 1531 1621 1473 571 1062 1327 2254 2187 2498 882 1364 1255 2472 1837 954 2249 1393 2045 639 1984 2197 2516 2462 2048 1936 823 2483 1645 2183 1913 1519 1048 2883 2143 2848 1819 2878 1496 1945 1633 1117 2012 3219 2511 2229 1643 2395 3089 1004 2300 1465 1970 2787 878 1330 1379 993 2614 2592 622 1151 2849 1173 941 1803 2952 1592 3103 2109 1836 1955 2195 2383 2299 2347 1734 900 1830 2725 2347 1795 1024 3072 1613 1715 1296 2990 1754 2693 1166 1523 2659 2211 2620 1386 2245 3246 686 2501 1158 2478 1665 2970 1068 1363 2409 2543 1427 1706 1409 883 1956 523 1989 1412 1461 2817 1423 2871 2466 2053 2827 1564 2152 2620 582 2705 1347 1036 2449 1539 1809 2797 1532 2309 894 2431 835 2052 744 3332 1311 3107 2431 2635 1529 2639 1774 2518 2098 1890 1774 1146 2271 2626 719 1901 1732 852 2443 590 1977 2168 1416 2836 636 2157 3025
865 618 1150 1981 1446 966 860 360 1529 2117 2476 1151 2887 3074 2021 2701 2130 2682 2720 2503 2067 3322 2343 2205 2763 2453 876 2123 2162 2865 2621 1739 2622 3199 2341 3148 2043 1314 2308 757 1579 3514 1654 2454 2087 1631 2064 2533 1027 812 3270 1971 3273 2521 2035 1001 2852 1198 1727 1163 1126 1648 1981 2098 1445 1070 644 1695 2689 2342 2804 1382 865 1622 2968 2048 1448 2684 1728 2058 979 2368 2698 2602 2647 2357 1946 397 2982 1979 2621 2250 1870 1248 3272 2632 3324 2279 3365 1988 2404 2050 1534 2443 3644 2723 2695 2040 2788 3546 637 2397 1784 2134 2910 1376 856 1680 1194 2800 3080 705 1606 3342 1490 1302 2209 3387 2045 3548 2171 2281 1970 2634 2633 2544 2773 2190 518 2330 2808 2764 2247 1380 3499 1973 2209 1789 3100 1850 3012 1008 2023 3045 2676 3083 1683 2652 3691 1080 2892 1605 2977 1744 3357 1464 1839 2867 2958 1809 2206 1310 1376 2177 942 2440 1700 1902 3228 1913 3326 2809 2549 3201 2033 2494 2922 1038 3185 1723 1260 2844 2039 2254 3291 1589 2770 510 2604 1322 2512 1242 3800 1740 3566 2918 2912 1929 2788 2274 2699 2530 2140 2256 1522 2759 3126 1033 2353 1784 1352 2515 1089 2430 2613 1915 3102 694 2656 3427
926 1538 1363 1586 446 959 1307 1529 360 1410 1787 738 1774 2194 954 1561 992 1654 1673 1484 1359 2272 1988 1097 1593 2453 1410 1029 2202 1698 1514 673 2385 2480 1172 2020 1186 1017 2229 1219 732 2673 548 1691 959 1944 1480 2500 1509 1412 2249 2128 2148 2221 2326 1611 1718 849 1417 958 1131 1883 1206 2034 912 1244 1479 769 2746 1242 1640 1309 1869 739 2329 894 1468 2739 696 1224 1028 1311 2215 1595 1516 1202 1136 1514 2401 879 2672 1127 826 642 2177 2389 2484 1476 2600 1474 2384 1132 1835 2542 2608 1572 1853 2303 1719 2606 1402 1378 696 1025 1845 1257 1720 592 698 1668 2335 1529 1767 2634 602 790 1222 2384 1263 2565 1225 1409 1143 2681 1465 1377 1779 1385 1421 1914 1802 1750 2286 738 2472 923 1653 1680 2051 871 1852 1112 1685 1954 1834 2193 585 2814 2705 1565 1814 1798 2535 823 2257 1835 1837 1973 1924 2146 1769 1029 1447 1018 1146 1566 579 2044 2175 1797 2387 1670 1946 2086 1336 1364 1756 1129 2377 2087 639 1775 1714 2322 2592 775 2699 1658 1484 1155 1665 1236 2897 1959 2632 2184 1742 2199 1693 1875 1572 2612 970 2126 1923 2044 2531 1641 2374 914 1288 1534 1308 2440 2636 1540 1933 1538 2090 2350
1560 2263 1429 780 1415 1574 1645 2117 1410 360 747 1559 2258 1324 1784 2009 1196 1127 1190 994 414 1698 1039 1108 1761 1665 1686 1786 1513 1931 2076 1128 1443 1473 1562 1729 2134 1163 1432 1721 1060 1757 1241 697 1160 1612 533 1679 1640 1737 1611 1569 1826 1266 1815 1754 1526 1828 887 1325 1356 1514 566 1314 1960 1439 2225 1001 1949 1905 1664 1178 2596 1039 1287 1555 1231 1941 1091 2178 1510 1014 1176 2321 2006 1341 2118 2084 1352 1090 1883 1167 1019 1493 1741 1444 1567 554 1622 624 1596 725 1556 1812 1979 1965 944 1775 1287 1807 2148 2137 1135 1751 2428 1155 2507 1199 1507 2115 1340 1897 1403 1624 1209 1244 825 1700 519 1835 2101 638 2116 1887 1757 1714 1141 512 2095 940 2490 1166 1571 1196 1831 986 644 1113 2631 1822 1779 2031 871 1542 927 1336 1210 2085 1976 1648 1387 1443 1495 1823 1827 1619 1270 1130 1354 1741 820 2052 1283 1581 1535 738 1235 1506 1619 1144 1593 1515 896 1732 445 1284 1773 1440 1429 1731 1454 1328 897 1619 1577 1818 1821 2177 2019 1171 776 1276 2046 1534 1824 1179 1860 1713 2242 923 2062 1855 1461 1317 1682 1024 1484 1759 1619 1915 1196 2305 1451 1662 1831 797 2059 1913 1040 1841
1939 2635 1746 938 1797 1953 1990 2476 1787 747 360 1946 2461 1034 2106 2219 1473 1123 1189 1071 801 1542 927 1358 1911 1593 2019 2093 1528 2083 2314 1492 1263 1090 1807 1706 2470 1529 1385 2083 1445 1410 1610 510 1449 1788 773 1581 1949 2074 1431 1649 1777 1093 1890 2056 1581 2215 1153 1698 1709 1689 943 1343 2339 1780 2600 1378 1846 2182 1778 1490 2964 1421 902 1864 1503 1838 1458 2515 1882 1182 874 2591 2229 1558 2464 2442 978 1407 1790 1404 1365 1881 1649 1260 1227 693 1249 861 1533 1044 1760 1765 1768 2164 703 1846 1284 1520 2524 2424 1491 2054 2652 1479 2883 1567 1894 2318 964 2232 1599 1239 1594 1628 1060 1484 883 1583 2419 804 2459 1791 1947 1923 1060 770 2465 823 2742 1112 1561 1583 1626 1309 664 1283 2845 2168 1841 2417 972 1492 696 1053 1577 2016 1716 1945 1361 1635 1171 2179 1728 1836 1400 896 1257 1872 799 2436 1566 1865 1894 736 1599 1607 1483 1256 1323 1587 561 1680 831 1442 1869 1798 1078 1884 1841 1306 982 1611 1191 2188 1666 2525 2254 1516 668 1609 1723 1683 1531 802 1982 1811 2466 847 2280 1787 1747 1280 1883 643 1105 2054 1577 2270 1514 2588 1781 1599 1732 991 2163 2248 701 1702
561 1175 1120 1608 654 606 980 1151 738 1559 1946 360 2127 2445 1273 1926 1351 1964 1991 1786 1505 2597 2019 1440 1971 2376 1087 1366 2101 2075 1863 976 2388 2670 1550 2378 1402 892 2170 859 881 2914 875 1879 1312 1742 1576 2436 1216 1076 2561 1986 2506 2241 2151 1302 2078 664 1386 744 897 1700 1374 1960 900 983 1119 982 2660 1585 2015 1161 1511 916 2483 1263 1312 2653 977 1430 713 1629 2304 1898 1877 1572 1323 1135 2534 1213 2586 1479 1123 458 2521 2394 2722 1674 2810 1538 2311 1371 1628 2435 2928 1942 2081 2136 2048 2886 1040 1683 1016 1370 2177 1116 1378 907 414 2030 2532 1173 1598 2822 749 692 1502 2689 1439 2863 1488 1637 1340 2596 1843 1754 2074 1579 1047 1966 2107 2054 2190 723 2788 1228 1748 1597 2378 1134 2225 832 1691 2295 2061 2448 907 2696 3005 1279 2148 1621 2618 1045 2603 1608 1728 2226 2239 1949 1821 908 1269 1391 835 1801 919 1901 2501 1726 2665 2033 2075 2439 1475 1721 2132 856 2601 1879 481 2105 1717 2217 2775 916 2654 1280 1839 1010 1890 1042 3165 1786 2910 2373 2121 2025 2037 1917 1930 2514 1349 2080 1695 2222 2672 1335 2287 1114 1131 1823 1050 2359 2557 1550 2311 1180 2208 2687
2328 2822 2750 2638 1859 2366 2721 2887 1774 2258 2461 2127 360 2392 1226 610 1445 1785 1736 1763 2235 2014 2934 1511 947 3556 2824 1125 3371 805 625 1742 3330 2864 1071 1543 1332 2369 3321 2625 1970 2796 1741 2311 1491 3268 2418 3575 2915 2827 2090 3367 1623 3152 3597 3022 1388 2060 2593 2357 2526 3190 2108 3176 1864 2644 2756 1893 3845 905 1124 2634 3104 1939 2870 1247 2781 3837 1781 1347 2442 1639 2975 817 628 1277 1430 2879 2997 1599 3777 1450 1726 2043 1786 3330 2661 2160 2878 2478 3486 1905 3170 3691 2282 657 2271 3565 1679 2539 2693 916 1698 1117 584 2581 2923 1744 2100 503 2723 2938 3067 2994 1939 2174 1797 2226 2116 2404 1163 2037 1401 3782 874 904 1922 2126 2752 2831 779 1855 3440 2102 2217 1691 2537 2882 745 1407 1224 2307 2741 1684 2259 2372 1734 3968 2496 2968 1678 3104 3257 1516 1812 3189 3053 2236 1874 3454 2718 2041 2782 1141 2560 2087 1701 3288 1945 2964 2392 1349 2662 1645 2239 1381 1105 2537 2647 3411 2049 1699 2770 3485 2977 1673 3717 3029 650 2498 2172 2601 2841 3249 2574 2638 963 3476 486 2819 569 3743 1235 3207 3275 2578 3077 3049 3502 1501 2622 910 2705 3551 3727 2624 943 2946 2797 1965
2494 3204 2389 1611 2231 2508 2609 3074 2194 1324 1034 2445 2392 360 2325 2186 1679 1001 1033 1115 1370 981 1536 1543 1804 2160 2651 2274 2156 1956 2326 1880 1758 850 1893 1334 2701 2120 1984 2677 1923 841 2005 995 1680 2461 1420 2126 2598 2702 852 2302 1349 1625 2536 2709 1370 2671 1813 2274 2318 2363 1455 1986 2731 2404 3161 1825 2368 2287 1629 2135 3541 1888 973 2073 2165 2360 1861 2744 2459 1302 1289 2651 2220 1638 2723 3042 1113 1703 2325 1556 1727 2363 1173 1750 658 1154 847 1517 2110 1435 2434 2342 1122 2113 740 2490 1075 849 3082 2534 1859 2230 2610 2117 3439 1961 2390 2259 735 2862 2273 964 2060 2163 1332 849 1390 914 2605 1168 2711 2323 1908 1923 850 1244 3041 1449 2754 912 2173 2100 992 1635 1337 1957 2771 2444 1588 2909 1645 1123 758 388 1968 2563 1042 2600 1079 2309 1429 2489 1228 2510 2070 581 887 2537 1464 2863 2225 2022 2494 1004 1978 2266 965 1925 651 1404 1105 1264 1405 1448 1672 2401 615 2553 2328 1053 1653 2222 954 2543 2143 3139 2266 2135 923 2240 1087 2353 862 748 1812 2467 2437 1488 2257 2345 1923 1893 2557 834 1129 2711 2167 2568 2155 2677 2415 2172 2264 1662 1938 2877 1134 1145
1475 1959 1957 2068 1031 1518 1884 2021 954 1784 2106 1273 1226 2325 360 1056 1015 1696 1684 1570 1742 2208 2439 1148 1245 2975 1990 469 2744 1285 961 1056 2846 2709 862 1837 736 1603 2744 1773 1251 2798 994 1977 1026 2530 1904 3013 2099 1986 2226 2693 1959 2673 2901 2198 1549 1196 1946 1552 1725 2465 1586 2564 1025 1837 1894 1219 3271 681 1368 1891 2252 1234 2619 612 2048 3263 1100 780 1607 1385 2594 1001 997 1068 765 2013 2718 1059 3198 1129 1128 1197 2048 2849 2623 1773 2789 1928 2905 1428 2424 3081 2538 1095 2058 2876 1688 2647 1829 784 1031 500 1263 1838 2076 1018 1252 1147 2559 2086 2347 2859 1168 1382 1419 2372 1624 2563 677 1668 748 3206 1080 994 1845 1701 1886 2350 1208 1793 2824 1323 2424 1160 2061 2226 1465 557 1580 1450 2172 1852 2040 2315 1005 3358 2690 2157 1753 2379 2909 664 2112 2427 2390 2116 1918 2730 2213 1207 2033 680 1728 1791 971 2609 2115 2332 2446 1495 2295 1926 1731 1273 1455 1719 2551 2674 1209 1736 2202 2864 2826 816 3194 2163 947 1740 1894 1827 2956 2537 2678 2428 1386 2775 1128 2321 1044 3146 763 2635 2515 2316 2831 2228 2904 684 1872 943 1902 2965 3156 2033 1535 2093 2441 2238
2123 2653 2519 2388 1647 2159 2505 2701 1561 2009 2219 1926 610 2186 1056 360 1196 1564 1519 1528 1986 1858 2686 1261 756 3306 2606 948 3121 669 535 1503 3083 2649 823 1400 1249 2135 3071 2419 1733 2608 1511 2070 1242 3026 2168 3325 2690 2612 1920 3119 1498 2905 3350 2799 1200 1889 2345 2133 2298 2946 1858 2926 1718 2418 2588 1651 3595 744 938 2394 2949 1700 2641 1028 2540 3587 1541 1274 2227 1396 2733 869 428 1029 1337 2690 2766 1351 3527 1201 1480 1837 1642 3082 2464 1914 2673 2228 3236 1655 2930 3441 2148 441 2042 3318 1471 2371 2522 864 1459 929 795 2342 2773 1511 1894 473 2505 2730 2824 2782 1711 1947 1548 2061 1866 2246 1082 1791 1309 3532 640 656 1706 1878 2572 2583 929 1640 3190 1873 2068 1442 2288 2633 986 1250 1084 2147 2491 1511 2029 2168 1502 3718 2349 2741 1483 2861 3019 1359 1680 2951 2805 2019 1679 3210 2469 1899 2543 910 2343 1847 1470 3041 1780 2715 2209 1155 2420 1502 1989 1144 953 2314 2439 3168 1839 1498 2520 3235 2763 1513 3469 2839 496 2261 1935 2367 2677 3004 2405 2412 825 3230 613 2570 432 3493 995 2957 3036 2346 2850 2826 3252 1361 2384 933 2477 3301 3477 2374 892 2739 2557 1829
1506 2164 1756 1555 1063 1528 1812 2130 992 1196 1473 1351 1445 1679 1015 1196 360 1070 1074 925 1165 1655 1875 496 1052 2476 1901 984 2285 1199 1244 756 2280 2054 734 1389 1391 1366 2241 1776 965 2157 836 1336 409 2209 1345 2499 1950 1922 1646 2284 1517 2102 2518 2066 1088 1472 1511 1414 1558 2125 1027 2090 1456 1679 2106 860 2767 1073 1047 1594 2498 924 1970 763 1730 2759 778 1435 1554 737 1977 1487 1184 596 1406 2109 2074 532 2698 499 667 1252 1546 2280 1978 1143 2136 1397 2406 831 2119 2607 1992 1167 1402 2485 1104 2036 2029 1312 709 944 1600 1545 2352 809 1302 1308 1903 2064 2002 2204 1007 1230 773 1786 1044 1974 1316 1029 1395 2704 982 917 1213 1084 2037 1776 1654 1169 2355 1147 1862 608 1480 1799 1806 1125 1245 1741 1659 1325 1385 1672 806 2885 2109 1991 1191 2041 2284 1174 1625 2149 1971 1466 1323 2386 1652 1613 1742 752 1651 1139 791 2207 1558 1878 1825 1042 1669 1454 1164 731 1168 1597 1899 2349 1234 1159 1688 2400 2171 1249 2654 2245 1190 1478 1242 1593 2340 2178 2065 1774 1191 2399 1416 1757 1241 2660 634 2126 2232 1666 2183 2088 2419 1251 1589 1477 1729 2470 2649 1539 1397 2075 1813 1723
2066 2768 2118 1540 1708 2082 2273 2682 1654 1127 1123 1964 1785 1001 1696 1564 1070 360 427 539 1145 999 1679 938 1202 2346 2338 1639 2245 1367 1694 1354 2026 1445 1251 965 2070 1773 2127 2295 1466 1464 1471 979 1083 2378 1293 2339 2331 2378 957 2326 1058 1857 2573 2450 821 2144 1645 1890 1983 2281 1131 2049 2160 2090 2716 1352 2607 1646 1044 1888 3108 1425 1449 1447 1971 2599 1348 2112 2066 704 1607 2013 1591 998 2099 2655 1580 1137 2549 936 1202 1871 983 2022 1296 942 1484 1390 2282 999 2318 2512 1325 1495 856 2531 524 1325 2637 1892 1321 1595 1996 1853 2982 1431 1910 1646 1301 2535 2169 1582 1577 1740 833 1089 1084 1271 1967 852 2084 2551 1283 1288 511 979 2619 1572 2125 459 2290 1663 1184 1098 1322 1881 2169 1829 1080 2402 1619 775 848 988 1435 2771 1410 2352 620 2208 1858 1884 1071 2377 2035 816 636 2508 1506 2309 2013 1386 2131 776 1436 2267 906 1903 1115 833 1309 964 1171 806 1119 2051 1246 2499 1842 560 1640 2341 1560 1958 2429 2774 1633 1833 816 1952 1629 2301 1354 1213 1244 2475 1817 1582 1633 2541 1292 2017 2444 1167 1653 2461 2320 1958 1898 2037 2120 2349 2491 1563 1411 2549 1423 1113
2101 2799 2169 1605 1730 2117 2317 2720 1673 1190 1189 1991 1736 1033 1684 1519 1074 427 360 582 1206 965 1746 946 1150 2413 2385 1623 2312 1313 1655 1378 2092 1489 1226 900 2055 1819 2194 2334 1501 1485 1493 1047 1091 2440 1357 2406 2382 2423 936 2391 996 1923 2638 2501 757 2163 1705 1932 2029 2343 1186 2116 2169 2138 2747 1386 2674 1618 987 1942 3139 1459 1504 1438 2029 2666 1374 2098 2105 723 1671 1978 1549 979 2088 2693 1637 1154 2616 936 1228 1898 930 2088 1322 1007 1519 1454 2350 1044 2379 2579 1297 1449 917 2597 457 1325 2667 1863 1343 1578 1949 1906 3010 1453 1938 1598 1347 2580 2230 1623 1607 1777 874 1073 1142 1260 1948 913 2073 2618 1239 1250 546 1041 2653 1639 2084 481 2357 1699 1159 1123 1389 1944 2119 1824 1014 2423 1685 715 909 1017 1457 2838 1396 2404 557 2270 1919 1884 1018 2436 2100 861 611 2572 1573 2321 2069 1370 2173 842 1455 2332 869 1968 1122 772 1375 903 1232 780 1058 2095 1282 2562 1870 498 1706 2408 1603 1963 2495 2814 1594 1883 883 2002 1633 2364 1356 1266 1185 2540 1772 1649 1589 2608 1281 2084 2504 1227 1706 2513 2387 1955 1951 2005 2170 2416 2559 1627 1348 2594 1487 1069
1886 2588 1947 1414 1535 1902 2095 2503 1484 994 1071 1786 1763 1115 1570 1528 925 539 582 360 1003 1179 1599 789 1201 2260 2163 1524 2137 1373 1641 1179 1968 1516 1162 1101 1947 1596 2035 2115 1287 1592 1299 920 930 2233 1165 2261 2160 2201 1135 2203 1207 1794 2449 2279 895 1972 1495 1711 1807 2137 968 1939 2000 1916 2537 1172 2531 1557 1068 1722 2929 1245 1476 1318 1812 2522 1171 1991 1886 547 1578 1944 1546 902 1968 2476 1598 970 2469 801 1026 1694 1152 1966 1413 825 1580 1258 2194 822 2168 2419 1504 1466 879 2409 667 1484 2458 1805 1149 1481 1963 1685 2804 1257 1732 1620 1367 2358 2022 1661 1399 1560 654 1263 927 1441 1856 715 1956 2472 1250 1238 656 841 2440 1491 2074 628 2189 1483 1363 923 1221 1744 2148 1690 1154 2228 1500 934 864 1107 1262 2685 1582 2183 774 2062 1854 1738 1240 2223 1904 905 816 2372 1408 2143 1851 1274 1953 695 1264 2140 1085 1778 1269 890 1269 1117 1026 743 1165 1874 1342 2358 1665 718 1524 2238 1633 1802 2368 2595 1580 1661 771 1780 1782 2163 1512 1255 1272 2347 1779 1494 1593 2454 1170 1922 2293 1178 1687 2291 2227 1816 1730 1958 1947 2261 2414 1430 1458 2372 1398 1290
1507 2211 1388 781 1362 1521 1598 2067 1359 414 801 1505 2235 1370 1742 1986 1165 1145 1206 1003 360 1728 1069 1084 1748 1682 1642 1747 1520 1918 2048 1080 1476 1526 1535 1742 2090 1113 1448 1671 1006 1807 1191 748 1128 1593 543 1699 1600 1691 1645 1566 1842 1299 1811 1715 1530 1775 861 1274 1308 1496 518 1321 1907 1394 2173 950 1969 1871 1658 1139 2544 986 1341 1517 1199 1961 1042 2134 1459 1007 1223 2288 1981 1320 2072 2035 1404 1053 1902 1145 975 1440 1763 1477 1617 588 1675 619 1613 694 1534 1825 2014 1945 990 1772 1301 1852 2095 2101 1089 1713 2402 1114 2455 1149 1453 2094 1393 1852 1383 1677 1156 1190 810 1737 482 1876 2060 652 2070 1907 1738 1692 1168 525 2044 973 2459 1189 1581 1142 1866 949 679 1101 2606 1776 1781 1977 877 1560 972 1382 1161 2099 2017 1609 1404 1423 1543 1775 1850 1594 1263 1173 1380 1729 846 1999 1248 1547 1485 770 1187 1500 1648 1140 1636 1516 947 1749 394 1275 1769 1392 1481 1716 1400 1345 905 1628 1631 1768 1848 2129 1993 1125 817 1233 2094 1520 1869 1232 1852 1706 2217 952 2037 1871 1427 1333 1659 1078 1537 1720 1633 1867 1155 2269 1407 1678 1851 789 2053 1867 1090 1869
2705 3405 2739 2074 2332 2721 2907 3322 2272 1698 1542 2597 2014 981 2208 1858 1655 999 965 1179 1728 360 2097 1537 1463 2748 2969 2130 2709 1572 2023 1982 2363 1441 1713 834 2562 2406 2555 2933 2105 1199 2095 1442 1679 2935 1843 2721 2953 3011 489 2829 787 2218 3072 3071 1037 2761 2225 2528 2616 2837 1748 2526 2750 2720 3352 1990 2972 2072 1283 2500 3744 2063 1594 1979 2567 2964 1980 2602 2705 1327 1897 2362 1908 1508 2611 3294 1734 1754 2925 1516 1833 2503 600 2356 1125 1503 1365 1945 2693 1635 2889 2927 696 1777 1198 3028 913 893 3273 2298 1946 2086 2238 2469 3615 2057 2543 1900 1349 3169 2733 1518 2213 2379 1472 579 1693 750 2432 1448 2592 2924 1611 1659 924 1567 3258 2000 2417 920 2738 2302 576 1728 1818 2427 2364 2371 1150 3024 2134 720 1206 952 2059 3161 853 2969 824 2772 2051 2442 622 2955 2565 1012 724 3041 1979 2908 2616 1888 2768 1319 2056 2782 457 2424 803 1089 1670 735 1760 1307 1270 2686 1191 3044 2475 857 2149 2788 1524 2537 2755 3412 1968 2458 1298 2575 1187 2843 927 1366 1411 2989 2089 2028 1930 2938 1821 2456 3015 1425 1741 3079 2745 2505 2513 2413 2746 2757 2865 2111 1473 3183 1730 525
1921 2550 1554 771 1968 1940 1844 2343 1988 1039 927 2019 2934 1536 2439 2686 1875 1679 1746 1599 1069 2097 360 1787 2419 1028 1835 2451 979 2591 2756 1753 767 1373 2242 2271 2772 1504 818 1985 1615 1795 1847 1060 1838 1361 896 1022 1716 1898 1981 1137 2344 595 1362 1799 2128 2319 1005 1678 1615 1271 1217 817 2505 1639 2529 1600 1291 2581 2304 1327 2848 1611 1097 2222 1259 1283 1711 2815 1835 1669 738 2997 2685 2017 2743 2306 1054 1760 1231 1845 1671 1983 2215 769 1642 1145 1566 876 966 1404 1370 1198 2296 2640 1263 1317 1842 1994 2462 2809 1771 2419 3108 1344 2808 1810 1976 2791 1314 2040 1218 1481 1754 1688 1497 2016 1191 2087 2756 1267 2745 1233 2429 2390 1627 1168 2375 467 3169 1677 1000 1677 2160 1656 757 933 3310 2453 2388 2462 692 2059 1258 1561 1823 1452 2208 1689 1925 1245 994 2436 2293 1458 968 1445 1824 1390 586 2560 1332 2256 1801 1269 1853 1115 2044 836 1825 2128 792 2247 1074 1940 2404 1706 1485 1423 1942 1868 670 1051 1427 2403 1142 2353 2699 1426 1224 1472 2133 1234 1996 1187 2506 1304 2922 478 2740 1222 2137 719 1479 1063 1190 1786 1010 2529 1359 2977 1613 1032 1175 829 2696 2056 789 2260
1579 2255 1777 1491 1161 1599 1859 2205 1097 1108 1358 1440 1511 1543 1148 1261 496 938 946 789 1084 1537 1787 360 1057 2406 1943 1113 2228 1217 1330 826 2188 1921 816 1302 1525 1392 2171 1839 1007 2021 926 1217 504 2192 1267 2424 1978 1969 1521 2243 1429 2010 2481 2097 1008 1584 1474 1460 1592 2105 961 2031 1583 1711 2198 892 2694 1184 1015 1596 2591 963 1843 896 1722 2686 836 1569 1613 601 1867 1593 1258 601 1542 2182 1951 586 2626 424 700 1342 1442 2188 1842 1033 2001 1329 2336 755 2107 2544 1873 1221 1270 2446 983 1904 2120 1428 784 1071 1680 1549 2451 892 1389 1369 1771 2116 1982 2070 1075 1283 659 1660 965 1846 1446 914 1530 2631 1020 968 1079 984 2120 1686 1750 1037 2295 1200 1740 607 1390 1758 1882 1261 1196 1849 1593 1218 1253 1536 892 2820 1982 2015 1076 2021 2170 1309 1524 2144 1930 1330 1196 2361 1568 1735 1741 872 1702 1012 884 2169 1440 1828 1692 968 1556 1359 1088 652 1137 1640 1763 2330 1320 1039 1622 2341 2038 1379 2570 2314 1272 1492 1114 1611 2206 2151 1933 1643 1183 2365 1494 1671 1313 2593 758 2056 2224 1539 2057 2116 2353 1386 1594 1590 1757 2401 2576 1481 1390 2129 1699 1613
2151 2758 2448 2167 1677 2179 2489 2763 1593 1761 1911 1971 947 1804 1245 756 1052 1202 1150 1201 1748 1463 2419 1057 360 3065 2583 1142 2908 532 920 1435 2802 2277 786 1013 1538 2058 2833 2436 1654 2215 1485 1761 1102 2889 1930 3074 2639 2600 1524 2935 1120 2625 3175 2755 805 2008 2170 2096 2246 2802 1645 2709 1894 2367 2695 1552 3345 1013 542 2284 3075 1615 2291 1098 2415 3337 1463 1571 2223 1110 2420 1259 805 822 1608 2746 2421 1224 3281 992 1359 1874 1253 2800 2076 1634 2291 2004 2996 1440 2803 3213 1760 677 1695 3139 1091 1974 2622 1212 1387 1106 1166 2235 2912 1470 1930 815 2137 2735 2679 2406 1677 1909 1297 1665 1638 1850 1385 1511 1584 3285 530 611 1335 1616 2652 2313 1323 1268 2969 1828 1674 1289 2026 2452 1329 1440 711 2280 2266 1114 1684 1785 1464 3486 1955 2682 1093 2718 2690 1538 1297 2837 2622 1650 1289 3058 2213 2074 2431 969 2327 1535 1440 2862 1384 2516 1815 763 2110 1114 1759 838 578 2280 2059 3027 1866 1112 2293 3017 2389 1675 3198 2889 866 2170 1612 2286 2281 2848 2009 2056 510 3060 998 2308 828 3256 983 2718 2918 2004 2495 2778 3020 1570 2280 1313 2419 3063 3227 2165 706 2746 2239 1442
2196 2697 1711 1282 2411 2225 1999 2453 2453 1665 1593 2376 3556 2160 2975 3306 2476 2346 2413 2260 1682 2748 1028 2406 3065 360 1947 3005 652 3236 3359 2279 795 1887 2850 2939 3274 1847 594 2176 2095 2331 2349 1728 2434 1205 1499 449 1786 2010 2628 854 3011 896 927 1820 2792 2678 1396 1994 1870 1168 1809 779 2907 1839 2696 2116 655 3160 2959 1579 2940 2105 1620 2784 1440 647 2235 3314 2100 2315 1243 3573 3299 2643 3229 2416 1519 2340 583 2467 2231 2370 2878 805 2209 1798 2076 1438 430 2011 1286 543 2922 3267 1924 890 2510 2583 2643 3373 2307 2978 3716 1621 2948 2320 2346 3415 1875 2111 1210 1950 2211 2073 2130 2649 1800 2697 3285 1918 3236 590 3061 3014 2294 1808 2532 1134 3756 2345 566 2091 2792 2239 1402 1141 3922 2953 3053 2754 1177 2726 1921 2187 2333 785 2806 1733 2593 1208 1276 2916 2954 1367 1012 2097 2489 1093 1213 2921 1499 2838 2024 1934 2366 913 2701 1016 2439 2791 1439 2914 1677 2587 3062 1946 2060 1168 2332 2536 1147 568 1901 2851 680 2414 3306 1726 1892 1713 2670 1080 2580 1783 3159 959 3532 1125 3355 554 2722 709 1333 1689 1614 1794 460 3008 1610 3541 1787 386 542 1306 3354 2125 1386 2913
778 1110 642 1490 1326 842 467 876 1410 1686 2019 1087 2824 2651 1990 2606 1901 2338 2385 2163 1642 2969 1835 1943 2583 1947 360 2075 1655 2711 2564 1508 2106 2728 2188 2863 2126 926 1794 635 1298 3068 1464 2018 1853 1152 1605 2025 530 424 2902 1475 2983 2007 1570 578 2584 1304 1240 847 716 1152 1586 1583 1577 609 1108 1411 2194 2291 2587 892 1379 1340 2485 1939 936 2189 1483 2152 743 2059 2196 2622 2564 2137 2042 838 2490 1733 2124 1999 1604 1154 2953 2116 2882 1866 2902 1520 1895 1700 1045 1950 3277 2611 2271 1568 2465 3134 1059 2407 1556 2074 2892 899 1364 1474 1099 2715 2617 573 1097 2866 1268 1033 1873 3007 1645 3154 2216 1890 2061 2136 2480 2397 2407 1784 945 1829 2832 2410 1742 1115 3129 1696 1735 1274 3096 1861 2779 1257 1522 2731 2254 2663 1482 2175 3297 596 2572 1100 2468 1772 3041 988 1324 2455 2607 1346 1711 1508 863 2057 624 2040 1509 1401 2880 1397 2918 2548 2070 2902 1607 2235 2709 664 2736 1264 1141 2519 1536 1753 2814 1639 2261 878 2534 877 2098 771 3370 1245 3151 2457 2727 1454 2743 1772 2621 2036 1988 1740 1061 2297 2633 614 1848 1839 866 2550 598 1924 2112 1425 2930 589 2167 3092
1567 2066 2029 2091 1111 1608 1971 2123 1029 1786 2093 1366 1125 2274 469 948 984 1639 1623 1524 1747 2130 2451 1113 1142 3005 2075 360 2782 1176 859 1089 2859 2673 776 1746 794 1667 2773 1865 1297 2744 1044 1959 1004 2590 1915 3040 2178 2073 2153 2740 1867 2684 2953 2280 1464 1302 1983 1626 1799 2522 1594 2598 1135 1913 2001 1253 3300 579 1271 1950 2361 1277 2595 590 2106 3293 1133 836 1692 1342 2589 939 889 1003 842 2114 2698 1055 3228 1085 1141 1285 1961 2861 2572 1760 2745 1946 2935 1424 2486 3117 2457 986 2023 2926 1620 2580 1935 729 1058 404 1176 1897 2186 1062 1342 1040 2523 2179 2402 2821 1229 1451 1397 2299 1627 2491 693 1651 822 3236 975 891 1789 1693 1990 2359 1140 1735 2860 1388 2346 1159 2067 2267 1382 667 1481 1559 2195 1771 2006 2264 1049 3395 2615 2235 1679 2436 2901 773 2023 2493 2434 2070 1850 2787 2225 1316 2094 612 1812 1764 1015 2657 2037 2369 2383 1410 2285 1837 1738 1205 1354 1798 2506 2734 1295 1666 2226 2901 2790 925 3215 2264 841 1802 1866 1894 2890 2591 2612 2397 1280 2828 1031 2333 937 3180 716 2662 2580 2291 2808 2310 2937 790 1933 896 1977 2996 3185 2060 1426 2186 2431 2153
1911 2405 1421 1100 2155 1942 1707 2162 2202 1513 1528 2101 3371 2156 2744 3121 2285 2245 2312 2137 1520 2709 979 2228 2908 652 1655 2782 360 3076 3161 2052 939 1957 2660 2849 3028 1578 571 1885 1856 2393 2112 1644 2240 927 1341 732 1495 1718 2596 584 2931 954 753 1531 2673 2401 1159 1718 1587 880 1627 559 2637 1550 2403 1888 918 2948 2817 1301 2650 1870 1680 2566 1156 912 2009 3067 1816 2167 1295 3356 3108 2469 2978 2125 1604 2138 845 2292 2021 2101 2814 951 2250 1672 2151 1263 603 1833 1000 699 2916 3088 1871 708 2409 2610 2351 3151 2085 2758 3520 1345 2657 2086 2074 3232 1918 1821 918 2044 1961 1808 1970 2635 1630 2707 3049 1784 2986 856 2888 2835 2214 1664 2240 1071 3546 2258 449 1833 2779 2041 1283 882 3728 2709 2930 2469 1002 2643 1864 2181 2099 973 2826 1442 2501 916 1419 2665 2895 1083 733 2058 2420 850 1101 2643 1212 2630 1736 1829 2133 627 2652 773 2444 2665 1411 2834 1508 2436 2926 1660 2095 914 2064 2442 976 479 1992 2592 968 2125 3110 1452 1805 1430 2734 796 2611 1801 3013 729 3338 1041 3166 772 2518 626 1057 1682 1720 1505 553 2756 1331 3319 1497 629 822 1107 3213 1834 1398 2870
2263 2844 2589 2336 1783 2293 2615 2865 1698 1931 2083 2075 805 1956 1285 669 1199 1367 1313 1373 1918 1572 2591 1217 532 3236 2711 1176 3076 360 845 1568 2974 2434 887 1104 1534 2199 3004 2551 1793 2352 1607 1933 1249 3045 2100 3246 2775 2725 1645 3099 1194 2798 3339 2890 946 2086 2332 2226 2381 2960 1811 2878 1948 2502 2780 1695 3517 1009 687 2434 3155 1755 2456 1179 2568 3509 1599 1563 2344 1282 2591 1174 733 978 1614 2850 2587 1370 3452 1153 1506 1980 1348 2973 2220 1806 2440 2173 3168 1605 2957 3383 1850 591 1862 3303 1247 2095 2710 1168 1521 1146 1029 2384 2985 1596 2037 689 2295 2855 2837 2559 1803 2039 1467 1782 1806 1962 1371 1683 1588 3456 592 680 1496 1788 2747 2485 1206 1429 3139 1959 1777 1442 2198 2616 1175 1482 785 2354 2435 1238 1852 1935 1589 3656 2058 2820 1238 2876 2860 1587 1380 2988 2787 1810 1433 3218 2384 2129 2582 1049 2452 1707 1562 3026 1500 2682 1947 911 2282 1207 1928 1010 661 2410 2211 3184 1975 1263 2463 3186 2544 1733 3370 2996 801 2315 1783 2428 2397 3008 2130 2219 521 3223 878 2480 735 3427 1089 2889 3071 2172 2659 2913 3191 1606 2428 1243 2556 3234 3399 2332 610 2866 2410 1531
2064 2557 2498 2438 1598 2103 2461 2621 1514 2076 2314 1863 625 2326 961 535 1244 1694 1655 1641 2048 2023 2756 1330 920 3359 2564 859 3161 845 360 1503 3158 2780 874 1571 1097 2122 3125 2362 1729 2758 1492 2167 1285 3031 2229 3384 2659 2565 2082 3146 1671 2980 3371 2764 1358 1795 2373 2102 2272 2955 1912 2969 1604 2389 2491 1660 3651 640 1101 2393 2842 1700 2758 995 2543 3643 1544 1118 2182 1494 2827 698 475 1115 1190 2613 2878 1383 3582 1275 1503 1780 1812 3158 2609 1998 2813 2281 3289 1714 2931 3488 2319 614 2159 3340 1614 2531 2428 695 1461 853 718 2340 2663 1498 1837 568 2634 2675 2833 2917 1688 1921 1626 2224 1927 2411 927 1877 1161 3588 781 766 1840 1954 2487 2655 792 1776 3234 1851 2235 1481 2359 2662 927 1143 1257 2044 2542 1673 2146 2309 1487 3766 2516 2713 1635 2869 3121 1252 1852 2946 2833 2151 1829 3221 2535 1783 2540 900 2300 1947 1454 3066 1944 2751 2364 1310 2515 1673 2049 1260 1125 2280 2577 3174 1787 1645 2572 3278 2895 1409 3537 2763 421 2253 2040 2353 2839 3018 2565 2534 999 3248 542 2639 475 3543 1005 3010 3033 2458 2968 2793 3301 1241 2380 758 2451 3353 3534 2418 1062 2683 2654 2000
1114 1790 1382 1372 716 1135 1417 1739 673 1128 1492 976 1742 1880 1056 1503 756 1354 1378 1179 1080 1982 1753 826 1435 2279 1508 1089 2052 1568 1503 360 2159 2172 1055 1769 1379 994 2048 1380 589 2359 485 1387 711 1887 1224 2317 1566 1527 1951 2014 1895 1988 2233 1681 1473 1156 1253 1021 1172 1812 923 1869 1220 1293 1735 524 2574 1264 1443 1251 2128 557 2031 879 1400 2566 403 1421 1158 1015 1944 1665 1474 991 1354 1717 2110 600 2502 871 514 881 1904 2162 2170 1172 2289 1238 2209 822 1788 2388 2315 1493 1541 2204 1432 2297 1656 1459 408 1066 1857 1199 1993 440 924 1616 2026 1667 1690 2326 611 835 910 2082 973 2261 1369 1099 1354 2509 1340 1261 1473 1084 1654 1670 1860 1447 2131 753 2177 615 1391 1538 2068 1060 1642 1408 1476 1679 1521 1880 448 2665 2402 1612 1531 1726 2264 1054 1987 1807 1706 1659 1627 2078 1528 1343 1400 963 1255 1254 467 1932 1886 1639 2077 1430 1662 1825 1063 1114 1564 1205 2064 2031 856 1489 1506 2171 2285 1056 2499 1851 1459 1118 1354 1226 2586 1876 2323 1877 1579 2109 1684 1636 1532 2451 868 1938 1893 1741 2237 1704 2208 1147 1240 1626 1348 2269 2459 1337 1782 1679 1807 2071
2262 2847 1837 1158 2360 2284 2134 2622 2385 1443 1263 2388 3330 1758 2846 3083 2280 2026 2092 1968 1476 2363 767 2188 2802 795 2106 2859 939 2974 3158 2159 360 1455 2644 2598 3177 1861 729 2294 2013 1898 2249 1411 2244 1478 1304 738 1965 2171 2238 1159 2657 538 1315 2027 2484 2691 1362 2029 1942 1410 1625 901 2891 1944 2835 2004 970 2988 2677 1643 3125 2011 1192 2630 1540 962 2116 3219 2170 2056 828 3404 3085 2414 3146 2585 1085 2168 928 2244 2079 2361 2511 371 1783 1531 1642 1280 767 1809 1527 975 2513 3035 1565 1272 2185 2161 2772 3217 2178 2827 3508 1671 3105 2214 2349 3187 1451 2297 1403 1515 2148 2062 1894 2247 1598 2282 3163 1655 3149 926 2821 2786 1952 1565 2675 863 3574 2009 900 2059 2389 2064 1159 1199 3708 2857 2745 2814 1063 2379 1565 1786 2227 1167 2386 1925 2258 1417 848 2837 2583 1616 1150 1721 2133 1429 993 2934 1611 2663 2119 1633 2258 1182 2324 1070 2027 2490 1079 2561 1481 2325 2771 2028 1637 1488 2321 2204 1035 936 1466 2798 763 2610 3101 1765 1571 1789 2237 1342 2155 1372 2880 1308 3322 886 3139 959 2544 735 1608 1298 1179 2007 841 2931 1676 3385 1906 813 868 1208 3065 2312 993 2528
2669 3365 2449 1605 2501 2683 2708 3199 2480 1473 1090 2670 2864 850 2709 2649 2054 1445 1489 1516 1526 1441 1373 1921 2277 1887 2728 2673 1957 2434 2780 2172 1455 360 2318 1824 3085 2258 1758 2809 2159 803 2296 1153 2044 2372 1496 1834 2643 2786 1312 2142 1833 1370 2351 2742 1851 2930 1849 2428 2433 2279 1657 1823 3032 2496 3330 2081 2043 2713 2106 2196 3691 2132 637 2457 2183 2036 2145 3129 2611 1692 1022 3095 2677 2058 3095 3165 730 2039 2014 1947 2030 2600 1652 1445 711 1366 553 1572 1851 1710 2372 2070 1487 2578 1011 2306 1546 1092 3254 2961 2163 2630 3079 2191 3613 2252 2617 2727 510 2942 2214 513 2306 2357 1660 1262 1593 1238 3006 1434 3085 2009 2368 2374 1303 1458 3193 1322 3211 1369 1951 2308 1389 1954 1353 1906 3246 2805 2077 3142 1598 1613 1029 876 2261 2251 1318 2630 1563 2245 1027 2833 1699 2457 1975 989 1375 2402 1400 3143 2252 2426 2620 1288 2278 2127 1442 1835 1017 1882 1021 1752 1558 1884 2156 2522 609 2436 2562 1531 1595 1996 477 2864 1797 3241 2718 2237 1184 2324 1142 2247 1080 657 2294 2308 2901 1375 2718 2054 2317 1693 2486 808 677 2736 1919 2920 2222 3113 2491 1904 1954 1668 2427 2958 951 1596
1736 2331 2077 1929 1257 1766 2090 2341 1172 1562 1807 1550 1071 1893 862 823 734 1251 1226 1162 1535 1713 2242 816 786 2850 2188 776 2660 887 874 1055 2644 2318 360 1335 1209 1689 2615 2024 1283 2352 1083 1662 779 2566 1716 2872 2258 2200 1740 2656 1459 2466 2887 2370 1048 1583 1881 1704 1864 2486 1401 2465 1480 1984 2269 1195 3141 755 875 1939 2649 1248 2271 674 2082 3133 1089 1249 1818 997 2319 1147 809 620 1258 2326 2386 888 3072 763 1018 1455 1546 2644 2187 1487 2373 1771 2780 1201 2472 2982 2040 802 1679 2854 1213 2171 2196 1003 1008 733 1227 1888 2486 1075 1511 936 2169 2329 2363 2462 1280 1517 1114 1886 1414 2077 1086 1366 1238 3077 654 568 1402 1440 2227 2141 1295 1344 2730 1438 1930 979 1845 2170 1432 1042 1091 1855 2033 1354 1664 1879 1067 3260 2200 2305 1266 2400 2618 1132 1610 2496 2342 1698 1443 2749 2021 1658 2088 551 1927 1448 1038 2578 1622 2252 1980 994 2007 1424 1536 806 974 1888 2134 2708 1449 1257 2063 2775 2435 1259 3023 2470 817 1811 1544 1921 2483 2542 2204 2056 936 2766 1042 2125 866 3035 562 2501 2581 1968 2483 2395 2793 1177 1930 1156 2040 2844 3023 1913 1121 2339 2148 1737
