140 2081 1080 2388 1122 1616 609 1015 2304 1471 1166 1699 2200 1789 2191 1369 2437 1102 1063 1911 1820 2122 2101 2464 969 1054 2822 2209 2247 858 2948 344 1125 1178 1834 2791 1904 2548 888 1931 2352 1190 2152 2788 1622 2891 1247 2128 2303 2373 971 734 2244 699 1780 947 655 805 2224 678 2274 828 1582 1357 1958 1251 1865 559 1181 1321 958 985 2486 446 1746 1814 820 2478 2447 2275 757 838 2415 1840 2139 1961 2250 1699 1928 310 1999 2212 1427 770 2584 533 986 1769 1841 1989 2335 2570 1561 1113 2017 1360 2536 633 1861 1572 2200 3111 795 1368 1024 1929 2016 2653 867 419 2375 1779 2185 2194 704 2288 1757 2626 2514 1116 1671 1349 2177 928 1960 2477 1941 498 1170 1567 2454 1887 2682 1494 2579 722 1411 1097 1698 857 2960 1574 2365 429 577 1211 800 1595 1811 1607 1728 249 1337 1922 2522 1101 2176 2488 1211 2294 842 622 1614 2500 2457 1086 1864 1284 2385 1504 2303 354 880 2413 2996 921 1346 1478 2950 517 702 1589 2658 1607 1405 2716 2100 2078 2157 1946 1722 1400 1037 1612 2167 1905 2293 1974 2224 2165 2477 2332 1926 1235 3305 1554 1576 2112 1141 2719 1316 550 2273 541 1754 2322 1027 1745 2846 1147 592 2161 901 2342 1960 2379 2468 2082 1811 976 1764 2042 2704 1674 1838 925 376 2024 2303 1627 1474 2495 1855 2374 1375 1548 1848 1413 889 2047 2138 1027 2061 1987 2437 748 2282 1269
2181 360 1651 2651 2652 2379 2416 1655 1079 1759 2045 885 1103 859 537 2326 2564 2692 2014 1702 1339 1211 1127 1681 2076 1738 1785 1018 2946 2860 1557 2191 2811 1438 2741 1188 922 2207 2274 1308 1080 2095 1744 1964 2205 1636 1271 1936 1112 1490 1749 2733 587 2672 1690 2332 2564 2666 1633 2692 1951 2099 1405 1503 2582 3233 1060 1975 2128 1975 1502 2877 1797 2373 1280 2642 1677 873 1965 3025 1958 2745 1742 2953 1149 1300 2196 1912 715 2196 1292 1146 2802 2730 1221 2014 1951 2055 2232 473 785 849 1562 2502 1420 2768 2233 2062 592 2620 616 1802 2650 2001 1939 1699 792 1627 2573 2271 2608 884 3084 2200 2239 582 1215 1429 804 1954 2124 1405 2868 2369 1587 2141 969 2189 2021 1021 2345 1661 1034 1771 1554 2220 1477 1522 1077 2879 1892 1303 1373 2315 2186 2036 2816 1728 2523 1027 1807 2287 1514 1133 1759 3125 754 1674 2139 2628 1642 1951 1749 1812 813 2568 1463 1677 946 1089 619 2391 2459 1008 1684 2786 1771 1419 1519 2202 1750 2401 1115 836 1591 2019 1224 3006 688 769 2274 1051 1683 1121 1042 1164 1976 734 822 2282 1038 1217 847 2401 1933 887 1083 1771 3145 1245 2195 2266 2266 2347 1722 1249 2240 705 1527 1294 1858 1487 1887 724 1602 1755 2017 777 1098 1618 2819 719 1118 936 663 1522 2073 3021 1171 939 1293 2179 685 2026 1116 2343 2669 2206 1784 1534 1234 1414 739 939 1327 2190 980 1363
1180 1651 360 1865 1362 1250 1214 434 1648 801 789 1149 1533 1590 1698 1102 1867 1404 732 2150 1108 1431 2012 2530 785 448 2106 2044 1919 1888 2277 1286 1529 1320 1594 2199 1285 1865 990 1966 1701 843 1438 2068 1143 2197 761 1442 1640 2379 1396 1578 1741 1739 1075 1789 1688 1833 2343 1560 1577 824 1721 639 1558 2280 1781 1222 869 807 758 1642 2598 1470 1044 1519 1113 1915 1740 1978 730 1530 1695 1746 2052 1986 1607 1059 1660 1144 1294 1536 1522 1546 1929 1245 1576 1172 1303 1595 2020 2093 1798 1212 2090 1483 1860 1383 1421 1405 1852 2418 1822 1902 1598 1220 1782 1941 1311 1398 1839 1595 1970 1562 1568 1811 1067 1936 2090 687 1131 1492 1838 1796 2129 1791 1304 1032 1766 1434 1815 2112 2121 1866 1869 970 693 505 1056 1739 2244 878 2319 1431 992 1806 1672 906 1443 1492 1051 1289 1564 1869 1801 2105 1601 2542 1866 1791 1082 820 1948 1781 2095 1277 1992 1632 1774 1410 1806 1344 1184 2178 2307 1955 694 1633 2288 1034 1014 1251 2051 1259 689 1999 2058 1874 1603 1375 1245 1150 404 973 1512 1221 1599 1411 1631 1564 1854 1651 1329 1129 2617 1199 1497 2330 2162 2084 976 1481 1645 1165 1056 2232 950 1316 2165 957 913 2229 612 1803 1241 2507 1765 1498 1147 1263 1621 1478 2111 1506 1353 963 1078 1862 1628 1445 1540 1814 1558 1680 911 1191 1552 1027 555 2168 1444 895 1489 1828 1746 933 1649 1361
2488 2651 1865 360 1906 1153 2262 1934 2116 1445 1588 2187 2014 2866 2578 1405 522 1974 1694 3596 1674 1860 3294 3862 1780 1824 1910 3257 902 3057 2398 2653 2097 2805 1145 2665 2089 1076 1890 3335 2158 1559 1311 1652 1128 2196 2130 1092 2080 3686 2902 2572 2587 2977 1341 3238 2984 3135 3722 2601 1141 1919 3165 1734 854 3396 3104 2676 1567 1456 2259 2409 3954 2793 1744 1076 2617 2561 1260 981 2020 2401 1487 1388 3329 3347 843 1192 2856 2438 1734 1977 1705 2490 2265 2690 3074 1059 925 2668 3076 2877 3266 1780 3466 1747 1032 2836 2494 1347 2907 2351 3128 3408 3098 1312 2984 1873 2123 2759 406 2882 1163 819 2997 2680 1807 2071 2970 1657 1101 2959 876 3235 3549 1080 2044 2252 3268 2793 810 3555 2705 3360 1869 2040 1716 1974 1966 2707 1984 1785 3594 2777 2175 3308 2655 1388 995 2848 1257 2584 3046 3199 1571 3173 2344 3866 3363 465 2587 2180 3432 1488 3069 1865 3405 3130 2339 2796 2639 2573 2003 3297 2307 3237 1533 3091 2456 2236 2505 1191 2520 2505 1620 1495 3368 1176 2395 2242 1026 2513 1884 1958 2055 1848 1125 2278 2314 729 2346 1994 2164 1582 2533 2461 2874 3757 3264 2438 1434 2875 772 2278 1320 3482 1738 2448 2266 2411 2360 3590 1897 2549 1411 3880 1219 2269 1917 2768 1316 2308 2602 2825 2390 2466 2445 1260 2017 2769 2978 1052 2754 1125 2208 1217 1059 1336 1973 3563 1845 2382 2296 3087 1971 2007 2200 2830
1222 2652 1362 1906 360 1137 876 1359 2576 1440 1023 2148 2452 2537 2699 921 2006 430 1014 2900 1973 2320 2931 3390 937 1275 2865 2993 1602 1574 3158 1424 572 2078 1184 3159 2258 2315 744 2826 2631 991 2085 2732 1261 3034 1748 1958 2560 3266 1975 1061 2740 1547 1739 2022 1601 1736 3170 1106 2115 925 2513 1561 1414 1872 2690 1587 955 1173 1598 863 3434 1473 1946 1209 1733 2896 2312 1608 1092 869 2384 1108 2971 2852 1962 1528 2632 1200 2159 2444 670 971 2846 1576 2045 1507 1476 2593 3010 3093 2536 533 2935 602 2288 1703 2421 930 2846 3249 1734 2431 2081 1877 2748 2729 631 1492 1909 2537 1479 1895 1784 2812 1991 2794 3092 1087 1364 2267 1548 1999 2922 2261 2265 1036 2239 2348 2133 2870 3100 2516 2673 858 1605 1491 2029 1175 2992 1814 3228 1487 977 2280 1130 1555 1270 2401 1621 1291 2293 2768 2503 1643 2584 3409 2289 1800 1731 1179 2628 2451 3093 445 2804 2286 2734 2305 2805 1217 612 3152 3152 1810 1350 2412 3183 1012 1581 1092 3006 2240 1519 2615 2959 1374 2593 2365 1320 2091 1328 1952 2446 2138 2125 2403 2606 1818 2804 2543 2312 732 3454 2179 2390 3098 1741 3015 985 1626 1954 940 1696 3157 781 2314 3032 1847 1381 3081 1128 2794 1959 3333 2312 2480 2096 1920 1064 2468 3073 2438 2355 1716 1294 1305 2531 2380 2363 2264 2536 2194 1903 1088 1236 1059 1241 2989 2325 1738 2477 2770 2612 869 2598 2154
1716 2379 1250 1153 1137 360 1470 1302 2076 980 860 1856 1952 2440 2367 612 1237 1207 962 3039 1480 1798 2872 3408 1024 1180 2197 2880 1036 2264 2569 1891 1341 2204 723 2678 1867 1555 1101 2849 2130 816 1415 2022 553 2412 1616 1242 2050 3251 2233 1781 2395 2187 1148 2493 2200 2350 3229 1808 1392 1155 2611 1255 703 2604 2651 1948 811 805 1640 1636 3482 2017 1497 632 1948 2473 1587 1089 1284 1616 1706 948 2911 2867 1198 892 2480 1667 1634 1931 1013 1701 2313 1956 2379 801 712 2357 2791 2736 2684 994 2975 1032 1524 2103 2172 667 2617 2614 2344 2739 2407 1246 2609 2086 1334 1992 1149 2449 1087 1129 2248 2482 1559 2202 2781 954 665 2380 957 2485 3019 1507 1849 1477 2578 2309 1358 3001 2660 2738 2045 1258 1269 1389 1667 1919 2312 1437 3181 2006 1399 2620 1865 1029 562 2367 1009 1809 2447 2742 1823 2382 2186 3419 2662 1052 1926 1443 2827 1758 2831 1084 2881 2500 2274 2292 2457 1788 1210 2981 2532 2448 985 2523 2608 1459 1816 406 2521 2085 1154 1890 2927 997 2216 2008 557 2020 1250 1617 1966 1673 1397 2048 2185 1044 2320 2004 1937 790 2817 2030 2377 3220 2472 2492 671 2114 1182 1490 1103 3085 952 2090 2436 1847 1645 3112 1187 2407 1351 3393 1578 2088 1681 2120 814 2101 2598 2369 2080 1833 1691 1003 2005 2309 2431 1506 2375 1457 1740 428 664 588 1289 3056 1795 1782 2099 2678 2040 1228 2127 2250
709 2416 1214 2262 876 1470 360 1173 2502 1495 1105 1964 2387 2204 2497 1217 2333 853 1024 2445 1949 2282 2560 2971 913 1151 2927 2648 2054 1157 3130 913 883 1659 1634 3043 2130 2528 736 2420 2555 1109 2194 2849 1520 3042 1515 2125 2494 2864 1504 731 2546 1079 1819 1506 1108 1252 2739 729 2280 787 2085 1482 1800 1518 2320 1099 1088 1280 1280 824 3003 960 1893 1630 1297 2748 2467 2074 845 689 2480 1610 2600 2448 2201 1678 2324 700 2138 2390 1184 692 2784 1082 1548 1714 1748 2338 2724 2890 2085 893 2518 1117 2510 1198 2185 1369 2572 3263 1248 1932 1585 1970 2427 2770 618 976 2255 2199 1967 2139 1268 2604 1920 2784 2859 1097 1593 1842 1990 1483 2481 2463 2154 594 1736 1994 2395 2418 2955 2041 2702 625 1535 1294 1905 893 3062 1731 2842 971 590 1777 826 1624 1650 2042 1736 775 1850 2387 2594 1311 2435 2993 1780 2162 1305 825 2158 2559 2829 849 2374 1820 2621 1940 2609 706 648 2832 3154 1343 1375 1982 3142 576 1151 1435 2898 1960 1491 2756 2573 1860 2429 2205 1609 1776 1170 1820 2366 2074 2295 2238 2472 2089 2704 2504 2168 1052 3463 1901 2020 2645 1388 2936 1201 1110 2211 439 1784 2787 889 2071 3015 1517 967 2664 968 2625 2024 2898 2480 2334 2001 1476 1545 2307 2955 2095 2140 1334 815 1800 2481 2041 1955 2475 2239 2373 1665 1405 1662 1299 1028 2560 2293 1396 2321 2422 2594 666 2500 1744
1115 1655 434 1934 1359 1302 1173 360 1691 875 826 1165 1578 1565 1712 1141 1939 1397 755 2096 1167 1482 1982 2490 789 482 2167 2021 1975 1827 2325 1216 1517 1262 1640 2231 1317 1939 979 1925 1743 879 1509 2135 1205 2250 750 1515 1685 2344 1327 1532 1757 1674 1147 1715 1620 1765 2298 1511 1650 805 1669 702 1617 2219 1748 1148 903 865 698 1612 2556 1401 1098 1569 1042 1941 1812 2032 688 1495 1762 1782 2022 1945 1681 1133 1643 1081 1350 1584 1537 1505 1973 1172 1504 1243 1371 1594 2013 2107 1741 1216 2047 1495 1934 1309 1423 1442 1847 2472 1753 1833 1526 1292 1764 2001 1288 1328 1908 1569 2018 1636 1494 1823 1117 1988 2097 723 1198 1437 1895 1722 2080 1865 1340 980 1694 1400 1889 2059 2148 1804 1928 940 755 492 1092 1692 2305 929 2288 1362 947 1735 1625 980 1498 1457 1126 1224 1505 1834 1867 2048 1627 2504 1794 1859 1012 759 1888 1849 2093 1275 1944 1568 1808 1372 1821 1283 1167 2163 2359 1886 765 1580 2334 984 941 1301 2085 1245 761 2069 2024 1920 1625 1399 1308 1121 412 1006 1554 1269 1672 1434 1661 1637 1891 1701 1357 1152 2669 1185 1459 2279 2103 2123 1018 1409 1719 1120 1129 2204 958 1315 2215 912 840 2188 592 1824 1310 2463 1838 1525 1189 1196 1659 1502 2143 1476 1361 898 1010 1904 1675 1416 1492 1888 1544 1753 904 1242 1603 1077 505 2122 1496 840 1514 1803 1798 905 1687 1307
2404 1079 1648 2116 2576 2076 2502 1691 360 1513 1913 1007 485 1525 929 2114 1999 2632 1928 2390 970 639 1846 2397 2024 1716 1074 1733 2512 3121 1006 2462 2770 1930 2411 961 769 1555 2247 2011 414 1949 1164 1246 1884 990 1424 1386 397 2206 2208 2864 909 2950 1290 2773 2869 2997 2350 2841 1348 2102 2041 1391 2180 3513 1756 2298 1985 1780 1722 2924 2515 2655 989 2302 2037 806 1307 2597 2017 2817 1065 2663 1868 2006 1634 1547 1415 2386 802 507 2636 2835 641 2334 2426 1664 1826 1160 1442 1131 2193 2406 2129 2621 1588 2426 1078 2366 1306 1197 2982 2574 2425 1222 1508 910 2584 2563 2069 1550 2699 1658 2621 995 949 740 1248 1852 1778 1967 2442 2801 2286 1499 724 2310 2545 1610 1740 2348 957 2383 836 2256 1341 1580 966 3024 1192 1135 2086 2604 2278 2570 2957 1422 2166 1640 1429 2513 2083 1838 1058 3361 684 2389 2665 2118 1996 2079 2387 1122 1382 2491 2153 2236 583 1662 940 2593 2447 1679 1076 3122 1587 2027 1006 2315 2049 2111 804 1299 1417 1311 1942 2643 750 797 1919 1481 1692 1052 497 798 1369 797 619 1761 604 504 773 2248 1375 1309 1692 2478 3405 799 1998 2600 1706 2451 1334 1961 2159 1134 916 1624 2076 2204 1898 822 1109 2474 1360 690 861 2053 2530 758 881 1563 1006 1843 2288 2680 464 1539 1890 1538 1350 1399 1322 2063 2321 1970 1836 2243 645 1710 731 1653 608 2217 462 1883
1571 1759 801 1445 1440 980 1495 875 1513 360 784 1236 1387 1846 1750 963 1434 1502 836 2519 903 1246 2281 2832 947 788 1805 2275 1585 2250 2077 1699 1644 1720 1342 2110 1255 1439 1161 2284 1568 810 1058 1713 810 1955 1053 1017 1493 2666 1830 1865 1780 2119 683 2227 2086 2235 2670 1864 1163 1068 2087 659 1213 2633 2069 1658 845 629 1179 1847 2914 1872 897 1245 1550 1878 1341 1656 1075 1766 1345 1559 2318 2299 1166 620 1872 1525 1082 1374 1483 1812 1774 1680 2015 746 901 1738 2172 2125 2183 1267 2414 1468 1430 1820 1553 1236 1997 2172 2225 2332 2036 834 2001 1658 1499 1811 1414 1858 1693 1121 2001 1865 953 1713 2163 759 749 1876 1504 2233 2481 1367 1244 1374 2203 1739 1374 2479 2072 2275 1598 1230 659 892 1048 2025 1937 817 2588 1840 1313 2242 1960 488 1133 1796 618 1676 1961 2162 1461 2439 1580 2840 2305 1380 1517 1212 2347 1423 2211 1358 2338 2046 1692 1732 1843 1709 1355 2365 2073 2353 484 2010 2103 1368 1455 1003 1954 1485 546 1623 2343 1610 1605 1391 892 1451 830 997 1390 1084 1182 1432 1586 1127 1750 1467 1323 1096 2376 1433 1814 2687 2508 1947 845 1905 1204 1471 649 2486 1041 1475 1951 1327 1345 2545 930 1800 894 2832 1359 1479 1072 1690 1425 1487 2026 1786 1460 1387 1485 1623 1459 1727 1901 1387 1767 1262 1153 946 1273 824 956 2504 1249 1297 1488 2080 1532 1189 1548 1745
1266 2045 789 1588 1023 860 1105 826 1913 784 360 1525 1788 2019 2071 674 1631 1082 466 2555 1309 1656 2442 2957 560 706 2227 2471 1535 1891 2496 1425 1223 1715 1178 2499 1608 1783 746 2391 1967 413 1466 2122 820 2379 1187 1381 1896 2808 1733 1466 2108 1782 1099 2012 1772 1923 2765 1473 1537 701 2132 913 1196 2261 2211 1456 442 535 1155 1425 3022 1572 1284 1114 1448 2245 1727 1585 794 1351 1759 1317 2482 2412 1461 934 2083 1215 1496 1780 1117 1405 2182 1467 1879 973 1035 2001 2432 2460 2196 853 2513 1088 1765 1614 1821 976 2261 2596 1915 2239 1908 1246 2208 2082 1078 1532 1572 2024 1557 1401 1770 2186 1330 2134 2475 463 865 1895 1457 2007 2544 1718 1610 1036 2078 1863 1660 2519 2446 2241 2022 847 952 935 1381 1623 2358 1158 2749 1552 962 2120 1560 907 1062 1921 999 1365 1956 2298 1877 2056 1935 2970 2164 1498 1426 954 2333 1834 2496 939 2409 2003 2075 1837 2173 1369 934 2599 2496 2032 686 2040 2520 1023 1316 849 2345 1682 858 2021 2488 1457 1950 1725 923 1580 777 1310 1783 1475 1552 1764 1953 1362 2142 1880 1666 716 2800 1623 1924 2740 2133 2351 556 1646 1476 1096 1060 2662 616 1723 2372 1378 1147 2654 686 2150 1316 2929 1737 1832 1439 1621 1193 1826 2414 1935 1742 1340 1216 1438 1868 1875 1956 1730 1981 1629 1331 794 1149 633 790 2588 1662 1301 1832 2258 1951 808 1937 1767
1799 885 1149 2187 2148 1856 1964 1165 1007 1236 1525 360 936 1053 910 1801 2119 2193 1501 1876 889 941 1471 2043 1571 1233 1668 1430 2441 2510 1645 1840 2318 1295 2219 1452 604 1847 1779 1547 1046 1573 1353 1759 1685 1635 815 1508 1018 1862 1563 2306 952 2331 1207 2126 2242 2364 1927 2274 1561 1610 1477 978 2072 2898 1299 1661 1607 1450 1102 2414 2142 2032 806 2121 1392 1145 1626 2517 1486 2291 1449 2428 1504 1553 1762 1407 1028 1794 928 965 2283 2290 1271 1698 1781 1553 1729 862 1295 1304 1618 1993 1678 2251 1864 1784 678 2095 1121 1844 2349 1952 1782 1249 1156 1490 2094 1937 2147 1072 2566 1753 1978 1024 747 1376 1310 1437 1609 1357 2361 2154 1796 1774 663 1749 1908 1046 1935 1833 1352 1786 1409 1744 952 1035 581 2460 1799 785 1766 1979 1733 1935 2395 1215 2006 1091 1310 1908 1471 1393 1506 2760 837 2044 2028 2152 1351 1510 1810 1534 1338 2063 1653 1616 1048 1080 1017 1998 1971 1494 1723 2489 1246 1441 1635 1759 1414 1876 1319 717 1065 1765 1549 2487 825 607 1759 850 1186 601 885 776 1587 636 885 1821 1143 1084 596 1881 2020 701 1133 2002 2796 1388 1670 1964 1827 1902 1233 1654 1731 620 1562 978 1467 1787 1396 1021 1172 2076 1673 743 663 1408 2294 705 1365 1039 583 1201 1683 2499 1042 994 1305 1810 927 1651 686 1818 2149 1680 1304 1784 965 1069 722 1262 1206 1711 960 1258
2300 1103 1533 2014 2452 1952 2387 1578 485 1387 1788 936 360 1514 973 1988 1902 2509 1806 2378 844 519 1862 2423 1902 1598 1099 1761 2397 3019 1108 2363 2647 1871 2289 1086 691 1483 2125 2009 540 1825 1064 1233 1759 1065 1328 1282 468 2232 2138 2750 964 2850 1166 2696 2772 2903 2360 2729 1256 1983 2012 1271 2061 3411 1753 2208 1860 1654 1627 2805 2537 2557 866 2180 1954 909 1236 2482 1903 2700 1003 2539 1886 2007 1534 1423 1420 2280 678 403 2510 2719 758 2243 2357 1542 1706 1170 1492 1223 2161 2282 2131 2496 1513 2340 1062 2241 1345 1280 2888 2523 2358 1104 1522 924 2463 2467 1968 1538 2581 1554 2536 1055 828 802 1327 1729 1654 1921 2326 2722 2280 1423 636 2198 2484 1577 1652 2336 1075 2344 844 2138 1220 1471 862 2910 1226 1016 2116 2507 2164 2511 2844 1296 2044 1612 1305 2410 2036 1838 1016 3255 720 2416 2605 2012 1913 1969 2355 1070 1448 2367 2143 2186 691 1624 1005 2486 2326 1728 1161 3028 1462 1990 1116 2202 1958 1986 930 1256 1293 1277 1956 2522 784 761 1796 1422 1577 948 422 676 1279 772 672 1655 728 507 717 2122 1467 1258 1662 2477 3301 922 1872 2508 1606 2337 1210 1992 2035 1100 1007 1545 1976 2215 1780 900 992 2491 1289 688 750 1982 2406 753 1006 1541 977 1759 2185 2558 467 1511 1854 1461 1345 1315 1238 1938 2200 1844 1722 2244 530 1625 729 1662 630 2099 547 1830
1889 859 1590 2866 2537 2440 2204 1565 1525 1846 2019 1053 1514 360 1035 2328 2806 2564 1959 1225 1582 1580 794 1356 1990 1676 2239 816 3072 2512 2053 1868 2664 1021 2800 1682 1234 2536 2153 860 1538 2072 2044 2386 2292 2120 1192 2202 1552 1182 1328 2473 1086 2320 1885 1896 2200 2283 1234 2423 2254 1972 906 1550 2700 2865 606 1632 2100 2001 1302 2666 1450 2032 1497 2713 1335 1371 2309 3142 1806 2525 2114 2973 832 863 2453 2058 527 1929 1608 1554 2741 2488 1707 1669 1509 2203 2375 749 919 1283 1063 2411 988 2696 2555 1684 812 2631 821 2295 2267 1512 1491 1940 587 2072 2404 1929 2827 385 3167 2442 1841 1067 1440 1896 1168 1917 2235 937 2991 1938 1125 2464 1297 1970 1551 584 2629 1183 1522 1274 1994 2058 1547 1444 1272 2605 2356 1441 1102 1973 1988 1562 2547 1859 2613 559 1973 1988 1038 699 2154 2785 1214 1360 1665 2823 1309 1750 1250 2194 1061 2458 989 1200 1431 653 1113 2103 2313 988 2176 2396 1816 927 2017 1988 1447 2451 1614 723 1660 2417 862 3077 1153 1116 2379 806 1608 1268 1452 1458 2279 1101 1286 2503 1527 1649 1177 2357 2431 773 609 1325 2790 1743 2198 1897 2517 2128 1906 1005 2159 800 2016 1054 1603 1093 1780 1224 1865 1382 2358 1195 1353 1225 2845 1127 1615 476 904 1234 1797 3075 1603 523 811 2501 537 2342 1059 2391 2744 2235 1661 1098 1605 1170 1153 598 1769 2037 1435 931
2291 537 1698 2578 2699 2367 2497 1712 929 1750 2071 910 973 1035 360 2336 2481 2743 2050 1878 1283 1100 1290 1831 2121 1783 1622 1166 2905 2982 1379 2310 2868 1593 2726 1021 866 2093 2328 1482 922 2118 1649 1815 2186 1462 1342 1852 964 1639 1901 2827 415 2796 1641 2485 2693 2800 1797 2790 1852 2158 1581 1519 2546 3361 1236 2103 2152 1984 1599 2954 1950 2496 1239 2624 1809 699 1848 2985 2027 2827 1616 2950 1308 1472 2111 1877 891 2298 1205 1016 2828 2818 1047 2141 2107 2016 2191 647 879 755 1738 2543 1591 2799 2122 2199 694 2623 737 1625 2785 2172 2097 1631 961 1470 2639 2396 2534 1061 3056 2121 2381 475 1175 1263 773 1985 2097 1571 2828 2520 1761 2031 899 2276 2186 1188 2249 1838 875 1946 1400 2288 1486 1581 1062 2977 1725 1294 1518 2439 2267 2202 2913 1703 2499 1198 1767 2398 1683 1307 1622 3243 612 1821 2304 2562 1772 2036 1926 1681 851 2613 1639 1845 775 1254 471 2498 2519 1115 1508 2922 1778 1592 1341 2287 1870 2392 939 965 1595 1879 1389 2984 549 719 2247 1183 1735 1123 915 1095 1876 679 669 2211 863 1071 793 2427 1756 1008 1254 1943 3268 1068 2207 2399 2183 2432 1677 1393 2281 807 1351 1411 1962 1652 1944 549 1527 1914 1900 670 1053 1764 2815 633 947 1109 717 1643 2179 3005 1027 1107 1464 2069 860 1920 1192 2336 2649 2208 1848 1705 1120 1526 643 1110 1175 2256 827 1522
1469 2326 1102 1405 921 612 1217 1141 2114 963 674 1801 1988 2328 2336 360 1482 991 759 2867 1504 1843 2753 3271 795 1020 2326 2778 1252 2012 2655 1648 1132 2025 870 2713 1853 1754 849 2706 2169 622 1540 2178 700 2515 1495 1400 2092 3122 2026 1534 2369 1935 1217 2254 1949 2098 3079 1559 1557 916 2445 1182 949 2356 2523 1718 602 711 1468 1408 3337 1768 1500 819 1745 2480 1753 1293 1061 1375 1839 1005 2793 2726 1403 984 2386 1421 1678 1973 884 1456 2369 1724 2159 947 920 2290 2723 2718 2507 762 2828 879 1728 1870 2107 663 2550 2725 2092 2528 2189 1343 2512 2199 1091 1746 1399 2334 1248 1336 2008 2451 1555 2287 2746 777 803 2207 1177 2243 2857 1699 1845 1230 2359 2177 1579 2831 2676 2544 2149 1008 1210 1248 1635 1676 2449 1404 3061 1759 1151 2402 1620 1054 801 2234 1087 1560 2265 2612 1957 2136 2179 3284 2438 1304 1726 1216 2639 1901 2778 857 2724 2306 2296 2151 2433 1536 962 2898 2634 2196 917 2352 2687 1211 1606 580 2556 1985 1101 2057 2800 1146 2201 1982 767 1892 1091 1573 1993 1688 1565 2022 2188 1265 2353 2060 1917 552 2929 1927 2238 3053 2224 2545 490 1871 1398 1237 1172 2972 702 2014 2525 1693 1424 2969 984 2399 1436 3244 1751 2078 1673 1923 879 2080 2629 2247 2022 1649 1452 1124 2055 2186 2270 1703 2282 1634 1634 548 854 509 1097 2903 1844 1615 2083 2566 2114 980 2152 2079
2537 2564 1867 522 2006 1237 2333 1939 1999 1434 1631 2119 1902 2806 2481 1482 360 2076 1734 3560 1595 1752 3230 3800 1828 1835 1756 3183 1063 3130 2252 2695 2204 2787 1280 2533 2002 918 1957 3284 2039 1608 1198 1494 1177 2047 2101 988 1962 3621 2903 2656 2486 3041 1284 3267 3040 3191 3670 2681 1013 1969 3131 1709 974 3478 3047 2700 1620 1485 2253 2509 3896 2843 1672 1201 2621 2445 1113 1143 2056 2493 1348 1532 3263 3295 729 1174 2786 2486 1636 1863 1826 2577 2134 2717 3083 1056 956 2587 2987 2766 3239 1871 3416 1863 873 2862 2418 1462 2820 2196 3184 3406 3106 1231 2912 1727 2210 2803 485 2823 1323 725 3030 2580 1733 1932 2865 1690 1128 2934 1034 3266 3507 927 1954 2305 3274 2746 654 3519 2581 3344 1727 2099 1685 1966 1897 2796 1827 1731 3525 2823 2229 3313 2741 1359 1102 2800 1219 2635 3025 3142 1426 3258 2242 3803 3373 605 2590 2213 3410 1342 2972 1960 3363 3118 2222 2754 2536 2632 2085 3212 2156 3297 1534 3062 2310 2290 2517 1279 2391 2448 1598 1337 3306 1332 2295 2155 1083 2472 1890 1897 1947 1759 994 2189 2208 670 2223 1872 2076 1667 2376 2408 2829 3716 3347 2304 1494 2914 658 2343 1268 3410 1804 2379 2121 2388 2383 3535 1926 2441 1321 3825 1070 2171 1837 2764 1452 2214 2473 2771 2313 2461 2483 1414 1898 2718 2944 898 2686 983 2166 1295 1187 1395 1992 3515 1735 2369 2200 3021 1841 2064 2087 2806
1202 2692 1404 1974 430 1207 853 1397 2632 1502 1082 2193 2509 2564 2743 991 2076 360 1066 2904 2032 2378 2953 3403 983 1319 2931 3019 1662 1520 3218 1405 504 2089 1246 3213 2309 2386 778 2841 2687 1052 2152 2800 1331 3097 1785 2027 2617 3282 1973 1005 2785 1501 1803 1996 1561 1692 3180 1054 2185 957 2523 1613 1482 1810 2712 1579 1017 1236 1622 794 3445 1443 2003 1274 1739 2946 2381 1665 1117 809 2451 1156 2993 2867 2033 1596 2663 1186 2218 2501 711 914 2904 1566 2034 1577 1547 2631 3045 3138 2540 598 2948 644 2359 1689 2461 995 2882 3312 1691 2420 2071 1942 2777 2793 597 1467 1978 2563 1531 1965 1760 2856 2046 2855 3133 1140 1434 2277 1610 1971 2929 2331 2317 1032 2226 2371 2203 2875 3151 2514 2736 872 1658 1530 2079 1113 3058 1867 3247 1460 979 2267 1071 1619 1339 2424 1687 1267 2299 2788 2570 1580 2633 3422 2272 1869 1739 1193 2628 2518 3130 504 2814 2286 2787 2326 2850 1187 616 3182 3215 1763 1409 2421 3242 1009 1587 1162 3060 2273 1575 2684 2978 1427 2641 2413 1391 2120 1369 2001 2501 2194 2195 2451 2657 1888 2858 2602 2361 802 3517 2213 2411 3103 1679 3071 1053 1601 2024 922 1761 3179 834 2352 3093 1872 1388 3094 1165 2842 2024 3342 2381 2530 2149 1925 1120 2516 3126 2463 2397 1732 1287 1356 2590 2405 2377 2335 2568 2264 1941 1159 1301 1128 1274 3000 2384 1761 2525 2795 2673 888 2652 2167
1163 2014 732 1694 1014 962 1024 755 1928 836 466 1501 1806 1959 2050 759 1734 1066 360 2468 1335 1680 2377 2883 472 644 2280 2414 1636 1800 2527 1320 1202 1626 1269 2506 1604 1870 688 2316 1983 506 1531 2188 926 2418 1134 1461 1914 2738 1632 1392 2090 1686 1158 1906 1672 1824 2686 1394 1616 606 2047 906 1300 2175 2143 1350 517 621 1071 1376 2945 1470 1299 1211 1349 2241 1802 1683 688 1291 1821 1390 2417 2337 1554 1016 2032 1113 1524 1800 1151 1336 2202 1361 1776 1069 1138 1964 2391 2443 2107 852 2436 1114 1854 1508 1786 1053 2222 2637 1815 2137 1805 1308 2154 2130 1028 1428 1677 1963 1648 1496 1664 2165 1340 2168 2450 438 967 1808 1558 1901 2460 1803 1611 937 1975 1795 1755 2432 2445 2146 2067 761 951 875 1374 1551 2413 1160 2683 1449 866 2017 1486 964 1165 1852 1071 1263 1865 2229 1937 1974 1929 2897 2060 1604 1329 848 2240 1898 2462 929 2328 1907 2081 1765 2155 1273 886 2550 2534 1934 722 1954 2547 926 1214 949 2354 1632 872 2092 2419 1546 1939 1712 1028 1516 710 1298 1796 1490 1632 1751 1951 1461 2152 1905 1658 757 2840 1572 1853 2655 2048 2368 653 1541 1573 1008 1122 2599 593 1684 2405 1303 1043 2578 586 2140 1370 2851 1815 1825 1443 1525 1271 1815 2420 1871 1713 1249 1111 1522 1890 1811 1875 1817 1931 1710 1283 895 1245 736 697 2508 1688 1219 1823 2197 1982 720 1946 1681
2011 1702 2150 3596 2900 3039 2445 2096 2390 2519 2555 1876 2378 1225 1878 2867 3560 2904 2468 360 2387 2435 1018 975 2456 2219 3105 1199 3709 2420 2895 1941 2965 1202 3374 2484 2085 3357 2547 764 2403 2607 2860 3248 2928 2978 1827 2991 2418 977 1302 2588 1923 2242 2641 1622 2107 2122 723 2523 3064 2383 792 2224 3345 2683 1001 1714 2625 2597 1761 2857 956 2027 2294 3306 1527 2198 3142 3768 2209 2710 2961 3491 1025 782 3229 2764 1347 2108 2444 2418 3166 2637 2562 1738 1322 2903 3061 1601 1548 2026 725 2821 693 3108 3372 1660 1676 3159 1563 3143 2107 1034 1285 2725 1286 2937 2693 1942 3562 1200 3753 3207 1713 1882 2245 2760 1872 2454 2899 1020 3628 1671 500 3283 2149 2234 1207 1192 3419 402 2315 797 2859 2404 2240 2015 2078 2675 3221 2197 1052 1976 2285 1184 2633 2568 3233 1145 2702 2091 969 934 3009 2684 2077 1007 1261 3538 1532 2088 674 3044 1707 2837 599 987 2287 1171 1936 2208 2650 1422 3026 2201 2452 876 2852 2257 1679 3037 2442 1518 2338 3272 929 3653 2014 1977 3027 1450 2149 2051 2316 2292 3090 1965 2148 3250 2380 2515 2034 2836 3266 1542 1105 560 2651 2581 2751 1845 3287 2366 2653 1106 2609 1647 2869 1558 1879 753 2248 2059 2666 848 3188 2061 2178 1340 3377 1993 2429 1202 1762 1580 1989 3631 2468 1241 978 3317 1400 3159 1754 2979 3339 2814 2131 611 2460 1616 2019 1138 2635 2400 2300 1149
1920 1339 1108 1674 1973 1480 1949 1167 970 903 1309 889 844 1582 1283 1504 1595 2032 1335 2387 360 706 1998 2571 1437 1158 1361 1947 1981 2634 1551 2008 2172 1712 1827 1568 780 1330 1660 2074 1025 1344 833 1357 1290 1453 1043 979 950 2389 1923 2318 1301 2479 718 2430 2417 2558 2455 2304 1037 1531 1973 830 1626 3027 1828 1893 1379 1170 1314 2347 2671 2198 456 1721 1687 1353 1127 2063 1475 2250 998 2069 2031 2081 1234 963 1552 1888 549 832 2026 2279 1233 1924 2136 1096 1270 1354 1765 1627 2103 1802 2205 2011 1344 2042 1182 1762 1594 1674 2545 2376 2146 724 1677 1193 2001 2118 1631 1601 2141 1229 2238 1393 503 1196 1691 1258 1191 1817 1905 2448 2316 1255 744 1780 2294 1555 1406 2344 1540 2248 1120 1691 776 1087 671 2480 1499 616 2290 2154 1736 2328 2413 815 1590 1605 848 2029 1924 1922 1087 2854 1075 2572 2410 1648 1647 1567 2289 1088 1770 1889 2172 2050 1155 1578 1360 2091 1861 1984 1566 2681 983 1922 1572 1781 1650 1511 1412 1236 824 1321 2079 2074 1113 933 1338 1311 1153 699 850 554 1063 971 1067 1305 1209 930 855 1638 1875 1206 1642 2524 2910 1404 1388 2181 1301 1907 756 2175 1561 1147 1431 1324 1618 2316 1341 1295 643 2605 1169 983 602 1766 1934 1009 1485 1562 1078 1491 1811 2102 918 1513 1792 1290 1453 1131 1030 1461 1743 1361 1304 2310 712 1363 1002 1789 1008 1650 1010 1701
2222 1211 1431 1860 2320 1798 2282 1482 639 1246 1656 941 519 1580 1100 1843 1752 2378 1680 2435 706 360 1953 2521 1781 1490 1098 1865 2238 2940 1209 2296 2518 1870 2132 1240 710 1356 2004 2080 692 1690 914 1179 1605 1129 1275 1128 612 2332 2121 2649 1098 2777 1011 2664 2706 2841 2443 2631 1113 1870 2052 1159 1902 3333 1825 2155 1725 1515 1570 2689 2632 2488 748 2023 1917 1067 1113 2323 1801 2588 897 2384 1980 2081 1383 1268 1504 2197 525 492 2366 2613 887 2189 2339 1385 1548 1264 1617 1377 2196 2148 2206 2354 1383 2295 1132 2090 1462 1350 2827 2532 2343 945 1615 920 2344 2402 1814 1603 2422 1400 2491 1191 726 865 1473 1603 1498 1939 2167 2687 2344 1292 647 2103 2478 1617 1510 2392 1234 2368 839 2027 1107 1385 809 2810 1233 913 2220 2441 2064 2507 2743 1148 1887 1656 1150 2332 2053 1914 934 3170 852 2516 2597 1856 1876 1880 2389 974 1585 2236 2205 2196 851 1656 1145 2402 2205 1851 1236 2965 1329 2020 1227 2105 1906 1833 1083 1288 1168 1197 2044 2364 910 828 1640 1430 1476 887 555 577 1136 851 815 1499 884 584 763 1983 1546 1280 1703 2546 3220 1061 1730 2452 1455 2236 1055 2097 1907 1148 1093 1519 1905 2298 1673 1049 833 2580 1165 796 685 1963 2251 852 1161 1593 1036 1719 2108 2401 572 1556 1884 1330 1420 1179 1208 1786 2042 1697 1625 2318 384 1586 832 1748 675 1988 705 1838
2201 1127 2012 3294 2931 2872 2560 1982 1846 2281 2442 1471 1862 794 1290 2753 3230 2953 2377 1018 1998 1953 360 933 2400 2097 2551 541 3506 2760 2281 2160 3044 1283 3231 1847 1622 2934 2549 630 1847 2495 2449 2730 2726 2387 1620 2618 1878 751 1545 2795 1326 2569 2313 2049 2440 2497 867 2739 2659 2370 946 1984 3134 3083 601 1916 2522 2431 1694 3015 1039 2300 1917 3145 1641 1582 2699 3577 2199 2870 2490 3398 400 604 2872 2491 811 2259 2003 1904 3150 2821 1974 1950 1675 2637 2809 1051 892 1376 1064 2814 689 3102 2956 1930 1187 3057 934 2535 2481 1544 1647 2360 699 2395 2777 2201 3255 783 3599 2864 2054 1268 1857 2193 1217 2340 2670 1127 3425 2095 882 2864 1681 2328 1650 945 3042 986 1676 1273 2322 2442 1982 1866 1692 2914 2656 1872 668 2242 2357 1646 2860 2292 3047 890 2405 2295 1180 540 2516 3034 1522 933 1745 3254 1624 2124 1194 2565 1049 2855 805 1312 1705 986 1325 2413 2698 776 2422 2600 2249 1030 2233 2348 1775 2882 1821 1157 2095 2779 460 3509 1455 1485 2813 1221 2027 1696 1799 1858 2685 1461 1589 2930 1788 1983 1556 2773 2642 1207 902 1031 3024 1967 2625 2143 2938 2482 2335 586 2568 1210 2271 1446 1953 723 2187 1455 2280 989 2749 1533 1762 1490 3272 1469 1799 866 1290 1588 2128 3505 1937 926 991 2901 905 2743 1492 2822 3176 2665 2067 797 1976 1552 1492 569 2095 2424 1747 1191
2564 1681 2530 3862 3390 3408 2971 2490 2397 2832 2957 2043 2423 1356 1831 3271 3800 3403 2883 975 2571 2521 933 360 2892 2610 3091 1024 4055 3024 2774 2503 3479 1675 3761 2311 2194 3506 3017 927 2393 3010 3023 3284 3271 2902 2153 3191 2431 551 1857 3154 1859 2841 2881 2234 2706 2730 613 3091 3233 2843 1246 2533 3684 3296 1123 2265 3033 2963 2177 3405 487 2609 2489 3681 2034 2087 3270 4123 2668 3259 3057 3912 902 905 3445 3051 1384 2646 2576 2466 3632 3195 2497 2294 1916 3196 3366 1616 1353 1826 1271 3289 815 3579 3528 2235 1760 3573 1456 3030 2715 1649 1880 2932 1266 2941 3207 2519 3823 1340 4135 3436 2311 1788 2430 2729 1657 2853 3221 1489 3974 2284 878 3436 2253 2748 1818 1459 3615 980 2143 1404 2871 2892 2535 2385 2264 3252 3187 2437 675 2555 2789 1797 3206 2852 3590 1401 2969 2650 1487 1029 3079 3290 2074 394 1876 3819 2028 2570 1284 3130 1478 3319 959 1557 2238 1479 1846 2769 3146 1138 2924 2813 2791 1350 2718 2770 2182 3415 2314 1718 2645 3340 854 4041 2007 2055 3362 1748 2539 2264 2361 2431 3258 2030 2138 3499 2313 2537 2127 3272 3114 1764 1392 817 3261 2465 3146 2432 3510 2891 2902 801 3056 1783 2781 1939 2377 668 2678 1978 2853 526 3321 2095 2335 1856 3790 2032 2278 1405 1863 2034 2519 4032 2492 1464 1386 3474 1479 3316 2038 3355 3713 3194 2557 778 2544 2030 2055 1142 2645 2881 2296 1596
1069 2076 785 1780 937 1024 913 789 2024 947 560 1571 1902 1990 2121 795 1828 983 472 2456 1437 1781 2400 2892 360 698 2389 2447 1687 1692 2629 1234 1113 1613 1302 2596 1688 1979 583 2324 2078 580 1643 2299 1013 2524 1179 1572 2011 2754 1593 1280 2163 1582 1270 1830 1573 1724 2688 1282 1727 501 2042 995 1366 2065 2163 1285 574 729 1074 1270 2949 1375 1396 1255 1315 2324 1914 1729 625 1181 1932 1395 2440 2347 1660 1127 2073 1019 1627 1899 1110 1225 2300 1292 1723 1173 1232 2020 2441 2515 2092 787 2442 1066 1962 1439 1846 1067 2275 2743 1716 2093 1754 1420 2192 2238 924 1339 1765 1993 1677 1600 1586 2234 1435 2272 2515 547 1065 1799 1611 1823 2456 1913 1699 837 1923 1816 1859 2421 2529 2117 2174 650 1043 919 1458 1439 2523 1251 2704 1357 762 1966 1374 1075 1225 1872 1183 1167 1848 2247 2048 1863 2011 2908 2003 1687 1298 781 2216 2010 2519 852 2326 1879 2170 1781 2227 1169 784 2593 2639 1833 831 1945 2648 823 1172 1004 2445 1675 973 2204 2437 1573 2018 1790 1113 1544 754 1379 1890 1586 1743 1828 2036 1562 2244 2005 1739 741 2946 1614 1868 2646 1937 2463 714 1456 1676 898 1234 2624 528 1740 2508 1316 988 2586 573 2219 1481 2853 1927 1907 1533 1496 1284 1893 2509 1897 1778 1235 1029 1542 1989 1838 1874 1926 1974 1821 1332 955 1290 808 695 2509 1789 1222 1902 2227 2085 610 2037 1675
1154 1738 448 1824 1275 1180 1151 482 1716 788 706 1233 1598 1676 1783 1020 1835 1319 644 2219 1158 1490 2097 2610 698 360 2149 2130 1853 1853 2338 1274 1446 1384 1518 2274 1361 1866 907 2045 1769 759 1457 2097 1086 2251 849 1442 1706 2462 1439 1520 1825 1710 1085 1801 1667 1815 2420 1506 1584 748 1792 690 1496 2242 1864 1232 785 744 820 1569 2676 1451 1101 1446 1154 1994 1753 1910 677 1461 1724 1663 2136 2065 1592 1038 1747 1113 1347 1599 1434 1483 1996 1253 1610 1139 1259 1684 2108 2178 1864 1124 2168 1395 1857 1394 1508 1322 1940 2472 1804 1947 1633 1235 1870 1987 1234 1386 1800 1681 1895 1543 1574 1896 1130 1992 2177 603 1084 1559 1773 1806 2202 1792 1377 985 1803 1517 1799 2182 2200 1924 1917 900 743 591 1131 1681 2285 941 2403 1416 937 1844 1614 905 1376 1574 1045 1262 1627 1952 1833 2061 1680 2623 1899 1746 1126 792 2009 1808 2182 1190 2066 1687 1848 1491 1890 1307 1103 2266 2363 1934 669 1703 2352 984 1042 1178 2125 1347 713 2022 2141 1798 1684 1456 1190 1235 431 1049 1580 1283 1604 1493 1709 1537 1927 1712 1408 1042 2672 1287 1578 2401 2122 2153 896 1477 1626 1108 1062 2317 862 1404 2223 1033 917 2308 543 1885 1267 2585 1776 1577 1216 1313 1540 1559 2186 1590 1439 1017 1061 1783 1691 1530 1614 1813 1647 1685 999 1119 1480 954 529 2244 1501 962 1570 1914 1802 861 1720 1430
2922 1785 2106 1910 2865 2197 2927 2167 1074 1805 2227 1668 1099 2239 1622 2326 1756 2931 2280 3105 1361 1098 2551 3091 2389 2149 360 2427 2415 3635 885 3009 3075 2603 2458 1297 1425 1202 2606 2725 1066 2247 1146 647 2015 668 2008 1321 1047 2900 2859 3299 1591 3480 1489 3400 3418 3557 3058 3290 1188 2501 2750 1827 2165 4027 2471 2882 2280 2060 2298 3292 3211 3199 1439 2350 2653 1385 1019 2501 2466 3211 850 2732 2571 2720 1468 1702 2128 2889 1188 1065 2837 3251 966 2915 3077 1757 1865 1872 2110 1703 2900 2692 2842 2842 1246 3026 1791 2504 1995 801 3544 3260 3081 1348 2217 538 2945 3117 1865 2264 2651 1524 3223 1664 1440 722 1856 2202 1900 2660 2362 3422 3001 1190 1364 2774 3213 2316 1462 3063 1415 3083 619 2663 1773 2088 1546 3460 498 1612 2776 3155 2725 3241 3394 1680 2209 2349 1604 3031 2775 2551 734 3850 1393 3080 3333 1955 2612 2567 3094 805 2019 2787 2868 2923 1212 2364 1606 3090 2801 2344 763 3681 1918 2730 954 2773 2635 2241 1206 1996 1798 794 2650 2625 1459 1498 2004 2157 2150 1621 1158 1307 1192 1505 1324 1642 1143 955 1456 2499 992 1997 2400 3192 3909 1065 2240 3176 1528 2892 1530 2650 2484 1838 775 2257 2618 2913 2327 1475 1271 3177 1053 1404 1421 2701 2611 1472 1274 2275 1713 2455 2813 2687 1000 2248 2593 1218 2065 1161 1946 2210 2357 2178 2302 2956 1076 2322 1446 2364 832 2622 1168 2566
2309 1018 2044 3257 2993 2880 2648 2021 1733 2275 2471 1430 1761 816 1166 2778 3183 3019 2414 1199 1947 1865 541 1024 2447 2130 2427 360 3498 2894 2130 2276 3117 1401 3242 1685 1551 2857 2609 811 1728 2524 2383 2620 2725 2247 1643 2562 1767 833 1681 2901 1195 2702 2277 2205 2575 2640 1015 2847 2592 2428 1106 1986 3127 3226 713 2034 2553 2445 1756 3108 1144 2426 1872 3152 1748 1434 2618 3571 2261 2964 2399 3422 534 785 2820 2471 764 2359 1932 1805 3197 2922 1838 2070 1826 2617 2792 963 720 1208 1234 2868 867 3152 2882 2061 1124 3081 793 2385 2624 1716 1800 2311 634 2276 2854 2325 3215 815 3605 2817 2195 1127 1810 2066 1045 2371 2661 1261 3417 2250 1061 2790 1606 2414 1814 1013 2981 1167 1514 1447 2206 2511 1977 1898 1650 3026 2526 1847 715 2367 2436 1812 2970 2275 3048 966 2378 2406 1328 692 2417 3168 1409 1016 1912 3222 1728 2200 1373 2470 872 2915 986 1469 1575 1069 1186 2523 2767 599 2276 2746 2255 1181 2079 2433 1874 2894 1669 1155 2092 2677 631 3518 1343 1406 2808 1263 2063 1665 1700 1792 2617 1377 1473 2889 1653 1873 1480 2812 2484 1212 993 1199 3163 1818 2648 2275 2888 2570 2303 591 2615 1171 2128 1507 2042 877 2236 1317 2224 1114 2669 1434 1706 1610 3293 1374 1642 916 1229 1673 2228 3519 1828 973 1122 2827 869 2672 1504 2834 3182 2680 2117 970 1888 1621 1395 585 1980 2491 1632 1307
2347 2946 1919 902 1602 1036 2054 1975 2512 1585 1535 2441 2397 3072 2905 1252 1063 1662 1636 3709 1981 2238 3506 4055 1687 1853 2415 3498 360 2813 2878 2532 1758 2877 781 3093 2399 1603 1718 3502 2560 1489 1729 2171 1145 2687 2265 1507 2480 3891 2908 2303 2923 2769 1623 3142 2802 2947 3886 2345 1603 1808 3279 1883 732 3112 3293 2611 1481 1471 2313 2084 4134 2638 2028 794 2624 2946 1755 446 1951 2111 1960 925 3544 3519 1308 1394 3094 2302 2090 2366 1335 2213 2700 2616 3049 1251 1074 2941 3370 3242 3357 1524 3630 1392 1560 2762 2759 1045 3196 2856 2943 3413 3079 1654 3223 2356 1859 2626 939 3083 623 1258 2896 3014 2093 2532 3313 1630 1197 3051 441 3129 3684 1594 2366 2110 3249 2958 1338 3670 3110 3414 2340 1885 1884 2054 2231 2415 2500 2015 3814 2635 2031 3291 2373 1585 837 3016 1499 2433 3121 3386 2057 2882 2692 4064 3330 828 2602 2108 3502 1977 3388 1588 3544 3176 2729 2946 2981 2394 1769 3575 2802 3033 1626 3193 2931 2090 2490 1046 2941 2710 1771 2017 3568 660 2734 2550 1053 2669 1922 2200 2428 2173 1593 2589 2675 1140 2753 2407 2473 1372 3045 2659 3031 3887 2981 2878 1342 2754 1247 2091 1587 3711 1585 2691 2744 2512 2314 3765 1861 2909 1766 4049 1722 2604 2214 2796 908 2631 3023 3010 2660 2509 2342 751 2423 2951 3096 1572 2989 1614 2377 1101 759 1264 1965 3716 2228 2454 2624 3305 2408 1862 2584 2921
958 2860 1888 3057 1574 2264 1157 1827 3121 2250 1891 2510 3019 2512 2982 2012 3130 1520 1800 2420 2634 2940 2760 3024 1692 1853 3635 2894 2813 360 3767 1032 1456 1858 2392 3598 2720 3311 1533 2548 3169 1901 2944 3589 2318 3709 2061 2898 3121 2970 1574 875 3036 552 2568 1178 680 673 2771 828 3050 1554 2190 2168 2587 753 2540 1247 1882 2062 1768 1153 3017 847 2563 2403 1547 3281 3231 2822 1539 1076 3216 2315 2795 2580 2992 2457 2666 1105 2815 3031 1868 967 3401 1208 1469 2504 2545 2761 3071 3350 2121 1655 2608 1803 3295 1192 2648 2131 2951 3930 685 1767 1504 2720 2737 3468 1314 949 3051 2499 2691 2931 1075 3073 2575 3445 3280 1866 2388 1994 2755 1131 2505 3243 2758 1235 1577 2288 3189 2408 3482 1983 3395 1404 2222 1915 2517 806 3772 2391 2988 905 1298 1604 823 2377 2437 2318 2502 969 1944 2580 3326 633 2984 3052 1549 2956 1580 1428 2106 3300 3205 1585 2442 1836 3197 2219 3093 905 1418 3116 3815 658 2125 2095 3768 1241 1471 2227 3468 2384 2206 3510 2739 2588 2961 2756 2407 2169 1845 2431 2986 2724 3067 2782 3035 2885 3291 3151 2739 1838 4123 2336 2278 2611 646 3534 1998 978 3005 1155 2539 2969 1687 2534 3665 1931 1406 2741 1684 3141 2759 2909 3248 2893 2630 1650 2278 2850 3512 2396 2635 1699 1194 2515 3122 2358 2132 3258 2606 3147 2183 2200 2433 2096 1694 2609 2956 1817 2870 2683 3256 1442 3098 1951
