140 2461 1943 1001 1548 1869 2017 428 2381 1225 1838 2718 1280 1418 1038 558 653 1727 989 2029 1765 2174 2531 2353 2392 2017 1293 2861 1488 2638 1213 2132 2493 1241 1225 816 1619 2033 2107 2499 1552 1884 821 2895 704 1019 1798 1485 955 1078 678 1287 1320 724 1341 1791 726 1160 2671 3326 1826 2996 1560 2224 2094 2347 2408 1069 2402 1093 2844 875 2492 625 1446 720 2473 1615 2109 1145 1864 887 1817 1334 2036 1850 2035 679 1560 1148 2172 2726 1798 1022 734 1003 2169 2423 1695 734 2004 1202 1765 1676 1533 2775 2278 2822 1959 492 854 1253 3113 1837 1395 2092 2675 2102 321 1973 1719 1978 779 1519 1959 2410 1402 1918 1007 556 972 719 2043 641 2888 1770 2107 2413 641 1147 1278 541 1656 2715 799 2050 1594 1495 2482 2279 945 3167 1975 803 2318 1997 1130 1750 1513 1574 833 1323 1739 3133 2348 1332 1373 2075 2336 459 947 1683 2321 2685 545 812 1682 479 2117 808 1033 1947 1450 1662 1034 2226 2421 1018 2408 1348 2391 2101 599 1828 1171 821 2186 547 347 2721 1547 1037 2364 2537 2247 1335 2471 569 1099 1094 591 1180 747 1320 2754 1934 2106 2010 519 2716 2469 1083 1103 499 2536 734 1264 2719 646 2480 1188 734 2667 2117 2664 2168 615 1036 2307 1947 975 2193 1069 2370 2124 351 2349 844 1078 1980 926 2326 1438 1169 2005 2481 674 1148 1370 1489 973 2302 1896 2393
2561 360 2479 1979 2454 1417 1846 2659 1005 1910 3031 941 1871 3172 1959 2264 2500 1936 2012 1903 1143 3143 2112 3002 1196 809 1665 1446 2425 849 2082 1409 1283 2950 2400 2802 1348 2417 3049 1828 3005 3043 2002 1665 2342 3431 1812 3012 2371 2440 2388 2518 2736 2763 1735 1930 3108 2322 1526 1772 2285 1317 2349 2754 2943 2719 1044 2684 960 2836 1575 2016 1726 2284 1489 2946 1240 2126 2801 1729 986 3222 1004 1574 1613 2815 2527 2465 2963 1762 747 915 3271 3096 3132 2667 1948 1138 1316 2114 1557 1729 2209 1182 1305 1965 2587 1888 3284 2594 1974 2033 1817 1028 1433 2173 790 1078 2695 3226 1110 1343 2345 2616 3235 972 1554 1361 3348 2600 2879 2471 1735 2915 1844 2786 984 3481 2388 1676 2247 2334 2368 1686 2834 788 2046 1327 1045 3353 2156 1651 2467 2795 932 868 1850 3252 1435 3156 3010 2961 1874 1508 1618 3116 1469 3165 3235 2394 3167 1173 813 1943 2456 3019 1146 2833 942 2379 1829 3280 1405 1166 1793 1210 568 2100 913 2217 1386 1427 2780 1241 1680 2000 706 2645 2593 1737 1582 2054 1240 448 1299 2298 848 2986 1806 2424 2236 2347 2937 2829 1822 2262 1236 932 2633 1282 1081 2446 1769 2395 1367 2769 1628 1065 2839 2421 2126 2710 959 707 675 2344 2361 1860 1045 2877 2585 1692 1973 1512 1015 2567 649 3264 1809 2403 3270 2816 3021 3098 819 391 2262 2303 1852 1567 2871 2641 1745 473
2043 2479 360 2308 763 1425 3152 1920 1938 1304 1028 2286 1286 1515 1479 1945 2429 2982 2333 3195 2339 1029 1210 916 3012 2252 2312 2052 818 2272 1180 2960 1803 1412 2856 2697 2385 492 938 3474 1203 1016 1873 1929 2356 2701 2959 1266 1348 1230 2370 1044 1141 1721 1373 913 2544 2756 1782 2417 566 2325 745 690 826 771 1925 1340 1986 1437 1935 2170 1455 2200 2306 2621 1819 804 683 1665 1981 2171 2107 1618 3019 773 453 2429 1149 2221 2097 2317 1348 1795 2258 2807 1009 2994 2456 1786 2958 2260 655 1858 1857 1578 696 1685 1269 2345 1994 2637 2092 2287 2037 753 2362 2696 2053 1192 2137 1497 2433 865 1209 2875 1553 2742 2824 2403 1592 1585 1139 1969 1793 794 1855 1363 2333 1858 1040 2152 649 1709 2689 2309 2944 1937 1979 1242 1424 2288 400 1674 1961 2035 2321 1356 1604 1366 1881 1350 978 2355 1419 1522 2095 1077 1116 2119 1983 1865 2695 1492 2298 1918 2120 2049 2600 1496 2111 1271 1771 2113 1982 2899 2600 2460 2834 982 3134 1445 1856 2544 2090 1912 2457 2415 2217 1679 2548 2436 1739 2497 2975 973 2831 2250 1603 1212 2019 2788 1879 1221 1654 583 1620 2456 1821 2016 1941 2764 2141 2181 1774 1717 1637 2188 2549 970 2647 1671 2216 2230 2449 676 1706 1623 2849 793 2747 1251 1424 3199 2667 2203 2597 2527 1636 460 2213 787 1315 1651 2233 2474 1691 1159 1218 2464 1582 719 2995 2499
1101 1979 2308 360 1991 1751 1401 1314 2092 1370 2464 2363 1399 2224 1189 901 889 1134 396 1422 1210 2751 2619 2827 1765 1534 685 2641 1930 2270 1492 1492 2287 2007 940 1183 1027 2351 2666 1868 2249 2502 809 2743 734 1879 1180 2205 1474 1617 781 1824 1961 1564 1358 1931 1545 837 2519 3097 2129 2700 1947 2634 2615 2712 2130 1755 2096 1850 2672 519 2443 738 860 1341 2254 1878 2568 1040 1475 1848 1364 1180 1397 2383 2399 852 2237 579 1777 2361 2531 1917 1689 1076 2263 1801 1092 937 1364 609 2045 1334 1192 2755 2609 2764 2651 1016 681 697 2959 1312 948 2294 2281 1495 1273 2639 1241 1829 726 2048 2633 1808 1271 1284 1752 1005 1789 1365 2065 1581 2799 2312 1806 3049 791 878 1660 819 2034 2609 1216 1550 1039 1107 2197 2906 1287 2941 2328 1633 2006 1600 499 2490 1325 2328 1752 2069 1857 2866 2283 2141 890 2688 2903 902 1887 1337 1746 2677 879 1740 1208 1435 1536 1359 584 2642 1167 1189 710 1598 1891 528 1815 1701 1752 1986 1492 1219 701 770 1659 1052 1068 2632 909 491 2157 2063 1612 1738 1888 1514 1079 1620 818 870 1663 2006 2687 2206 1911 1453 1352 2472 2197 902 603 866 2352 1574 1121 2403 1237 2697 698 1540 2328 1659 2235 2425 1176 1048 1696 2481 993 2178 1244 1729 1526 1046 1807 1736 1044 2304 1887 2735 2176 2021 1527 2004 1112 1586 1484 859 1785 2647 1269 1890
1648 2454 763 1991 360 1417 2907 1519 2002 1040 942 2372 1043 1213 1171 1578 2054 2708 2012 2946 2166 1142 1528 1201 2870 2153 2044 2237 422 2338 873 2770 1934 1061 2513 2310 2174 873 1051 3272 949 960 1543 2158 1993 2301 2703 985 957 830 2004 642 779 1319 1165 954 2141 2416 1978 2647 718 2482 468 1039 986 1159 2000 944 2045 1056 2146 1842 1679 1838 2069 2224 1939 701 944 1403 1885 1780 1979 1408 2800 770 851 2058 899 1935 2066 2398 1185 1419 1858 2435 1236 2862 2251 1437 2742 1981 716 1726 1687 1868 1098 1959 1191 1959 1669 2327 2345 2138 1817 1036 2418 2544 1653 1139 1981 1518 2073 536 1145 2762 1366 2543 2421 2019 1203 1188 1266 1568 2058 714 1851 1468 1965 1593 690 1783 512 1939 2299 2209 2651 1750 2065 1327 1071 2506 799 1274 2000 1967 2024 1173 1451 1116 1489 1017 977 2545 1599 1197 1864 1114 1283 1743 1599 1735 2594 1776 1922 1524 1957 1646 2467 1106 1812 1187 1586 1947 1690 2741 2540 2132 2728 660 2970 1523 1453 2356 1818 1583 2365 2028 1827 1920 2301 2113 1843 2488 2808 612 2741 1847 1326 813 1657 2447 1481 874 1914 834 1662 2322 1420 2165 2031 2411 1853 1807 1926 1315 1407 2296 2154 1354 2324 1269 2303 2160 2483 1040 1321 1330 2717 861 2380 1414 1118 3019 2525 1815 2521 2126 1355 821 1823 1142 1018 1294 2134 2455 1319 781 1010 2217 1193 1117 2752 2452
1969 1417 1425 1751 1417 360 2287 1967 961 1040 1984 1335 985 2204 1195 1704 2126 2199 1786 2340 1390 2085 1284 1960 1990 1211 1588 1355 1398 1290 1157 2000 991 2000 2326 2450 1506 1371 1992 2518 1993 1993 1478 1391 1990 2829 2135 2013 1499 1517 2026 1534 1751 1959 891 873 2555 2224 1165 1818 1228 1525 1310 1713 1886 1699 969 1762 1000 1916 1336 1680 1052 1863 1499 2494 976 1080 1748 1124 952 2465 1107 944 2109 1761 1478 2105 1947 1570 1032 1358 2243 2234 2441 2436 984 1964 1555 1506 2044 1582 1151 897 978 1365 1568 1373 2238 2136 1538 2002 1611 1303 1237 1154 1365 1695 2054 2177 1179 476 2037 1588 2187 1831 856 1810 2835 2171 2000 1679 749 2170 1416 1735 797 2424 2004 1237 1274 1867 1318 1229 2464 1268 2219 1080 1041 2296 1343 1660 1414 1965 945 979 1690 2229 786 2154 2203 1992 818 1639 891 2163 1309 2108 2181 1887 2354 901 1646 1289 2026 2224 1176 2147 1579 1566 1527 2236 956 1178 1411 1899 1535 1919 1786 1225 2134 600 2027 1606 1423 1502 1405 2205 2068 1247 1734 1878 866 1441 1983 1305 1775 2340 1142 1496 1727 2257 2149 1850 1298 1212 624 1443 1904 1223 1015 2292 1514 1922 1028 1962 1012 1285 2393 1483 2055 1900 1270 1171 1426 1327 1649 1203 1821 1820 2357 808 1176 2218 1656 2045 1537 2645 1169 1353 2515 1784 2032 2187 1193 1413 1565 1368 919 1662 1990 1621 2136 1434
2117 1846 3152 1401 2907 2287 360 2351 2310 2230 3437 2409 2236 3258 2105 1942 1792 663 1402 417 1269 3689 3208 3703 1129 1576 1228 2860 2851 2310 2395 811 2584 3036 1326 1947 1145 3159 3598 857 3255 3470 1804 3041 1682 2773 581 3219 2470 2606 1719 2795 2959 2605 2139 2666 2449 1319 2849 3242 2951 2790 2840 3481 3529 3523 2356 2774 2287 2881 2954 1556 2913 1755 1205 2185 2542 2707 3450 1864 1741 2860 1570 1894 594 3316 3234 1753 3237 1357 1905 2389 3542 2958 2680 1695 2905 1196 1092 1950 649 1304 2861 1749 1690 3215 3403 3179 3644 1963 1683 1126 3229 1380 1475 3023 2269 1128 2295 3622 1473 2308 1622 3000 3619 1321 1964 871 2575 1926 2828 2396 2673 2611 3173 3253 2086 4007 1748 1673 2585 1842 2911 2986 1993 1543 826 1595 2397 3864 2256 3109 3161 2674 2211 1795 1303 3504 1937 3348 2789 3092 2588 2980 2760 3176 1416 3646 3830 1926 2919 1745 1409 3160 1849 2775 1472 2456 1268 2374 1494 3636 1755 1469 1597 1025 1656 1358 1367 2606 983 2466 2531 1059 1453 1770 1522 1968 2060 3026 966 1340 2483 1929 956 2662 1461 2500 1941 2605 1859 1320 2701 3016 3102 2998 2311 1329 2393 2682 2418 1457 1437 1878 2669 2615 1875 2511 2103 3395 1206 2581 2409 1703 2161 3183 2209 1943 1203 3408 1639 2729 2155 876 1190 2042 1562 2666 1913 3120 2895 3574 3195 3061 1586 1878 2136 2544 2294 1050 2824 3450 516 1733
528 2659 1920 1314 1519 1967 2351 360 2513 1296 1775 2864 1352 1352 1134 794 1036 2070 1309 2367 2008 2115 2557 2305 2669 2224 1577 2962 1462 2791 1246 2429 2598 1173 1603 1197 1884 2018 2050 2823 1485 1821 1032 2977 1067 1226 2130 1418 944 1049 1047 1248 1261 657 1436 1824 995 1533 2757 3424 1819 3119 1542 2187 2042 2317 2536 1010 2538 1025 2932 1171 2553 959 1714 1070 2582 1625 2067 1300 2044 929 2019 1479 2351 1799 2010 1059 1495 1428 2343 2876 1730 974 841 1391 2201 2693 1963 905 2314 1484 1765 1849 1715 2824 2256 2880 1892 880 1102 1598 3193 2066 1618 2101 2836 2366 496 1907 1934 2081 1147 1474 1893 2667 1533 2207 1282 944 905 701 2098 633 2953 1719 2251 2348 1008 1348 1277 872 1638 2787 1176 2262 1945 1693 2611 2215 995 3267 1954 735 2458 2174 1432 1682 1652 1506 798 1255 1780 3245 2417 1266 1609 2012 2276 789 933 1857 2562 2732 919 785 1898 540 2365 808 1299 1880 1621 1878 1269 2505 2639 1361 2659 1350 2683 2190 542 2097 1421 1044 2407 934 734 2789 1845 1372 2472 2729 2533 1324 2715 735 1236 1068 863 1555 709 1256 2815 1931 2217 2247 460 2828 2594 1464 1371 847 2634 667 1413 2852 1012 2478 1542 667 2810 2312 2837 2163 679 1176 2570 1895 1362 2252 1151 2673 2381 736 2574 1041 1224 1964 976 2289 1371 1108 2210 2676 771 1141 1434 1779 906 2276 2223 2600
2481 1005 1938 2092 2002 961 2310 2513 360 1618 2550 734 1566 2805 1743 2193 2551 2315 2128 2367 1432 2607 1471 2425 1788 1093 1839 927 1988 697 1752 1922 648 2602 2620 2875 1620 1855 2517 2400 2586 2554 1940 1091 2401 3358 2215 2609 2089 2115 2443 2134 2351 2538 1452 1421 3063 2526 909 1367 1762 978 1894 2179 2404 2123 406 2362 409 2516 1004 2069 1081 2300 1694 2962 604 1660 2248 1596 992 3037 1146 1407 2092 2313 1970 2524 2538 1879 764 757 2826 2828 2994 2808 1345 1741 1631 2006 2028 1869 1700 1118 1264 1328 1993 1262 2805 2598 1964 2260 1284 1306 1506 1591 783 1577 2584 2738 1272 849 2430 2176 2751 1579 1342 1799 3333 2622 2596 2251 1160 2736 1235 2298 646 2939 2430 1638 1875 2324 1888 1060 2898 1128 2384 1344 465 2820 1914 1214 1918 2550 458 892 1993 2815 1227 2749 2785 2593 1386 1135 980 2764 1569 2650 2681 2361 2938 1114 1397 1300 2473 2803 1293 2694 1435 2142 1888 2804 1315 1307 1801 1757 1193 2247 1523 1825 1968 853 2593 1619 1751 1955 1187 2661 2555 1108 1878 2201 597 984 1850 1905 1475 2877 1644 2095 2196 2556 2726 2450 1191 1715 701 1344 2461 749 471 2623 1850 2383 735 2542 1477 699 2856 1794 2336 2480 669 970 876 1755 2195 1706 1621 2361 2725 1081 1735 2082 1520 2530 1242 3177 1663 1851 3087 2229 2630 2787 1084 986 2103 1967 1512 1830 2586 2047 2179 1078
1325 1910 1304 1370 1040 1040 2230 1296 1618 360 1598 1986 415 1624 564 1106 1581 2043 1398 2270 1500 1822 1688 1841 2212 1543 1374 2031 987 1925 544 2094 1670 1400 1934 1887 1495 1340 1730 2593 1490 1625 956 2041 1475 2162 2029 1483 834 889 1500 993 1203 1280 536 953 1906 1831 1821 2490 1119 2204 970 1633 1658 1703 1635 1135 1650 1287 1996 1241 1626 1326 1389 1884 1657 868 1585 726 1293 1785 1351 742 2120 1450 1393 1571 1456 1277 1541 2003 1773 1574 1763 1939 1321 2211 1573 912 2062 1318 1034 1109 1035 1911 1598 1956 1831 1546 1066 1694 2257 1487 1137 1300 1986 1884 1393 1793 1329 1156 1543 1154 1794 2124 724 1865 2191 1592 1346 999 1178 1490 2024 1392 1385 2148 1469 919 736 1301 1044 1853 1892 1596 2000 1084 1709 2005 664 2334 1321 1292 1579 1402 1377 1746 836 1628 1527 1415 890 2319 1484 1566 1184 1790 1960 1296 1680 1118 1968 1821 1461 1546 1301 1473 1821 886 1167 1824 928 1288 1038 2075 1956 1528 2096 741 2301 1255 1346 1681 1149 993 1755 1618 1451 1858 1623 1500 1547 1962 2138 807 2121 1671 659 873 1157 1864 1470 1290 1888 1196 1299 1677 1227 1904 1687 1857 1197 1346 1701 1284 730 1953 1790 1704 1709 1222 1925 1581 2016 1419 983 682 2067 1540 1869 1327 520 2345 1871 1430 1919 1977 692 1294 1835 1732 1484 1553 1525 1918 911 757 504 1539 1336 1637 2074 1884
1938 3031 1028 2464 942 1984 3437 1775 2550 1598 360 2913 1611 984 1693 1981 2413 3216 2480 3472 2737 709 1867 995 3445 2735 2568 2715 981 2888 1418 3332 2447 1009 2933 2613 2731 1154 671 3825 681 408 2018 2598 2389 2381 3225 763 1352 1207 2388 1003 882 1497 1739 1489 2314 2844 2447 3085 1158 2982 1042 1027 727 1192 2544 1129 2596 1124 2602 2308 2122 2241 2613 2470 2459 1265 864 1947 2467 1808 2560 1977 3347 615 1050 2426 651 2445 2643 2941 687 1399 1956 2789 1673 3440 2810 1888 3291 2496 1211 2307 2262 2241 1225 2351 614 2283 2146 2801 2759 2715 2373 1421 2972 3119 1909 557 2557 2077 2473 804 564 3342 1942 3101 2565 2346 1277 1515 1773 1707 2460 612 2421 947 2348 2130 1224 2170 1025 2377 2592 2791 3141 2320 2604 807 1545 2957 1063 1425 2558 2548 2520 706 2031 783 1553 921 1530 3020 2077 1031 2415 597 869 2111 1598 2316 3175 2157 2283 1593 2532 1841 3046 1481 2313 613 2159 2521 2201 3312 3122 2587 3309 1221 3539 2060 1643 2920 2343 2056 2947 2343 2138 2348 2836 2575 2371 3062 3377 1151 3323 2010 1863 1204 2069 2873 1588 879 2322 1235 2216 2901 1678 2669 2568 2813 2364 2178 2426 1489 1968 2825 2424 1573 2783 1471 2843 2742 3046 1330 1693 1855 3295 627 2748 1902 1644 3583 3102 2133 3103 2232 1888 1128 1838 1094 824 1213 2716 3031 1728 1252 1587 2752 1272 1205 3284 3033
2818 941 2286 2363 2372 1335 2409 2864 734 1986 2913 360 1935 3179 2100 2524 2850 2467 2399 2467 1609 2952 1719 2749 1776 1242 2081 886 2360 460 2125 1982 865 2976 2855 3170 1813 2194 2863 2409 2957 2914 2265 1120 2695 3697 2352 2982 2458 2488 2740 2509 2725 2903 1817 1785 3394 2767 1036 1194 2118 741 2263 2506 2749 2435 731 2735 697 2889 1033 2361 1318 2607 1919 3276 838 2030 2588 1933 1249 3398 1366 1747 2179 2672 2311 2820 2909 2145 947 397 3194 3198 3346 3077 1666 1717 1804 2344 2120 2126 2061 1414 1562 1486 2309 1387 3167 2912 2275 2488 1247 1480 1776 1922 518 1642 2928 3098 1494 1224 2716 2546 3111 1551 1691 1908 3657 2931 2967 2614 1507 3095 1321 2660 973 3278 2731 1950 2250 2640 2254 1195 3195 1254 2560 1627 668 3165 2277 1070 2263 2918 767 1122 2251 3185 1572 3121 3151 2967 1754 931 1265 3139 1832 3002 3017 2684 3305 1408 1394 1488 2782 3168 1523 3045 1501 2506 2175 3166 1632 1541 2103 1789 1149 2508 1493 2200 1967 1213 2952 1759 2030 2275 1247 2972 2881 1250 2067 2461 906 874 1879 2280 1421 3223 1989 2469 2518 2795 3090 2825 1333 2062 1075 1453 2817 748 705 2876 2128 2700 926 2907 1816 502 3169 2071 2572 2845 430 1103 655 2077 2548 2051 1626 2714 2994 1404 2096 2094 1581 2856 1229 3519 2004 2195 3448 2548 3004 3161 1240 911 2453 2340 1884 2033 2957 2361 2297 1049
1380 1871 1286 1399 1043 985 2236 1352 1566 415 1611 1935 360 1660 612 1155 1627 2056 1428 2277 1486 1823 1640 1829 2195 1513 1387 1975 994 1876 572 2087 1615 1439 1967 1936 1491 1315 1730 2589 1516 1635 995 1985 1518 2218 2038 1513 883 930 1544 1020 1232 1334 497 909 1961 1865 1765 2434 1096 2150 966 1616 1655 1680 1582 1177 1599 1330 1940 1275 1572 1370 1392 1936 1602 844 1574 739 1259 1840 1324 726 2119 1453 1373 1616 1480 1296 1499 1953 1796 1623 1819 1982 1273 2192 1568 960 2060 1334 1008 1078 1014 1857 1572 1902 1847 1596 1101 1719 2201 1467 1134 1261 1938 1868 1449 1806 1309 1102 1585 1167 1809 2101 696 1859 2246 1642 1394 1054 1125 1545 1969 1397 1337 2152 1514 932 755 1348 1035 1798 1941 1566 2018 1069 1656 2010 719 2278 1300 1344 1529 1363 1399 1771 802 1657 1580 1450 843 2264 1429 1605 1184 1797 1958 1345 1732 1087 1942 1768 1509 1599 1283 1529 1800 940 1191 1841 909 1270 1061 2061 1922 1559 2072 750 2289 1199 1401 1672 1164 1031 1725 1668 1503 1802 1630 1530 1492 1921 2126 821 2094 1727 681 913 1204 1898 1524 1322 1834 1167 1245 1656 1283 1849 1633 1894 1217 1394 1645 1337 725 1901 1842 1666 1737 1275 1874 1546 1970 1386 1038 713 2047 1540 1911 1273 572 2336 1852 1482 1889 2033 716 1270 1890 1713 1515 1598 1495 1878 965 792 453 1545 1384 1612 2080 1848
1518 3172 1515 2224 1213 2204 3258 1352 2805 1624 984 3179 1660 360 1621 1687 2028 2999 2230 3283 2710 1318 2356 1619 3422 2804 2411 3086 1203 3134 1449 3245 2770 590 2592 2161 2650 1648 1294 3698 683 1029 1819 3011 2047 1792 3037 610 1194 1097 2033 1030 815 1056 1797 1796 1777 2516 2829 3500 1557 3321 1313 1621 1347 1786 2809 866 2845 738 2998 2066 2532 1920 2502 1977 2771 1535 1461 1887 2558 1217 2606 1987 3214 1165 1572 2051 734 2270 2796 3202 779 819 1393 2378 2087 3430 2733 1670 3167 2326 1568 2371 2283 2711 1791 2807 972 1870 1935 2543 3197 2723 2313 1870 3207 3097 1467 1020 2568 2315 2130 1043 998 3362 1987 3012 2001 1933 809 1221 2114 1194 2908 1106 2614 1446 1993 2035 1294 1837 1360 2792 2131 2855 2894 2312 2878 1336 1426 3358 1556 978 2788 2664 2314 729 2101 569 1006 572 1805 3393 2449 446 2335 1182 1466 1761 1007 2380 3218 2620 1909 1044 2536 1355 3054 1253 2130 959 2174 2520 2047 3271 3219 2310 3340 1339 3480 2348 1181 2858 2205 1850 3013 1918 1725 2773 2691 2311 2669 3220 3320 1259 3373 1484 1798 1111 1776 2540 1068 714 2764 1666 2464 2915 1275 3005 2848 2455 2194 1826 2769 1046 1952 3117 1954 2118 2502 1060 3112 2846 3254 1831 1409 1765 3291 1224 2353 2265 1590 3499 3094 1728 3180 1659 1811 1606 1240 1701 560 629 2786 3178 1482 1228 1683 2613 810 1783 3115 3148
1138 1959 1479 1189 1171 1195 2105 1134 1743 564 1693 2100 612 1621 360 903 1377 1897 1214 2141 1451 1948 1891 1999 2165 1558 1237 2191 1113 2032 663 2013 1825 1391 1741 1684 1410 1526 1859 2495 1539 1725 758 2217 1272 1993 1896 1518 788 894 1296 1056 1241 1171 664 1158 1723 1640 1994 2654 1305 2345 1120 1804 1798 1885 1764 1115 1770 1258 2167 1051 1817 1122 1282 1687 1808 1056 1741 627 1333 1657 1355 744 2015 1575 1570 1366 1513 1123 1610 2114 1827 1497 1612 1736 1525 2171 1492 708 1961 1170 1223 1137 1030 2106 1785 2148 1909 1344 875 1521 2435 1462 1060 1501 2084 1838 1218 1881 1307 1308 1341 1255 1880 2101 774 1780 2006 1390 1283 878 1375 1354 2211 1510 1488 2262 1265 798 843 1097 1204 2036 1689 1606 1840 1051 1839 2119 559 2496 1499 1197 1693 1454 1213 1795 897 1658 1420 1423 1094 2471 1670 1553 1091 1901 2094 1093 1576 1146 1959 2018 1257 1433 1275 1314 1793 780 1001 1902 922 1259 878 2019 1979 1341 2079 875 2235 1424 1211 1611 1011 797 1763 1416 1254 2043 1503 1317 1698 2019 2073 921 2115 1505 538 885 952 1673 1353 1316 2078 1389 1443 1654 1078 2054 1821 1659 1041 1142 1863 1176 696 2082 1591 1906 1528 1116 2043 1618 2099 1616 815 522 2031 1670 1667 1519 414 2266 1833 1233 1931 1809 557 1478 1707 1905 1507 1508 1541 1971 729 803 705 1419 1275 1822 1951 1919
658 2264 1945 901 1578 1704 1942 794 2193 1106 1981 2524 1155 1687 903 360 846 1674 903 1964 1582 2291 2434 2416 2235 1820 1144 2687 1515 2443 1146 1997 2319 1475 1313 1142 1451 2015 2213 2404 1738 2022 623 2735 776 1536 1721 1687 998 1143 786 1361 1462 1023 1190 1696 1230 1223 2509 3152 1797 2810 1562 2253 2178 2357 2222 1237 2212 1318 2679 747 2353 622 1280 1151 2296 1562 2161 957 1666 1357 1619 1148 1926 1937 2039 844 1732 995 1974 2531 2013 1378 1235 1222 2067 2260 1530 559 1887 1051 1724 1478 1335 2647 2271 2685 2147 801 670 1215 2954 1647 1202 2028 2478 1933 795 2143 1524 1808 858 1596 2134 2236 1221 1773 1500 846 1248 838 1917 1067 2743 1861 1916 2568 748 949 1265 567 1657 2564 1146 1854 1566 1297 2295 2428 882 2994 1972 1091 2127 1798 1007 1970 1327 1802 1222 1542 1635 2952 2203 1603 1185 2213 2449 550 1364 1485 2137 2560 719 1214 1487 945 1938 860 865 2136 1254 1467 844 2071 2228 984 2231 1324 2250 1940 961 1663 990 624 1994 873 725 2575 1414 983 2188 2338 2100 1335 2290 1082 922 1152 449 1251 1134 1494 2613 1895 1929 1824 815 2537 2284 1198 936 602 2367 1032 1076 2529 1052 2429 1178 998 2475 1919 2465 2127 650 860 2138 2036 1163 2059 946 2243 1950 701 2158 1363 897 1964 1402 2356 1653 1479 1808 2283 619 1157 1249 1347 1245 2302 1808 2197
753 2500 2429 889 2054 2126 1792 1036 2551 1581 2413 2850 1627 2028 1377 846 360 1491 861 1796 1738 2739 2907 2887 2274 2052 1215 3079 1992 2761 1632 1979 2714 1843 935 685 1556 2502 2666 2286 2143 2458 1011 3152 518 1366 1582 2081 1463 1603 471 1821 1891 1332 1642 2175 1032 877 2925 3542 2284 3169 2045 2733 2641 2841 2586 1647 2562 1691 3089 849 2799 622 1390 812 2687 2048 2635 1362 1963 1448 1871 1544 1848 2397 2523 400 2146 1098 2272 2852 2399 1634 1255 741 2541 2314 1619 1029 1828 1137 2211 1799 1651 3101 2757 3129 2553 537 952 1029 3371 1837 1440 2512 2781 2019 930 2561 1753 2221 537 2057 2549 2332 1629 1788 1222 493 1580 1261 2377 1245 3180 2319 2266 2997 482 1274 1748 641 2140 2995 706 2072 1343 1582 2657 2860 1368 3384 2457 1410 2474 2093 1027 2352 1717 2178 1442 1922 2110 3325 2644 1942 1394 2649 2900 671 1544 1804 2276 3016 492 1417 1719 1075 2065 1316 1037 2542 1597 1699 1110 2108 2420 822 2341 1810 2240 2366 1212 1744 1186 984 2186 537 668 3011 1414 858 2583 2582 2111 1817 2416 1076 1355 1614 784 894 1358 1905 3056 2382 2327 1982 1117 2918 2651 790 1092 607 2771 1342 1474 2877 708 2914 945 1335 2810 2172 2744 2614 1096 1300 2217 2496 694 2512 1423 2198 2052 661 2336 1240 1324 2450 1478 2836 2037 1782 2043 2524 1098 1635 1721 1377 1581 2787 1689 2415
1827 1936 2982 1134 2708 2199 663 2070 2315 2043 3216 2467 2056 2999 1897 1674 1491 360 1130 664 1242 3485 3122 3524 1336 1595 1029 2879 2650 2367 2196 998 2574 2781 1028 1644 1067 3002 3397 1161 3017 3252 1563 3040 1388 2469 498 2976 2235 2375 1422 2573 2724 2333 1974 2527 2145 1016 2835 3288 2787 2845 2650 3312 3334 3368 2360 2527 2300 2625 2956 1293 2859 1471 1064 1881 2534 2538 3268 1677 1705 2566 1537 1739 794 3113 3068 1453 3002 1133 1920 2452 3301 2681 2383 1395 2798 1397 1044 1703 810 1087 2698 1670 1582 3169 3252 3145 3414 1664 1437 833 3239 1369 1337 2891 2340 1235 2006 3397 1421 2237 1324 2787 3392 1491 1818 939 2272 1625 2563 2140 2573 2325 3152 3046 2065 3795 1453 1484 2380 1558 2727 2961 1690 1574 527 1482 2410 3652 2031 3147 2995 2404 2217 1784 1057 3261 1813 3101 2507 2842 2448 3031 2701 2916 1270 3433 3631 1641 2633 1668 1536 3106 1554 2491 1410 2167 1357 2128 1263 3405 1627 1402 1379 1198 1767 1069 1527 2409 1225 2400 2251 1068 1253 1526 1593 1667 1766 2997 825 1057 2462 2023 1153 2458 1620 2203 1746 2375 1588 1018 2419 2775 3068 2845 2264 1375 2117 2700 2426 1155 1215 1589 2656 2343 1708 2554 1799 3277 906 2312 2457 1731 2246 3043 1951 1738 1365 3208 1337 2647 1950 1141 1294 1749 1670 2363 1715 2960 2600 3408 2948 2793 1600 1967 1884 2326 2124 899 2559 3297 607 1824
1089 2012 2333 396 2012 1786 1402 1309 2128 1398 2480 2399 1428 2230 1214 903 861 1130 360 1421 1240 2770 2652 2849 1785 1567 714 2678 1951 2306 1516 1508 2323 2014 907 1150 1055 2378 2685 1874 2261 2518 829 2779 708 1856 1181 2215 1488 1633 754 1841 1974 1564 1389 1962 1521 804 2555 3133 2156 2736 1971 2659 2635 2738 2166 1765 2133 1857 2709 532 2479 724 890 1313 2291 1905 2591 1071 1511 1836 1400 1214 1407 2402 2425 823 2250 614 1813 2397 2542 1915 1674 1040 2295 1822 1118 952 1375 642 2072 1371 1228 2790 2636 2800 2664 993 702 681 2996 1345 984 2324 2317 1520 1262 2653 1276 1865 695 2067 2646 1833 1305 1303 1724 979 1792 1373 2099 1574 2835 2331 1843 3065 766 913 1682 807 2058 2645 1183 1583 1028 1144 2234 2923 1306 2978 2353 1634 2043 1636 526 2500 1360 2337 1747 2077 1888 2902 2318 2146 926 2705 2922 891 1880 1374 1775 2712 857 1734 1243 1425 1563 1370 619 2654 1203 1224 743 1619 1922 494 1840 1724 1768 2022 1489 1244 738 789 1691 1026 1051 2668 927 462 2194 2096 1630 1759 1915 1498 1108 1636 818 837 1659 2018 2723 2234 1947 1483 1350 2509 2234 866 639 852 2389 1574 1155 2440 1209 2727 673 1542 2364 1694 2269 2454 1183 1075 1720 2500 956 2213 1269 1742 1552 1030 1838 1714 1073 2330 1875 2760 2185 2022 1561 2037 1122 1605 1513 881 1789 2674 1273 1923
2129 1903 3195 1422 2946 2340 417 2367 2367 2270 3472 2467 2277 3283 2141 1964 1796 664 1421 360 1323 3727 3261 3745 1180 1633 1264 2918 2890 2368 2433 866 2641 3062 1314 1940 1195 3204 3637 865 3286 3505 1833 3098 1691 2769 607 3248 2501 2639 1726 2829 2991 2626 2182 2713 2447 1313 2906 3300 2996 2848 2880 3525 3569 3569 2413 2802 2345 2907 3011 1578 2968 1770 1249 2180 2599 2751 3492 1904 1797 2869 1625 1938 651 3354 3278 1757 3268 1388 1963 2446 3572 2976 2687 1683 2956 1247 1144 1978 707 1336 2906 1802 1740 3271 3449 3235 3677 1968 1710 1135 3287 1436 1521 3072 2327 1186 2308 3656 1527 2361 1628 3036 3652 1375 2010 928 2566 1929 2851 2421 2724 2626 3229 3290 2143 4044 1757 1712 2622 1857 2953 3042 1986 1601 819 1644 2454 3901 2289 3167 3205 2695 2268 1852 1329 3533 1985 3377 2805 3120 2635 3038 2815 3201 1461 3683 3869 1941 2933 1798 1466 3215 1857 2790 1525 2468 1326 2403 1524 3668 1803 1521 1630 1080 1713 1370 1421 2645 1028 2520 2548 1115 1490 1798 1580 1971 2069 3083 1007 1355 2539 1986 1009 2700 1515 2507 1980 2637 1879 1312 2717 3046 3158 3044 2366 1386 2411 2739 2475 1449 1469 1890 2726 2635 1918 2569 2100 3445 1211 2602 2467 1760 2219 3230 2234 1979 1258 3447 1630 2782 2192 916 1248 2052 1620 2666 1951 3165 2904 3619 3224 3083 1643 1935 2162 2579 2337 1091 2847 3496 564 1790
1865 1143 2339 1210 2166 1390 1269 2008 1432 1500 2737 1609 1486 2710 1451 1582 1738 1242 1240 1323 360 2938 2304 2896 1075 727 887 1998 2119 1510 1683 982 1693 2480 1621 2030 566 2324 2843 1500 2622 2762 1337 2158 1581 2707 1147 2606 1876 1984 1629 2128 2327 2174 1361 1814 2376 1541 1956 2415 2133 1979 2080 2660 2758 2680 1478 2204 1418 2341 2074 1272 2004 1546 711 2190 1652 1906 2654 1183 833 2577 662 1119 1079 2572 2413 1701 2591 1002 1041 1598 2908 2531 2455 1885 2013 1080 559 1475 1014 961 2044 858 843 2308 2554 2275 2971 1850 1273 1253 2356 489 762 2156 1498 747 2015 2932 570 1401 1576 2293 2934 1023 1161 780 2598 1848 2342 1900 1779 2279 2275 2520 1186 3271 1633 1045 1876 1608 2135 2086 2064 723 1316 776 1529 3131 1644 2270 2341 2223 1335 902 1075 2878 1094 2748 2408 2514 1738 2162 1851 2640 759 2920 3063 1678 2560 852 916 2251 1711 2409 580 2167 717 1833 1095 2965 939 585 1099 935 1041 1320 1012 1876 1163 1558 2157 576 954 1323 811 1894 1871 2124 818 1274 1584 1230 1001 1946 1068 2294 1272 1975 1534 1566 2326 2405 2198 2160 1403 606 2005 1818 1544 1662 1027 1666 1776 2183 1134 1684 2084 2510 1344 2131 1591 865 1426 2323 1750 1305 941 2655 1802 1824 1487 1220 744 1846 958 2550 1259 2292 2622 2746 2598 2576 728 1170 1653 1879 1517 788 2335 2604 1124 1047
2274 3143 1029 2751 1142 2085 3689 2115 2607 1822 709 2952 1823 1318 1948 2291 2739 3485 2770 3727 2938 360 1767 709 3632 2891 2825 2687 1197 2940 1654 3548 2462 1359 3244 2950 2955 1119 455 4053 1029 661 2301 2539 2705 2730 3483 1111 1654 1508 2708 1292 1214 1842 1939 1572 2664 3152 2417 3015 1218 2970 1218 855 563 999 2593 1465 2655 1472 2558 2598 2083 2554 2851 2814 2481 1401 730 2185 2620 2155 2732 2186 3582 733 1002 2750 1000 2711 2758 2984 946 1747 2306 3118 1656 3621 3031 2181 3524 2758 1295 2479 2455 2144 1079 2263 766 2615 2429 3089 2676 2901 2598 1396 3031 3310 2249 686 2746 2163 2788 1062 712 3510 2137 3322 2915 2678 1626 1838 1807 2056 2376 799 2520 699 2667 2375 1465 2487 1164 2324 2931 2948 3421 2524 2646 573 1824 2899 1049 1772 2630 2685 2795 985 2210 1110 1903 1271 1630 2983 2070 1373 2646 501 521 2432 1945 2487 3335 2069 2608 1943 2725 2188 3225 1792 2585 776 2359 2715 2466 3509 3255 2883 3472 1442 3741 2114 1989 3133 2598 2341 3100 2678 2472 2287 3083 2868 2405 3163 3579 1387 3476 2359 2107 1501 2378 3181 1938 1223 2247 1252 2289 3079 2017 2667 2607 3129 2629 2500 2427 1834 2188 2850 2766 1426 3078 1813 2882 2880 3118 1260 2010 2109 3474 643 3073 1911 1896 3795 3287 2466 3247 2581 2136 1117 2185 876 1171 1559 2872 3139 2034 1525 1781 2999 1621 1041 3534 3158
2631 2112 1210 2619 1528 1284 3208 2557 1471 1688 1867 1719 1640 2356 1891 2434 2907 3122 2652 3261 2304 1767 360 1483 2839 2069 2497 1327 1559 1746 1678 2898 1222 2228 3200 3216 2430 1078 1697 3409 2051 1847 2265 1144 2793 3405 3059 2110 1981 1913 2821 1791 1946 2431 1634 1101 3192 3096 1072 1609 1169 1625 1449 1273 1580 1151 1437 2095 1518 2220 1179 2521 762 2648 2420 3203 1257 1299 1406 1944 1842 2924 2009 1801 3023 1614 1176 2895 1996 2461 1796 1756 2192 2584 2971 3256 726 2802 2476 2240 2957 2480 1186 1820 1900 737 1049 856 2091 2873 2357 2900 1269 2206 2153 851 1843 2574 2676 2009 2096 1262 2855 1680 2030 2651 1711 2721 3480 2921 2360 2219 916 2678 969 1643 1551 2051 2792 2102 1651 2629 1375 944 3220 2120 3136 2001 1457 1966 1946 1500 1171 2403 1540 1826 2579 2203 1682 2215 2633 2176 1158 1602 855 2354 2224 1861 1781 2624 2756 1823 2463 662 2789 2666 2096 2717 2445 2109 2395 2096 1865 2099 2268 2774 2289 2787 2598 1577 3002 1110 2546 2519 2313 2298 2230 2946 2772 898 2657 2750 1234 2096 2862 1621 2564 2923 1926 1890 2484 3130 2611 2037 845 1054 1289 2321 2469 1360 1416 3146 2396 2674 1153 2430 1857 1588 3113 731 2941 2374 1655 1988 1964 897 2276 1974 2668 1609 3182 839 1848 3100 2527 2753 2323 3222 1960 1113 2970 1277 2156 2462 2054 2095 2223 1788 1546 2584 2350 1092 3058 2174
2453 3002 916 2827 1201 1960 3703 2305 2425 1841 995 2749 1829 1619 1999 2416 2887 3524 2849 3745 2896 709 1483 360 3565 2800 2855 2435 1263 2749 1696 3517 2247 1618 3354 3126 2941 948 692 4031 1307 951 2382 2267 2832 2991 3507 1389 1784 1645 2841 1428 1417 2056 1924 1458 2892 3257 2168 2730 1122 2726 1239 608 636 691 2406 1664 2474 1705 2295 2681 1834 2677 2857 3015 2271 1356 618 2207 2531 2424 2661 2171 3574 869 846 2892 1266 2756 2627 2783 1282 2018 2556 3268 1443 3546 3012 2278 3513 2799 1212 2413 2413 1853 804 1976 1111 2780 2507 3161 2387 2842 2590 1194 2843 3251 2442 1029 2694 2020 2913 1194 1055 3423 2108 3298 3156 2841 1866 1998 1631 2288 2089 949 2379 930 2802 2400 1528 2620 1157 2059 3112 2857 3478 2494 2451 865 1912 2624 915 1993 2461 2578 2852 1316 2161 1418 2154 1534 1528 2721 1847 1663 2646 844 664 2575 2217 2420 3242 1785 2754 2195 2677 2402 3153 1931 2640 1121 2327 2670 2514 3455 3135 2971 3381 1485 3690 1943 2202 3101 2630 2421 3002 2847 2642 2018 3097 2951 2208 3013 3531 1452 3375 2587 2139 1632 2497 3288 2177 1454 1969 1109 2129 3010 2205 2435 2410 3251 2675 2641 2202 2050 2187 2636 2956 1121 3162 2019 2680 2771 2942 1032 2150 2152 3401 779 3215 1707 1945 3756 3222 2633 3138 2832 2170 970 2458 566 1450 1838 2781 2995 2156 1620 1768 3013 1859 755 3546 3031
2492 1196 3012 1765 2870 1990 1129 2669 1788 2212 3445 1776 2195 3422 2165 2235 2274 1336 1785 1180 1075 3632 2839 3565 360 1140 1459 2280 2825 1685 2396 697 2076 3192 1960 2512 1147 2982 3538 993 3337 3469 2013 2492 2129 3279 1198 3321 2589 2699 2175 2843 3042 2862 2066 2468 2944 1916 2334 2601 2806 2148 2780 3323 3447 3325 1833 2916 1753 3050 2402 1877 2483 2140 1315 2716 2033 2593 3332 1897 1399 3229 1264 1830 911 3272 3079 2234 3306 1604 1408 1748 3623 3222 3086 2302 2603 428 1066 2159 885 1550 2718 1515 1543 2754 3195 2690 3682 2418 1926 1643 2651 1091 1469 2784 1621 688 2655 3641 1248 1964 2097 3003 3644 586 1864 845 3127 2400 3043 2598 2370 2942 2659 3223 1648 3969 2191 1749 2588 2215 2828 2488 2554 1085 1491 1488 1852 3830 2356 2485 3010 2916 1697 1381 1628 3593 1782 3463 3087 3228 2397 2338 2351 3350 1451 3622 3752 2294 3235 1507 752 2718 2283 3083 1273 2814 772 2539 1729 3676 1646 1284 1770 526 987 1813 644 2585 552 2097 2830 933 1612 1992 971 2446 2472 2536 1220 1775 2005 1263 542 2657 726 2914 1986 2690 2172 1930 3002 3120 2619 2818 1911 915 2679 2111 1883 2057 1658 2267 2164 2871 1848 1900 2619 3100 1743 2822 1794 1211 1495 2956 2437 2016 531 3351 2230 2376 2202 683 705 2449 914 3140 1971 2955 3272 3402 3313 3279 1157 1225 2343 2594 2219 1266 3037 3247 1093 1092
2117 809 2252 1534 2153 1211 1576 2224 1093 1543 2735 1242 1513 2804 1558 1820 2052 1595 1567 1633 727 2891 2069 2800 1140 360 1226 1649 2115 1142 1724 1202 1370 2577 1984 2357 932 2213 2796 1703 2668 2753 1560 1824 1894 2983 1488 2666 1982 2066 1940 2173 2385 2346 1376 1702 2659 1900 1635 2054 2047 1614 2055 2555 2699 2550 1139 2304 1072 2452 1738 1567 1731 1835 1055 2497 1327 1851 2575 1310 631 2790 565 1178 1360 2541 2314 2017 2631 1316 689 1231 2946 2689 2692 2232 1823 1112 922 1678 1296 1286 1962 794 887 2020 2419 1972 2981 2144 1527 1615 2014 599 984 2006 1131 866 2253 2932 660 1184 1899 2301 2938 983 1178 1065 2899 2151 2481 2058 1590 2485 1960 2500 887 3230 1939 1236 1905 1886 2092 1776 2388 417 1679 890 1182 3095 1757 1912 2247 2384 994 603 1408 2922 1071 2810 2591 2597 1633 1798 1589 2742 1019 2894 3001 1946 2746 785 804 1973 2007 2597 696 2395 735 1972 1380 2977 995 717 1345 1064 781 1662 942 1887 1293 1321 2353 889 1230 1556 573 2195 2144 1819 1185 1615 1274 890 1153 1965 948 2543 1393 2053 1789 1927 2514 2474 1897 2050 1141 617 2203 1469 1202 2017 1320 1946 1455 2353 1221 1320 2390 2321 1703 2296 1225 498 1066 2178 1935 1442 970 2614 2149 1600 1580 1390 817 2119 736 2817 1391 2189 2838 2631 2667 2706 378 832 1835 1940 1514 1154 2472 2472 1447 737
1393 1665 2312 685 2044 1588 1228 1577 1839 1374 2568 2081 1387 2411 1237 1144 1215 1029 714 1264 887 2825 2497 2855 1459 1226 360 2401 1987 1985 1531 1213 2060 2185 1141 1502 702 2333 2735 1646 2390 2601 953 2525 1060 2201 1018 2357 1606 1740 1107 1927 2093 1793 1306 1867 1867 1048 2306 2846 2118 2432 1983 2643 2669 2700 1880 1918 1837 2033 2449 778 2273 1045 536 1667 2024 1868 2599 1008 1208 2132 1075 1078 1162 2452 2398 1177 2370 508 1494 2076 2678 2154 1987 1365 2158 1490 769 1103 1116 452 2029 1101 978 2587 2586 2581 2776 1338 845 785 2737 997 713 2232 1988 1175 1557 2753 946 1646 1049 2132 2750 1487 1162 990 2077 1330 1998 1555 1942 1849 2604 2387 1560 3140 1115 815 1719 1118 2059 2411 1536 1237 1005 879 1943 2997 1388 2693 2326 1855 1748 1323 548 2641 1175 2490 2004 2237 1789 2605 2112 2333 642 2779 2968 1196 2148 1102 1421 2515 1199 1997 918 1717 1211 1520 644 2768 993 900 730 1293 1569 795 1492 1744 1466 1809 1745 899 586 924 1338 1376 1377 2440 639 749 1935 1750 1317 1797 1563 1816 1079 1737 1076 1077 1918 2154 2503 2178 1704 1128 1596 2227 1948 1155 577 1171 2132 1803 1042 2134 1563 2625 856 1760 2052 1357 1932 2380 1376 1076 1378 2545 1282 2033 1288 1462 1203 1354 1483 2052 1049 2291 2174 2739 2336 2234 1221 1691 1292 1675 1455 564 1993 2629 1076 1573
2961 1446 2052 2641 2237 1355 2860 2962 927 2031 2715 886 1975 3086 2191 2687 3079 2879 2678 2918 1998 2687 1327 2435 2280 1649 2401 360 2242 963 2126 2455 727 2908 3181 3404 2187 1938 2607 2908 2823 2707 2447 600 2933 3824 2776 2863 2473 2466 2973 2433 2635 2940 1886 1650 3547 3086 630 825 1924 658 2134 2207 2489 2105 883 2701 939 2849 523 2606 964 2821 2260 3472 752 1911 2317 2093 1558 3450 1713 1903 2637 2462 2053 3054 2770 2433 1320 920 3023 3190 3434 3354 1403 2224 2197 2492 2575 2427 1890 1668 1809 1017 1991 900 2961 3109 2487 2824 732 1870 2061 1660 1043 2109 3049 2884 1839 1243 2969 2413 2902 2058 1825 2350 3825 3139 2954 2668 1332 3159 814 2468 1201 2993 2957 2165 2203 2836 2098 744 3423 1677 2951 1896 828 2895 2335 667 2021 2939 1023 1459 2549 3023 1725 2991 3179 2881 1648 667 1001 3060 2127 2761 2724 2865 3325 1666 1890 1046 2991 3203 1859 3141 1966 2553 2431 2963 1845 1874 2334 2275 1654 2801 2000 2140 2468 1137 3016 2178 2299 2466 1711 3176 3052 794 2445 2755 858 1389 2366 2212 1934 3336 2125 2444 2701 3116 3131 2735 866 1840 1117 1891 2898 539 816 3178 2398 2894 690 2942 1974 746 3368 1698 2897 2880 850 1518 1181 1787 2644 2187 2122 2484 3272 1183 2171 2590 2049 3028 1726 3640 2149 1953 3500 2228 2895 3118 1642 1418 2560 2318 1901 2397 2944 2039 2735 1547
1588 2425 818 1930 422 1398 2851 1462 1988 987 981 2360 994 1203 1113 1515 1992 2650 1951 2890 2119 1197 1559 1263 2825 2115 1987 2242 360 2323 816 2720 1931 1039 2451 2249 2123 923 1107 3220 957 1003 1482 2170 1931 2252 2646 986 896 772 1941 596 758 1268 1118 953 2086 2354 1985 2658 752 2481 472 1100 1046 1219 1988 901 2031 1021 2155 1781 1693 1776 2014 2165 1935 693 1006 1348 1849 1737 1939 1360 2747 824 908 1995 909 1877 2039 2385 1207 1384 1809 2373 1255 2819 2200 1375 2689 1923 737 1686 1642 1892 1154 1980 1226 1898 1608 2266 2361 2094 1765 1069 2402 2499 1595 1178 1937 1501 2011 550 1183 2721 1321 2492 2367 1957 1164 1129 1270 1518 2077 764 1828 1520 1903 1538 630 1721 548 1953 2239 2171 2592 1702 2054 1378 1009 2515 853 1226 1983 1934 1964 1192 1409 1122 1445 1002 968 2549 1606 1182 1811 1163 1341 1681 1560 1695 2555 1800 1860 1480 1912 1592 2425 1045 1753 1221 1540 1901 1631 2694 2507 2071 2688 606 2922 1515 1401 2307 1761 1522 2328 1967 1766 1936 2246 2051 1836 2461 2760 552 2703 1794 1269 754 1595 2385 1434 856 1932 870 1647 2279 1363 2164 2021 2349 1795 1745 1927 1265 1356 2288 2094 1400 2263 1217 2291 2127 2463 1084 1260 1272 2673 917 2317 1421 1060 2970 2481 1754 2485 2075 1298 870 1781 1204 1014 1267 2096 2427 1256 718 966 2161 1153 1174 2696 2421
2738 849 2272 2270 2338 1290 2310 2791 697 1925 2888 460 1876 3134 2032 2443 2761 2367 2306 2368 1510 2940 1746 2749 1685 1142 1985 963 2323 360 2070 1885 884 2928 2758 3079 1714 2185 2851 2317 2921 2891 2183 1191 2606 3618 2252 2943 2399 2435 2650 2464 2681 2838 1754 1758 3313 2671 1084 1292 2098 840 2230 2504 2737 2440 707 2682 652 2837 1102 2271 1344 2520 1822 3189 850 1996 2579 1856 1158 3329 1270 1672 2080 2650 2301 2730 2873 2051 852 451 3163 3140 3273 2983 1665 1627 1704 2266 2021 2031 2037 1329 1476 1535 2312 1442 3142 2826 2189 2390 1330 1381 1685 1917 457 1544 2852 3075 1398 1182 2625 2512 3088 1460 1620 1809 3573 2843 2910 2548 1493 3025 1384 2636 903 3270 2642 1866 2202 2555 2226 1246 3106 1154 2460 1538 658 3154 2212 1165 2251 2855 707 1029 2156 3152 1499 3083 3087 2922 1723 1030 1276 3091 1739 2985 3011 2600 3241 1323 1300 1529 2695 3103 1428 2971 1402 2441 2085 3141 1549 1446 2015 1693 1057 2413 1402 2155 1875 1189 2883 1659 1939 2192 1147 2885 2798 1299 1968 2366 901 787 1784 2235 1333 3146 1915 2415 2435 2698 3024 2780 1384 2048 1036 1353 2746 810 699 2781 2037 2615 955 2842 1739 577 3082 2089 2475 2781 472 1004 587 2077 2476 1976 1532 2696 2900 1401 2030 2000 1482 2773 1135 3441 1929 2183 3379 2550 2962 3107 1141 819 2380 2288 1828 1934 2900 2365 2197 955
1313 2082 1180 1492 873 1157 2395 1246 1752 544 1418 2125 572 1449 663 1146 1632 2196 1516 2433 1683 1654 1678 1696 2396 1724 1531 2126 816 2070 360 2273 1774 1230 2036 1922 1673 1236 1563 2768 1306 1446 1053 2113 1545 2107 2190 1301 707 725 1564 809 1020 1175 709 939 1876 1936 1900 2577 1015 2319 817 1503 1498 1589 1764 973 1787 1127 2076 1350 1673 1390 1559 1888 1765 776 1438 892 1471 1686 1534 926 2293 1281 1272 1628 1272 1423 1707 2144 1588 1437 1690 2004 1317 2395 1752 972 2236 1468 939 1289 1220 1938 1494 1997 1647 1572 1175 1824 2324 1672 1315 1245 2135 2068 1359 1611 1514 1273 1619 974 1612 2308 906 2043 2164 1625 1203 918 1215 1404 2073 1219 1536 1974 1529 1081 554 1351 902 1914 1921 1778 2143 1268 1837 1832 631 2423 1202 1173 1722 1575 1515 1562 1014 1445 1413 1239 893 2422 1543 1396 1358 1615 1796 1330 1561 1298 2152 1846 1505 1437 1486 1414 2005 803 1304 1641 1113 1473 1179 2259 2135 1641 2280 573 2483 1349 1263 1862 1305 1092 1937 1645 1461 1912 1789 1618 1657 2131 2320 628 2304 1618 813 707 1212 1968 1366 1110 1933 1109 1421 1862 1164 2011 1812 1947 1342 1388 1795 1177 911 2081 1802 1643 1829 1116 2061 1758 2173 1341 957 818 2251 1373 1940 1372 608 2525 2055 1443 2100 1922 842 1186 1736 1604 1303 1397 1706 2089 911 582 601 1705 1193 1528 2240 2060
