140 2345 1876 654 900 1748 963 510 2498 3241 2168 3058 1532 1128 2465 1651 1524 659 2288 1427 2367 1982 2114 1282 1534 845 796 2550 2175 2495 1514 1658 2201 808 981 2047 450 1718 2491 1210 1424 1170 754 242 2529 2113 2227 2516 2051 629 2630 1379 1162 709 1829 1041 2869 1583 2104 547 1834 946 2691 1896 2074 1499 847 1995 1067 1461 535 1760 1337 2784 2531 2568 660 2470 3069 637 758 461 1238 1149 2311 1767 2040 1723 649 1914 3335 1665 2761 634 1223 1383 2135 653 655 1896 1566 1781 1708 2211 862 933 690 1940
2445 360 1640 2171 2337 3299 1762 2359 1621 2501 1839 2425 3252 2259 744 1754 1207 2156 2590 2185 3553 1086 638 1677 1171 2351 2906 1187 1128 1661 1257 1049 2670 2921 1758 1481 2535 3269 1702 1505 2632 2992 2043 2546 2195 3208 1139 2108 1226 2853 2230 1957 1935 2975 1993 3109 2019 2113 2684 2624 870 1778 1542 3231 2389 1272 2058 1234 3047 2688 2171 3325 1410 2711 2307 1451 2956 2905 2094 2843 2114 2445 1571 2076 2890 1023 1048 1033 2291 1465 2498 2046 2067 2929 2793 1598 2609 2795 2146 1107 2812 930 3336 1580 2084 2250 2676 2895
1976 1640 360 1980 1488 2158 1403 1752 995 1762 696 1595 2186 1290 1447 604 1195 1964 1324 1059 2298 1964 1381 1947 1395 2300 2614 1233 939 986 1626 1423 1391 2152 1363 591 2208 2133 977 1516 1505 2031 1896 2074 1125 1957 964 1075 796 2465 1209 919 1085 2329 718 2260 1355 918 1404 1946 1408 1654 1227 2032 1111 1627 1390 772 2157 1552 1763 2187 1176 1569 1188 1122 2464 1638 1553 2471 2000 1834 1115 2254 1611 1107 954 1589 2117 536 1840 819 1261 2443 1768 1951 1329 2472 1581 1908 1651 1460 2219 706 2052 1405 2440 1644
754 2171 1980 360 1290 2290 940 940 2554 3382 2305 3211 2097 1467 2350 1792 1418 376 2588 1717 2865 1723 1971 996 1369 693 1098 2512 2148 2560 1292 1484 2532 1415 978 2104 733 2258 2565 1032 1854 1737 487 842 2707 2579 2201 2677 2047 1049 2803 1591 1357 1317 2032 1648 2964 1839 2452 1124 1667 763 2710 2401 2355 1276 1071 1992 1661 1901 670 2305 1270 3040 2734 2582 1185 2815 3151 1036 465 963 1241 875 2676 1673 1993 1513 499 1970 3460 1895 2881 1158 1730 1100 2460 984 898 1640 2024 1601 2263 2284 572 1279 874 2362
1000 2337 1488 1290 360 1439 1049 755 2122 2767 1726 2577 1315 597 2337 1243 1503 1281 1750 905 1949 2221 2067 1713 1617 1601 1647 2294 1931 2110 1720 1734 1661 1025 1025 1698 1299 1407 2095 1405 924 1017 1298 1084 2041 1652 1976 2041 1785 1458 2143 931 794 1211 1347 1159 2441 1075 1566 842 1867 1268 2352 1497 1542 1709 679 1732 1078 972 979 1461 1304 2253 2027 2241 1397 1932 2648 1474 1374 800 1130 1779 1777 1679 1838 1864 1378 1580 2872 1171 2312 1382 867 1788 1595 1507 761 2136 1098 1849 1442 1834 1477 449 1547 1434
1848 3299 2158 2290 1439 360 2127 1711 2689 2982 2217 2789 624 1420 3208 1955 2518 2286 1723 1486 1039 3286 3020 2787 2662 2549 2338 3030 2724 2658 2790 2770 1557 1377 2100 2388 2147 392 2625 2481 1029 947 2331 1906 2309 947 2756 2359 2573 2131 2397 1704 1744 1646 1836 1214 2839 1601 1440 1560 2878 2344 2956 635 1680 2779 1757 2533 1111 975 1998 388 2333 2222 2225 2878 1961 1671 3042 2159 2388 1690 2152 2803 1487 2639 2689 2914 2338 2316 3114 1699 2672 1963 935 2866 1541 2234 1818 3203 867 2875 462 2445 2497 1501 2352 1057
1063 1762 1403 940 1049 2127 360 959 1975 2805 1732 2637 2002 1108 1861 1229 924 924 2096 1265 2590 1537 1518 1064 970 1256 1629 1963 1591 1980 1035 1095 2067 1530 403 1524 1221 2095 1984 716 1547 1682 853 1166 2144 2269 1643 2107 1479 1520 2236 1083 867 1573 1492 1734 2384 1345 2006 1226 1257 644 2138 2161 1854 1022 730 1423 1691 1603 792 2149 734 2508 2179 2011 1583 2354 2570 1517 957 1043 662 1256 2239 1164 1446 1199 1079 1390 2880 1377 2302 1558 1557 1123 1994 1495 749 1451 1739 1217 2132 1703 1015 986 1429 2003
610 2359 1752 940 755 1711 959 360 2382 3100 2033 2915 1527 978 2433 1519 1515 935 2139 1276 2289 2097 2108 1474 1568 1225 1266 2473 2098 2376 1602 1693 2055 937 960 1935 904 1679 2369 1279 1302 1173 983 701 2384 2014 2149 2374 1966 1090 2485 1236 1028 986 1684 1152 2740 1433 1961 627 1855 1058 2587 1823 1924 1588 726 1910 1131 1344 652 1727 1314 2633 2383 2467 1072 2327 2942 1101 1037 449 1181 1452 2172 1739 1976 1788 1004 1805 3197 1517 2625 1051 1150 1565 1988 1123 573 2010 1460 1816 1688 2093 1146 783 1152 1818
2598 1621 995 2554 2122 2689 1975 2382 360 1286 831 1176 2756 1918 1280 1238 1602 2538 1542 1660 2689 2186 1456 2396 1772 2857 3224 856 903 404 2000 1745 1678 2785 1940 813 2815 2667 451 1997 2074 2639 2456 2697 982 2372 869 889 914 3085 991 1552 1719 2965 1223 2885 804 1496 1744 2582 1646 2191 628 2517 1431 2007 2017 959 2778 2113 2369 2717 1671 1493 1109 588 3094 1832 962 3089 2558 2466 1673 2751 1885 1400 1062 1882 2694 947 1321 1386 808 3073 2368 2373 1642 3084 2202 2157 2190 1724 2762 649 2594 2041 3038 2079
3341 2501 1762 3382 2767 2982 2805 3100 1286 360 1439 556 3132 2534 2128 1959 2509 3366 1620 2229 2730 3108 2369 3300 2688 3702 3992 1676 1828 1258 2919 2668 1788 3385 2765 1673 3593 2970 1233 2886 2515 3130 3298 3437 1090 2497 1791 1087 1834 3829 988 2223 2440 3613 1781 3427 847 2055 1902 3249 2572 3051 1320 2743 1692 2925 2757 1873 3304 2533 3154 3008 2549 1183 1134 1412 3799 1756 792 3839 3402 3174 2514 3638 1906 2321 1988 2808 3518 1798 498 1956 868 3781 2849 3285 1801 3849 2955 3082 2557 2650 3076 1490 3451 2702 3831 2287
2268 1839 696 2305 1726 2217 1732 2033 831 1439 360 1266 2291 1505 1574 880 1518 2289 1132 1222 2235 2254 1607 2282 1715 2628 2915 1242 1075 801 1949 1731 1245 2375 1691 724 2514 2196 769 1852 1612 2193 2225 2365 791 1911 1076 739 977 2758 873 1161 1366 2578 765 2455 1074 1049 1295 2202 1693 1989 1100 2046 979 1951 1682 983 2342 1648 2074 2246 1511 1264 867 1034 2740 1442 1282 2766 2329 2110 1449 2590 1461 1397 1161 1893 2440 796 1527 939 952 2721 1916 2283 1199 2773 1878 2205 1721 1753 2292 638 2384 1652 2752 1612
3158 2425 1595 3211 2577 2789 2637 2915 1176 556 1266 360 2937 2343 2063 1783 2367 3195 1429 2037 2554 3002 2272 3155 2552 3534 3810 1612 1719 1143 2785 2540 1597 3192 2597 1526 3413 2777 1111 2735 2319 2934 3131 3253 897 2312 1686 901 1708 3645 795 2038 2259 3421 1593 3231 775 1863 1710 3059 2456 2889 1263 2553 1496 2790 2576 1743 3108 2337 2976 2816 2395 1020 938 1335 3611 1581 811 3655 3235 2988 2350 3483 1724 2193 1871 2686 3346 1646 684 1766 731 3594 2653 3144 1608 3667 2774 2970 2361 2531 2883 1346 3287 2514 3653 2096
1632 3252 2186 2097 1315 624 2002 1527 2756 3132 2291 2937 360 1353 3196 1964 2442 2095 1885 1490 1303 3177 2975 2630 2569 2338 2090 3058 2731 2730 2675 2683 1726 1131 1980 2418 1924 606 2701 2358 1043 721 2151 1686 2434 1191 2768 2476 2579 1885 2528 1683 1678 1393 1893 954 2949 1631 1605 1345 2806 2194 3019 882 1806 2663 1633 2535 859 1003 1819 622 2248 2403 2362 2931 1708 1876 3156 1913 2199 1494 2069 2613 1688 2589 2678 2817 2133 2331 3260 1738 2787 1712 820 2715 1698 1991 1661 3092 941 2794 546 2496 2308 1390 2117 1239
1228 2259 1290 1467 597 1420 1108 978 1918 2534 1505 2343 1353 360 2216 1046 1459 1456 1520 668 1842 2232 1982 1808 1603 1791 1879 2128 1777 1903 1742 1710 1441 1231 1074 1511 1521 1388 1885 1449 799 1121 1454 1315 1806 1522 1819 1809 1627 1693 1908 732 686 1439 1116 1330 2219 840 1351 1077 1820 1368 2158 1419 1307 1733 772 1577 1230 856 1160 1445 1273 2018 1790 2051 1634 1717 2427 1708 1541 1033 1092 1929 1571 1595 1703 1855 1569 1401 2640 939 2086 1619 894 1871 1372 1739 928 2151 992 1815 1445 1633 1637 556 1769 1269
2565 744 1447 2350 2337 3208 1861 2433 1280 2128 1574 2063 3196 2216 360 1616 1303 2333 2345 2082 3385 1447 756 1940 1349 2574 3087 812 872 1322 1502 1248 2445 2966 1847 1246 2695 3180 1366 1679 2540 2974 2226 2667 1883 3044 860 1793 1010 3007 1906 1873 1909 3060 1805 3133 1652 1978 2475 2689 1071 1946 1167 3107 2167 1515 2097 1041 3055 2593 2291 3236 1488 2401 2003 1088 3084 2656 1715 3001 2309 2522 1612 2340 2665 1057 879 1297 2480 1273 2119 1893 1714 3059 2746 1876 2390 2964 2220 1452 2706 1153 3258 1298 2298 2247 2864 2731
1751 1754 604 1792 1243 1955 1229 1519 1238 1959 880 1783 1964 1046 1616 360 1156 1776 1312 834 2158 1969 1481 1839 1355 2119 2396 1456 1129 1227 1573 1411 1339 1907 1187 825 1994 1928 1215 1405 1291 1793 1719 1848 1276 1813 1164 1245 978 2240 1370 675 851 2088 657 2017 1580 723 1323 1705 1439 1499 1471 1852 1074 1571 1163 938 1915 1342 1554 1983 1078 1655 1311 1364 2230 1612 1782 2248 1823 1600 970 2111 1549 1145 1100 1579 1925 727 2047 652 1470 2210 1536 1858 1269 2253 1359 1904 1451 1473 2009 950 1885 1162 2232 1500
1624 1207 1195 1418 1503 2518 924 1515 1602 2509 1518 2367 2442 1459 1303 1156 360 1401 2107 1462 2867 1182 954 1153 561 1673 2150 1465 1118 1621 791 625 2133 2074 916 1201 1753 2487 1639 771 1870 2161 1299 1726 1949 2526 1169 1888 1051 2064 2024 1227 1134 2136 1451 2263 2043 1450 2108 1779 724 1017 1703 2491 1870 793 1213 1003 2204 1928 1350 2544 563 2404 2021 1575 2143 2408 2202 2059 1390 1602 734 1515 2339 615 952 789 1553 1089 2559 1422 2003 2117 1982 1137 2062 2025 1301 1112 2061 717 2544 1381 1398 1420 1932 2225
759 2156 1964 376 1281 2286 924 935 2538 3366 2289 3195 2095 1456 2333 1776 1401 360 2575 1705 2858 1712 1955 988 1353 707 1114 2496 2131 2544 1278 1469 2519 1417 961 2088 746 2254 2549 1017 1845 1735 473 848 2692 2572 2184 2661 2030 1063 2787 1577 1343 1324 2017 1650 2948 1825 2440 1124 1652 747 2693 2395 2341 1262 1058 1975 1662 1893 661 2301 1253 3025 2718 2565 1196 2803 3134 1050 464 960 1225 878 2664 1656 1976 1499 516 1954 3443 1880 2864 1169 1725 1091 2448 998 888 1629 2016 1586 2260 2267 573 1269 891 2352
2388 2590 1324 2588 1750 1723 2096 2139 1542 1620 1132 1429 1885 1520 2345 1312 2107 2575 360 1234 1534 2912 2341 2765 2308 2921 3037 2005 1840 1501 2525 2358 528 2261 2053 1471 2681 1712 1457 2337 1333 1935 2548 2474 997 1255 1845 1071 1725 2845 1067 1373 1600 2521 1015 2253 1541 1113 642 2206 2366 2380 1800 1483 603 2523 1879 1717 2125 1334 2297 1748 2024 892 887 1768 2764 675 1728 2862 2645 2191 1893 2990 704 2065 1902 2527 2704 1491 1753 1082 1368 2752 1666 2795 547 2897 2066 2851 1327 2410 1818 1411 2728 1716 2930 1026
1527 2185 1059 1717 905 1486 1265 1276 1660 2229 1222 2037 1490 668 2082 834 1462 1705 1234 360 1765 2277 1906 1964 1638 2049 2182 1928 1603 1640 1816 1726 1175 1521 1224 1290 1813 1458 1618 1562 818 1339 1684 1617 1500 1424 1639 1506 1452 1999 1602 595 758 1743 821 1593 1930 536 1103 1386 1801 1546 1912 1407 1009 1810 1006 1409 1481 871 1423 1514 1310 1716 1481 1815 1943 1461 2140 2013 1779 1337 1140 2143 1335 1537 1563 1886 1831 1201 2338 643 1790 1928 1070 2012 1103 2040 1192 2202 988 1815 1537 1384 1867 854 2061 1128
2467 3553 2298 2865 1949 1039 2590 2289 2689 2730 2235 2554 1303 1842 3385 2158 2867 2858 1534 1765 360 3680 3279 3287 3041 3152 2999 3114 2874 2650 3207 3132 1379 2041 2556 2505 2774 1060 2609 2928 1403 1607 2885 2532 2171 705 2894 2246 2734 2791 2237 2001 2126 2317 1940 1892 2715 1803 1304 2186 3204 2843 2954 831 1618 3200 2241 2708 1784 1348 2558 1041 2711 1910 2058 2906 2629 1333 2896 2817 2956 2287 2534 3366 1199 2928 2885 3291 2932 2473 2868 1867 2542 2630 1504 3353 1407 2887 2350 3603 1214 3220 1124 2504 3062 1985 2993 1018
2082 1086 1964 1723 2221 3286 1537 2097 2186 3108 2254 3002 3177 2232 1447 1969 1182 1712 2912 2277 3680 360 1107 1109 999 1805 2408 1843 1643 2218 862 919 2949 2672 1557 1896 2095 3254 2251 1185 2663 2859 1602 2178 2667 3341 1677 2592 1668 2405 2726 2044 1921 2649 2260 2890 2621 2272 2929 2359 921 1407 2179 3287 2680 875 1903 1645 2860 2721 1839 3310 1330 3158 2759 2068 2549 3219 2732 2387 1638 2169 1508 1467 3158 1218 1493 753 1812 1820 3127 2243 2631 2522 2725 1008 2879 2321 1908 446 2856 864 3299 2050 1573 2149 2173 3044
2214 638 1381 1971 2067 3020 1518 2108 1456 2369 1607 2272 2975 1982 756 1481 954 1955 2341 1906 3279 1107 360 1544 963 2183 2709 1098 922 1491 1105 855 2412 2663 1510 1243 2325 2990 1527 1298 2353 2720 1845 2316 1988 2934 948 1905 990 2641 2034 1678 1659 2731 1729 2845 1882 1838 2421 2372 675 1570 1431 2953 2132 1119 1795 987 2780 2409 1939 3047 1154 2498 2093 1322 2730 2656 1986 2633 1925 2196 1306 1944 2632 748 806 902 2098 1210 2383 1773 1904 2704 2516 1480 2350 2591 1895 1094 2534 757 3058 1364 1909 1979 2483 2622
1382 1677 1947 996 1713 2787 1064 1474 2396 3300 2282 3155 2630 1808 1940 1839 1153 988 2765 1964 3287 1109 1544 360 995 1058 1658 2214 1896 2414 799 1063 2752 2020 1103 1988 1358 2754 2432 793 2244 2284 887 1474 2712 2970 1945 2659 1843 1661 2794 1766 1566 1950 2129 2249 2837 2028 2698 1712 1230 805 2484 2847 2521 786 1407 1797 2243 2299 1186 2807 1131 3133 2771 2358 1816 3038 2995 1643 902 1529 1233 760 2933 1372 1726 1009 1069 1869 3353 2043 2793 1790 2212 464 2678 1574 1330 1032 2433 1147 2779 2170 826 1665 1424 2707
1634 1171 1395 1369 1617 2662 970 1568 1772 2688 1715 2552 2569 1603 1349 1355 561 1353 2308 1638 3041 999 963 995 360 1585 2107 1581 1261 1793 594 485 2330 2141 976 1389 1727 2631 1815 696 2028 2270 1243 1735 2145 2702 1310 2082 1217 2044 2219 1405 1286 2173 1652 2343 2215 1638 2303 1836 661 970 1849 2652 2070 598 1309 1174 2295 2086 1361 2687 692 2605 2220 1723 2144 2607 2366 2035 1322 1650 873 1379 2534 737 1091 612 1495 1283 2732 1617 2185 2117 2111 962 2259 1990 1359 924 2220 608 2681 1566 1310 1539 1880 2405
945 2351 2300 693 1601 2549 1256 1225 2857 3702 2628 3534 2338 1791 2574 2119 1673 707 2921 2049 3152 1805 2183 1058 1585 360 973 2779 2424 2866 1454 1687 2862 1603 1296 2412 794 2519 2873 1265 2163 1976 763 1015 3035 2880 2477 3002 2335 1024 3130 1925 1691 1437 2364 1832 3276 2173 2780 1352 1869 1028 2998 2683 2688 1439 1402 2281 1870 2207 990 2562 1553 3373 3064 2870 1214 3144 3457 999 660 1225 1550 738 3002 1926 2263 1678 583 2279 3776 2228 3198 1190 2008 1157 2791 915 1223 1730 2325 1793 2512 2593 636 1600 746 2675
896 2906 2614 1098 1647 2338 1629 1266 3224 3992 2915 3810 2090 1879 3087 2396 2150 1114 3037 2182 2999 2408 2709 1658 2107 973 360 3230 2860 3224 2017 2222 2943 1320 1657 2770 769 2311 3223 1771 2138 1753 1224 925 3283 2783 2912 3268 2748 568 3384 2133 1911 1061 2584 1508 3609 2339 2842 1213 2405 1500 3402 2531 2827 2002 1594 2691 1591 2167 1215 2344 1988 3538 3287 3276 749 3205 3805 543 1153 1206 1927 1347 3039 2404 2712 2242 975 2636 4083 2421 3506 740 1887 1760 2879 503 1397 2330 2257 2337 2276 2941 1198 1687 594 2646
2650 1187 1233 2512 2294 3030 1963 2473 856 1676 1242 1612 3058 2128 812 1456 1465 2496 2005 1928 3114 1843 1098 2214 1581 2779 3230 360 735 901 1782 1514 2126 2954 1938 1002 2824 3005 947 1876 2378 2886 2398 2752 1478 2784 684 1385 871 3121 1487 1759 1861 3091 1561 3090 1200 1791 2177 2708 1368 2117 715 2891 1861 1793 2112 925 2997 2425 2390 3058 1603 1990 1604 643 3167 2306 1267 3120 2492 2562 1673 2601 2341 1215 879 1613 2650 1090 1670 1690 1270 3143 2632 2168 2082 3098 2271 1833 2523 1454 3092 969 2504 2206 3022 2478
2275 1128 939 2148 1931 2724 1591 2098 903 1828 1075 1719 2731 1777 872 1129 1118 2131 1840 1603 2874 1643 922 1896 1261 2424 2860 735 360 935 1480 1217 1934 2586 1564 734 2452 2697 968 1528 2061 2538 2036 2377 1430 2535 412 1345 511 2747 1472 1414 1496 2718 1294 2729 1343 1484 1963 2335 1105 1758 948 2608 1656 1488 1738 559 2640 2111 2016 2752 1237 1945 1540 822 2791 2153 1474 2747 2133 2187 1298 2270 2155 883 529 1344 2286 769 1856 1393 1348 2767 2293 1862 1879 2726 1895 1613 2218 1185 2779 811 2151 1841 2654 2222
2595 1661 986 2560 2110 2658 1980 2376 404 1258 801 1143 2730 1903 1322 1227 1621 2544 1501 1640 2650 2218 1491 2414 1793 2866 3224 901 935 360 2023 1769 1638 2771 1944 816 2816 2637 406 2012 2048 2618 2464 2694 937 2335 903 845 937 3083 947 1538 1711 2955 1197 2868 782 1474 1705 2572 1675 2201 664 2484 1394 2029 2012 979 2759 2086 2369 2687 1683 1448 1064 632 3088 1789 951 3088 2566 2459 1679 2766 1844 1424 1090 1909 2699 950 1299 1364 773 3067 2345 2394 1603 3084 2199 2188 2161 1752 2733 643 2604 2029 3041 2043
1614 1257 1626 1292 1720 2790 1035 1602 2000 2919 1949 2785 2675 1742 1502 1573 791 1278 2525 1816 3207 862 1105 799 594 1454 2017 1782 1480 2023 360 628 2540 2179 1055 1623 1664 2758 2046 684 2178 2357 1164 1713 2379 2873 1527 2316 1446 1981 2453 1590 1442 2174 1870 2393 2445 1835 2506 1867 791 928 2066 2801 2285 375 1401 1406 2360 2236 1357 2813 870 2835 2453 1941 2104 2819 2591 1968 1225 1677 1036 1198 2739 961 1311 585 1403 1517 2962 1823 2417 2077 2225 745 2468 1913 1408 776 2371 708 2800 1799 1188 1650 1785 2584
1758 1049 1423 1484 1734 2770 1095 1693 1745 2668 1731 2540 2683 1710 1248 1411 625 1469 2358 1726 3132 919 855 1063 485 1687 2222 1514 1217 1769 628 360 2391 2266 1100 1389 1846 2739 1794 815 2129 2389 1357 1859 2156 2790 1263 2089 1194 2164 2225 1491 1389 2298 1704 2467 2189 1714 2369 1961 543 1089 1800 2751 2124 638 1429 1157 2418 2187 1486 2795 797 2630 2238 1676 2267 2662 2330 2154 1433 1776 978 1458 2599 707 1048 528 1608 1295 2706 1684 2170 2240 2224 1014 2320 2108 1484 853 2320 483 2792 1559 1413 1654 1993 2490
2301 2670 1391 2532 1661 1557 2067 2055 1678 1788 1245 1597 1726 1441 2445 1339 2133 2519 528 1175 1379 2949 2412 2752 2330 2862 2943 2126 1934 1638 2540 2391 360 2135 2024 1561 2600 1547 1595 2331 1204 1793 2500 2385 1158 1089 1945 1228 1810 2747 1232 1346 1562 2402 1053 2114 1703 1084 481 2101 2413 2351 1940 1315 640 2536 1820 1796 1985 1198 2233 1582 2032 1040 1053 1900 2656 647 1893 2766 2595 2101 1888 2955 580 2114 1982 2559 2643 1564 1921 1077 1531 2645 1529 2789 433 2805 2001 2884 1177 2451 1652 1522 2682 1637 2848 859
908 2921 2152 1415 1025 1377 1530 937 2785 3385 2375 3192 1131 1231 2966 1907 2074 1417 2261 1521 2041 2672 2663 2020 2141 1603 1320 2954 2586 2771 2179 2266 2135 360 1527 2363 1173 1350 2755 1855 1291 794 1499 951 2655 1846 2633 2666 2443 1114 2757 1593 1453 642 1982 592 3089 1697 2021 672 2424 1627 3017 1578 2093 2164 1230 2389 635 1302 1199 1383 1871 2790 2623 2906 947 2366 3298 1142 1520 862 1720 1918 2186 2284 2483 2364 1418 2244 3497 1803 2952 948 980 2116 2082 1219 1141 2585 1360 2388 1317 2497 1627 1111 1349 1755
1081 1758 1363 978 1025 2100 403 960 1940 2765 1691 2597 1980 1074 1847 1187 916 961 2053 1224 2556 1557 1510 1103 976 1296 1657 1938 1564 1944 1055 1100 2024 1527 360 1488 1248 2068 1948 741 1513 1665 894 1183 2102 2233 1617 2066 1450 1543 2195 1040 826 1580 1449 1726 2346 1302 1964 1226 1256 687 2106 2129 1811 1043 706 1394 1680 1570 813 2122 719 2465 2137 1980 1601 2312 2533 1542 998 1046 630 1299 2197 1149 1422 1211 1116 1354 2842 1334 2263 1576 1532 1159 1951 1522 747 1471 1705 1221 2107 1666 1058 958 1460 1964
2147 1481 591 2104 1698 2388 1524 1935 813 1673 724 1526 2418 1511 1246 825 1201 2088 1471 1290 2505 1896 1243 1988 1389 2412 2770 1002 734 816 1623 1389 1561 2363 1488 360 2361 2363 821 1573 1736 2258 2009 2246 1131 2167 749 1059 615 2633 1195 1138 1280 2529 929 2481 1225 1149 1589 2144 1335 1750 1015 2256 1282 1628 1569 618 2381 1783 1915 2416 1237 1625 1223 902 2646 1785 1406 2637 2112 2020 1223 2325 1781 1047 797 1545 2243 494 1733 1048 1165 2625 1998 1978 1505 2631 1752 1851 1881 1400 2450 543 2152 1613 2585 1856
550 2535 2208 733 1299 2147 1221 904 2815 3593 2514 3413 1924 1521 2695 1994 1753 746 2681 1813 2774 2095 2325 1358 1727 794 769 2824 2452 2816 1664 1846 2600 1173 1248 2361 360 2118 2815 1391 1833 1565 859 602 2891 2524 2505 2872 2339 678 2990 1743 1515 1004 2195 1400 3204 1962 2505 949 2028 1117 2992 2303 2462 1648 1199 2283 1444 1870 806 2159 1585 3168 2900 2867 818 2872 3398 667 817 868 1518 1143 2715 2006 2306 1884 653 2227 3681 2037 3104 791 1632 1462 2532 633 1000 2012 1977 1965 2103 2533 898 1325 608 2349
1818 3269 2133 2258 1407 392 2095 1679 2667 2970 2196 2777 606 1388 3180 1928 2487 2254 1712 1458 1060 3254 2990 2754 2631 2519 2311 3005 2697 2637 2758 2739 1547 1350 2068 2363 2118 360 2605 2449 1000 919 2299 1876 2293 953 2730 2343 2546 2104 2382 1674 1713 1621 1813 1191 2822 1575 1429 1530 2847 2311 2934 641 1664 2747 1725 2506 1086 947 1966 416 2302 2215 2211 2855 1935 1668 3026 2132 2356 1659 2120 2772 1482 2609 2661 2882 2307 2290 3102 1674 2656 1938 902 2833 1529 2206 1785 3171 842 2844 466 2422 2465 1469 2323 1048
2591 1702 977 2565 2095 2625 1984 2369 451 1233 769 1111 2701 1885 1366 1215 1639 2549 1457 1618 2609 2251 1527 2432 1815 2873 3223 947 968 406 2046 1794 1595 2755 1948 821 2815 2605 360 2026 2021 2595 2471 2689 891 2295 939 798 960 3079 901 1524 1702 2943 1170 2848 765 1450 1665 2561 1705 2210 705 2448 1354 2052 2006 1000 2739 2058 2369 2654 1695 1402 1018 678 3081 1743 945 3085 2574 2451 1684 2780 1800 1448 1120 1936 2704 954 1280 1340 740 3060 2321 2414 1562 3082 2195 2219 2130 1781 2701 642 2613 2016 3042 2005
1310 1505 1516 1032 1405 2481 716 1279 1997 2886 1852 2735 2358 1449 1679 1405 771 1017 2337 1562 2928 1185 1298 793 696 1265 1771 1876 1528 2012 684 815 2331 1855 741 1573 1391 2449 2026 360 1888 2035 907 1410 2282 2599 1580 2231 1453 1708 2366 1351 1170 1861 1696 2069 2432 1609 2283 1544 996 634 2111 2508 2094 671 1086 1403 2035 1945 1043 2504 700 2699 2338 1983 1813 2616 2599 1699 990 1355 804 1114 2518 1021 1363 875 1161 1449 2945 1617 2378 1787 1912 817 2258 1654 1084 1099 2081 935 2488 1756 989 1340 1545 2322
1524 2632 1505 1854 924 1029 1547 1302 2074 2515 1612 2319 1043 799 2540 1291 1870 1845 1333 818 1403 2663 2353 2244 2028 2163 2138 2378 2061 2048 2178 2129 1204 1291 1513 1736 1833 1000 2021 1888 360 974 1860 1601 1796 1091 2095 1826 1909 1935 1894 1035 1101 1560 1211 1282 2287 948 1089 1285 2224 1800 2335 984 1188 2169 1198 1868 1156 418 1544 1056 1696 1865 1741 2247 1825 1440 2497 1956 1938 1325 1515 2340 1266 1976 2021 2280 1939 1656 2637 1054 2132 1816 696 2309 1152 2006 1323 2582 553 2228 1078 1812 2040 946 2074 876
1270 2992 2031 1737 1017 947 1682 1173 2639 3130 2193 2934 721 1121 2974 1793 2161 1735 1935 1339 1607 2859 2720 2284 2270 1976 1753 2886 2538 2618 2357 2389 1793 794 1665 2258 1565 919 2595 2035 974 360 1795 1326 2408 1420 2579 2434 2388 1546 2507 1486 1427 1072 1788 686 2887 1505 1673 984 2524 1854 2891 1144 1802 2345 1322 2339 558 962 1465 956 1961 2467 2356 2792 1382 1996 3097 1573 1840 1135 1787 2253 1810 2331 2464 2513 1771 2156 3250 1615 2736 1383 641 2371 1749 1646 1322 2774 980 2505 898 2363 1949 1102 1764 1364
854 2043 1896 487 1298 2331 853 983 2456 3298 2225 3131 2151 1454 2226 1719 1299 473 2548 1684 2885 1602 1845 887 1243 763 1224 2398 2036 2464 1164 1357 2500 1499 894 2009 859 2299 2471 907 1860 1795 360 946 2635 2590 2089 2600 1941 1176 2728 1540 1308 1423 1971 1730 2873 1795 2426 1197 1540 642 2604 2427 2310 1148 1045 1886 1734 1910 693 2349 1159 2985 2667 2476 1307 2786 3055 1163 463 1022 1147 841 2654 1554 1879 1386 614 1876 3372 1842 2794 1281 1764 989 2428 1111 897 1518 2037 1473 2311 2190 543 1276 998 2359
342 2546 2074 842 1084 1906 1166 701 2697 3437 2365 3253 1686 1315 2667 1848 1726 848 2474 1617 2532 2178 2316 1474 1735 1015 925 2752 2377 2694 1713 1859 2385 951 1183 2246 602 1876 2689 1410 1601 1326 946 360 2723 2283 2429 2711 2253 752 2824 1574 1358 836 2023 1182 3067 1774 2287 707 2035 1145 2892 2060 2263 1698 1044 2196 1215 1635 737 1918 1540 2973 2723 2769 777 2652 3267 761 946 644 1440 1329 2491 1970 2242 1923 827 2114 3531 1857 2958 752 1390 1576 2319 783 854 2093 1739 1982 1864 2410 1047 1122 833 2116
2629 2195 1125 2707 2041 2309 2144 2384 982 1090 791 897 2434 1806 1883 1276 1949 2692 997 1500 2171 2667 1988 2712 2145 3035 3283 1478 1430 937 2379 2156 1158 2655 2102 1131 2891 2293 891 2282 1796 2408 2635 2723 360 1887 1415 452 1365 3114 462 1510 1735 2883 1060 2700 905 1326 1254 2523 2106 2408 1208 2092 990 2382 2052 1383 2578 1817 2459 2336 1941 878 488 1208 3076 1245 1098 3125 2739 2455 1870 3014 1335 1817 1548 2315 2840 1222 1204 1231 732 3059 2126 2715 1147 3140 2251 2622 1854 2171 2397 984 2799 1978 3134 1632
2213 3208 1957 2579 1652 947 2269 2014 2372 2497 1911 2312 1191 1522 3044 1813 2526 2572 1255 1424 705 3341 2934 2970 2702 2880 2783 2784 2535 2335 2873 2790 1089 1846 2233 2167 2524 953 2295 2599 1091 1420 2590 2283 1887 360 2556 1955 2393 2575 1962 1659 1792 2128 1600 1734 2433 1458 996 1944 2860 2529 2639 672 1301 2865 1929 2366 1614 1040 2270 964 2372 1698 1783 2585 2430 1122 2623 2599 2666 2023 2198 3071 952 2583 2542 2951 2657 2131 2633 1522 2260 2428 1257 3032 1103 2662 2053 3265 915 2877 1049 2175 2770 1678 2753 673
2327 1139 964 2201 1976 2756 1643 2149 869 1791 1076 1686 2768 1819 860 1164 1169 2184 1845 1639 2894 1677 948 1945 1310 2477 2912 684 412 903 1527 1263 1945 2633 1617 749 2505 2730 939 1580 2095 2579 2089 2429 1415 2556 360 1329 552 2800 1453 1454 1542 2767 1316 2774 1304 1515 1977 2384 1146 1810 899 2636 1667 1536 1788 604 2684 2145 2069 2784 1290 1932 1528 773 2843 2158 1430 2799 2186 2237 1350 2321 2165 933 579 1387 2339 800 1815 1422 1316 2819 2333 1910 1891 2779 1946 1651 2250 1227 2813 805 2203 1887 2707 2244
2616 2108 1075 2677 2041 2359 2107 2374 889 1087 739 901 2476 1809 1793 1245 1888 2661 1071 1506 2246 2592 1905 2659 2082 3002 3268 1385 1345 845 2316 2089 1228 2666 2066 1059 2872 2343 798 2231 1826 2434 2600 2711 452 1955 1329 360 1287 3103 496 1497 1717 2888 1054 2720 841 1330 1319 2523 2033 2367 1117 2150 1040 2319 2034 1307 2600 1851 2436 2387 1890 968 580 1115 3072 1330 1042 3113 2704 2447 1828 2969 1413 1747 1468 2245 2811 1158 1191 1230 672 3054 2153 2658 1212 3125 2233 2549 1895 2099 2445 904 2761 1975 3113 1691
2151 1226 796 2047 1785 2573 1479 1966 914 1834 977 1708 2579 1627 1010 978 1051 2030 1725 1452 2734 1668 990 1843 1217 2335 2748 871 511 937 1446 1194 1810 2443 1450 615 2339 2546 960 1453 1909 2388 1941 2253 1365 2393 552 1287 360 2628 1419 1263 1351 2581 1154 2582 1358 1334 1833 2197 1112 1666 1023 2460 1530 1453 1603 416 2492 1960 1898 2601 1142 1871 1466 895 2664 2039 1511 2629 2040 2054 1181 2205 2031 847 544 1338 2186 622 1875 1245 1337 2641 2142 1819 1752 2612 1766 1629 2068 1184 2628 742 2065 1696 2548 2080
729 2853 2465 1049 1458 2131 1520 1090 3085 3829 2758 3645 1885 1693 3007 2240 2064 1063 2845 1999 2791 2405 2641 1661 2044 1024 568 3121 2747 3083 1981 2164 2747 1114 1543 2633 678 2104 3079 1708 1935 1546 1176 752 3114 2575 2800 3103 2628 360 3215 1966 1751 863 2414 1307 3459 2161 2644 1010 2345 1434 3274 2323 2640 1965 1436 2572 1386 1963 1091 2137 1890 3352 3112 3150 566 3007 3659 390 1126 1022 1809 1401 2839 2315 2606 2202 952 2500 3924 2247 3350 549 1680 1765 2684 482 1244 2323 2051 2283 2071 2800 1195 1505 654 2441
2730 2230 1209 2803 2143 2397 2236 2485 991 988 873 795 2528 1908 1906 1370 2024 2787 1067 1602 2237 2726 2034 2794 2219 3130 3384 1487 1472 947 2453 2225 1232 2757 2195 1195 2990 2382 901 2366 1894 2507 2728 2824 462 1962 1453 496 1419 3215 360 1610 1834 2985 1161 2800 840 1428 1334 2625 2167 2498 1194 2175 1082 2456 2151 1441 2678 1915 2557 2424 2025 864 539 1209 3178 1293 1021 3226 2832 2556 1960 3102 1397 1883 1599 2381 2936 1295 1103 1332 668 3161 2226 2794 1227 3240 2350 2684 1948 2235 2486 1037 2891 2080 3232 1715
1479 1957 919 1591 931 1704 1083 1236 1552 2223 1161 2038 1683 732 1873 675 1227 1577 1373 595 2001 2044 1678 1766 1405 1925 2133 1759 1414 1538 1590 1491 1346 1593 1040 1138 1743 1674 1524 1351 1035 1486 1540 1574 1510 1659 1454 1497 1263 1966 1610 360 594 1780 812 1702 1874 622 1292 1402 1566 1368 1787 1639 1132 1584 904 1216 1602 1091 1320 1731 1081 1808 1517 1679 1939 1633 2080 1976 1640 1311 916 1977 1527 1304 1355 1652 1716 1030 2321 663 1752 1921 1239 1807 1273 1990 1103 1969 1215 1579 1747 1264 1718 853 1987 1359
1262 1935 1085 1357 794 1744 867 1028 1719 2440 1366 2259 1678 686 1909 851 1134 1343 1600 758 2126 1921 1659 1566 1286 1691 1911 1861 1496 1711 1442 1389 1562 1453 826 1280 1515 1713 1702 1170 1101 1427 1308 1358 1735 1792 1542 1717 1351 1751 1834 594 360 1609 1042 1594 2071 846 1498 1224 1494 1150 1936 1726 1362 1433 677 1298 1509 1160 1087 1769 954 2042 1748 1820 1739 1849 2273 1759 1407 1109 773 1753 1731 1271 1405 1538 1482 1156 2533 897 1959 1719 1217 1616 1489 1768 875 1842 1294 1491 1771 1429 1487 705 1758 1511
809 2975 2329 1317 1211 1646 1573 986 2965 3613 2578 3421 1393 1439 3060 2088 2136 1324 2521 1743 2317 2649 2731 1950 2173 1437 1061 3091 2718 2955 2174 2298 2402 642 1580 2529 1004 1621 2943 1861 1560 1072 1423 836 2883 2128 2767 2888 2581 863 2985 1780 1609 360 2196 806 3293 1918 2289 745 2467 1606 3185 1857 2343 2159 1339 2526 895 1575 1177 1650 1938 3047 2860 3069 675 2639 3500 892 1419 897 1808 1785 2461 2365 2600 2376 1284 2404 3720 2018 3164 681 1258 2052 2346 979 1199 2563 1639 2421 1579 2675 1517 1287 1129 2035
1929 1993 718 2032 1347 1836 1492 1684 1223 1781 765 1593 1893 1116 1805 657 1451 2017 1015 821 1940 2260 1729 2129 1652 2364 2584 1561 1294 1197 1870 1704 1053 1982 1449 929 2195 1813 1170 1696 1211 1788 1971 2023 1060 1600 1316 1054 1154 2414 1161 812 1042 2196 360 2053 1469 646 1052 1828 1720 1771 1485 1689 780 1868 1356 1130 1939 1250 1769 1865 1374 1376 1066 1402 2378 1318 1678 2425 2073 1755 1255 2385 1268 1421 1311 1872 2160 894 1885 538 1330 2360 1511 2151 986 2441 1555 2197 1332 1760 1905 968 2144 1280 2439 1288
1141 3109 2260 1648 1159 1214 1734 1152 2885 3427 2455 3231 954 1330 3133 2017 2263 1650 2253 1593 1892 2890 2845 2249 2343 1832 1508 3090 2729 2868 2393 2467 2114 592 1726 2481 1400 1191 2848 2069 1282 686 1730 1182 2700 1734 2774 2720 2582 1307 2800 1702 1594 806 2053 360 3161 1766 1995 897 2618 1849 3128 1445 2109 2379 1410 2530 488 1278 1425 1215 2059 2785 2655 3022 1121 2322 3371 1337 1753 1084 1899 2150 2136 2461 2637 2572 1650 2368 3544 1876 3016 1127 947 2344 2068 1420 1347 2803 1305 2587 1140 2602 1859 1249 1562 1690
2969 2019 1355 2964 2441 2839 2384 2740 804 847 1074 775 2949 2219 1652 1580 2043 2948 1541 1930 2715 2621 1882 2837 2215 3276 3609 1200 1343 782 2445 2189 1703 3089 2346 1225 3204 2822 765 2432 2287 2887 2873 3067 905 2433 1304 841 1358 3459 840 1874 2071 3293 1469 3161 360 1755 1798 2916 2088 2615 848 2631 1521 2451 2382 1401 3045 2316 2758 2867 2101 1292 1017 927 3450 1772 570 3466 2976 2819 2085 3186 1877 1844 1505 2325 3103 1356 877 1647 533 3430 2607 2816 1691 3467 2576 2595 2368 2167 2924 1042 3017 2367 3434 2173
1683 2113 918 1839 1075 1601 1345 1433 1496 2055 1049 1863 1631 840 1978 723 1450 1825 1113 536 1803 2272 1838 2028 1638 2173 2339 1791 1484 1474 1835 1714 1084 1697 1302 1149 1962 1575 1450 1609 948 1505 1795 1774 1326 1458 1515 1330 1334 2161 1428 622 846 1918 646 1766 1755 360 1034 1557 1768 1630 1753 1489 875 1830 1135 1298 1653 994 1556 1629 1324 1568 1312 1661 2112 1371 1965 2174 1893 1498 1170 2238 1269 1486 1463 1879 1959 1075 2162 470 1614 2096 1231 2066 1010 2197 1330 2201 1094 1791 1661 1227 1974 1017 2209 1147
2204 2684 1404 2452 1566 1440 2006 1961 1744 1902 1295 1710 1605 1351 2475 1323 2108 2440 642 1103 1304 2929 2421 2698 2303 2780 2842 2177 1963 1705 2506 2369 481 2021 1964 1589 2505 1429 1665 2283 1089 1673 2426 2287 1254 996 1977 1319 1833 2644 1334 1292 1498 2289 1052 1995 1798 1034 360 1996 2402 2289 2010 1204 676 2502 1742 1814 1867 1081 2149 1466 1995 1161 1156 1962 2548 726 1992 2663 2519 2003 1844 2887 595 2107 1998 2537 2559 1579 2035 1046 1626 2537 1412 2739 467 2705 1917 2861 1057 2436 1535 1568 2608 1547 2753 745
647 2624 1946 1124 842 1560 1226 627 2582 3249 2202 3059 1345 1077 2689 1705 1779 1124 2206 1386 2186 2359 2372 1712 1836 1352 1213 2708 2335 2572 1867 1961 2101 672 1226 2144 949 1530 2561 1544 1285 984 1197 707 2523 1944 2384 2523 2197 1010 2625 1402 1224 745 1828 897 2916 1557 1996 360 2122 1314 2800 1714 2010 1852 957 2142 897 1313 888 1572 1577 2721 2507 2683 920 2357 3122 1031 1229 549 1436 1637 2188 1998 2220 2055 1148 2018 3353 1653 2791 906 1047 1807 2040 1084 838 2272 1407 2083 1520 2292 1337 910 1170 1793
1934 870 1408 1667 1867 2878 1257 1855 1646 2572 1693 2456 2806 1820 1071 1439 724 1652 2366 1801 3204 921 675 1230 661 1869 2405 1368 1105 1675 791 543 2413 2424 1256 1335 2028 2847 1705 996 2224 2524 1540 2035 2106 2860 1146 2033 1112 2345 2167 1566 1494 2467 1720 2618 2088 1768 2402 2122 360 1270 1674 2842 2139 804 1572 1085 2564 2282 1660 2904 923 2597 2198 1554 2445 2676 2216 2336 1616 1940 1098 1629 2626 661 945 605 1791 1260 2601 1724 2084 2419 2345 1171 2345 2290 1644 877 2413 446 2905 1492 1596 1783 2177 2553
1046 1778 1654 763 1268 2344 644 1058 2191 3051 1989 2889 2194 1368 1946 1499 1017 747 2380 1546 2843 1407 1570 805 970 1028 1500 2117 1758 2201 928 1089 2351 1627 687 1750 1117 2311 2210 634 1800 1854 642 1145 2408 2529 1810 2367 1666 1434 2498 1368 1150 1606 1771 1849 2615 1630 2289 1314 1270 360 2330 2402 2138 913 962 1612 1829 1855 792 2364 884 2787 2450 2201 1542 2639 2793 1425 735 1125 899 974 2522 1272 1599 1138 896 1618 3120 1661 2545 1516 1769 882 2278 1381 892 1320 1989 1209 2338 1932 762 1220 1278 2273
2791 1542 1227 2710 2352 2956 2138 2587 628 1320 1100 1263 3019 2158 1167 1471 1703 2693 1800 1912 2954 2179 1431 2484 1849 2998 3402 715 948 664 2066 1800 1940 3017 2106 1015 2992 2934 705 2111 2335 2891 2604 2892 1208 2639 899 1117 1023 3274 1194 1787 1936 3185 1485 3128 848 1753 2010 2800 1674 2330 360 2786 1698 2075 2221 1077 3024 2376 2548 2984 1805 1697 1337 488 3297 2081 915 3277 2703 2674 1836 2858 2144 1472 1118 1918 2849 1142 1317 1644 939 3274 2622 2449 1907 3264 2399 2162 2456 1758 3028 888 2728 2268 3207 2347
1996 3231 2032 2401 1497 635 2161 1823 2517 2743 2046 2553 882 1419 3107 1852 2491 2395 1483 1407 831 3287 2953 2847 2652 2683 2531 2891 2608 2484 2801 2751 1315 1578 2129 2256 2303 641 2448 2508 984 1144 2427 2060 2092 672 2636 2150 2460 2323 2175 1639 1726 1857 1689 1445 2631 1489 1204 1714 2842 2402 2786 360 1472 2792 1801 2426 1330 926 2097 653 2320 1966 1999 2718 2166 1405 2830 2349 2494 1818 2139 2906 1224 2584 2592 2904 2464 2199 2877 1575 2461 2166 1034 2918 1309 2418 1895 3207 791 2849 738 2292 2601 1542 2522 820
2174 2389 1111 2355 1542 1680 1854 1924 1431 1692 979 1496 1806 1307 2167 1074 1870 2341 603 1009 1618 2680 2132 2521 2070 2688 2827 1861 1656 1394 2285 2124 640 2093 1811 1282 2462 1664 1354 2094 1188 1802 2310 2263 990 1301 1667 1040 1530 2640 1082 1132 1362 2343 780 2109 1521 875 676 2010 2139 2138 1698 1472 360 2282 1648 1516 1983 1202 2068 1707 1782 1071 918 1647 2570 898 1722 2656 2409 1980 1650 2750 861 1839 1701 2293 2473 1283 1817 839 1352 2557 1524 2551 583 2686 1839 2617 1227 2180 1767 1252 2489 1501 2711 1017
1599 1272 1627 1276 1709 2779 1022 1588 2007 2925 1951 2790 2663 1733 1515 1571 793 1262 2523 1810 3200 875 1119 786 598 1439 2002 1793 1488 2029 375 638 2536 2164 1043 1628 1648 2747 2052 671 2169 2345 1148 1698 2382 2865 1536 2319 1453 1965 2456 1584 1433 2159 1868 2379 2451 1830 2502 1852 804 913 2075 2792 2282 360 1390 1411 2346 2227 1342 2802 866 2836 2454 1950 2088 2817 2599 1952 1209 1663 1029 1185 2735 968 1319 600 1387 1521 2968 1819 2423 2062 2214 735 2464 1897 1395 789 2362 722 2789 1804 1172 1639 1769 2577
947 2058 1390 1071 679 1757 730 726 2017 2757 1682 2576 1633 772 2097 1163 1213 1058 1879 1006 2241 1903 1795 1407 1309 1402 1594 2112 1738 2012 1401 1429 1820 1230 706 1569 1199 1725 2006 1086 1198 1322 1045 1044 2052 1929 1788 2034 1603 1436 2151 904 677 1339 1356 1410 2382 1135 1742 957 1572 962 2221 1801 1648 1390 360 1547 1351 1253 780 1779 1010 2343 2062 2101 1437 2104 2583 1444 1136 812 850 1517 1968 1413 1623 1551 1186 1439 2849 1202 2274 1415 1186 1477 1749 1451 559 1818 1386 1547 1761 1729 1229 619 1443 1681
2095 1234 772 1992 1732 2533 1423 1910 959 1873 983 1743 2535 1577 1041 938 1003 1975 1717 1409 2708 1645 987 1797 1174 2281 2691 925 559 979 1406 1157 1796 2389 1394 618 2283 2506 1000 1403 1868 2339 1886 2196 1383 2366 604 1307 416 2572 1441 1216 1298 2526 1130 2530 1401 1298 1814 2142 1085 1612 1077 2426 1516 1411 1547 360 2441 1919 1842 2561 1088 1883 1479 949 2608 2032 1559 2572 1985 1998 1124 2155 2017 810 545 1305 2131 595 1918 1212 1373 2585 2095 1775 1737 2556 1710 1603 2029 1155 2587 766 2012 1643 2492 2052
1167 3047 2157 1661 1078 1111 1691 1131 2778 3304 2342 3108 859 1230 3055 1915 2204 1662 2125 1481 1784 2860 2780 2243 2295 1870 1591 2997 2640 2759 2360 2418 1985 635 1680 2381 1444 1086 2739 2035 1156 558 1734 1215 2578 1614 2684 2600 2492 1386 2678 1602 1509 895 1939 488 3045 1653 1867 897 2564 1829 3024 1330 1983 2346 1351 2441 360 1150 1416 1115 2001 2657 2532 2920 1210 2193 3255 1415 1766 1074 1835 2172 2008 2393 2554 2531 1677 2271 3422 1762 2898 1214 820 2335 1940 1494 1311 2773 1176 2537 1045 2496 1874 1168 1625 1562
1561 2688 1552 1901 972 975 1603 1344 2113 2533 1648 2337 1003 856 2593 1342 1928 1893 1334 871 1348 2721 2409 2299 2086 2207 2167 2425 2111 2086 2236 2187 1198 1302 1570 1783 1870 947 2058 1945 418 962 1910 1635 1817 1040 2145 1851 1960 1963 1915 1091 1160 1575 1250 1278 2316 994 1081 1313 2282 1855 2376 926 1202 2227 1253 1919 1150 360 1591 1003 1754 1867 1758 2289 1847 1424 2525 1984 1987 1362 1573 2390 1246 2033 2074 2338 1983 1705 2656 1097 2159 1839 691 2365 1150 2037 1372 2641 495 2286 1028 1855 2089 999 2109 840
635 2171 1763 670 979 1998 792 652 2369 3154 2074 2976 1819 1160 2291 1554 1350 661 2297 1423 2558 1839 1939 1186 1361 990 1215 2390 2016 2369 1357 1486 2233 1199 813 1915 806 1966 2369 1043 1544 1465 693 737 2459 2270 2069 2436 1898 1091 2557 1320 1087 1177 1769 1425 2758 1556 2149 888 1660 792 2548 2097 2068 1342 780 1842 1416 1591 360 2015 1165 2763 2475 2423 1153 2514 2952 1090 757 702 1078 1169 2371 1594 1876 1559 769 1781 3239 1620 2661 1127 1431 1280 2163 1076 592 1753 1715 1609 1978 2087 863 970 1038 2051
1860 3325 2187 2305 1461 388 2149 1727 2717 3008 2246 2816 622 1445 3236 1983 2544 2301 1748 1514 1041 3310 3047 2807 2687 2562 2344 3058 2752 2687 2813 2795 1582 1383 2122 2416 2159 416 2654 2504 1056 956 2349 1918 2336 964 2784 2387 2601 2137 2424 1731 1769 1650 1865 1215 2867 1629 1466 1572 2904 2364 2984 653 1707 2802 1779 2561 1115 1003 2015 360 2358 2246 2252 2906 1965 1693 3070 2165 2404 1705 2177 2820 1509 2666 2717 2938 2352 2344 3140 1728 2700 1968 955 2886 1567 2241 1837 3227 895 2901 446 2474 2513 1524 2361 1082
1437 1410 1176 1270 1304 2333 734 1314 1671 2549 1511 2395 2248 1273 1488 1078 563 1253 2024 1310 2711 1330 1154 1131 692 1553 1988 1603 1237 1683 870 797 2032 1871 719 1237 1585 2302 1695 700 1696 1961 1159 1540 1941 2372 1290 1890 1142 1890 2025 1081 954 1938 1374 2059 2101 1324 1995 1577 923 884 1805 2320 1782 866 1010 1088 2001 1754 1165 2358 360 2365 2000 1677 1957 2314 2274 1886 1258 1402 541 1448 2229 790 1084 944 1408 1110 2611 1314 2041 1932 1788 1142 1959 1858 1100 1252 1888 906 2355 1421 1284 1221 1778 2078
2884 2711 1569 3040 2253 2222 2508 2633 1493 1183 1264 1020 2403 2018 2401 1655 2404 3025 892 1716 1910 3158 2498 3133 2605 3373 3538 1990 1945 1448 2835 2630 1040 2790 2465 1625 3168 2215 1402 2699 1865 2467 2985 2973 878 1698 1932 968 1871 3352 864 1808 2042 3047 1376 2785 1292 1568 1161 2721 2597 2787 1697 1966 1071 2836 2343 1883 2657 1867 2763 2246 2365 360 765 1714 3281 940 1425 3367 3086 2691 2265 3401 1106 2301 2055 2793 3164 1698 1321 1505 1139 3267 2198 3147 1078 3396 2538 3108 1856 2657 2321 1495 3159 2210 3416 1528
2631 2307 1188 2734 2027 2225 2179 2383 1109 1134 867 938 2362 1790 2003 1311 2021 2718 887 1481 2058 2759 2093 2771 2220 3064 3287 1604 1540 1064 2453 2238 1053 2623 2137 1223 2900 2211 1018 2338 1741 2356 2667 2723 488 1783 1528 580 1466 3112 539 1517 1748 2860 1066 2655 1017 1312 1156 2507 2198 2450 1337 1999 918 2454 2062 1479 2532 1758 2475 2252 2000 765 360 1335 3064 1120 1200 3124 2770 2450 1916 3060 1219 1904 1650 2400 2864 1303 1258 1225 844 3048 2075 2778 1050 3144 2261 2711 1785 2260 2315 1089 2835 1969 3145 1539
2668 1451 1122 2582 2241 2878 2011 2467 588 1412 1034 1335 2931 2051 1088 1364 1575 2565 1768 1815 2906 2068 1322 2358 1723 2870 3276 643 822 632 1941 1676 1900 2906 1980 902 2867 2855 678 1983 2247 2792 2476 2769 1208 2585 773 1115 895 3150 1209 1679 1820 3069 1402 3022 927 1661 1962 2683 1554 2201 488 2718 1647 1950 2101 949 2920 2289 2423 2906 1677 1714 1335 360 3175 2059 1024 3152 2575 2554 1710 2730 2109 1345 991 1797 2721 1024 1420 1553 987 3153 2526 2324 1862 3139 2276 2048 2375 1637 2947 794 2599 2155 3080 2287
