140 2523 1134 2137 1650 2338 1578 974 2320 2036 1912 1780 2228 774 1025 1940 2640 2410 637 2837 2318 1721 486 1651 1991 2178 2350 1459 949 854 1266 2308 947 2227 945 2323 1774 2227 1288 2264 1833 2698 1789 1658 774 595 1968 1219 3020 1386 1641 737 808 2169 2091 2445 2584 2705 1583 2113 2364 1865 2132 578 2004 1129 1555 2917 965 1038 992 310 874 1890 2248 1698 1554 2425 1928 2257 2096 459 808 2846 917 840 2774 746 1556 1883 805 1661 2332 1783 917 1556 1450 2455 2505 1350 2470 2064 1989 2237 781 962 674 1549 2085 355 1582 2613 2448 1831 1538 929 2402 2182
2623 360 2013 2630 3191 1733 1602 2567 2341 871 2744 2625 2207 3082 3277 1807 1764 1037 2406 1740 1072 1721 2479 2955 975 896 2001 1797 2452 2382 1999 2477 1951 2980 3062 1265 1189 1201 1955 764 2175 1112 2993 1573 2546 2816 2994 1813 1844 2121 2150 2605 2075 2693 1313 2856 2258 2358 2627 1532 3236 2728 833 2484 2250 2183 1348 2117 3315 2631 2122 2780 3345 1730 1016 1192 2109 1130 1182 1801 3162 2574 3021 2131 2868 2363 1762 2504 2038 2949 2646 1513 2122 2567 3088 2802 1454 3449 727 2280 1139 2459 1058 2630 2170 3355 2213 1992 2098 2691 3109 1791 1850 1234 2604 2366 1104 742
1234 2013 360 2639 2530 2395 841 913 2649 1503 2525 2372 2519 1487 2104 1168 2648 1716 871 2787 1621 1839 1276 2430 1405 1855 2523 1619 1640 747 506 2699 778 2854 1976 2176 1184 2057 517 1666 2191 2433 2546 1673 1574 1238 2675 1332 2964 699 2019 982 907 2690 1357 2959 2811 2942 2227 1346 3056 2482 1553 1365 2364 550 1267 2999 2058 981 505 1346 1937 2006 1570 1221 1920 1712 1723 2359 2836 1072 1404 2953 1219 1476 2749 1519 825 2595 1666 936 2562 2346 1454 2292 973 3203 2125 1852 2254 2507 1717 2712 1175 2056 926 803 2356 1393 2448 2639 2534 1174 2181 716 2179 1762
2237 2630 2639 360 1373 1367 2731 2907 786 2470 675 739 849 2861 2126 3222 1574 3050 2487 1792 3007 1330 2034 1115 2564 2096 1127 1432 1548 2685 2768 654 2223 719 1918 1782 2500 1806 2752 2707 854 2174 1027 1526 1727 2687 879 1682 1919 2976 987 2727 2129 423 2996 681 1109 1165 945 3172 973 710 2602 1925 740 2788 2016 1585 2277 2993 2590 2389 2558 1267 2906 2294 1083 3126 1843 1259 991 2459 2905 1492 2983 1674 1708 1751 3064 898 1723 2738 1000 719 3015 1074 2292 1192 2331 1176 1971 531 1969 468 1892 2367 2192 3026 902 2160 1341 1526 1336 2652 983 2742 1961 2290
1750 3191 2530 1373 360 2221 2815 2570 1775 2866 1060 1065 1786 2269 1267 3286 2491 3413 2170 2719 3344 1854 1655 636 2907 2674 2048 1757 1259 2402 2676 1664 2144 1203 1141 2516 2761 2491 2679 3128 1511 2949 708 1979 1322 2188 896 1825 2870 2856 1443 2341 1989 1355 3230 1544 2108 2176 955 3346 1207 1034 2998 1546 1564 2614 2309 2576 1435 2642 2425 1860 1770 1913 3248 2583 1457 3467 2373 2106 921 2051 2352 2484 2519 1420 2635 1375 2996 844 1241 2861 1945 1123 2455 762 2458 1219 2981 1272 2714 1442 2495 1475 1725 1527 1969 2972 1748 1655 446 2446 2243 2889 965 2475 2678 2811
2438 1733 2395 1367 2221 360 2274 2841 996 1743 1588 1526 884 3056 2702 2715 667 2284 2481 885 2267 978 2213 1946 1874 1248 632 1242 1873 2604 2480 1144 2054 1725 2465 828 1906 902 2449 1924 1073 1170 1922 1092 2050 2817 1842 1517 1061 2682 1191 2740 2052 1425 2354 1523 892 1005 1634 2566 1974 1592 1855 2144 1034 2580 1519 966 2812 2927 2412 2608 2996 807 2172 1715 1232 2372 1122 475 1984 2547 3055 918 3032 1898 810 2040 2705 1829 2108 2241 762 1465 3155 1828 1848 2195 1389 1486 989 1215 1210 1332 1931 2885 2174 2659 845 2413 2159 636 505 2055 1636 2635 999 1468
1678 1602 841 2731 2815 2274 360 1364 2653 1114 2679 2527 2512 1969 2516 853 2484 1236 1340 2585 1140 1816 1659 2671 988 1568 2454 1659 1918 1227 776 2731 1055 2997 2361 1961 799 1841 733 1223 2247 2133 2769 1622 1901 1720 2866 1426 2748 880 2105 1463 1223 2789 878 3040 2753 2881 2417 907 3223 2642 1129 1726 2405 970 1124 2854 2491 1416 982 1804 2400 1957 1094 935 2014 1231 1528 2266 3036 1539 1883 2823 1684 1763 2562 1846 821 2793 2003 456 2520 2489 1928 2520 806 3393 1780 2018 1994 2579 1479 2787 1463 2498 1304 773 2353 1815 2730 2484 2419 728 2375 1188 1921 1422
1074 2567 913 2907 2570 2841 1364 360 2997 2057 2733 2587 2879 1030 1932 1532 3115 2233 783 3273 2138 2245 1288 2538 1957 2391 2930 1995 1766 597 948 3021 1146 3061 1878 2678 1737 2563 991 2215 2513 2965 2670 2108 1633 853 2832 1701 3453 932 2326 599 1167 2949 1853 3227 3204 3333 2409 1789 3228 2687 2105 1402 2691 753 1776 3447 1838 448 821 1121 1620 2419 2098 1769 2227 2217 2229 2789 2975 880 921 3392 684 1613 3227 1587 1105 2748 1695 1461 2948 2575 939 2424 1512 3341 2672 2091 2774 2800 2239 2995 1376 1806 1078 1121 2721 1283 2496 3100 2973 1718 2363 572 2700 2311
2420 2341 2649 786 1775 996 2653 2997 360 2265 1078 1084 504 3055 2450 3131 1160 2835 2591 1372 2804 1196 2199 1505 2378 1825 729 1390 1749 2764 2763 511 2251 1120 2226 1451 2356 1500 2740 2480 850 1804 1437 1391 1938 2851 1304 1679 1493 2972 1042 2846 2192 830 2840 886 693 776 1263 3035 1357 1101 2390 2102 676 2816 1896 1163 2588 3085 2626 2582 2839 1066 2705 2150 1137 2918 1619 905 1416 2601 3082 1070 3121 1840 1288 1949 3034 1316 1960 2642 596 1037 3189 1432 2207 1577 2013 1333 1624 695 1735 717 1992 2674 2282 2992 659 2360 1733 1112 933 2510 1287 2812 1627 2036
2136 871 1503 2470 2866 1743 1114 2057 2265 360 2519 2383 2121 2575 2839 1414 1880 940 1899 1931 900 1501 2011 2655 506 886 1979 1486 2054 1871 1496 2379 1454 2796 2635 1332 683 1223 1453 622 1981 1405 2716 1313 2121 2309 2753 1417 2077 1632 1906 2094 1589 2533 980 2739 2269 2387 2343 1203 3046 2494 495 2030 2097 1676 924 2255 2862 2123 1611 2289 2865 1574 800 698 1842 1017 1006 1774 2926 2072 2512 2245 2357 1943 1926 2074 1568 2696 2225 1034 2078 2331 2577 2498 950 3247 1031 1961 1307 2300 896 2494 1715 2894 1722 1521 1983 2216 2781 1892 1883 762 2312 1855 1241 691
2012 2744 2525 675 1060 1588 2679 2733 1078 2519 360 512 1105 2622 1825 3171 1830 3096 2309 2055 3044 1390 1826 799 2596 2207 1379 1413 1334 2521 2661 963 2106 690 1625 1954 2502 1956 2650 2770 932 2369 719 1567 1498 2467 618 1612 2194 2864 973 2537 1990 668 2998 913 1410 1475 689 3156 904 407 2654 1713 914 2657 2016 1882 1980 2816 2458 2156 2273 1379 2943 2301 1045 3166 1929 1473 778 2257 2675 1789 2777 1480 1970 1530 2969 603 1476 2698 1264 551 2785 771 2256 1089 2476 1033 2149 752 2057 781 1735 2071 2032 2935 1102 1927 1026 1783 1584 2649 734 2584 2128 2383
1880 2625 2372 739 1065 1526 2527 2587 1084 2383 512 360 1081 2497 1750 3020 1787 2958 2164 2015 2904 1265 1688 790 2456 2090 1342 1269 1196 2374 2508 994 1954 842 1538 1862 2357 1855 2498 2637 833 2285 758 1434 1366 2334 731 1461 2164 2712 839 2395 1839 756 2852 1026 1416 1497 566 3007 1055 475 2518 1576 859 2506 1872 1876 1899 2672 2307 2028 2178 1272 2804 2157 903 3027 1806 1410 903 2118 2546 1785 2640 1336 1931 1395 2816 685 1353 2548 1239 421 2656 708 2107 1234 2369 881 2059 749 1933 848 1586 1988 1884 2782 1045 1798 1014 1741 1539 2503 606 2436 2033 2259
2328 2207 2519 849 1786 884 2512 2879 504 2121 1105 1081 360 2962 2407 2989 1088 2692 2478 1310 2661 1056 2103 1511 2234 1687 638 1260 1670 2645 2630 630 2125 1203 2178 1324 2212 1367 2606 2338 756 1694 1459 1250 1858 2751 1349 1552 1449 2839 946 2735 2072 904 2696 1010 725 838 1239 2891 1450 1120 2247 2011 604 2688 1754 1158 2540 2967 2500 2491 2776 922 2561 2007 1034 2775 1476 783 1477 2497 2984 1068 3014 1749 1226 1865 2898 1349 1888 2500 519 1027 3091 1420 2066 1671 1885 1251 1503 714 1592 808 1882 2623 2168 2855 522 2273 1736 1041 847 2366 1256 2691 1502 1896
874 3082 1487 2861 2269 3056 1969 1030 3055 2575 2622 2497 2962 360 1456 2198 3355 2844 1037 3544 2749 2437 1219 2320 2500 2807 3080 2174 1676 1101 1571 3041 1506 2927 1494 3004 2275 2901 1609 2771 2568 3354 2461 2356 1494 627 2651 1914 3728 1597 2376 866 1421 2890 2480 3163 3318 3439 2295 2441 3043 2574 2648 1312 2739 1382 2170 3643 1318 1034 1351 833 1022 2610 2697 2252 2288 2839 2585 2980 2764 890 481 3573 747 1574 3485 1473 1773 2568 1505 2064 3065 2504 554 2245 1988 3111 3120 2083 3137 2794 2629 2962 1485 1259 1280 1786 2819 1061 2212 3330 3171 2292 2251 1148 3066 2775
1125 3277 2104 2126 1267 2702 2516 1932 2450 2839 1825 1750 2407 1456 360 2913 3005 3292 1622 3228 3207 2156 1220 1418 2828 2839 2616 1942 1224 1838 2242 2380 1833 2064 597 2845 2629 2778 2261 3090 2034 3268 1551 2185 1094 1464 1756 1831 3402 2371 1877 1693 1666 2131 3012 2372 2769 2866 1552 3062 2108 1783 2954 1174 2162 2114 2292 3193 528 1983 1967 1173 869 2287 3125 2507 1829 3322 2547 2597 1820 1440 1561 3107 1781 1279 3151 1133 2539 1683 1000 2590 2550 1784 1650 1414 2296 2124 3173 1576 3026 2127 2642 2235 1485 620 1572 2530 2309 1070 1238 2968 2773 2716 1524 1913 2970 2905
2040 1807 1168 3222 3286 2715 853 1532 3131 1414 3171 3020 2989 2198 2913 360 2899 1230 1668 2975 1148 2296 2076 3153 1268 1930 2913 2150 2386 1489 1034 3215 1504 3490 2780 2359 1172 2242 1012 1403 2736 2457 3255 2099 2351 1984 3357 1919 3127 961 2597 1707 1666 3280 859 3529 3212 3339 2907 675 3715 3134 1367 2158 2892 1192 1594 3274 2865 1550 1308 2145 2725 2429 1166 1360 2506 1174 1955 2718 3526 1866 2093 3252 1850 2227 2962 2296 786 3282 2449 848 2987 2982 2108 3005 1291 3885 2071 2509 2357 3069 1883 3276 1923 2859 1720 772 2831 2202 3201 2905 2860 1031 2865 1426 2289 1745
2740 1764 2648 1574 2491 667 2484 3115 1160 1880 1830 1787 1088 3355 3005 2899 360 2377 2767 589 2375 1279 2516 2214 2020 1356 810 1541 2180 2879 2724 1310 2328 1919 2768 907 2087 1019 2690 2022 1357 1080 2178 1372 2357 3112 2077 1807 756 2920 1490 3025 2337 1625 2500 1666 924 989 1913 2721 2156 1840 1976 2449 1287 2836 1752 736 3117 3201 2676 2910 3303 1111 2286 1912 1536 2469 1316 768 2205 2842 3350 730 3318 2205 507 2347 2929 2073 2415 2441 934 1728 3449 2105 2076 2376 1398 1790 985 1441 1375 1517 2230 3191 2464 2882 1102 2718 2433 407 607 2229 1919 2907 1028 1571
2510 1037 1716 3050 3413 2284 1236 2233 2835 940 3096 2958 2692 2844 3292 1230 2377 360 2201 2386 455 2081 2437 3214 866 1396 2533 2055 2566 2103 1646 2953 1831 3375 3107 1839 1028 1744 1605 719 2561 1779 3282 1892 2606 2592 3327 1948 2506 1698 2483 2339 1991 3113 752 3316 2815 2928 2909 919 3625 3070 807 2478 2676 1841 1465 2745 3292 2278 1854 2648 3242 2151 528 1189 2416 454 1577 2327 3500 2395 2759 2747 2556 2437 2397 2554 1566 3268 2711 1140 2639 2907 2803 3057 1359 3825 1381 2520 1762 2880 1459 3072 2174 3312 2105 1529 2557 2622 3327 2397 2417 940 2876 2064 1710 1176
737 2406 871 2487 2170 2481 1340 783 2591 1899 2309 2164 2478 1037 1622 1668 2767 2201 360 2940 2107 1870 876 2123 1829 2140 2548 1612 1344 592 994 2608 836 2638 1524 2370 1605 2261 1020 2102 2104 2698 2253 1754 1219 770 2411 1325 3123 1109 1914 620 789 2528 1858 2806 2813 2940 1987 1858 2807 2264 1976 988 2282 852 1504 3083 1560 867 725 837 1425 2046 2046 1575 1817 2206 1935 2419 2557 560 985 3022 911 1190 2888 1171 1278 2327 1289 1429 2556 2153 1068 2005 1311 2924 2448 1670 2489 2383 1968 2576 961 1551 671 1272 2323 921 2094 2748 2607 1634 1940 666 2416 2100
2937 1740 2787 1792 2719 885 2585 3273 1372 1931 2055 2015 1310 3544 3228 2975 589 2386 2940 360 2395 1479 2715 2443 2076 1406 1035 1738 2395 3040 2853 1520 2490 2132 2991 984 2170 1104 2817 2042 1585 1002 2405 1549 2570 3297 2300 1991 544 3043 1715 3196 2511 1841 2549 1862 1103 1140 2142 2774 2363 2067 2013 2652 1515 2977 1881 757 3337 3358 2826 3107 3516 1318 2312 2010 1758 2480 1429 993 2424 3025 3534 803 3490 2413 444 2557 3039 2298 2631 2533 1154 1956 3631 2334 2197 2581 1373 2012 989 1665 1466 1730 2421 3410 2642 2991 1331 2921 2662 633 836 2304 2148 3062 1051 1607
2418 1072 1621 3007 3344 2267 1140 2138 2804 900 3044 2904 2661 2749 3207 1148 2375 455 2107 2395 360 2036 2350 3150 807 1384 2512 1997 2490 2008 1550 2919 1742 3328 3024 1832 949 1733 1509 713 2516 1801 3221 1844 2525 2497 3271 1879 2521 1603 2431 2243 1904 3070 661 3279 2797 2913 2849 843 3576 3016 774 2393 2636 1746 1401 2746 3204 2183 1759 2555 3150 2114 461 1121 2361 483 1545 2306 3445 2302 2664 2745 2460 2358 2402 2473 1474 3210 2630 1045 2614 2853 2707 2993 1276 3773 1401 2456 1767 2838 1431 3033 2091 3222 2016 1436 2523 2533 3258 2393 2403 851 2815 1969 1711 1165
1821 1721 1839 1330 1854 978 1816 2245 1196 1501 1390 1265 1056 2437 2156 2296 1279 2081 1870 1479 2036 360 1597 1604 1593 1189 1047 623 1298 2007 1943 1280 1466 1654 1919 1055 1537 1006 1917 1745 839 1487 1633 559 1462 2198 1635 906 1662 2151 788 2130 1444 1393 2031 1614 1332 1463 1272 2215 1906 1370 1635 1533 967 2016 1064 1573 2248 2332 1835 1991 2403 535 1935 1330 757 2156 901 909 1805 1930 2436 1512 2420 1298 1413 1445 2203 1588 1533 1807 1083 1207 2537 1455 1370 2110 1486 975 1244 1163 1028 1363 1312 2315 1561 2160 896 1801 1777 1253 1098 1691 1253 2045 1198 1354
586 2479 1276 2034 1655 2213 1659 1288 2199 2011 1826 1688 2103 1219 1220 2076 2516 2437 876 2715 2350 1597 360 1610 1985 2098 2223 1337 852 1107 1420 2192 972 2149 1065 2214 1779 2122 1432 2254 1710 2601 1742 1544 705 1015 1908 1111 2899 1580 1518 1075 806 2069 2151 2346 2459 2580 1498 2206 2305 1779 2118 474 1883 1329 1494 2790 1216 1366 1152 755 1232 1765 2271 1673 1429 2463 1835 2131 2048 791 1242 2719 1311 722 2651 661 1734 1823 773 1730 2206 1685 1350 1497 1446 2414 2431 1233 2368 1951 1906 2130 680 1243 717 1717 1960 578 1578 2489 2322 1858 1452 1179 2302 2123
1751 2955 2430 1115 636 1946 2671 2538 1505 2655 799 790 1511 2320 1418 3153 2214 3214 2123 2443 3150 1604 1610 360 2707 2430 1772 1532 1153 2350 2574 1399 2026 1006 1242 2252 2576 2231 2572 2916 1238 2683 501 1741 1265 2203 701 1639 2594 2765 1183 2320 1882 1104 3057 1321 1838 1911 692 3187 1083 767 2789 1496 1288 2534 2108 2304 1580 2616 2338 1878 1894 1650 3052 2389 1208 3273 2133 1831 805 2031 2390 2211 2528 1317 2359 1311 2893 625 1208 2708 1669 847 2497 516 2288 1165 2730 1054 2450 1171 2257 1220 1615 1672 1887 2865 1472 1657 588 2169 1967 2711 711 2420 2417 2578
2091 975 1405 2564 2907 1874 988 1957 2378 506 2596 2456 2234 2500 2828 1268 2020 866 1829 2076 807 1593 1985 2707 360 1030 2103 1550 2071 1782 1384 2487 1404 2882 2632 1473 584 1361 1340 633 2071 1550 2776 1398 2123 2237 2823 1445 2223 1508 1983 2010 1550 2626 841 2841 2396 2516 2403 1060 3129 2569 509 2014 2196 1569 959 2396 2841 2019 1522 2240 2824 1679 707 688 1913 930 1124 1899 2997 2010 2431 2383 2264 1949 2070 2074 1434 2763 2227 902 2198 2406 2491 2550 901 3325 1172 2013 1453 2396 1024 2593 1702 2868 1677 1387 2091 2183 2822 2031 2015 625 2370 1760 1386 837
2278 896 1855 2096 2674 1248 1568 2391 1825 886 2207 2090 1687 2807 2839 1930 1356 1396 2140 1406 1384 1189 2098 2430 1030 360 1504 1294 1987 2175 1890 1955 1664 2444 2613 809 1136 708 1849 1037 1638 937 2463 1057 2105 2541 2458 1371 1556 2060 1618 2373 1750 2159 1507 2330 1780 1892 2100 1730 2700 2192 980 2082 1715 2043 996 1731 2896 2468 1929 2443 2970 1193 1292 1006 1582 1486 662 1299 2626 2279 2766 1723 2658 1920 1399 2069 2029 2415 2198 1506 1616 2032 2847 2279 1242 2912 695 1768 788 1924 556 2099 1779 2945 1893 1981 1569 2316 2594 1371 1381 1261 2079 2179 718 580
2450 2001 2523 1127 2048 632 2454 2930 729 1979 1379 1342 638 3080 2616 2913 810 2533 2548 1035 2512 1047 2223 1772 2103 1504 360 1296 1830 2693 2621 880 2154 1478 2382 1098 2113 1163 2593 2174 942 1435 1729 1211 2015 2854 1626 1589 1182 2827 1106 2808 2126 1180 2578 1255 658 787 1481 2785 1721 1391 2097 2141 844 2702 1690 940 2739 3018 2523 2618 2953 877 2414 1914 1174 2620 1340 565 1756 2591 3091 860 3095 1884 951 2014 2867 1623 2059 2430 493 1284 3195 1670 2015 1942 1661 1418 1261 990 1442 1078 1969 2818 2237 2823 669 2410 1993 763 569 2265 1492 2732 1271 1721
1559 1797 1619 1432 1757 1242 1659 1995 1390 1486 1413 1269 1260 2174 1942 2150 1541 2055 1612 1738 1997 623 1337 1532 1550 1294 1296 360 1078 1758 1733 1447 1227 1715 1708 1268 1449 1196 1711 1745 949 1686 1590 605 1226 1935 1634 655 1921 1943 810 1872 1190 1490 1945 1740 1569 1699 1217 2108 1954 1383 1621 1277 1114 1788 963 1835 2022 2083 1601 1729 2158 797 1897 1248 728 2120 991 1170 1808 1667 2173 1771 2161 1053 1674 1203 2011 1573 1306 1666 1314 1221 2274 1376 1220 2142 1618 844 1444 1280 1106 1487 1049 2084 1302 1971 1098 1544 1674 1516 1361 1596 1186 1800 1388 1415
1049 2452 1640 1548 1259 1873 1918 1766 1749 2054 1334 1196 1670 1676 1224 2386 2180 2566 1344 2395 2490 1298 852 1153 2071 1987 1830 1078 360 1565 1785 1726 1245 1658 990 1983 1901 1914 1785 2315 1273 2404 1276 1322 548 1499 1427 1001 2574 1972 1089 1563 1093 1580 2350 1857 2034 2148 1007 2453 1822 1288 2180 739 1435 1740 1490 2409 1310 1847 1545 1203 1485 1440 2398 1742 1016 2611 1691 1776 1576 1283 1717 2330 1803 524 2323 563 2104 1343 595 1967 1790 1195 1826 1024 1582 1944 2320 779 2162 1478 1792 1647 827 1377 1093 2078 1541 976 1175 2146 1961 2017 960 1633 2106 2073
954 2382 747 2685 2402 2604 1227 597 2764 1871 2521 2374 2645 1101 1838 1489 2879 2103 592 3040 2008 2007 1107 2350 1782 2175 2693 1758 1565 360 833 2790 910 2851 1751 2448 1558 2334 869 2048 2282 2746 2478 1872 1447 861 2632 1464 3220 904 2096 595 932 2729 1739 3005 2968 3097 2202 1709 3026 2476 1931 1217 2460 656 1552 3210 1766 685 620 1034 1597 2182 1958 1567 1997 2097 2002 2551 2781 758 1016 3154 847 1407 2993 1399 1079 2549 1520 1323 2712 2359 1069 2228 1306 3148 2466 1870 2550 2574 2017 2770 1152 1748 852 1081 2486 1148 2325 2864 2736 1559 2155 435 2476 2107
1366 1999 506 2768 2676 2480 776 948 2763 1496 2661 2508 2630 1571 2242 1034 2724 1646 994 2853 1550 1943 1420 2574 1384 1890 2621 1733 1785 833 360 2818 915 2990 2118 2235 1173 2115 404 1634 2312 2467 2689 1769 1720 1334 2815 1452 3026 569 2144 1065 1052 2820 1271 3087 2913 3044 2366 1235 3195 2619 1531 1511 2483 555 1333 3081 2191 1001 635 1471 2056 2105 1510 1245 2046 1633 1784 2451 2977 1193 1478 3038 1270 1621 2819 1665 679 2736 1812 873 2666 2481 1517 2435 1018 3344 2141 1987 2300 2632 1765 2838 1319 2185 1072 657 2467 1531 2594 2717 2622 1136 2321 783 2226 1777
2408 2477 2699 654 1664 1144 2731 3021 511 2379 963 994 630 3041 2380 3215 1310 2953 2608 1520 2919 1280 2192 1399 2487 1955 880 1447 1726 2790 2818 360 2293 971 2162 1593 2453 1638 2797 2601 870 1954 1320 1478 1912 2848 1173 1727 1637 3028 1054 2859 2222 690 2942 740 816 872 1188 3132 1205 992 2507 2090 695 2861 1984 1292 2525 3108 2667 2567 2789 1168 2819 2247 1153 3035 1736 1049 1275 2605 3074 1199 3128 1830 1437 1928 3098 1192 1924 2726 747 955 3183 1341 2286 1425 2155 1319 1770 615 1855 571 2007 2612 2303 3058 756 2341 1627 1263 1085 2607 1217 2842 1771 2163
1047 1951 778 2223 2144 2054 1055 1146 2251 1454 2106 1954 2125 1506 1833 1504 2328 1831 836 2490 1742 1466 972 2026 1404 1664 2154 1227 1245 910 915 2293 360 2436 1668 1905 1186 1793 908 1677 1783 2223 2137 1322 1209 1239 2260 933 2671 1118 1607 1077 528 2273 1539 2544 2434 2564 1811 1602 2639 2064 1545 1032 1959 927 1028 2661 1822 1233 734 1196 1781 1639 1667 1119 1508 1854 1464 2005 2423 985 1461 2607 1368 1084 2442 1154 1229 2181 1309 1121 2181 1928 1543 1884 864 2789 1974 1433 2016 2095 1493 2298 778 1840 635 1199 1964 1150 2060 2313 2188 1251 1766 941 1943 1630
2327 2980 2854 719 1203 1725 2997 3061 1120 2796 690 842 1203 2927 2064 3490 1919 3375 2638 2132 3328 1654 2149 1006 2882 2444 1478 1715 1658 2851 2990 971 2436 360 1885 2141 2801 2162 2979 3040 1176 2533 874 1843 1815 2783 670 1932 2247 3194 1265 2862 2321 659 3298 713 1417 1445 1011 3463 616 735 2929 2035 1091 2988 2315 1890 2226 3144 2789 2467 2538 1611 3227 2597 1348 3449 2182 1618 690 2580 2986 1798 3097 1807 2048 1850 3297 740 1785 3013 1348 870 3095 1044 2569 833 2687 1362 2330 885 2309 762 2066 2318 2362 3262 1261 2239 1201 1872 1687 2951 1058 2914 2319 2633
1045 3062 1976 1918 1141 2465 2361 1878 2226 2635 1625 1538 2178 1494 597 2780 2768 3107 1524 2991 3024 1919 1065 1242 2632 2613 2382 1708 990 1751 2118 2162 1668 1885 360 2610 2441 2544 2133 2890 1801 3034 1381 1952 876 1444 1584 1610 3165 2265 1641 1639 1499 1927 2844 2177 2542 2641 1336 2909 1955 1581 2754 996 1933 2009 2081 2960 722 1939 1846 1124 1012 2050 2940 2307 1592 3142 2319 2360 1668 1363 1584 2875 1774 1059 2914 921 2427 1506 776 2429 2319 1568 1684 1215 2108 1996 2947 1338 2791 1908 2417 2026 1293 809 1422 2413 2076 963 1093 2731 2537 2536 1304 1827 2737 2686
2423 1265 2176 1782 2516 828 1961 2678 1451 1332 1954 1862 1324 3004 2845 2359 907 1839 2370 984 1832 1055 2214 2252 1473 809 1098 1268 1983 2448 2235 1593 1905 2141 2610 360 1550 480 2198 1482 1388 795 2256 1035 2135 2747 2212 1463 1152 2422 1434 2620 1948 1844 1953 1974 1354 1457 1922 2174 2395 1948 1429 2170 1414 2366 1269 1283 2930 2760 2224 2592 3060 964 1741 1386 1433 1931 812 905 2368 2476 2981 1274 2913 1960 963 2110 2415 2183 2214 1911 1224 1800 3073 2114 1577 2615 923 1667 557 1617 842 1764 1901 2992 2086 2367 1240 2429 2444 921 947 1688 1912 2465 538 1027
1874 1189 1184 2500 2761 1906 799 1737 2356 683 2502 2357 2212 2275 2629 1172 2087 1028 1605 2170 949 1537 1779 2576 584 1136 2113 1449 1901 1558 1173 2453 1186 2801 2441 1550 360 1432 1129 857 2005 1695 2654 1338 1938 2012 2718 1298 2328 1313 1896 1786 1338 2561 857 2791 2411 2536 2285 1039 3042 2471 733 1814 2145 1353 846 2462 2635 1802 1298 2020 2607 1649 860 566 1817 1070 1144 1914 2891 1787 2206 2440 2041 1770 2154 1887 1260 2653 2043 730 2195 2310 2267 2420 693 3231 1341 1886 1565 2337 1072 2539 1507 2659 1461 1212 2060 1972 2675 2093 2050 514 2248 1539 1493 982
2327 1201 2057 1806 2491 902 1841 2563 1500 1223 1956 1855 1367 2901 2778 2242 1019 1744 2261 1104 1733 1006 2122 2231 1361 708 1163 1196 1914 2334 2115 1638 1793 2162 2544 480 1432 360 2078 1386 1385 850 2244 955 2060 2642 2213 1371 1272 2302 1409 2510 1842 1869 1842 2017 1434 1544 1900 2062 2418 1947 1325 2084 1431 2247 1151 1395 2857 2645 2107 2496 2976 944 1640 1266 1397 1835 694 961 2374 2372 2876 1382 2802 1882 1082 2033 2294 2179 2142 1791 1282 1794 2966 2089 1457 2635 884 1620 608 1637 722 1797 1807 2917 1981 2246 1267 2339 2416 1029 1032 1571 1886 2350 553 929
1388 1955 517 2752 2679 2449 733 991 2740 1453 2650 2498 2606 1609 2261 1012 2690 1605 1020 2817 1509 1917 1432 2572 1340 1849 2593 1711 1785 869 404 2797 908 2979 2133 2198 1129 2078 360 1590 2292 2426 2685 1741 1726 1369 2808 1433 2989 594 2127 1102 1051 2804 1232 3070 2886 3016 2359 1202 3186 2609 1487 1520 2463 597 1298 3048 2213 1044 656 1497 2085 2078 1467 1204 2029 1593 1747 2421 2971 1221 1518 3007 1312 1621 2784 1671 681 2729 1819 830 2639 2469 1558 2431 980 3337 2098 1977 2261 2615 1726 2821 1318 2209 1081 653 2443 1550 2596 2683 2591 1092 2314 821 2186 1735
2364 764 1666 2707 3128 1924 1223 2215 2480 622 2770 2637 2338 2771 3090 1403 2022 719 2102 2042 713 1745 2254 2916 633 1037 2174 1745 2315 2048 1634 2601 1677 3040 2890 1482 857 1386 1590 360 2224 1455 2975 1563 2378 2508 3007 1679 2170 1738 2158 2278 1822 2771 912 2967 2456 2569 2602 1135 3292 2746 496 2278 2331 1824 1186 2393 3108 2273 1788 2513 3097 1804 632 943 2097 808 1227 1968 3180 2283 2700 2393 2526 2201 2049 2330 1643 2952 2482 1130 2282 2583 2757 2759 1174 3495 1056 2222 1413 2537 1106 2726 1965 3137 1950 1599 2206 2454 3043 2041 2058 858 2571 2023 1358 817
1933 2175 2191 854 1511 1073 2247 2513 850 1981 932 833 756 2568 2034 2736 1357 2561 2104 1585 2516 839 1710 1238 2071 1638 942 949 1273 2282 2312 870 1783 1176 1801 1388 2005 1385 2292 2224 360 1812 1229 1033 1462 2362 1188 1219 1748 2521 552 2357 1712 916 2502 1153 1120 1235 920 2678 1429 922 2114 1616 537 2351 1523 1519 2159 2601 2157 2096 2385 807 2415 1799 647 2636 1367 958 1351 2111 2593 1434 2631 1354 1504 1468 2598 1155 1494 2250 881 771 2700 1115 1805 1637 1903 854 1586 693 1495 899 1504 2240 1796 2558 635 1877 1447 1314 1113 2158 923 2333 1560 1820
2798 1112 2433 2174 2949 1170 2133 2965 1804 1405 2369 2285 1694 3354 3268 2457 1080 1779 2698 1002 1801 1487 2601 2683 1550 937 1435 1686 2404 2746 2467 1954 2223 2533 3034 795 1695 850 2426 1455 1812 360 2682 1445 2549 3091 2627 1850 1093 2633 1868 2938 2293 2233 1994 2330 1631 1707 2354 2220 2783 2367 1455 2567 1820 2621 1556 1394 3347 3043 2504 2966 3460 1398 1727 1582 1868 1873 1131 1274 2778 2824 3321 1424 3226 2371 1039 2522 2594 2603 2632 2064 1568 2224 3406 2547 1820 3004 759 2101 602 2015 1090 2142 2282 3406 2434 2547 1637 2818 2878 1118 1241 1804 2345 2752 660 1076
1889 2993 2546 1027 708 1922 2769 2670 1437 2716 719 758 1459 2461 1551 3255 2178 3282 2253 2405 3221 1633 1742 501 2776 2463 1729 1590 1276 2478 2689 1320 2137 874 1381 2256 2654 2244 2685 2975 1229 2682 360 1785 1398 2342 565 1723 2548 2883 1205 2455 1999 1007 3140 1202 1769 1832 733 3278 941 699 2851 1628 1252 2655 2179 2241 1715 2749 2459 2018 2032 1660 3122 2462 1245 3344 2171 1807 666 2166 2530 2148 2666 1439 2320 1442 3006 498 1345 2803 1619 819 2638 614 2376 1031 2752 1127 2454 1109 2296 1128 1732 1807 2010 2977 1440 1795 690 2131 1930 2792 766 2547 2425 2621
1758 1573 1673 1526 1979 1092 1622 2108 1391 1313 1567 1434 1250 2356 2185 2099 1372 1892 1754 1549 1844 559 1544 1741 1398 1057 1211 605 1322 1872 1769 1478 1322 1843 1952 1035 1338 955 1741 1563 1033 1445 1785 360 1464 2107 1805 802 1733 1976 954 2013 1325 1589 1832 1813 1505 1635 1416 2015 2092 1543 1448 1496 1166 1855 865 1698 2262 2195 1682 1928 2385 698 1743 1131 899 1965 755 1046 1977 1835 2344 1645 2306 1287 1494 1438 2019 1752 1548 1611 1262 1380 2441 1588 1177 2293 1377 1071 1204 1360 876 1562 1237 2321 1453 1976 1092 1757 1898 1354 1226 1492 1391 1903 1145 1196
874 2546 1574 1727 1322 2050 1901 1633 1938 2121 1498 1366 1858 1494 1094 2351 2357 2606 1219 2570 2525 1462 705 1265 2123 2105 2015 1226 548 1447 1720 1912 1209 1815 876 2135 1938 2060 1726 2378 1462 2549 1398 1464 360 1329 1565 1096 2750 1895 1276 1418 1044 1756 2362 2031 2222 2337 1169 2446 1963 1450 2242 590 1624 1651 1565 2594 1157 1711 1464 1022 1306 1612 2438 1796 1201 2644 1816 1955 1703 1130 1540 2516 1642 544 2499 415 2039 1481 465 1960 1978 1370 1649 1154 1608 2069 2439 967 2309 1662 1909 1828 800 1217 1009 2017 1729 793 1242 2324 2142 2041 1124 1519 2250 2172
695 2816 1238 2687 2188 2817 1720 853 2851 2309 2467 2334 2751 627 1464 1984 3112 2592 770 3297 2497 2198 1015 2203 2237 2541 2854 1935 1499 861 1334 2848 1239 2783 1444 2747 2012 2642 1369 2508 2362 3091 2342 2107 1329 360 2523 1665 3480 1387 2169 637 1160 2720 2235 2997 3102 3225 2138 2210 2919 2420 2384 1121 2536 1154 1904 3409 1355 888 1097 688 1126 2372 2442 1985 2077 2591 2323 2745 2649 631 598 3343 691 1377 3239 1298 1565 2438 1360 1813 2846 2334 700 2111 1722 3006 2854 1888 2876 2607 2364 2784 1247 1317 1020 1572 2604 907 2123 3089 2936 2033 2093 918 2804 2508
2068 2994 2675 879 896 1842 2866 2832 1304 2753 618 731 1349 2651 1756 3357 2077 3327 2411 2300 3271 1635 1908 701 2823 2458 1626 1634 1427 2632 2815 1173 2260 670 1584 2212 2718 2213 2808 3007 1188 2627 565 1805 1565 2523 360 1804 2433 3013 1210 2623 2130 846 3210 1009 1629 1680 810 3359 757 627 2888 1793 1170 2794 2235 2105 1920 2912 2595 2201 2236 1634 3171 2520 1271 3394 2176 1728 533 2336 2717 2012 2844 1585 2215 1606 3129 444 1522 2892 1506 787 2825 772 2456 889 2731 1207 2407 995 2303 968 1866 2012 2154 3098 1358 1976 890 2030 1833 2861 854 2699 2386 2630
1319 1813 1332 1682 1825 1517 1426 1701 1679 1417 1612 1461 1552 1914 1831 1919 1807 1948 1325 1991 1879 906 1111 1639 1445 1371 1589 655 1001 1464 1452 1727 933 1932 1610 1463 1298 1371 1433 1679 1219 1850 1723 802 1096 1665 1804 360 2175 1662 1055 1585 898 1736 1778 1998 1865 1994 1360 1916 2156 1575 1545 1078 1392 1497 852 2118 1884 1789 1307 1489 1971 1082 1783 1119 958 2002 1091 1454 1976 1395 1903 2057 1876 912 1933 1058 1742 1734 1194 1448 1610 1423 2002 1484 1013 2329 1706 958 1617 1541 1175 1748 798 1934 1017 1704 1391 1328 1739 1786 1642 1431 1320 1504 1551 1436
3120 1844 2964 1919 2870 1061 2748 3453 1493 2077 2194 2164 1449 3728 3402 3127 756 2506 3123 544 2521 1662 2899 2594 2223 1556 1182 1921 2574 3220 3026 1637 2671 2247 3165 1152 2328 1272 2989 2170 1748 1093 2548 1733 2750 3480 2433 2175 360 3214 1886 3379 2695 1964 2690 1959 1196 1206 2300 2915 2470 2209 2150 2835 1666 3153 2057 765 3513 3538 3005 3290 3696 1500 2441 2174 1933 2600 1602 1164 2550 3209 3718 841 3672 2595 611 2738 3205 2437 2810 2694 1289 2107 3815 2490 2369 2685 1484 2186 1130 1802 1631 1848 2605 3587 2826 3157 1486 3104 2815 795 995 2457 2309 3242 1197 1748
1486 2121 699 2976 2856 2682 880 932 2972 1632 2864 2712 2839 1597 2371 961 2920 1698 1109 3043 1603 2151 1580 2765 1508 2060 2827 1943 1972 904 569 3028 1118 3194 2265 2422 1313 2302 594 1738 2521 2633 2883 1976 1895 1387 3013 1662 3214 360 2353 1110 1244 3027 1308 3295 3120 3251 2566 1221 3395 2822 1648 1678 2693 617 1528 3280 2306 957 791 1576 2140 2312 1579 1413 2255 1670 1973 2655 3174 1297 1492 3239 1253 1808 3012 1841 537 2933 1983 968 2874 2686 1511 2628 1205 3541 2293 2191 2477 2841 1946 3047 1510 2292 1246 549 2677 1667 2775 2915 2824 1247 2520 835 2403 1931
1741 2150 2019 987 1443 1191 2105 2326 1042 1906 973 839 946 2376 1877 2597 1490 2483 1914 1715 2431 788 1518 1183 1983 1618 1106 810 1089 2096 2144 1054 1607 1265 1641 1434 1896 1409 2127 2158 552 1868 1205 954 1276 2169 1210 1055 1886 2353 360 2166 1528 1044 2393 1303 1307 1424 850 2559 1507 948 2041 1424 728 2174 1409 1686 1995 2413 1979 1905 2208 830 2330 1692 459 2553 1328 1082 1382 1919 2400 1604 2440 1162 1637 1280 2437 1160 1314 2115 1061 785 2508 1040 1670 1702 1909 672 1631 848 1455 1053 1313 2073 1608 2399 812 1687 1370 1451 1255 2045 837 2148 1595 1781
837 2605 982 2727 2341 2740 1463 599 2846 2094 2537 2395 2735 866 1693 1707 3025 2339 620 3196 2243 2130 1075 2320 2010 2373 2808 1872 1563 595 1065 2859 1077 2862 1639 2620 1786 2510 1102 2278 2357 2938 2455 2013 1418 637 2623 1585 3379 1110 2166 360 1048 2766 1974 3045 3071 3198 2210 1938 3020 2490 2159 1189 2535 879 1741 3343 1601 661 850 881 1398 2306 2193 1783 2070 2333 2181 2679 2761 650 782 3282 653 1418 3145 1376 1287 2538 1473 1558 2815 2387 842 2212 1519 3125 2673 1913 2734 2630 2207 2819 1213 1573 930 1295 2580 1049 2269 3007 2867 1792 2164 644 2660 2318
908 2075 907 2129 1989 2052 1223 1167 2192 1589 1990 1839 2072 1421 1666 1666 2337 1991 789 2511 1904 1444 806 1882 1550 1750 2126 1190 1093 932 1052 2222 528 2321 1499 1948 1338 1842 1051 1822 1712 2293 1999 1325 1044 1160 2130 898 2695 1244 1528 1048 360 2176 1706 2451 2397 2526 1685 1770 2515 1947 1688 863 1889 1026 1116 2655 1660 1255 827 1065 1636 1620 1826 1250 1428 2017 1523 1992 2290 891 1393 2596 1340 930 2459 989 1371 2049 1143 1289 2141 1818 1484 1744 1008 2657 2071 1323 2076 2010 1568 2210 627 1681 502 1345 1914 994 1905 2318 2180 1412 1639 980 2004 1739
2269 2693 2690 423 1355 1425 2789 2949 830 2533 668 756 904 2890 2131 3280 1625 3113 2528 1841 3070 1393 2069 1104 2626 2159 1180 1490 1580 2729 2820 690 2273 659 1927 1844 2561 1869 2804 2771 916 2233 1007 1589 1756 2720 846 1736 1964 3027 1044 2766 2176 360 3058 638 1146 1193 963 3232 911 708 2665 1959 804 2837 2077 1622 2285 3035 2639 2419 2571 1331 2969 2355 1138 3189 1907 1318 946 2496 2936 1529 3020 1711 1757 1782 3117 874 1748 2797 1052 746 3046 1077 2351 1131 2393 1219 2031 595 2032 482 1936 2375 2236 3080 964 2190 1328 1577 1389 2713 1003 2787 2023 2354
2191 1313 1357 2996 3230 2354 878 1853 2840 980 2998 2852 2696 2480 3012 859 2500 752 1858 2549 661 2031 2151 3057 841 1507 2578 1945 2350 1739 1271 2942 1539 3298 2844 1953 857 1842 1232 912 2502 1994 3140 1832 2362 2235 3210 1778 2690 1308 2393 1974 1706 3058 360 3285 2873 2994 2774 586 3539 2966 900 2208 2639 1465 1343 2876 2996 1894 1500 2320 2917 2135 666 1062 2313 723 1598 2375 3384 2057 2390 2864 2177 2207 2546 2308 1173 3144 2466 790 2669 2806 2428 2902 1132 3726 1599 2373 1921 2832 1503 3034 1921 3007 1804 1136 2547 2320 3144 2512 2496 709 2736 1694 1858 1302
2545 2856 2959 681 1544 1523 3040 3227 886 2739 913 1026 1010 3163 2372 3529 1666 3316 2806 1862 3279 1614 2346 1321 2841 2330 1255 1740 1857 3005 3087 740 2544 713 2177 1974 2791 2017 3070 2967 1153 2330 1202 1813 2031 2997 1009 1998 1959 3295 1303 3045 2451 638 3285 360 1123 1126 1230 3467 881 959 2869 2236 1006 3109 2312 1581 2529 3313 2911 2694 2826 1525 3178 2584 1400 3396 2100 1430 1043 2774 3212 1491 3298 1989 1781 2059 3381 1064 2020 3043 1122 1022 3321 1322 2598 1088 2535 1496 2150 820 2222 613 2212 2621 2513 3342 1122 2465 1533 1619 1454 2945 1273 3063 2152 2535
2684 2258 2811 1109 2108 892 2753 3204 693 2269 1410 1416 725 3318 2769 3212 924 2815 2813 1103 2797 1332 2459 1838 2396 1780 658 1569 2034 2968 2913 816 2434 1417 2542 1354 2411 1434 2886 2456 1120 1631 1769 1505 2222 3102 1629 1865 1196 3120 1307 3071 2397 1146 2873 1123 360 490 1590 3081 1634 1434 2384 2369 969 2988 1988 836 2904 3292 2806 2849 3142 1167 2701 2213 1390 2904 1634 857 1729 2843 3336 743 3355 2108 1024 2228 3163 1645 2254 2729 616 1368 3442 1763 2313 1848 1905 1615 1493 1028 1733 1025 2223 2987 2501 3119 858 2633 2066 880 767 2563 1611 3009 1516 2000
2805 2358 2942 1165 2176 1005 2881 3333 776 2387 1475 1497 838 3439 2866 3339 989 2928 2940 1140 2913 1463 2580 1911 2516 1892 787 1699 2148 3097 3044 872 2564 1445 2641 1457 2536 1544 3016 2569 1235 1707 1832 1635 2337 3225 1680 1994 1206 3251 1424 3198 2526 1193 2994 1126 490 360 1680 3204 1646 1504 2500 2488 1075 3119 2117 815 3004 3421 2937 2969 3250 1298 2817 2339 1511 3017 1757 981 1767 2968 3459 728 3481 2227 1068 2344 3293 1704 2365 2857 744 1452 3565 1845 2442 1854 2000 1729 1586 1107 1852 1071 2349 3089 2629 3249 981 2752 2139 949 871 2687 1704 3139 1614 2112
1683 2627 2227 945 955 1634 2417 2409 1263 2343 689 566 1239 2295 1552 2907 1913 2909 1987 2142 2849 1272 1498 692 2403 2100 1481 1217 1007 2202 2366 1188 1811 1011 1336 1922 2285 1900 2359 2602 920 2354 733 1416 1169 2138 810 1360 2300 2566 850 2210 1685 963 2774 1230 1590 1680 360 2916 1190 641 2478 1385 1000 2350 1808 2037 1698 2492 2151 1828 1972 1319 2750 2091 878 2972 1805 1519 978 1929 2347 1947 2448 1156 2059 1201 2679 735 1150 2446 1392 592 2456 554 2013 1340 2398 761 2119 935 1929 1053 1424 1786 1716 2648 1174 1599 887 1870 1667 2425 406 2266 2086 2252
2213 1532 1346 3172 3346 2566 907 1789 3035 1203 3156 3007 2891 2441 3062 675 2721 919 1858 2774 843 2215 2206 3187 1060 1730 2785 2108 2453 1709 1235 3132 1602 3463 2909 2174 1039 2062 1202 1135 2678 2220 3278 2015 2446 2210 3359 1916 2915 1221 2559 1938 1770 3232 586 3467 3081 3204 2916 360 3699 3122 1126 2274 2822 1419 1515 3097 3032 1819 1492 2332 2924 2329 876 1245 2475 859 1807 2583 3532 2059 2343 3083 2113 2302 2769 2391 1062 3290 2548 846 2871 2964 2369 3034 1263 3881 1825 2515 2147 3011 1717 3215 2006 3035 1851 1035 2739 2358 3259 2732 2709 884 2877 1654 2082 1527
2464 3236 3056 973 1207 1974 3223 3228 1357 3046 904 1055 1450 3043 2108 3715 2156 3625 2807 2363 3576 1906 2305 1083 3129 2700 1721 1954 1822 3026 3195 1205 2639 616 1955 2395 3042 2418 3186 3292 1429 2783 941 2092 1963 2919 757 2156 2470 3395 1507 3020 2515 911 3539 881 1634 1646 1190 3699 360 941 3180 2190 1348 3181 2556 2099 2275 3309 2982 2596 2602 1866 3475 2840 1585 3697 2436 1869 648 2733 3111 2009 3241 1979 2280 2003 3506 842 1919 3243 1589 1095 3218 1169 2801 580 2943 1571 2583 1140 2563 1003 2254 2368 2545 3473 1515 2372 1230 2109 1929 3190 1236 3093 2574 2888
1965 2728 2482 710 1034 1592 2642 2687 1101 2494 407 475 1120 2574 1783 3134 1840 3070 2264 2067 3016 1370 1779 767 2569 2192 1391 1383 1288 2476 2619 992 2064 735 1581 1948 2471 1947 2609 2746 922 2367 699 1543 1450 2420 627 1575 2209 2822 948 2490 1947 708 2966 959 1434 1504 641 3122 941 360 2629 1666 918 2614 1986 1903 1937 2770 2414 2109 2229 1367 2916 2271 1016 3139 1910 1477 795 2211 2628 1811 2730 1433 1982 1483 2928 597 1429 2663 1279 523 2737 728 2222 1120 2464 992 2144 770 2038 817 1691 2028 1987 2895 1107 1880 995 1794 1594 2617 687 2539 2121 2364
2232 833 1553 2602 2998 1855 1129 2105 2390 495 2654 2518 2247 2648 2954 1367 1976 807 1976 2013 774 1635 2118 2789 509 980 2097 1621 2180 1931 1531 2507 1545 2929 2754 1429 733 1325 1487 496 2114 1455 2851 1448 2242 2384 2888 1545 2150 1648 2041 2159 1688 2665 900 2869 2384 2500 2478 1126 3180 2629 360 2142 2228 1717 1053 2350 2972 2167 1671 2382 2964 1704 677 807 1977 888 1131 1891 3061 2156 2580 2343 2413 2065 2013 2194 1567 2831 2346 1040 2199 2466 2640 2632 1041 3381 1065 2095 1384 2432 1016 2624 1829 3002 1818 1521 2111 2320 2913 1991 1993 761 2447 1910 1322 766
678 2484 1365 1925 1546 2144 1726 1402 2102 2030 1713 1576 2011 1312 1174 2158 2449 2478 988 2652 2393 1533 474 1496 2014 2082 2141 1277 739 1217 1511 2090 1032 2035 996 2170 1814 2084 1520 2278 1616 2567 1628 1496 590 1121 1793 1078 2835 1678 1424 1189 863 1959 2208 2236 2369 2488 1385 2274 2190 1666 2142 360 1786 1430 1496 2712 1192 1481 1248 840 1253 1697 2311 1695 1338 2509 1809 2058 1933 905 1344 2639 1423 622 2586 546 1828 1708 666 1793 2118 1574 1452 1382 1481 2299 2416 1131 2331 1847 1887 2023 675 1230 799 1809 1870 629 1468 2420 2248 1903 1339 1290 2267 2121
2104 2250 2364 740 1564 1034 2405 2691 676 2097 914 859 604 2739 2162 2892 1287 2676 2282 1515 2636 967 1883 1288 2196 1715 844 1114 1435 2460 2483 695 1959 1091 1933 1414 2145 1431 2463 2331 537 1820 1252 1166 1624 2536 1170 1392 1666 2693 728 2535 1889 804 2639 1006 969 1075 1000 2822 1348 918 2228 1786 360 2526 1668 1398 2295 2779 2333 2266 2534 888 2535 1938 825 2754 1465 919 1317 2287 2766 1309 2808 1524 1431 1634 2766 1155 1649 2404 752 801 2874 1186 1961 1564 1955 1018 1607 568 1590 757 1681 2378 1974 2725 549 2045 1509 1242 1039 2298 1015 2510 1592 1910
1229 2183 550 2788 2614 2580 970 753 2816 1676 2657 2506 2688 1382 2114 1192 2836 1841 852 2977 1746 2016 1329 2534 1569 2043 2702 1788 1740 656 555 2861 927 2988 2009 2366 1353 2247 597 1824 2351 2621 2655 1855 1651 1154 2794 1497 3153 617 2174 879 1026 2837 1465 3109 2988 3119 2350 1419 3181 2614 1717 1430 2526 360 1457 3185 2051 809 559 1322 1893 2185 1705 1405 2075 1828 1913 2541 2950 1042 1287 3137 1074 1576 2938 1599 787 2712 1736 1067 2737 2483 1322 2401 1161 3319 2308 1988 2444 2662 1906 2865 1287 2038 1007 785 2527 1410 2533 2826 2719 1326 2304 595 2369 1945
1655 1348 1267 2016 2309 1519 1124 1776 1896 924 2016 1872 1754 2170 2292 1594 1752 1465 1504 1881 1401 1064 1494 2108 959 996 1690 963 1490 1552 1333 1984 1028 2315 2081 1269 846 1151 1298 1186 1523 1556 2179 865 1565 1904 2235 852 2057 1528 1409 1741 1116 2077 1343 2312 1988 2117 1808 1515 2556 1986 1053 1496 1668 1457 360 2112 2327 1856 1318 1817 2364 1195 1303 645 1331 1525 816 1504 2409 1643 2129 2075 2029 1384 1846 1521 1545 2172 1667 1106 1756 1825 2212 1951 688 2746 1314 1414 1358 1855 826 2060 1181 2366 1259 1500 1597 1708 2223 1746 1663 996 1773 1563 1284 989
3017 2117 2999 1585 2576 966 2854 3447 1163 2255 1882 1876 1158 3643 3193 3274 736 2745 3083 757 2746 1573 2790 2304 2396 1731 940 1835 2409 3210 3081 1292 2661 1890 2960 1283 2462 1395 3048 2393 1519 1394 2241 1698 2594 3409 2105 2118 765 3280 1686 3343 2655 1622 2876 1581 836 815 2037 3097 2099 1903 2350 2712 1398 3185 2112 360 3318 3534 3018 3185 3533 1398 2658 2284 1753 2838 1686 1024 2206 3142 3647 453 3634 2458 716 2591 3295 2120 2639 2813 1006 1824 3749 2218 2439 2309 1749 1998 1345 1493 1750 1502 2522 3398 2775 3248 1243 2982 2530 730 835 2605 2053 3242 1395 1944
1065 3315 2058 2277 1435 2812 2491 1838 2588 2862 1980 1899 2540 1318 528 2865 3117 3292 1560 3337 3204 2248 1216 1580 2841 2896 2739 2022 1310 1766 2191 2525 1822 2226 722 2930 2635 2857 2213 3108 2159 3347 1715 2262 1157 1355 1920 1884 3513 2306 1995 1601 1660 2285 2996 2529 2904 3004 1698 3032 2275 1937 2972 1192 2295 2051 2327 3318 360 1882 1917 1092 704 2388 3126 2526 1941 3316 2611 2709 1987 1369 1428 3234 1662 1339 3262 1188 2478 1846 1076 2569 2679 1930 1512 1569 2302 2292 3231 1688 3106 2270 2700 2386 1508 452 1552 2473 2435 1035 1405 3081 2889 2713 1667 1839 3048 2948
