140 623 1978 1944 692 1956 1806 1622 2108 2578 2280 1001 1432 3232 822 480 2610 1212 459 1140 841 2237 1999 1909 2466 1310 2024 1297 2506 2002 2914 1086 856 2463 2361 2091 744 1857 1867 2520 1549 2210 2392 2504 1877 2234 725 801 876 1372 1859 1973 2140 970 1466 2008 1883 1121 1170 1041 602 1970 2391 613 1246 1462 1195 1273 1032 1345 877 2314 1884 2340 944 496 2488 1487 700 1715 2270 939 2654 781 2355 2065 2018 894 2708 1810 2056 2296 601 487 895 649 1490 2107 703 2846 736 718 2227 964 2511 1647 737 2833 1447 1455 2376 1808 2402 1374 1761 1669 2295 1811 2127 2305 2436 1870 1885 1277 1804 1158 1633 260 2256 1756 1015 2382 1677 2510 2007 2334 2771 1494 2331 1831 2066 1157 1793 829 946 1318 2028 1693 1874 2453 1391 730 2012 1892 2046 700 1781 2114 1109 2344 1241 1948 2164 1075 1278 953 1434 2362 2454 1467 1875 2340 730 1736 1863 736 2303 1163 1971 1840 461 2190 950 2066 2320 2296 2243 1195 2337 1532 2152 2480 754 1693 2538 1857 2492 2454 798 1218 2315 1114 1059 2424 973 875 2240 2221 543 2600 1083 1443 2252 2081 3064 2170 1265 1223 2708 2124 2225 2429 1412 3299 850 1940 1651 1861 2223 1933 1720 389 2840 1421 3087 2297 899 1654 2215 959 1893 2291 1122 1763 1010 2255 2124 547 2839 1804 945 2685 1974 1947 1137 2180 914 2181 313 2044 1213 2294 2161 1118 1960 1299 1429 934 1121 2138 2517 2014 1561 732 2007 1407 2068 1973 2056 2549 697 1406 880 2384 2003 1971 1967 684 2576 1418 2258 2270 640 2165 2084 2503 2210 471 1750 2457 1904 254 952 873 2009
723 360 2199 1838 577 1821 2067 1605 2282 2531 2034 752 1689 3202 1404 862 2655 1494 712 1587 1409 1975 1739 1924 2283 1119 1773 1733 2559 2459 2826 1537 1417 2202 2098 2437 1264 2160 1716 2597 1901 2049 2451 2560 2337 2401 1303 817 1121 1111 1825 2070 2029 879 1496 1837 2278 882 1110 956 876 2002 2318 620 1245 1200 938 1392 1594 1202 671 2160 1620 2615 1404 1064 2519 1575 949 1780 2502 1465 2615 1262 2442 2324 2428 1081 2776 1792 2504 2421 893 971 655 1220 1985 1886 1028 2767 877 1300 2482 1347 2366 1568 862 2908 1635 1556 2657 2250 2629 1866 1849 1662 2443 2162 2414 2442 2185 1608 1931 1194 1623 990 1826 763 2622 2003 1538 2293 2062 2712 1830 2642 2703 1358 2275 2298 1802 1267 1726 1368 1026 1420 1897 1447 2246 2507 1139 1309 2082 1715 1816 906 1568 1852 967 2083 1220 1930 2064 870 1626 1025 1759 2163 2525 1218 1924 2076 1102 1795 1601 843 2606 978 1716 1585 797 2427 1533 2195 2116 2454 2370 1559 2463 1596 2058 2474 797 1921 2450 1805 2654 2282 1134 1044 2148 1518 926 2550 1497 1459 2656 2024 468 2456 1488 1280 2270 1926 3078 2088 1035 1469 2765 2324 1962 2808 1737 3271 1364 2011 1569 2035 2004 1763 2191 714 2847 1173 3095 2217 1462 1781 2478 1414 2180 2027 1660 1499 1319 2473 2283 1128 2760 1958 1131 2576 1714 1691 1014 2536 1369 2134 894 1858 1457 2674 2384 872 1945 1694 1295 1421 911 2337 2471 1810 1863 1101 1759 1437 1812 2220 2486 2709 531 1929 876 2509 1969 1745 1792 1067 2707 1895 1994 2097 830 2266 2331 2890 2372 519 1513 2862 1810 742 1052 1060 1749
2078 2199 360 1742 1996 1881 584 1365 592 1746 2760 2192 909 2150 2311 2418 1377 1130 1934 2962 2013 2979 2773 1220 2388 1997 2658 1368 1278 1528 2161 1494 2476 3115 3174 966 1815 718 1923 1198 996 2117 1186 1263 1504 696 2309 1752 1470 2421 1416 886 1833 1798 1264 2080 1151 2165 1639 2794 2534 1153 1762 1940 1462 2645 2538 1194 1977 1824 2478 2130 2844 827 2780 2272 1355 1096 2633 1050 663 2654 1757 1706 1052 560 1267 2821 1367 1349 1499 878 2536 2395 2420 2325 1618 2433 1634 2075 1686 2135 669 1431 2198 1586 1699 1446 924 1084 877 1381 790 1598 957 1319 798 929 714 843 2938 2740 1091 1655 2055 2786 738 2193 1150 595 1764 1834 1089 893 2113 943 1964 1797 1655 1526 2952 1310 1541 1857 1542 1187 1887 2971 1033 1242 2708 2300 996 2066 2469 1677 2222 3091 1859 3025 1512 1361 1786 2038 1147 1548 993 2428 1179 2782 1083 3151 1618 1070 2933 2621 898 2757 2675 2589 1889 593 2309 758 2437 770 837 1235 900 1134 1752 1508 2603 645 1921 1492 926 2321 1543 1936 2212 2988 1851 965 2682 2229 1413 2343 2242 2252 1387 1898 1292 2027 1843 1706 2718 1114 1405 527 2996 1331 1006 2195 2618 993 1597 598 2497 2047 1525 1987 1689 2754 1882 1749 2497 878 686 2797 647 3150 1838 2771 1334 637 661 2221 2068 701 1431 2115 2759 2672 1805 1061 2762 1545 2110 2177 1125 1248 545 2548 1348 1241 1791 2732 2055 540 1706 2276 853 1616 2607 1296 2758 470 1394 981 2053 1771 2705 939 1439 2399 2085 2611 1069 1525 3139 2217 2551 910 523 1424 694 2128 2369 1487 1677 2172 2847 1505 2777
2044 1838 1742 360 1650 506 1811 817 1625 1101 1410 1538 1668 1768 2633 2310 1441 1701 1850 3034 2454 1689 1533 893 1038 1130 1379 2202 1388 2741 1349 2154 2727 1780 1886 2315 2210 1998 601 1493 2027 748 1327 1400 2666 1669 2566 1505 1650 1490 686 1245 556 1341 1017 710 2387 1420 1135 2261 2351 981 858 1698 1104 1698 1762 1296 2551 999 1941 798 1685 2185 2841 2384 1288 1159 2428 1068 1959 2840 1193 2116 1418 1943 2540 2549 1608 754 2739 1533 2367 2381 1855 2519 2553 1080 1804 1292 1608 2461 2025 1921 955 669 1598 1737 1457 1203 2234 2536 2026 2465 1151 827 1629 2160 2095 1588 1579 1559 1016 1027 783 2134 1501 2127 2515 1737 2367 818 2218 1999 747 2323 1238 844 848 2662 1730 1325 583 2317 1415 1243 506 1978 2284 1351 1833 2564 1156 742 1142 1677 982 1889 1231 1707 1088 762 586 1358 1908 1402 1888 1049 1418 1877 1023 1866 1873 1042 1817 2309 2279 2084 1423 1385 1883 1929 2715 1420 1055 1669 1511 1930 1565 1083 584 1144 2248 1643 973 610 1817 986 1812 1170 855 2984 1273 1620 2874 2622 2734 961 1941 1040 2015 946 1063 645 1730 628 1943 1606 1566 1735 1715 2706 1877 1839 2754 1129 662 1507 1124 700 2606 1919 1505 1873 1734 753 2767 1278 2054 2854 1956 1884 2501 1661 1755 1892 1568 2398 1286 1410 1538 1102 1527 1432 1186 2420 2808 760 2164 808 1604 2608 1850 1835 780 2063 904 2838 1332 1741 1046 929 1856 1871 1324 1045 1483 1840 2656 1852 1675 2622 2283 1589 708 1089 728 2529 1754 2432 1884 845 2309 1353 1901 2800 1634 1897 1171 2848 427 2099 2490 1569 1533
792 577 1996 1650 360 1646 1874 1392 2071 2328 1959 712 1500 2996 1461 1021 2439 1317 656 1748 1404 1947 1704 1709 2138 978 1711 1612 2342 2337 2635 1431 1508 2167 2088 2265 1218 1977 1549 2379 1738 1889 2234 2344 2218 2189 1371 604 950 1092 1616 1853 1844 673 1279 1682 2128 808 901 1159 1065 1786 2121 471 1029 1235 1010 1179 1573 1026 844 1996 1621 2421 1558 1148 2303 1358 1147 1563 2300 1586 2410 1189 2225 2128 2282 1292 2559 1581 2377 2204 1079 1103 796 1300 1894 1775 899 2573 696 1328 2284 1215 2197 1368 677 2690 1431 1341 2464 2122 2424 1776 1631 1449 2228 1995 2225 2226 2121 1587 1714 993 1475 1160 1620 858 2456 1807 1481 2101 1910 2503 1680 2457 2505 1180 2073 2183 1795 1055 1525 1332 815 1205 1720 1521 2086 2290 1213 1374 1865 1565 1717 747 1449 1867 787 2048 1005 1719 1875 745 1469 812 1590 2030 2307 1294 1707 2066 985 1577 1628 1056 2420 1138 1665 1534 736 2226 1578 1980 1988 2240 2154 1411 2247 1379 1866 2263 1014 1721 2258 1600 2440 2129 999 888 1992 1693 740 2333 1619 1495 2512 1890 661 2287 1361 1118 2055 1762 2865 1893 1149 1281 2548 2116 1939 2647 1568 3065 1491 1794 1370 1825 1892 1607 2082 701 2635 1253 2883 2022 1551 1566 2283 1570 1993 2024 1612 1504 1158 2268 2069 1191 2566 1746 940 2392 1680 1643 825 2367 1524 1930 943 1714 1269 2514 2180 974 1734 1554 1116 1563 791 2129 2267 1682 1684 984 1690 1220 1764 2022 2349 2495 418 1860 1092 2292 1761 1641 1640 1238 2491 1795 1995 1944 1032 2048 2132 2732 2159 608 1426 2711 1617 830 1269 874 1714
2056 1821 1881 506 1646 360 1942 925 1769 1193 1264 1495 1778 1847 2667 2306 1573 1795 1868 3034 2505 1546 1396 1037 936 1082 1238 2295 1525 2856 1389 2234 2752 1634 1742 2447 2263 2127 484 1633 2139 644 1468 1538 2778 1815 2595 1525 1710 1403 827 1390 595 1346 1115 564 2508 1370 1160 2206 2338 1127 941 1704 1161 1601 1689 1386 2612 980 1896 725 1557 2327 2843 2403 1421 1269 2409 1199 2103 2856 1287 2174 1563 2081 2663 2520 1742 891 2858 1679 2354 2386 1809 2542 2646 934 1853 1343 1642 2500 2166 1995 914 737 1630 1869 1569 1311 2376 2649 2171 2555 1286 947 1775 2283 2233 1734 1433 1430 1159 1048 662 2067 1626 2134 2648 1866 2436 880 2334 2146 601 2463 1303 825 953 2772 1593 1399 704 2374 1460 1336 437 1869 2407 1490 1743 2594 1302 605 997 1715 857 1753 1219 1561 1137 908 656 1324 2006 1446 1996 921 1559 1782 1166 1722 1928 1175 1693 2281 2418 2016 1286 1254 1908 2071 2756 1565 921 1815 1657 2022 1711 1196 670 1266 2216 1770 1025 749 1963 896 1871 1139 756 2976 1265 1766 2889 2664 2861 822 1927 1004 2098 904 1203 519 1836 729 1865 1700 1697 1878 1572 2840 1984 1918 2767 1273 728 1644 980 558 2711 1935 1616 1781 1837 837 2793 1406 2196 2855 2087 1742 2571 1541 1832 2036 1712 2423 1337 1546 1600 1121 1391 1296 1182 2553 2810 888 2184 662 1697 2741 1993 1768 926 2160 889 2845 1292 1884 1143 783 1972 1925 1183 1135 1341 1977 2777 1998 1665 2708 2242 1735 854 947 583 2522 1898 2526 1742 733 2289 1499 2041 2935 1780 1894 1047 2981 565 2106 2452 1623 1395
1906 2067 584 1811 1874 1942 360 1394 809 1912 2791 2103 740 2355 2101 2246 1584 954 1779 2762 1799 2984 2767 1318 2478 1956 2666 1144 1481 1350 2330 1276 2268 3136 3176 865 1610 548 1968 1410 772 2197 1382 1468 1311 920 2104 1636 1316 2365 1491 1025 1926 1710 1254 2134 973 2092 1581 2664 2367 1270 1900 1807 1411 2583 2452 1115 1756 1794 2359 2223 2817 907 2583 2080 1548 1078 2466 1103 830 2449 1932 1503 1257 619 1109 2657 1585 1418 1330 1093 2368 2213 2307 2124 1397 2471 1465 2244 1549 1927 781 1234 2311 1613 1565 1668 831 1053 950 1184 963 1373 1024 1359 1020 740 715 1062 2972 2721 1191 1616 2081 2673 687 2024 1069 439 1544 1963 878 1092 2164 957 2135 1790 1794 1328 2938 1218 1597 1645 1432 1124 1958 2908 858 1442 2632 2095 1135 2104 2496 1530 2233 3070 1793 3039 1463 1458 1886 1964 936 1440 777 2500 1385 2709 1180 3153 1438 1130 2896 2467 916 2648 2674 2579 1726 748 2093 938 2503 994 1048 1025 1118 1134 1854 1684 2455 542 2064 1563 1149 2415 1368 1884 2297 2794 1777 1187 2476 2015 1286 2404 2101 2372 1176 1880 1453 2095 2057 1815 2625 960 1620 751 2998 1266 792 2402 2417 1114 1624 702 2544 2093 1317 1828 1894 2677 2095 1873 2287 897 772 2600 507 3145 1615 2735 1156 830 871 2024 2237 776 1296 2260 2751 2669 1743 973 2566 1669 1930 2228 971 1160 737 2452 1448 1019 1775 2532 1987 764 1868 2315 635 1437 2617 1272 2763 532 1233 1202 1932 1547 2563 1159 1541 2422 2132 2431 1294 1302 3131 2295 2390 1096 639 1360 916 1982 2365 1399 1744 2004 2693 1367 2772
1722 1605 1365 817 1392 925 1394 360 1303 1316 1759 1408 1214 1972 2251 2022 1423 1246 1523 2722 2045 1975 1774 688 1493 1079 1654 1747 1334 2291 1671 1707 2363 2110 2170 1899 1798 1575 935 1394 1574 1200 1235 1339 2213 1381 2195 1190 1236 1512 598 954 984 1086 564 1105 1944 1327 855 2123 2089 781 1146 1407 736 1741 1712 847 2125 896 1788 1255 1866 1829 2527 2039 1280 704 2176 679 1623 2494 1391 1697 1263 1561 2100 2325 1559 549 2293 1307 2100 2069 1708 2160 2097 1437 1407 1598 1252 2072 1667 1482 1398 581 1248 1694 1004 747 1878 2084 1714 2011 777 424 1374 1722 1708 1349 1940 1754 740 791 1051 2042 1070 1816 2104 1316 1932 1156 1768 1725 1133 1946 1515 816 1074 2208 1959 895 595 1899 1043 792 958 2058 1846 1284 1840 2192 912 1070 1466 1307 1217 2104 1045 2019 748 688 976 1221 1451 1034 1433 1486 1318 1903 738 2148 1466 667 1970 2088 1902 2000 1673 1594 1536 1577 2320 1127 1481 1404 1268 1476 1347 631 952 1230 2040 1216 1306 617 1585 1443 1397 1058 1310 2691 1067 1423 2528 2226 2303 1379 1693 1478 1567 933 1028 1084 1833 948 1902 1151 1539 1398 1993 2299 1421 2040 2418 852 592 1127 1511 1060 2150 1593 1602 1885 1850 1063 2400 859 1690 2541 1541 2150 2062 1807 1313 1564 1263 2038 1590 1024 1125 1477 1761 1672 986 2007 2497 921 1822 1197 1149 2193 1504 1757 702 1607 831 2512 1216 1407 1255 1281 1407 1463 1602 604 1754 1451 2214 1632 1433 2171 2102 1384 741 1394 1100 2243 1577 1976 2140 1295 2063 1124 1529 2394 1346 1621 1371 2432 751 1788 2293 1170 1777
2208 2282 592 1625 2071 1769 809 1303 360 1538 2666 2228 1071 1919 2493 2547 1146 1286 2047 3126 2202 2910 2716 1092 2242 1987 2589 1582 1049 1755 1949 1692 2653 3030 3107 1172 1992 950 1827 966 1219 1984 961 1034 1734 487 2483 1827 1592 2420 1302 739 1690 1840 1248 1973 1380 2185 1656 2870 2656 1008 1579 2029 1478 2647 2568 1252 2180 1807 2545 1984 2808 926 2940 2427 1131 1102 2754 985 694 2826 1542 1880 823 745 1489 2937 1136 1245 1722 646 2660 2536 2480 2491 1846 2336 1768 1863 1783 2313 771 1602 2032 1516 1793 1219 1022 1105 974 1612 770 1820 888 1248 574 1160 891 613 2840 2697 970 1652 1975 2843 835 2321 1339 797 1965 1657 1321 799 2008 1082 1752 1755 1472 1757 2902 1375 1443 2044 1616 1231 1764 2972 1262 1015 2725 2475 836 1974 2383 1786 2155 3047 1878 2946 1524 1227 1636 2062 1340 1619 1196 2298 948 2796 964 3085 1764 995 2908 2726 1040 2810 2613 2538 2011 674 2501 570 2313 557 606 1424 669 1117 1603 1295 2702 807 1730 1381 745 2171 1687 1939 2071 3143 1878 739 2856 2418 1620 2224 2337 2079 1575 1866 1095 1905 1611 1551 2753 1250 1174 477 2930 1506 1206 1963 2784 855 1526 608 2389 1948 1757 2106 1459 2771 1650 1578 2676 876 809 2956 877 3090 2047 2744 1485 627 434 2383 1856 687 1535 1922 2704 2614 1821 1257 2919 1377 2252 2071 1260 1438 594 2588 1211 1449 1760 2896 2073 479 1503 2181 1062 1762 2536 1292 2691 694 1616 802 2127 1995 2796 710 1298 2317 1983 2748 859 1750 3081 2082 2665 699 686 1595 471 2228 2314 1671 1563 2298 2951 1610 2719
2678 2531 1746 1101 2328 1193 1912 1316 1538 360 1950 2265 1951 1033 3194 2973 910 2077 2479 3678 2966 2288 2185 1071 1307 1865 2013 2542 934 2903 778 2562 3314 2313 2474 2349 2721 2090 1316 1067 2258 1187 965 953 2861 1506 3143 2142 2170 2230 1079 1250 962 2015 1490 1334 2525 2153 1787 2992 3032 1056 613 2355 1691 2434 2503 1745 3021 1717 2667 1105 2371 2069 3483 2995 812 1535 3115 1323 1830 3449 454 2614 1114 1924 2651 3252 1071 1130 2879 1301 3045 3024 2581 3113 2870 1658 2350 692 2208 3012 1933 2368 1018 1325 2204 1166 1763 1581 2112 2732 1838 2809 1339 1273 1417 2293 2070 1360 2080 2242 1155 1696 1495 2872 1699 2771 2517 1860 2815 694 2415 1742 1370 2244 585 1569 618 2874 2381 1828 1164 2814 1999 1689 1126 2701 2408 936 2572 3140 1143 1426 1753 2262 1684 2542 1933 2272 1698 995 896 2080 2244 1990 2162 1443 1025 2613 1167 2457 2399 1292 2513 3012 2204 2823 2076 2068 2492 1840 3252 1348 1488 1464 1315 2297 1309 1466 884 610 2957 1799 629 1087 1517 1227 2325 1894 1205 3645 1968 1313 3482 3159 2797 1449 2627 1020 2420 1680 819 1209 1010 832 2684 1991 1008 1652 2321 2679 2160 1104 3374 1182 1325 1571 1644 1370 2849 2549 809 2611 1007 716 3349 1504 1976 3497 2025 2493 2933 2366 2203 1758 1464 2991 685 1516 2063 778 2185 2091 1881 2436 3453 758 2778 1407 1994 2617 1763 2573 986 2394 1624 3468 2059 1650 420 1546 2075 2396 1960 1544 2111 1856 2777 1526 2362 2982 3003 1303 934 1728 1376 3194 1377 2756 2501 1251 2999 1199 1865 2766 1482 2566 1873 2848 1104 2742 3205 2116 2182
2380 2034 2760 1410 1959 1264 2791 1759 2666 1950 360 1642 2561 2489 3059 2524 2429 2515 2251 3216 2991 720 757 1938 1054 1382 632 2986 2399 3630 1940 2871 3090 733 888 3295 2778 2969 1199 2516 2917 1130 2356 2413 3536 2717 2965 1978 2305 1304 1725 2289 1411 1775 1905 1060 3310 1519 1719 2129 2496 2030 1712 2061 1826 1344 1589 2122 3142 1456 1930 1204 992 3217 3050 2733 2284 2078 2532 2069 2998 3137 2038 2719 2460 2958 3471 2567 2601 1781 3644 2583 2517 2644 1858 2888 3326 690 2384 1939 2134 2927 3055 2623 1339 1538 2115 2720 2366 2111 3266 3414 3072 3220 2163 1801 2679 3100 3106 2638 543 898 2056 1629 1070 1927 2465 2431 3501 2712 3010 1620 3116 3050 1022 3343 1958 1391 1772 3520 891 2084 1583 2895 2028 2086 1286 1422 3222 2369 1500 2969 2205 1053 656 2215 941 1033 1615 682 1780 1812 1481 1577 2728 2013 2761 885 2445 1483 2061 873 2473 2050 1136 2361 3298 1875 709 826 2322 2962 3178 2466 829 2719 2561 2719 2614 2017 1510 2101 2283 2611 1698 1646 2866 1123 2443 1485 1107 3119 1664 2667 3168 3095 3684 861 2138 1388 2753 1342 2091 1152 2589 1575 1680 2427 2549 2773 758 3697 2745 2554 3034 2172 1527 2521 667 1077 3443 2301 2399 1513 2578 1633 3135 2258 3081 3057 2939 921 3148 1073 2483 2933 2612 2786 1937 2419 2212 1661 776 739 1623 3404 3014 1760 2539 962 2420 3589 2885 1693 1830 2871 1428 3080 1530 2779 1919 845 2770 2471 635 1899 648 2849 3577 2899 1944 3347 2248 2637 1757 734 1043 2702 2794 3210 938 1058 2418 2403 2923 3792 2682 2171 895 3825 1466 2407 2450 2202 747
1101 752 2192 1538 712 1495 2103 1408 2228 2265 1642 360 1748 2939 1784 1251 2469 1593 1006 1966 1752 1601 1361 1737 1914 772 1383 1942 2382 2661 2522 1771 1807 1824 1738 2535 1571 2230 1381 2441 2028 1698 2283 2387 2546 2336 1686 862 1251 740 1596 1953 1719 754 1361 1480 2428 495 939 1087 1244 1828 2035 824 1113 890 708 1358 1924 909 762 1813 1268 2641 1789 1452 2323 1486 1300 1652 2493 1858 2354 1541 2301 2347 2586 1390 2607 1581 2697 2315 1263 1364 676 1607 2237 1498 1238 2469 1006 1665 2494 1544 2021 1310 984 2742 1637 1483 2687 2444 2610 2120 1737 1471 2358 2275 2459 2346 1795 1238 1774 977 1263 994 1815 1149 2733 2030 1833 1996 2211 2668 1469 2699 2417 1057 2007 2514 1444 1246 1471 1684 1039 1366 1573 1194 2375 2332 896 1691 1941 1357 1425 1073 1186 1515 724 1705 1070 1710 1764 548 1769 1029 1873 1785 2365 976 1770 1716 1327 1658 1277 1154 2659 953 1330 1198 1088 2425 1908 2103 1735 2377 2269 1721 2357 1483 1763 2246 1086 1935 2150 1559 2573 1919 1330 731 1789 1887 713 2440 1890 1829 2816 1646 859 2110 1690 954 2069 1581 2854 1802 886 1539 2586 2291 1591 2928 1851 3009 1757 1873 1308 1994 1615 1408 2415 1042 2623 940 2866 1930 1852 1712 2499 1798 2234 1672 1965 1152 1463 2452 2213 1508 2463 1902 1210 2257 1336 1306 784 2641 1753 1880 1265 1491 1529 2798 2370 720 1728 1871 1001 1810 566 2303 2207 1430 1948 1326 1368 1308 1427 2236 2662 2626 679 2210 1107 2399 1732 1355 1433 1445 2597 2135 1642 1735 1180 2143 2341 3016 2303 890 1121 3006 1523 1126 1316 1158 1371
1532 1689 909 1668 1500 1778 740 1214 1071 1951 2561 1748 360 2489 1783 1872 1746 581 1399 2418 1495 2716 2488 1265 2346 1649 2406 950 1637 1440 2363 1004 1942 2886 2901 1151 1281 841 1776 1601 721 2054 1525 1628 1359 1198 1772 1267 936 2035 1380 1094 1818 1361 1028 1951 1110 1750 1264 2286 1991 1256 1877 1429 1112 2246 2096 805 1491 1504 1984 2103 2513 1286 2234 1724 1670 869 2089 1009 1198 2116 1993 1169 1433 999 1271 2280 1790 1303 1446 1313 1992 1846 1935 1782 1282 2256 1089 2279 1171 1602 1160 891 2227 1413 1187 1895 570 827 1327 1230 1330 1217 973 1201 1278 910 1085 1304 2744 2427 1160 1321 1858 2301 630 1648 1353 684 1275 1922 918 1442 1976 1317 2176 1532 1779 1354 2647 880 1444 1336 1070 835 1812 2568 1026 1589 2282 1764 1185 1898 2264 1149 1985 2769 1462 2782 1163 1387 1794 1622 659 1079 582 2338 1555 2361 1147 2878 1069 1040 2579 2087 1280 2277 2403 2297 1347 1118 1795 1100 2330 1268 1261 729 1349 944 1764 1757 2075 628 2048 1438 1453 2293 995 1566 2163 2440 1439 1432 2145 1710 1489 2226 1720 2299 875 1603 1507 1938 2230 1740 2264 580 1811 1064 2726 1552 574 2544 2075 1133 1424 846 2343 1898 1300 1448 2037 2327 2264 1827 1965 808 1152 2251 852 2863 1374 2423 785 1185 1107 1675 2272 837 920 2239 2470 2394 1418 1259 2215 1633 1561 2038 592 1427 1090 2089 1384 803 1504 2188 1650 1078 1898 2104 573 1067 2360 1024 2496 903 1376 1509 1558 1391 2183 1396 1472 2186 1940 2062 1567 1166 2845 2149 2012 1242 1014 1643 1181 1602 2094 1651 1600 1628 2313 989 2494
3332 3202 2150 1768 2996 1847 2355 1972 1919 1033 2489 2939 2489 360 3816 3634 1132 2648 3133 4331 3570 2844 2779 1690 1797 2537 2602 3073 1233 3311 914 3126 3946 2827 3017 2704 3329 2509 1971 1316 2746 1777 1335 1247 3294 1838 3773 2803 2794 2890 1740 1754 1611 2684 2129 1960 2938 2826 2455 3665 3698 1645 1270 3018 2348 3087 3170 2363 3604 2391 3340 1672 2983 2341 4136 3639 1179 2145 3783 1918 2125 4089 947 3218 1458 2287 3039 3923 1175 1783 3274 1635 3711 3680 3255 3749 3376 2238 2979 910 2858 3632 2242 2958 1510 1998 2855 1162 2326 2187 2373 3171 2083 3332 1907 1923 1732 2720 2411 1679 2588 2854 1741 2367 2142 3543 2220 3428 2837 2322 3391 1326 2873 1940 1992 2524 910 2242 1292 3316 2968 2458 1837 3413 2647 2309 1774 3339 2821 1274 3230 3769 1668 2065 2342 2906 2322 3128 2606 2807 2359 1644 1553 2754 2788 2640 2680 1964 1331 3267 1753 3002 3020 1890 3130 3683 2492 3493 2673 2685 3141 2164 3863 1782 2021 1773 1673 2853 1620 2084 1546 1118 3629 2287 1192 1757 1727 1726 2943 2567 1758 4304 2641 1575 4122 3771 3142 2012 3297 1463 2989 2352 1363 1832 714 1500 3349 2571 1122 2013 2881 2963 2682 431 4019 1727 1998 2040 2197 2007 3312 3203 821 3268 670 1376 3979 2062 2289 4150 2437 3049 3500 2992 2798 2061 1849 3628 912 2017 2692 1187 2783 2693 2553 2771 4106 1427 3426 2017 2576 2933 2101 3243 1632 2927 2297 4117 2732 2006 1092 2152 2569 3017 2552 2187 2693 2253 3165 1706 3032 3508 3676 1589 1595 2332 2006 3855 1548 3270 3063 1815 3668 1625 2225 3039 1827 3231 2506 3142 1776 3399 3878 2751 2774
922 1404 2311 2633 1461 2667 2101 2251 2493 3194 3059 1784 1783 3816 360 1011 3125 1575 1180 1057 669 3019 2782 2490 3204 2071 2806 1376 3017 1931 3562 1193 537 3245 3140 2224 862 2083 2590 3002 1736 2935 2902 3011 1808 2620 467 1506 1384 2154 2488 2463 2827 1702 2064 2743 1947 1901 1867 1688 1126 2530 3037 1366 1894 2235 1962 1813 803 2079 1622 3031 2662 2568 919 707 3024 2030 1178 2258 2566 725 3259 975 2833 2337 2042 1336 3194 2428 1999 2732 1107 872 1657 562 1388 2874 1204 3488 1385 544 2493 1253 3219 2325 1397 3307 1884 1989 2593 1787 2697 1299 2277 2285 2701 1964 2351 2726 3218 2652 2435 1979 2549 1855 2039 1001 2342 2076 954 3043 1786 2833 2747 2510 3402 2218 2963 1754 2845 1725 2454 816 1579 1868 2734 2443 1983 2965 2150 458 2528 2634 2819 1316 2546 2887 1855 3127 1904 2559 2840 1846 1524 1591 1684 3113 2948 2222 2423 3119 1156 2285 2633 1326 2490 1874 2754 2623 1124 2484 500 2510 3075 2691 2679 1436 2769 2093 2823 3057 1383 2046 3196 2504 2872 3185 1232 1974 3044 1134 1803 2853 747 480 2231 2973 1313 3307 1285 2186 2813 2804 3602 2831 2007 1632 3207 2476 3006 2479 1668 3878 735 2461 2330 2266 2990 2670 1644 1123 3390 2175 3631 2952 547 2136 2468 935 2140 3068 964 2540 1392 2571 2529 635 3481 2240 1490 3359 2757 2730 1872 2287 919 2808 880 2789 1624 2350 2478 1877 2567 1459 2155 844 1893 2489 3134 2772 1826 1158 2788 2012 2851 2272 2037 2928 1475 1238 1503 2816 2627 2742 2706 1001 2990 1372 3034 3003 1214 2639 2374 2534 2604 1254 2527 2456 2584 1021 1464 1440 2792
580 862 2418 2310 1021 2306 2246 2022 2547 2973 2524 1251 1872 3634 1011 360 3032 1652 874 1088 1147 2434 2207 2321 2784 1619 2258 1705 2930 2390 3292 1492 966 2665 2538 2519 1124 2293 2207 2948 1978 2545 2817 2928 2263 2673 904 1191 1315 1585 2255 2404 2504 1329 1878 2334 2298 1383 1548 1040 498 2387 2775 978 1647 1626 1349 1702 1342 1686 994 2654 2061 2777 902 678 2906 1913 589 2138 2711 975 3052 1185 2785 2504 2427 785 3136 2211 2448 2731 490 500 1045 808 1861 2388 1144 3228 1156 984 2666 1396 2856 2023 1153 3262 1886 1883 2813 2205 2842 1749 2189 2073 2732 2239 2563 2742 2667 2068 2304 1648 2122 1204 2072 586 2678 2196 1377 2758 2098 2950 2329 2767 3158 1841 2721 2215 2245 1584 2176 1185 1361 1745 2381 1805 2297 2877 1523 914 2437 2214 2316 1130 2071 2270 1447 2547 1635 2350 2534 1370 1711 1366 1869 2666 2882 1590 2295 2518 1168 2158 2015 684 2738 1225 2196 2067 896 2630 1151 2501 2619 2735 2678 1626 2773 1953 2525 2889 734 2133 2915 2246 2931 2781 1237 1538 2645 1034 1401 2860 1006 1103 2644 2526 754 2946 1506 1773 2666 2420 3480 2549 1368 1664 3133 2565 2417 2846 1848 3702 871 2366 2026 2300 2505 2260 2103 808 3253 1544 3501 2677 1009 2087 2653 913 2331 2461 1462 1939 1449 2696 2563 771 3221 2241 1380 3052 2182 2169 1486 2604 867 2574 689 2359 1653 2711 2602 1254 2363 1721 1777 919 1413 2579 2912 2312 1998 1170 2248 1818 2288 2414 2457 2988 1002 1755 857 2820 2400 2246 2291 581 3012 1802 2426 2595 571 2597 2524 2917 2648 772 2011 2865 2275 610 867 1307 2218
2710 2655 1377 1441 2439 1573 1584 1423 1146 910 2429 2469 1746 1132 3125 3032 360 1924 2518 3692 2860 2746 2609 1095 1832 2112 2448 2319 469 2540 1249 2390 3268 2801 2939 1939 2627 1736 1682 551 1980 1661 583 478 2521 1069 3095 2216 2125 2526 1243 1023 1381 2143 1521 1756 2166 2380 1915 3186 3116 1013 1092 2436 1770 2747 2760 1700 2875 1937 2851 1604 2767 1600 3498 2988 513 1483 3208 1255 1372 3425 863 2515 686 1518 2269 3369 531 1248 2504 863 3125 3056 2771 3083 2611 2115 2314 1170 2237 2941 1486 2243 1555 1539 2239 656 1605 1517 1636 2398 1350 2573 1214 1361 965 1947 1647 910 2576 2641 1088 1854 1865 3102 1475 2813 2083 1554 2660 1188 2102 1228 1795 1781 1066 1817 1018 2543 2807 1812 1389 2701 2032 1653 1526 3045 2048 520 2867 3089 961 1819 2196 2270 2064 2967 2108 2746 1796 1126 1310 2281 2043 2027 1924 1950 559 2921 1097 2920 2340 1234 2898 3136 1746 3058 2499 2466 2510 1402 3159 1017 1987 1008 900 2114 851 1439 1284 693 3093 1526 1173 1297 1003 1752 2261 2109 1705 3683 2130 819 3457 3069 2382 1930 2737 1566 2257 1940 762 1644 844 1219 2948 1857 484 1242 2775 2223 1928 1178 3365 1031 1544 1278 2123 1770 2540 2586 672 2910 878 1157 3298 1348 1532 3514 1664 2947 2760 2741 2093 1304 1076 2964 1165 1268 2034 1327 2605 2510 2049 2012 3472 1045 2785 1845 1863 2181 1335 2812 1106 2175 1855 3469 2273 1235 910 1982 1807 2338 2393 1581 2550 1480 2396 999 2484 2749 3161 826 1125 2156 1789 3250 842 2508 2950 1742 3101 864 1456 2304 1056 2652 2252 2399 1412 2786 3347 2101 2608
1312 1494 1130 1701 1317 1795 954 1246 1286 2077 2515 1593 581 2648 1575 1652 1924 360 1189 2200 1297 2639 2404 1370 2371 1551 2338 860 1815 1481 2480 844 1730 2822 2817 1309 1072 1026 1774 1791 796 2078 1701 1808 1382 1414 1559 1096 733 1907 1447 1262 1869 1221 1044 1950 1201 1612 1171 2088 1773 1382 1975 1236 1049 2108 1937 770 1315 1428 1796 2140 2406 1494 2015 1504 1836 922 1871 1114 1418 1901 2127 959 1622 1213 1362 2063 1982 1372 1502 1516 1773 1624 1753 1565 1211 2226 871 2398 981 1393 1375 682 2283 1419 999 2092 682 874 1533 1262 1550 1125 1104 1249 1490 1042 1286 1512 2697 2330 1283 1248 1830 2115 824 1430 1502 904 1103 2008 987 1664 1971 1509 2299 1485 1883 1365 2551 791 1481 1138 920 819 1839 2424 1142 1765 2130 1551 1340 1882 2221 948 1934 2664 1344 2713 1094 1476 1855 1487 574 931 639 2344 1740 2210 1270 2794 848 1145 2460 1875 1474 2095 2326 2213 1133 1337 1597 1295 2329 1482 1463 590 1554 999 1828 1901 1866 848 2145 1493 1670 2326 775 1460 2189 2220 1313 1638 1931 1509 1590 2223 1517 2361 703 1537 1651 1955 2407 1813 2096 455 1998 1285 2645 1695 618 2706 1857 1281 1429 1052 2321 1890 1290 1234 2205 2174 2438 1912 1755 946 1364 2031 1051 2773 1217 2309 564 1406 1317 1457 2390 1025 743 2331 2384 2315 1308 1412 1995 1731 1340 2030 458 1564 1311 1920 1477 725 1446 1970 1520 1298 2021 2080 729 846 2296 1020 2423 1121 1450 1727 1374 1287 1977 1601 1558 2141 1932 1841 1778 1091 2752 2169 1796 1428 1231 1783 1395 1396 2022 1774 1637 1410 2101 803 2411
559 712 1934 1850 656 1868 1779 1523 2047 2479 2251 1006 1399 3133 1180 874 2518 1189 360 1559 1107 2244 2001 1812 2390 1251 2006 1382 2416 2107 2816 1185 1246 2464 2384 2113 928 1852 1783 2434 1571 2127 2303 2414 1985 2171 1096 705 824 1386 1759 1890 2046 886 1369 1930 1937 1105 1075 1273 970 1875 2293 550 1147 1516 1272 1188 1277 1264 1021 2228 1914 2323 1364 895 2394 1398 1067 1623 2233 1349 2554 914 2271 2039 2084 1249 2621 1711 2154 2221 976 906 1006 1036 1634 2054 689 2748 641 1036 2200 1002 2423 1550 640 2748 1386 1369 2362 1900 2363 1516 1674 1570 2226 1835 2115 2234 2415 1883 1791 1184 1731 1337 1575 655 2291 1722 1198 2284 1723 2461 1931 2334 2671 1409 2232 1946 2090 1069 1694 1039 849 1230 1939 1785 1912 2363 1476 1097 1923 1818 2002 621 1726 2157 1035 2345 1142 1849 2068 1034 1295 855 1438 2294 2367 1557 1782 2362 754 1644 1914 1047 2301 1328 1961 1831 446 2154 1290 1991 2255 2231 2168 1222 2262 1439 2055 2383 1037 1650 2441 1758 2429 2374 797 1154 2234 1531 984 2350 1383 1204 2312 2154 699 2512 1141 1368 2156 1998 2969 2073 1384 1182 2619 2073 2236 2474 1416 3200 1264 1851 1554 1798 2170 1855 1839 430 2744 1512 2991 2199 1288 1576 2192 1378 1880 2319 1325 1796 997 2212 2058 919 2740 1735 872 2590 1977 1940 1056 2208 1334 2081 676 1972 1170 2339 2119 1217 1861 1350 1345 1352 1081 2087 2418 1952 1553 754 1983 1309 2061 1941 2138 2486 687 1584 1149 2310 1904 1924 1891 1091 2503 1543 2288 2191 978 2084 2052 2554 2146 575 1716 2521 1808 628 1274 798 2011
1240 1587 2962 3034 1748 3034 2762 2722 3126 3678 3216 1966 2418 4331 1057 1088 3692 2200 1559 360 1363 3087 2874 3005 3511 2346 2945 2068 3586 2618 4011 1876 880 3319 3166 2919 1512 2762 2936 3590 2418 3273 3472 3583 2497 3253 1024 1899 1929 2271 2959 3042 3229 2052 2562 3063 2644 2101 2265 1529 1083 3062 3490 1696 2347 2269 1999 2352 1495 2414 1647 3382 2701 3250 555 1065 3576 2570 1044 2800 3231 693 3754 1618 3422 3007 2739 1057 3780 2910 2688 3343 1063 1015 1718 997 2078 3103 1741 3944 1833 1205 3166 1890 3585 2741 1835 3901 2484 2535 3278 2482 3363 1994 2838 2769 3326 2655 3033 3345 3348 2729 2973 2368 2850 1740 2657 1269 3039 2728 1650 3477 2480 3492 3057 3201 3870 2568 3431 2442 2882 2243 2890 1497 2043 2401 3108 2376 2678 3534 2139 1035 3091 2942 3026 1787 2792 2880 2175 3204 2341 3048 3256 2097 2187 2051 2350 3389 3528 2191 2963 3148 1727 2824 2628 1221 3179 1780 2877 2752 1550 3149 1132 3115 3341 3321 3289 2097 3383 2621 3245 3577 1299 2686 3634 2957 3510 3509 1806 2267 3373 505 2128 3469 676 1171 2924 3250 1478 3675 1950 2502 3346 3148 4155 3267 1962 2239 3785 3122 3065 3176 2332 4397 704 3021 2745 2887 3220 2988 2334 1489 3933 2147 4179 3394 880 2716 3144 541 2814 3084 1659 2582 2001 3230 3154 1103 3937 2846 2018 3776 2849 2849 2212 2984 585 3281 1268 3086 2229 3048 3136 1896 3059 2140 2504 590 2138 3136 3617 3035 2491 1729 2941 2504 2963 2934 2730 3567 1731 1919 1362 3430 3104 2959 3019 881 3614 2069 3046 3323 1157 3229 3039 3230 3234 1499 2719 3149 2997 1298 1203 1952 2885
941 1409 2013 2454 1404 2505 1799 2045 2202 2966 2991 1752 1495 3570 669 1147 2860 1297 1107 1363 360 2991 2749 2256 3062 1975 2751 1066 2751 1650 3349 886 845 3211 3130 1915 606 1775 2441 2729 1428 2782 2637 2744 1525 2328 707 1382 1169 2132 2278 2197 2645 1586 1848 2604 1642 1853 1715 1815 1282 2287 2827 1296 1710 2248 1988 1581 555 1952 1678 2870 2657 2259 1213 836 2767 1792 1357 2013 2262 1033 3027 712 2559 2031 1742 1539 2920 2212 1716 2449 1268 1029 1694 772 1106 2774 1012 3272 1237 538 2186 977 3048 2145 1253 3028 1615 1748 2284 1492 2392 1007 2023 2072 2413 1655 2042 2440 3158 2630 2190 1826 2424 1953 1759 1044 2037 1778 647 2841 1477 2531 2612 2200 3180 2077 2747 1472 2835 1509 2261 519 1405 1637 2567 2492 1674 2701 2187 695 2269 2502 2731 1159 2447 2896 1746 3093 1729 2337 2651 1776 1225 1418 1382 2986 2677 2265 2178 3108 941 2042 2648 1471 2180 1961 2708 2578 1030 2179 659 2232 2954 2399 2396 1139 2485 1860 2631 2815 1512 1755 2990 2302 2576 3035 1007 1874 2894 1430 1695 2567 1056 576 1938 2849 1341 3134 987 2064 2567 2651 3341 2632 2066 1364 2936 2179 2983 2178 1367 3631 1030 2205 2152 1982 2887 2532 1360 1071 3135 2219 3372 2748 856 1874 2160 1230 1833 3063 685 2538 1131 2269 2242 742 3264 1963 1280 3162 2725 2687 1752 1980 1207 2591 888 2659 1358 2048 2177 1916 2343 1151 2018 1143 1823 2192 2908 2659 1524 944 2726 1801 2808 1969 1745 2632 1433 976 1639 2532 2410 2652 2571 1214 2700 1075 3032 2857 1358 2366 2069 2236 2313 1250 2455 2164 2400 1053 1647 1244 2759
2337 1975 2979 1689 1947 1546 2984 1975 2910 2288 720 1601 2716 2844 3019 2434 2746 2639 2244 3087 2991 360 603 2197 1413 1452 681 3082 2706 3760 2298 2944 3026 591 557 3481 2799 3154 1458 2818 3061 1461 2654 2720 3658 2973 2919 2019 2381 1225 1983 2540 1724 1828 2090 1351 3463 1499 1828 1948 2384 2295 2044 2056 1964 1178 1452 2271 3158 1574 1809 1547 750 3444 2936 2679 2597 2265 2405 2294 3236 3049 2378 2755 2748 3173 3625 2410 2917 2030 3781 2856 2406 2564 1749 2835 3409 992 2429 2294 2178 2906 3283 2699 1694 1756 2158 3040 2536 2292 3494 3541 3320 3297 2390 2025 2945 3266 3316 2908 700 727 2307 1756 1296 1736 2657 2378 3687 2905 3049 1955 3259 3313 1312 3557 2309 1554 2094 3636 583 2212 1832 2914 2111 2244 1582 1154 3383 2673 1313 2924 2466 1310 910 2257 1117 689 1677 478 1915 2082 1795 1589 2847 2097 2902 1241 2745 1274 2310 536 2520 2278 859 2226 3513 1688 673 789 2322 3193 3146 2718 1183 2982 2829 2826 2890 2213 1821 2423 2148 2802 2043 1906 3141 1480 2502 1549 1453 2978 1719 2949 3079 3069 3846 1201 2070 1746 2838 1473 2389 1461 2933 1886 1495 2558 2868 3010 400 3886 2884 2911 2944 2426 1746 2742 1009 1349 3551 2283 2736 1313 2924 1958 3071 2465 3305 2941 3132 565 3185 866 2576 3175 2862 2743 2292 2639 2301 2017 626 684 1701 3591 2900 2065 2504 1260 2550 3771 3118 1553 2102 2980 1574 2976 1544 3018 2253 1125 2929 2519 733 2073 581 3061 3723 3179 1919 3409 2091 2916 2038 961 1323 2589 3084 3297 578 1400 2300 2672 3143 3980 2938 2126 982 4002 1738 2357 2280 2278 594
2099 1739 2773 1533 1704 1396 2767 1774 2716 2185 757 1361 2488 2779 2782 2207 2609 2404 2001 2874 2749 603 360 2018 1384 1213 537 2841 2561 3524 2246 2701 2793 823 773 3260 2555 2933 1294 2667 2829 1365 2500 2574 3421 2786 2682 1776 2140 988 1806 2352 1597 1585 1875 1217 3232 1256 1593 1755 2163 2118 1934 1813 1735 970 1235 2043 2915 1344 1589 1466 596 3240 2717 2444 2458 2050 2190 2094 3038 2823 2277 2511 2584 2963 3395 2207 2778 1847 3546 2680 2185 2334 1525 2600 3167 900 2185 2231 1935 2666 3079 2457 1639 1560 1914 2905 2312 2074 3289 3305 3127 3055 2191 1828 2764 3038 3104 2731 841 508 2121 1527 1118 1548 2440 2142 3466 2687 2806 1851 3026 3128 1179 3347 2233 1338 1972 3398 557 1979 1652 2671 1871 2018 1444 1024 3155 2525 1119 2688 2285 1151 796 2013 925 718 1436 705 1685 1911 1668 1345 2611 1856 2669 1207 2591 1094 2124 750 2277 2081 744 2013 3303 1497 470 551 2080 2991 2908 2530 1144 2799 2651 2587 2716 2001 1691 2295 1934 2585 1956 1732 2966 1438 2259 1309 1381 2769 1477 2779 2853 2830 3617 1130 1836 1703 2596 1248 2236 1338 2835 1754 1302 2324 2733 2813 602 3665 2651 2847 2718 2240 1550 2537 960 1198 3311 2042 2628 1127 2830 1841 2838 2256 3099 2723 2914 738 2942 678 2336 2978 2672 2506 2228 2434 2061 1958 384 462 1461 3369 2681 1924 2265 1138 2316 3547 2918 1338 1932 2741 1352 2754 1301 2821 2145 998 2701 2275 586 1854 468 2851 3491 3006 1678 3166 1887 2745 1875 817 1180 2369 2920 3056 726 1323 2081 2495 2936 3759 2750 1887 763 3777 1574 2121 2083 2036 371
2009 1924 1220 893 1709 1037 1318 688 1092 1071 1938 1737 1265 1690 2490 2321 1095 1370 1812 3005 2256 2197 2018 360 1528 1397 1879 1848 1005 2289 1469 1854 2616 2305 2395 1811 2011 1506 1103 1069 1599 1258 907 1010 2229 1139 2444 1494 1466 1825 574 712 973 1408 803 1241 1920 1653 1180 2451 2396 461 972 1713 1040 2051 2037 1037 2309 1217 2115 1270 2137 1653 2809 2309 955 824 2485 617 1426 2759 1130 1903 947 1420 2064 2641 1230 535 2278 1022 2406 2357 2036 2419 2186 1607 1650 1388 1533 2307 1494 1656 1353 840 1532 1365 1065 869 1702 2098 1494 2117 661 625 1107 1687 1574 1072 2110 2018 488 1119 1262 2371 1040 2107 2005 1249 2104 1020 1776 1475 1277 1796 1290 1115 875 2234 2211 1128 726 2102 1323 982 1032 2363 1810 955 2158 2440 628 1251 1660 1577 1453 2363 1374 2226 1063 501 929 1550 1548 1316 1484 1570 992 2218 498 2374 1694 586 2253 2406 1752 2328 1912 1850 1814 1398 2544 888 1582 1145 992 1594 1058 757 896 933 2360 1166 1143 652 1307 1462 1618 1383 1351 2983 1395 1126 2792 2451 2244 1492 2008 1417 1712 1237 707 1174 1519 857 2227 1282 1210 1203 2220 2191 1478 1755 2689 596 848 991 1657 1221 2194 1881 1292 2203 1540 926 2650 821 1525 2824 1455 2385 2224 2090 1491 1359 1035 2298 1380 903 1362 1334 2009 1916 1315 1912 2781 728 2097 1339 1285 2101 1318 2084 490 1701 1142 2788 1544 1208 1013 1453 1418 1691 1825 862 1983 1323 2186 1348 1752 2287 2426 1090 583 1598 1254 2541 1273 2069 2380 1357 2376 836 1375 2284 1104 1929 1627 2341 832 2080 2615 1420 2020
2566 2283 2388 1038 2138 936 2478 1493 2242 1307 1054 1914 2346 1797 3204 2784 1832 2371 2390 3511 3062 1413 1384 1528 360 1525 1208 2872 1825 3419 1246 2810 3276 1391 1580 2977 2823 2666 981 1953 2705 653 1809 1842 3345 2262 3125 2058 2279 1697 1347 1869 915 1864 1690 820 3063 1779 1707 2560 2795 1598 1101 2213 1731 1833 2008 1963 3178 1485 2288 618 1610 2808 3327 2920 1702 1837 2854 1737 2573 3364 1386 2739 1936 2588 3214 2937 2002 1422 3417 2092 2813 2879 2204 3066 3223 860 2412 1249 2188 3044 2652 2569 655 1314 2174 2109 2136 1880 2856 3215 2621 3132 1813 1506 2201 2834 2742 2151 1153 1488 1657 1595 1023 2386 2175 2636 3173 2406 3006 1006 2897 2565 818 2960 1278 1347 1187 3341 1559 1975 1261 2936 2019 1912 894 2013 2958 1806 1994 3126 1766 933 969 2265 1097 1713 1716 1370 1703 1387 965 1774 2581 2005 2566 536 1891 2005 1667 1566 2490 1710 1761 2706 2916 2332 1289 1339 2440 2555 3301 2032 599 2246 2083 2598 2115 1761 999 1500 2634 2314 1040 1278 2358 440 2437 1609 543 3439 1767 2150 3397 3210 3404 642 2392 693 2674 1382 1560 779 1921 1052 2152 2276 1944 2358 1451 3360 2555 1862 3269 1757 1305 2160 783 894 3284 2453 1748 2020 1906 1054 3318 1951 2687 3337 2620 1616 3143 1650 2407 2503 2177 2950 1247 2068 2169 971 1393 1314 1693 3080 3292 1234 2704 785 2274 3269 2475 2104 1400 2736 1409 3338 1733 2361 1289 855 2534 2488 1167 1711 1286 2492 3332 2382 2146 3284 2635 2127 1309 994 859 2991 2254 3102 1632 565 2734 1931 2542 3453 2230 2382 1229 3509 1106 2608 2846 2188 1377
1410 1119 1997 1130 978 1082 1956 1079 1987 1865 1382 772 1649 2537 2071 1619 2112 1551 1251 2346 1975 1452 1213 1397 1525 360 1165 1990 2033 2671 2110 1859 2125 1646 1626 2433 1757 2110 968 2106 1980 1292 1942 2040 2567 2079 1984 957 1293 795 1228 1665 1307 753 1100 1078 2385 649 744 1490 1633 1495 1629 1065 904 1024 1009 1208 2122 542 1174 1405 1224 2463 2161 1766 1961 1260 1698 1371 2284 2202 1956 1697 1981 2175 2547 1800 2260 1228 2694 2024 1651 1715 1087 1917 2321 1163 1362 2058 1112 1925 2306 1612 1613 933 1093 2395 1488 1273 2511 2451 2389 2211 1465 1143 2084 2199 2305 2063 1556 1139 1459 702 864 1368 1638 1475 2638 1877 1988 1586 2176 2422 1071 2549 2009 659 1607 2544 1361 1131 1089 1874 1020 1192 1160 1345 2312 1985 1121 1986 1631 956 1115 1193 835 1480 593 1534 853 1346 1354 609 1757 1005 1820 1412 2028 1183 1457 1603 1452 1368 1299 1562 2507 1320 1142 1023 1314 2226 2181 1831 1369 2110 1983 1734 2064 1231 1354 1864 1496 1776 1739 1179 2298 1523 1424 462 1389 2277 642 2142 2236 2094 2772 1272 1227 1702 1748 544 1709 1172 2470 1397 1197 1474 2233 2067 1455 2837 1801 2608 2106 1569 928 1774 1278 1004 2458 1309 2240 1166 2480 1523 2169 1484 2320 2172 2099 1581 2126 1139 1485 2234 1958 1805 2052 1674 1209 1844 1193 1127 609 2542 2126 1489 1557 1100 1465 2715 2161 1070 1365 1888 616 2173 572 2078 1808 1063 1861 1450 1130 1061 1241 2061 2640 2346 981 2331 1520 2103 1355 1036 1033 1826 2296 2208 1561 1338 1577 1842 2157 2930 2045 1218 851 2940 1120 1448 1729 1190 1221
