140 1553 1923 948 2338 2418 1279 1165 2441 1940 1241 753 857 1816 1691 1651 2593 2285 1066 884 1385 1174 2220 640 1709 2942 2729 2529 3184 2973 2657 2396 2064 2075 1926 891 1728 1354 2051 1210 1609 1517 2383 964 2411 2114 2266 1402 2487 1507 2346 2398 2871 2212 296 1288 970 1843 795 2249 2377 932 3096 2387 609 2318 950 998 1807 1024 1239 1385 2116 2475 753 763 1966 2199 2244 1587 1641 2494 2449 599 866 1700 2072 2380 1690 3009 1206 881 1570 1125 1418 1002 866 1550
1653 360 2454 978 2857 1836 1380 754 2311 1003 1191 2154 2161 1227 835 821 2082 1092 866 1344 2491 991 2244 2048 1968 2309 2261 2631 2621 2380 2283 1289 1774 1971 734 1031 1658 2067 1153 782 941 2483 1487 1073 1282 1436 1095 1609 2744 2218 1252 3235 2532 1199 1665 2590 1717 835 2279 2101 2692 1083 2595 1458 1412 1409 1855 2284 1369 901 1650 1465 965 2739 1716 2175 2435 2661 2847 812 1587 2436 3021 1896 2309 925 1270 3083 2718 2248 1553 1341 647 1595 532 1479 1469 1170
2023 2454 360 2263 790 1920 1437 2313 1356 2237 2809 1803 1637 1839 2132 2857 1903 2920 2317 1646 1258 1848 1087 2446 878 2259 1918 1144 2329 2226 1762 3334 1472 1234 2663 2229 1268 929 3242 2081 1966 1031 2332 2446 2751 1957 2778 1205 983 787 3308 1205 1843 2429 2161 1617 1339 2928 2424 1314 856 2413 2189 2382 1845 2322 1333 1583 1670 2119 1203 1349 3001 969 1535 2527 451 635 753 2076 1296 1297 936 1731 2555 2955 2100 997 1144 2481 1295 2574 2217 1298 2292 2759 2631 3026
1048 978 2263 360 2691 2160 1255 583 2426 1481 911 1597 1637 1504 1238 1092 2380 1708 478 981 2057 889 2279 1430 1864 2678 2544 2649 2963 2731 2520 1814 1936 2051 1352 418 1687 1763 1507 751 1222 2105 1966 566 1880 1788 1709 1479 2694 1929 1766 2941 2761 1734 1051 2083 1345 1266 1661 2213 2613 544 2906 1954 891 1892 1444 1773 1571 556 1422 1375 1528 2686 1255 1558 2271 2512 2644 1147 1597 2522 2838 1355 1691 1161 1683 2844 2325 2680 1336 813 1068 1324 870 1000 933 1131
2438 2857 790 2691 360 2131 1849 2735 1441 2582 3238 2173 2004 2178 2506 3271 2055 3276 2743 2076 1547 2263 1230 2842 1251 2373 2024 1074 2374 2321 1856 3714 1730 1466 3041 2658 1611 1347 3649 2496 2342 1318 2608 2876 3071 2248 3123 1613 815 1190 3692 1014 1866 2748 2578 1897 1766 3332 2799 1484 717 2843 2225 2664 2273 2610 1748 1929 2004 2544 1629 1753 3384 803 1956 2916 784 559 518 2459 1658 1330 532 2132 2933 3370 2412 728 1336 2625 1719 3003 2608 1728 2698 3187 3059 3452
2518 1836 1920 2160 2131 360 1517 2025 1113 1224 2610 2699 2595 1016 1364 2284 609 1816 2115 1896 2560 1662 1261 3016 1486 886 790 1548 1164 931 858 2346 828 1047 1763 2174 1162 1982 2507 1773 1310 2403 926 2354 1475 760 1629 1494 1782 2021 2348 2739 1093 1201 2594 2851 1990 2212 3150 1007 1809 2341 1121 990 2170 968 2130 2643 973 1965 1689 1436 2077 1785 2175 3142 1844 1951 2215 1417 1216 1260 2296 2471 3240 2385 942 2481 2606 981 1661 2613 1562 1763 1778 2799 2731 2645
1379 1380 1437 1255 1849 1517 360 1255 1565 1307 1804 1557 1473 1004 1127 1781 1676 1922 1281 759 1597 774 1391 1879 979 2033 1809 1755 2265 2059 1741 2281 1145 1188 1623 1237 823 1080 2165 1007 965 1528 1613 1457 1853 1274 1812 596 1804 1215 2251 2219 1961 1562 1469 1805 870 1852 1996 1359 1728 1430 2176 1639 1044 1567 1026 1547 929 1080 652 482 1947 1796 1024 2000 1425 1658 1830 1045 732 1645 2009 1318 2091 1880 1304 2063 1764 2127 566 1653 1163 653 1215 1850 1746 1980
1265 754 2313 583 2735 2025 1255 360 2365 1290 955 1793 1819 1371 1058 934 2256 1485 474 1074 2203 846 2245 1653 1875 2533 2426 2625 2829 2592 2418 1613 1851 1998 1128 637 1644 1852 1348 633 1074 2228 1782 709 1662 1639 1487 1491 2695 2015 1568 3036 2664 1532 1272 2259 1455 1079 1884 2150 2624 709 2782 1765 1062 1705 1574 1950 1464 567 1472 1367 1316 2688 1404 1781 2311 2549 2702 979 1559 2472 2890 1542 1914 1020 1514 2917 2456 2514 1379 984 872 1389 658 1150 1111 1086
2541 2311 1356 2426 1441 1113 1565 2365 360 1818 2954 2537 2395 1456 1854 2771 983 2489 2424 1953 2181 1899 637 3031 1137 1292 943 796 1332 1245 776 2997 898 737 2355 2419 1104 1659 3071 2091 1729 1977 1661 2633 2193 1371 2310 1399 1042 1621 2990 2086 856 1888 2647 2522 1864 2755 3096 574 1093 2609 1192 1724 2233 1689 1957 2395 1301 2234 1565 1444 2695 1048 2085 3141 1266 1290 1555 1858 1196 508 1594 2367 3210 2876 1569 1808 2131 1544 1595 2850 2024 1677 2198 3047 2948 3070
2040 1003 2237 1481 2582 1224 1307 1290 1818 360 1825 2411 2365 764 610 1429 1474 1056 1399 1515 2545 1138 1825 2502 1719 1670 1655 2199 1987 1745 1703 1541 1293 1541 906 1515 1333 2014 1646 1109 717 2468 853 1640 905 833 901 1463 2366 2129 1532 3075 1949 634 2081 2737 1796 1347 2696 1627 2344 1638 1971 834 1714 776 1953 2460 939 1316 1595 1323 1238 2365 1892 2632 2191 2383 2612 713 1300 1958 2754 2149 2754 1527 642 2871 2703 1606 1514 1914 777 1597 998 2078 2041 1809
1341 1191 2809 911 3238 2610 1804 955 2954 1825 360 1953 2037 1961 1618 941 2845 1791 891 1522 2520 1418 2821 1531 2416 3109 3018 3196 3411 3173 3012 1684 2446 2583 1487 940 2224 2292 1250 1226 1661 2599 2315 722 2080 2218 1863 2031 3246 2460 1629 3457 3259 2030 1311 2481 1866 1161 1796 2740 3165 757 3370 2288 1369 2237 1943 2179 2059 1087 1972 1923 1497 3237 1739 1633 2820 3062 3185 1554 2136 3057 3382 1756 1772 932 2076 3377 2807 3070 1887 730 1421 1870 1198 731 806 675
853 2154 1803 1597 2173 2699 1557 1793 2537 2411 1953 360 529 2188 2176 2325 2828 2868 1711 1256 1063 1639 2280 1068 1760 3200 2935 2519 3397 3212 2831 3046 2277 2210 2514 1538 1920 1270 2735 1757 2055 1248 2793 1656 2928 2469 2819 1574 2417 1379 3000 2104 3012 2684 1007 898 1070 2503 986 2376 2294 1621 3288 2810 1102 2738 945 638 2126 1614 1379 1624 2746 2404 893 1116 1868 2072 2053 2072 1850 2555 2254 623 1120 2385 2478 2138 1371 3318 1398 1595 2101 1296 1997 1709 1574 2259
957 2161 1637 1637 2004 2595 1473 1819 2395 2365 2037 529 360 2115 2139 2369 2713 2860 1747 1217 907 1609 2134 1228 1618 3087 2812 2361 3273 3095 2702 3071 2162 2079 2510 1580 1805 1114 2783 1751 2007 1082 2724 1720 2894 2387 2798 1463 2253 1215 3026 1945 2876 2635 1113 808 968 2536 1155 2242 2129 1684 3160 2745 1116 2673 825 502 2039 1628 1267 1528 2762 2239 832 1283 1703 1905 1884 2036 1741 2407 2085 644 1289 2435 2410 1971 1216 3216 1299 1690 2081 1196 1998 1820 1683 2336
1916 1227 1839 1504 2178 1016 1004 1371 1456 764 1961 2188 2115 360 759 1688 1245 1460 1459 1316 2219 1020 1433 2406 1321 1534 1417 1814 1820 1587 1421 1929 919 1149 1267 1520 932 1663 1974 1116 660 2118 969 1697 1275 658 1304 1105 1969 1762 1915 2681 1670 958 1980 2447 1515 1658 2565 1253 1942 1684 1770 994 1569 923 1671 2192 536 1310 1266 982 1612 1966 1655 2535 1790 1979 2211 779 906 1589 2350 1938 2643 1792 661 2471 2348 1559 1200 1957 940 1296 1139 2142 2076 2019
1791 835 2132 1238 2506 1364 1127 1058 1854 610 1618 2176 2139 759 360 1293 1608 1158 1163 1283 2353 897 1814 2252 1620 1851 1786 2200 2157 1917 1808 1569 1316 1534 896 1270 1262 1847 1577 860 527 2295 1088 1405 1115 965 1046 1315 2338 1975 1548 2955 2057 881 1832 2525 1589 1260 2446 1649 2300 1401 2125 1077 1469 1014 1744 2240 917 1068 1419 1168 1241 2335 1666 2382 2098 2306 2519 465 1208 1985 2675 1913 2504 1396 818 2770 2532 1818 1331 1679 558 1405 780 1848 1804 1641
1751 821 2857 1092 3271 2284 1781 934 2771 1429 941 2325 2369 1688 1293 360 2532 1225 984 1647 2775 1368 2697 2045 2390 2739 2712 3084 3056 2815 2740 1124 2235 2428 966 1149 2105 2420 776 1136 1402 2803 1886 1051 1553 1884 1323 2017 3187 2580 1070 3602 2990 1573 1737 2815 2029 581 2302 2560 3128 1080 3039 1846 1620 1808 2148 2505 1830 1141 2026 1880 916 3181 1974 2160 2846 3079 3249 1273 2029 2895 3430 2087 2300 464 1708 3473 3030 2653 1930 1243 1109 1951 945 1306 1352 771
2693 2082 1903 2380 2055 609 1676 2256 983 1474 2845 2828 2713 1245 1608 2532 360 2056 2342 2069 2621 1869 1194 3193 1528 737 541 1413 952 744 634 2588 910 1049 2013 2391 1268 2052 2757 1997 1544 2446 1149 2577 1702 1007 1868 1613 1666 2067 2592 2688 851 1442 2776 2932 2118 2461 3311 949 1714 2563 886 1213 2349 1201 2248 2747 1173 2184 1809 1581 2324 1672 2316 3315 1819 1890 2157 1655 1339 1120 2213 2613 3408 2632 1192 2417 2634 938 1796 2831 1805 1896 2017 3020 2947 2889
2385 1092 2920 1708 3276 1816 1922 1485 2489 1056 1791 2868 2860 1460 1158 1225 2056 360 1593 2012 3132 1623 2517 2775 2403 2144 2231 2886 2466 2236 2314 896 1980 2234 718 1762 2025 2643 1194 1471 1325 3088 1276 1779 763 1479 548 2113 3061 2774 907 3750 2547 975 2397 3273 2357 1026 3010 2309 3040 1795 2490 1217 2127 1216 2507 2975 1636 1626 2214 1967 715 3060 2398 2900 2879 3076 3301 1237 1985 2634 3448 2606 3036 1278 1280 3557 3324 1984 2124 2031 1146 2191 1233 2136 2154 1628
1166 866 2317 478 2743 2115 1281 474 2424 1399 891 1711 1747 1459 1163 984 2342 1593 360 1050 2154 887 2291 1542 1898 2627 2510 2667 2919 2684 2495 1697 1920 2052 1238 536 1693 1835 1400 705 1167 2193 1890 602 1776 1734 1600 1512 2725 2000 1649 3017 2739 1644 1169 2192 1425 1151 1776 2209 2648 598 2868 1874 996 1814 1533 1881 1541 561 1474 1398 1409 2717 1352 1669 2320 2560 2702 1079 1605 2526 2894 1467 1803 1059 1617 2910 2416 2616 1384 875 982 1383 772 1048 1002 1068
984 1344 1646 981 2076 1896 759 1074 1953 1515 1522 1256 1217 1316 1283 1647 2069 2012 1050 360 1508 752 1759 1484 1287 2418 2206 2103 2660 2449 2140 2272 1544 1579 1670 943 1219 1144 2059 921 1159 1516 1909 1160 2037 1609 1942 924 2114 1310 2233 2327 2360 1788 1070 1621 742 1772 1616 1751 2022 1126 2574 1922 644 1851 872 1324 1288 867 817 873 1949 2104 747 1607 1660 1902 2023 1180 1129 2024 2219 995 1704 1734 1593 2223 1746 2494 744 1306 1228 709 1173 1499 1384 1751
1485 2491 1258 2057 1547 2560 1597 2203 2181 2545 2520 1063 907 2219 2353 2775 2621 3132 2154 1508 360 1876 1904 1772 1453 2998 2684 2039 3129 2986 2548 3420 2095 1937 2804 2005 1765 938 3191 2069 2198 591 2814 2179 3090 2446 3039 1478 1875 922 3381 1400 2678 2798 1640 719 1138 2916 1668 2075 1747 2142 3000 2848 1528 2778 996 787 2098 1998 1315 1597 3095 1861 1162 1816 1343 1493 1407 2262 1731 2155 1597 1146 1803 2854 2520 1451 668 3174 1391 2194 2348 1309 2319 2340 2203 2803
1274 991 1848 889 2263 1662 774 846 1899 1138 1418 1639 1609 1020 897 1368 1869 1623 887 752 1876 360 1763 1754 1392 2186 2028 2141 2459 2232 1995 1916 1407 1526 1288 889 1165 1435 1759 592 795 1854 1569 1095 1649 1318 1550 1011 2209 1588 1881 2607 2235 1413 1327 2011 1098 1452 1929 1685 2139 1073 2393 1573 938 1504 1245 1717 1056 695 1023 882 1586 2202 1139 1884 1839 2073 2240 793 1077 1999 2422 1376 1998 1467 1259 2466 2090 2220 926 1330 837 963 819 1523 1440 1572
2320 2244 1087 2279 1230 1261 1391 2245 637 1825 2821 2280 2134 1433 1814 2697 1194 2517 2291 1759 1904 1763 360 2802 882 1536 1192 747 1604 1499 1034 3001 900 643 2340 2265 960 1390 3025 1974 1670 1700 1762 2484 2260 1424 2348 1195 907 1346 2988 1854 1133 1943 2433 2247 1626 2705 2853 614 912 2458 1467 1821 2030 1774 1707 2128 1261 2094 1341 1268 2685 908 1850 2908 999 1057 1324 1799 1046 636 1395 2123 2971 2801 1608 1586 1856 1770 1384 2684 1963 1456 2113 2881 2774 2965
740 2048 2446 1430 2842 3016 1879 1653 3031 2502 1531 1068 1228 2406 2252 2045 3193 2775 1542 1484 1772 1754 2802 360 2285 3541 3329 3096 3784 3573 3256 2809 2664 2669 2420 1380 2325 1881 2411 1756 2184 1949 2960 1368 2944 2705 2780 1995 3034 2020 2756 2812 3468 2769 786 1567 1538 2257 625 2842 2919 1347 3695 2960 1205 2892 1486 1346 2404 1554 1825 1984 2562 3022 1315 490 2499 2721 2733 2149 2240 3078 2937 1074 621 2072 2653 2837 2079 3603 1799 1171 2111 1713 1935 1191 1086 1843
1809 1968 878 1864 1251 1486 979 1875 1137 1719 2416 1760 1618 1321 1620 2390 1528 2403 1898 1287 1453 1392 882 2285 360 1904 1593 1183 2044 1893 1464 2826 1018 845 2153 1840 754 893 2761 1622 1454 1280 1836 2062 2235 1458 2260 745 1191 899 2803 1719 1620 1914 1928 1773 1107 2443 2330 992 1110 2032 1921 1883 1541 1820 1185 1622 1155 1697 840 870 2494 1182 1330 2389 837 1053 1259 1569 778 1159 1418 1600 2448 2491 1589 1514 1480 2088 903 2233 1717 956 1812 2427 2311 2600
3042 2309 2259 2678 2373 886 2033 2533 1292 1670 3109 3200 3087 1534 1851 2739 737 2144 2627 2418 2998 2186 1536 3541 1904 360 708 1690 683 458 877 2679 1285 1422 2175 2694 1642 2429 2913 2288 1819 2820 1238 2868 1754 1253 1958 1985 1955 2442 2691 3018 950 1561 3119 3309 2489 2639 3669 1307 2021 2856 721 1293 2695 1310 2622 3123 1499 2485 2181 1944 2452 1963 2683 3665 2173 2221 2487 1916 1709 1406 2522 2980 3762 2835 1398 2740 3003 641 2164 3131 2050 2265 2271 3314 3250 3119
2829 2261 1918 2544 2024 790 1809 2426 943 1655 3018 2935 2812 1417 1786 2712 541 2231 2510 2206 2684 2028 1192 3329 1593 708 360 1346 821 668 529 2764 1027 1108 2193 2553 1379 2125 2938 2165 1717 2498 1319 2744 1870 1187 2042 1724 1610 2124 2769 2670 683 1618 2916 3006 2228 2642 3437 974 1673 2728 727 1382 2489 1374 2351 2837 1333 2348 1917 1707 2503 1617 2433 3450 1831 1873 2138 1831 1457 1060 2174 2729 3538 2813 1373 2391 2673 969 1913 2995 1982 2011 2193 3185 3108 3067
2629 2631 1144 2649 1074 1548 1755 2625 796 2199 3196 2519 2361 1814 2200 3084 1413 2886 2667 2103 2039 2141 747 3096 1183 1690 1346 360 1663 1628 1177 3379 1266 1025 2722 2632 1343 1608 3413 2356 2057 1814 2089 2853 2610 1777 2712 1543 628 1518 3368 1728 1155 2298 2750 2397 1920 3093 3120 938 720 2825 1514 2151 2364 2111 1975 2331 1644 2468 1663 1634 3066 637 2142 3194 1056 973 1213 2186 1426 653 1205 2395 3243 3189 1969 1440 1920 1956 1721 3042 2351 1779 2500 3238 3126 3347
3284 2621 2329 2963 2374 1164 2265 2829 1332 1987 3411 3397 3273 1820 2157 3056 952 2466 2919 2660 3129 2459 1604 3784 2044 683 821 1663 360 601 941 3000 1486 1562 2497 2976 1840 2578 3236 2577 2114 2936 1562 3158 2074 1553 2280 2186 1930 2568 3013 3028 867 1884 3368 3458 2690 2960 3897 1415 2017 3144 509 1616 2941 1633 2812 3296 1763 2768 2379 2166 2775 1940 2895 3905 2239 2245 2503 2216 1917 1411 2508 3190 3996 3153 1711 2742 3100 891 2374 3416 2356 2472 2575 3602 3533 3432
3073 2380 2226 2731 2321 931 2059 2592 1245 1745 3173 3212 3095 1587 1917 2815 744 2236 2684 2449 2986 2232 1499 3573 1893 458 668 1628 601 360 828 2771 1294 1408 2257 2746 1652 2423 2997 2343 1877 2803 1326 2924 1848 1315 2049 1998 1895 2427 2782 2970 867 1647 3154 3304 2503 2720 3695 1281 1967 2911 623 1381 2728 1396 2631 3126 1539 2537 2193 1965 2540 1904 2701 3696 2138 2175 2439 1978 1723 1351 2466 2998 3790 2912 1469 2689 2980 731 2180 3184 2116 2280 2336 3369 3302 3191
2757 2283 1762 2520 1856 858 1741 2418 776 1703 3012 2831 2702 1421 1808 2740 634 2314 2495 2140 2548 1995 1034 3256 1464 877 529 1177 941 828 360 2844 958 984 2248 2524 1292 1998 2989 2150 1721 2356 1418 2723 1970 1229 2127 1632 1440 1986 2845 2503 609 1699 2850 2877 2131 2686 3352 833 1504 2705 818 1482 2425 1465 2246 2720 1313 2323 1820 1632 2569 1448 2342 3374 1673 1707 1972 1841 1376 890 2005 2635 3457 2843 1425 2223 2524 1138 1826 2965 1999 1920 2201 3158 3075 3081
2496 1289 3334 1814 3714 2346 2281 1613 2997 1541 1684 3046 3071 1929 1569 1124 2588 896 1697 2272 3420 1916 3001 2809 2826 2679 2764 3379 3000 2771 2844 360 2474 2717 1033 1872 2470 2987 839 1712 1732 3411 1812 1808 1288 1994 1084 2497 3537 3133 415 4140 3079 1506 2489 3508 2646 914 3065 2808 3505 1835 3026 1753 2314 1751 2784 3199 2103 1803 2564 2350 694 3534 2639 2925 3303 3515 3723 1618 2417 3139 3883 2796 3064 1112 1793 3970 3646 2510 2468 2006 1480 2517 1462 2055 2113 1427
2164 1774 1472 1936 1730 828 1145 1851 898 1293 2446 2277 2162 919 1316 2235 910 1980 1920 1544 2095 1407 900 2664 1018 1285 1027 1266 1486 1294 958 2474 360 625 1823 1936 717 1519 2533 1579 1193 1935 1238 2141 1720 885 1808 1063 1448 1553 2464 2307 1189 1402 2254 2393 1568 2216 2770 695 1444 2120 1391 1294 1828 1242 1697 2198 764 1740 1258 1040 2165 1448 1769 2784 1401 1538 1795 1321 791 1030 1900 2065 2871 2340 1068 2062 2138 1439 1248 2376 1487 1347 1666 2570 2482 2543
2175 1971 1234 2051 1466 1047 1188 1998 737 1541 2583 2210 2079 1149 1534 2428 1049 2234 2052 1579 1937 1526 643 2669 845 1422 1108 1025 1562 1408 984 2717 625 360 2057 2043 727 1377 2748 1725 1394 1757 1502 2257 1985 1150 2066 1033 1187 1379 2704 2056 1165 1665 2278 2258 1518 2429 2747 533 1178 2233 1443 1559 1860 1508 1625 2095 978 1861 1210 1067 2402 1187 1734 2782 1156 1277 1537 1523 818 834 1636 2023 2857 2533 1329 1804 1944 1620 1229 2473 1688 1317 1847 2669 2570 2710
2026 734 2663 1352 3041 1763 1623 1128 2355 906 1487 2514 2510 1267 896 966 2013 718 1238 1670 2804 1288 2340 2420 2153 2175 2193 2722 2497 2257 2248 1033 1823 2057 360 1405 1798 2338 1104 1119 1059 2774 1302 1434 954 1379 738 1831 2870 2478 1012 3476 2493 981 2039 2930 2027 826 2653 2158 2835 1447 2495 1256 1772 1227 2174 2628 1439 1268 1911 1683 706 2867 2053 2547 2631 2842 3051 947 1743 2493 3210 2253 2682 1047 1183 3300 3011 2065 1817 1693 821 1875 876 1813 1819 1377
991 1031 2229 418 2658 2174 1237 637 2419 1515 940 1538 1580 1520 1270 1149 2391 1762 536 943 2005 889 2265 1380 1840 2694 2553 2632 2976 2746 2524 1872 1936 2043 1405 360 1677 1721 1564 775 1244 2057 1998 582 1926 1808 1759 1457 2671 1888 1824 2897 2764 1772 995 2026 1300 1325 1608 2206 2587 553 2916 1987 837 1924 1395 1716 1579 569 1391 1359 1585 2662 1203 1509 2239 2481 2607 1176 1586 2512 2803 1297 1640 1217 1710 2804 2275 2703 1307 801 1106 1290 916 994 916 1175
1828 1658 1268 1687 1611 1162 823 1644 1104 1333 2224 1920 1805 932 1262 2105 1268 2025 1693 1219 1765 1165 960 2325 754 1642 1379 1343 1840 1652 1292 2470 717 727 1798 1677 360 1187 2449 1374 1103 1624 1448 1893 1842 1069 1875 706 1446 1247 2451 2113 1503 1520 1925 2048 1211 2128 2421 896 1400 1868 1739 1492 1502 1428 1340 1844 762 1498 900 705 2143 1441 1414 2442 1218 1411 1639 1227 451 1195 1782 1710 2525 2209 1194 1899 1841 1783 895 2106 1386 992 1519 2303 2203 2364
1454 2067 929 1763 1347 1982 1080 1852 1659 2014 2292 1270 1114 1663 1847 2420 2052 2643 1835 1144 938 1435 1390 1881 893 2429 2125 1608 2578 2423 1998 2987 1519 1377 2338 1721 1187 360 2825 1657 1683 815 2247 1930 2558 1874 2530 917 1516 527 2954 1544 2150 2254 1592 1241 789 2525 1877 1526 1399 1895 2455 2284 1298 2215 763 1098 1531 1647 788 1051 2655 1504 968 1967 977 1205 1266 1766 1156 1659 1470 1167 2005 2510 1960 1444 1048 2598 881 2030 1877 832 1895 2209 2078 2534
2151 1153 3242 1507 3649 2507 2165 1348 3071 1646 1250 2735 2783 1974 1577 776 2757 1194 1400 2059 3191 1759 3025 2411 2761 2913 2938 3413 3236 2997 2989 839 2533 2748 1104 1564 2449 2825 360 1530 1715 3215 2035 1447 1589 2119 1353 2398 3535 2983 784 4005 3235 1712 2133 3230 2441 680 2673 2866 3485 1479 3238 1984 2036 1962 2562 2920 2134 1555 2422 2256 841 3530 2390 2519 3226 3454 3635 1586 2380 3202 3812 2501 2658 711 1926 3866 3444 2785 2325 1600 1423 2354 1311 1618 1693 965
1310 782 2081 751 2496 1773 1007 633 2091 1109 1226 1757 1751 1116 860 1136 1997 1471 705 921 2069 592 1974 1756 1622 2288 2165 2356 2577 2343 2150 1712 1579 1725 1119 775 1374 1657 1530 360 831 2064 1585 941 1561 1397 1426 1243 2434 1813 1673 2835 2395 1373 1341 2173 1295 1227 1960 1876 2367 928 2524 1577 1019 1512 1433 1870 1197 568 1252 1111 1387 2427 1297 1886 2071 2306 2473 762 1289 2199 2655 1495 2011 1234 1295 2698 2298 2289 1155 1203 720 1185 611 1386 1324 1351
1709 941 1966 1222 2342 1310 965 1074 1729 717 1661 2055 2007 660 527 1402 1544 1325 1167 1159 2198 795 1670 2184 1454 1819 1717 2057 2114 1877 1721 1732 1193 1394 1059 1244 1103 1683 1715 831 360 2134 1136 1408 1255 927 1207 1148 2186 1810 1710 2787 1970 989 1759 2381 1441 1395 2364 1519 2143 1398 2068 1138 1372 1069 1598 2102 788 1035 1257 1001 1402 2182 1535 2314 1932 2143 2353 489 1045 1855 2511 1795 2431 1506 831 2603 2370 1818 1171 1674 655 1249 840 1854 1796 1721
1617 2483 1031 2105 1318 2403 1528 2228 1977 2468 2599 1248 1082 2118 2295 2803 2446 3088 2193 1516 591 1854 1700 1949 1280 2820 2498 1814 2936 2803 2356 3411 1935 1757 2774 2057 1624 815 3215 2064 2134 360 2698 2247 3013 2323 2981 1373 1645 742 3375 1240 2473 2710 1769 950 1134 2927 1868 1884 1516 2210 2803 2737 1591 2669 1021 984 1983 2021 1236 1506 3081 1631 1220 2004 1117 1261 1182 2211 1603 1942 1376 1279 2003 2887 2415 1249 596 3009 1324 2293 2313 1258 2310 2453 2316 2868
2483 1487 2332 1966 2608 926 1613 1782 1661 853 2315 2793 2724 969 1088 1886 1149 1276 1890 1909 2814 1569 1762 2960 1836 1238 1319 2089 1562 1326 1418 1812 1238 1502 1302 1998 1448 2247 2035 1585 1136 2698 360 2131 912 738 1088 1696 2304 2329 1821 3175 1640 683 2535 3054 2124 1768 3138 1519 2314 2128 1575 424 2143 438 2279 2801 1076 1793 1867 1584 1574 2306 2261 3090 2267 2416 2670 1182 1457 1810 2778 2539 3207 1977 675 2937 2922 1127 1806 2405 1270 1904 1491 2571 2532 2281
1064 1073 2446 566 2876 2354 1457 709 2633 1640 722 1656 1720 1697 1405 1051 2577 1779 602 1160 2179 1095 2484 1368 2062 2868 2744 2853 3158 2924 2723 1808 2141 2257 1434 582 1893 1930 1447 941 1408 2247 2131 360 1995 1975 1806 1679 2893 2098 1757 3099 2965 1880 1047 2168 1504 1254 1619 2419 2809 396 3104 2114 1015 2055 1587 1860 1772 760 1611 1579 1553 2884 1387 1489 2458 2701 2822 1322 1803 2728 3019 1435 1628 1096 1860 3015 2459 2859 1528 634 1222 1508 1006 806 762 984
2511 1282 2751 1880 3071 1475 1853 1662 2193 905 2080 2928 2894 1275 1115 1553 1702 763 1776 2037 3090 1649 2260 2944 2235 1754 1870 2610 2074 1848 1970 1288 1720 1985 954 1926 1842 2558 1589 1561 1255 3013 912 1995 360 1196 597 2004 2808 2669 1305 3595 2192 683 2539 3277 2337 1381 3159 2032 2803 2003 2106 848 2209 868 2494 2994 1440 1752 2140 1867 1108 2808 2421 3073 2698 2873 3115 1217 1822 2340 3243 2665 3203 1624 1019 3378 3247 1583 2059 2263 1201 2142 1370 2396 2391 1964
2214 1436 1957 1788 2248 760 1274 1639 1371 833 2218 2469 2387 658 965 1884 1007 1479 1734 1609 2446 1318 1424 2705 1458 1253 1187 1777 1553 1315 1229 1994 885 1150 1379 1808 1069 1874 2119 1397 927 2323 738 1975 1196 360 1299 1329 1972 1952 1990 2802 1475 881 2279 2697 1781 1818 2862 1198 1969 1965 1520 785 1866 725 1933 2455 711 1598 1508 1227 1705 1972 1935 2833 1895 2053 2303 1023 1080 1516 2419 2223 2941 1985 560 2569 2546 1261 1455 2240 1163 1555 1381 2422 2362 2245
2366 1095 2778 1709 3123 1629 1812 1487 2310 901 1863 2819 2798 1304 1046 1323 1868 548 1600 1942 3039 1550 2348 2780 2260 1958 2042 2712 2280 2049 2127 1084 1808 2066 738 1759 1875 2530 1353 1426 1207 2981 1088 1806 597 1299 360 1989 2894 2654 1094 3614 2359 788 2386 3199 2270 1145 3005 2134 2877 1817 2302 1028 2085 1027 2424 2907 1479 1602 2104 1845 873 2893 2330 2907 2733 2924 3154 1136 1841 2456 3295 2555 3040 1390 1103 3413 3217 1803 2017 2069 1077 2091 1209 2191 2195 1733
1502 1609 1205 1479 1613 1494 596 1491 1399 1463 2031 1574 1463 1105 1315 2017 1613 2113 1512 924 1478 1011 1195 1995 745 1985 1724 1543 2186 1998 1632 2497 1063 1033 1831 1457 706 917 2398 1243 1148 1373 1696 1679 2004 1329 1989 360 1574 1026 2470 2004 1834 1697 1607 1732 865 2083 2080 1206 1495 1650 2083 1730 1196 1661 997 1509 980 1311 555 507 2163 1566 1070 2109 1189 1422 1598 1245 638 1462 1774 1364 2186 2117 1404 1836 1604 2115 556 1859 1378 647 1447 2055 1944 2215
2587 2744 983 2694 815 1782 1804 2695 1042 2366 3246 2417 2253 1969 2338 3187 1666 3061 2725 2114 1875 2209 907 3034 1191 1955 1610 628 1930 1895 1440 3537 1448 1187 2870 2671 1446 1516 3535 2434 2186 1645 2304 2893 2808 1972 2894 1574 360 1397 3522 1465 1422 2491 2716 2235 1878 3215 3033 1145 488 2863 1781 2365 2355 2320 1908 2205 1794 2524 1659 1688 3216 374 2094 3123 909 753 962 2312 1518 910 937 2322 3161 3290 2156 1176 1720 2218 1731 3061 2473 1772 2602 3254 3135 3421
1607 2218 787 1929 1190 2021 1215 2015 1621 2129 2460 1379 1215 1762 1975 2580 2067 2774 2000 1310 922 1588 1346 2020 899 2442 2124 1518 2568 2427 1986 3133 1553 1379 2478 1888 1247 527 2983 1813 1810 742 2329 2098 2669 1952 2654 1026 1397 360 3102 1382 2118 2359 1748 1261 956 2680 1998 1513 1275 2063 2438 2370 1465 2303 919 1174 1618 1811 929 1169 2800 1384 1129 2100 848 1061 1102 1899 1232 1603 1306 1306 2129 2672 2054 1276 953 2627 1025 2197 2018 989 2047 2375 2243 2701
2446 1252 3308 1766 3692 2348 2251 1568 2990 1532 1629 3000 3026 1915 1548 1070 2592 907 1649 2233 3381 1881 2988 2756 2803 2691 2769 3368 3013 2782 2845 415 2464 2704 1012 1824 2451 2954 784 1673 1710 3375 1821 1757 1305 1990 1094 2470 3522 3102 360 4111 3082 1511 2438 3464 2608 863 3013 2798 3488 1784 3036 1762 2270 1757 2745 3156 2088 1760 2532 2322 668 3519 2597 2871 3279 3493 3698 1593 2395 3130 3861 2751 3011 1056 1789 3944 3610 2528 2436 1952 1452 2483 1424 2000 2058 1371
2498 3235 1205 2941 1014 2739 2219 3036 2086 3075 3457 2104 1945 2681 2955 3602 2688 3750 3017 2327 1400 2607 1854 2812 1719 3018 2670 1728 3028 2970 2503 4140 2307 2056 3476 2897 2113 1544 4005 2835 2787 1240 3175 3099 3595 2802 3614 2004 1465 1382 4111 360 2520 3273 2650 1668 1956 3700 2701 2104 1371 3063 2880 3226 2448 3167 1875 1827 2515 2831 1945 2152 3806 1453 2084 2855 1267 1158 891 2889 2135 1982 898 2159 2836 3694 2945 649 1095 3263 2042 3166 3020 2011 3065 3330 3194 3712
2971 2532 1843 2761 1866 1093 1961 2664 856 1949 3259 3012 2876 1670 2057 2990 851 2547 2739 2360 2678 2235 1133 3468 1620 950 683 1155 867 867 609 3079 1189 1165 2493 2764 1503 2150 3235 2395 1970 2473 1640 2965 2192 1475 2359 1834 1422 2118 3082 2520 360 1932 3068 3018 2323 2933 3552 996 1509 2946 719 1703 2645 1693 2428 2883 1559 2565 2015 1848 2810 1432 2539 3583 1752 1742 1998 2090 1591 911 2000 2828 3660 3092 1669 2234 2623 1231 2030 3204 2248 2120 2450 3398 3312 3330
2312 1199 2429 1734 2748 1201 1562 1532 1888 634 2030 2684 2635 958 881 1573 1442 975 1644 1788 2798 1413 1943 2769 1914 1561 1618 2298 1884 1647 1699 1506 1402 1665 981 1772 1520 2254 1712 1373 989 2710 683 1880 683 881 788 1697 2491 2359 1511 3273 1932 360 2351 3001 2060 1447 2967 1719 2483 1881 1893 635 1989 611 2217 2728 1118 1578 1843 1564 1253 2490 2163 2900 2376 2550 2792 985 1503 2035 2920 2423 3023 1661 696 3055 2942 1444 1767 2155 1026 1855 1233 2309 2283 1974
396 1665 2161 1051 2578 2594 1469 1272 2647 2081 1311 1007 1113 1980 1832 1737 2776 2397 1169 1070 1640 1327 2433 786 1928 3119 2916 2750 3368 3154 2850 2489 2254 2278 2039 995 1925 1592 2133 1341 1759 1769 2535 1047 2539 2279 2386 1607 2716 1748 2438 2650 3068 2351 360 1543 1197 1935 980 2451 2608 1017 3284 2536 786 2467 1189 1254 1981 1147 1452 1580 2215 2704 986 916 2201 2436 2488 1728 1837 2705 2693 854 1033 1783 2226 2629 1945 3177 1412 948 1700 1337 1537 1066 930 1622
1388 2590 1617 2083 1897 2851 1805 2259 2522 2737 2481 898 808 2447 2525 2815 2932 3273 2192 1621 719 2011 2247 1567 1773 3309 3006 2397 3458 3304 2877 3508 2393 2258 2930 2026 2048 1241 3230 2173 2381 950 3054 2168 3277 2697 3199 1732 2235 1261 3464 1668 3018 3001 1543 360 1301 2978 1412 2403 2106 2132 3332 3082 1557 3010 1143 670 2345 2064 1548 1831 3194 2221 1236 1584 1701 1851 1753 2426 2002 2503 1935 1092 1544 2883 2748 1767 951 3470 1607 2129 2488 1512 2423 2248 2113 2782
1070 1717 1339 1345 1766 1990 870 1455 1864 1796 1866 1070 968 1515 1589 2029 2118 2357 1425 742 1138 1098 1626 1538 1107 2489 2228 1920 2690 2503 2131 2646 1568 1518 2027 1300 1211 789 2441 1295 1441 1134 2124 1504 2337 1781 2270 865 1878 956 2608 1956 2323 2060 1197 1301 360 2153 1591 1688 1772 1469 2585 2149 869 2077 517 1036 1432 1248 671 919 2319 1867 583 1642 1371 1610 1694 1493 1140 1903 1896 865 1705 2114 1814 1872 1364 2610 690 1601 1571 588 1544 1782 1653 2115
1943 835 2928 1266 3332 2212 1852 1079 2755 1347 1161 2503 2536 1658 1260 581 2461 1026 1151 1772 2916 1452 2705 2257 2443 2639 2642 3093 2960 2720 2686 914 2216 2429 826 1325 2128 2525 680 1227 1395 2927 1768 1254 1381 1818 1145 2083 3215 2680 863 3700 2933 1447 1935 2978 2153 360 2512 2549 3165 1280 2954 1723 1781 1692 2282 2668 1816 1279 2115 1940 699 3210 2121 2374 2910 3136 3321 1266 2059 2885 3496 2258 2514 612 1629 3555 3158 2531 2018 1460 1102 2052 997 1527 1571 963
895 2279 2424 1661 2799 3150 1996 1884 3096 2696 1796 986 1155 2565 2446 2302 3311 3010 1776 1616 1668 1929 2853 625 2330 3669 3437 3120 3897 3695 3352 3065 2770 2747 2653 1608 2421 1877 2673 1960 2364 1868 3138 1619 3159 2862 3005 2080 3033 1998 3013 2701 3552 2967 980 1412 1591 2512 360 2919 2912 1594 3800 3143 1357 3073 1508 1245 2544 1767 1896 2091 2810 3020 1372 557 2486 2696 2679 2342 2340 3130 2879 1090 495 2332 2826 2755 1966 3751 1886 1433 2320 1792 2156 1456 1351 2108
2349 2101 1314 2213 1484 1007 1359 2150 574 1627 2740 2376 2242 1253 1649 2560 949 2309 2209 1751 2075 1685 614 2842 992 1307 974 938 1415 1281 833 2808 695 533 2158 2206 896 1526 2866 1876 1519 1884 1519 2419 2032 1198 2134 1206 1145 1513 2798 2104 996 1719 2451 2403 1688 2549 2919 360 1163 2396 1289 1580 2033 1537 1792 2253 1093 2020 1382 1239 2500 1147 1906 2955 1229 1309 1576 1649 987 696 1649 2193 3029 2665 1391 1839 2059 1528 1403 2639 1814 1490 1985 2835 2738 2856
2477 2692 856 2613 717 1809 1728 2624 1093 2344 3165 2294 2129 1942 2300 3128 1714 3040 2648 2022 1747 2139 912 2919 1110 2021 1673 720 2017 1967 1504 3505 1444 1178 2835 2587 1400 1399 3485 2367 2143 1516 2314 2809 2803 1969 2877 1495 488 1275 3488 1371 1509 2483 2608 2106 1772 3165 2912 1163 360 2778 1868 2372 2256 2324 1794 2079 1766 2447 1565 1616 3181 474 1984 3006 786 626 853 2267 1465 975 861 2205 3041 3230 2147 1085 1593 2277 1642 2968 2425 1677 2544 3160 3039 3349
1032 1083 2413 544 2843 2341 1430 709 2609 1638 757 1621 1684 1684 1401 1080 2563 1795 598 1126 2142 1073 2458 1347 2032 2856 2728 2825 3144 2911 2705 1835 2120 2233 1447 553 1868 1895 1479 928 1398 2210 2128 396 2003 1965 1817 1650 2863 2063 1784 3063 2946 1881 1017 2132 1469 1280 1594 2396 2778 360 3089 2112 979 2052 1551 1825 1755 741 1579 1552 1575 2854 1350 1469 2426 2668 2788 1315 1778 2704 2986 1400 1607 1128 1853 2980 2423 2852 1497 637 1220 1475 1008 818 763 1020
3196 2595 2189 2906 2225 1121 2176 2782 1192 1971 3370 3288 3160 1770 2125 3039 886 2490 2868 2574 3000 2393 1467 3695 1921 721 727 1514 509 623 818 3026 1391 1443 2495 2916 1739 2455 3238 2524 2068 2803 1575 3104 2106 1520 2302 2083 1781 2438 3036 2880 719 1893 3284 3332 2585 2954 3800 1289 1868 3089 360 1633 2857 1642 2702 3179 1697 2710 2274 2072 2787 1791 2793 3816 2098 2099 2356 2177 1820 1265 2359 3088 3902 3138 1691 2593 2963 977 2274 3357 2323 2371 2539 3547 3472 3405
2487 1458 2382 1954 2664 990 1639 1765 1724 834 2288 2810 2745 994 1077 1846 1213 1217 1874 1922 2848 1573 1821 2960 1883 1293 1382 2151 1616 1381 1482 1753 1294 1559 1256 1987 1492 2284 1984 1577 1138 2737 424 2114 848 785 1028 1730 2365 2370 1762 3226 1703 635 2536 3082 2149 1723 3143 1580 2372 2112 1633 360 2150 431 2305 2825 1113 1785 1898 1614 1519 2366 2279 3090 2319 2471 2724 1174 1497 1873 2835 2555 3208 1936 694 2991 2962 1168 1834 2389 1252 1930 1471 2551 2516 2245
709 1412 1845 891 2273 2170 1044 1062 2233 1714 1369 1102 1116 1569 1469 1620 2349 2127 996 644 1528 938 2030 1205 1541 2695 2489 2364 2941 2728 2425 2314 1828 1860 1772 837 1502 1298 2036 1019 1372 1591 2143 1015 2209 1866 2085 1196 2355 1465 2270 2448 2645 1989 786 1557 869 1781 1357 2033 2256 979 2857 2150 360 2080 934 1247 1558 873 1061 1157 2008 2345 731 1331 1871 2112 2204 1364 1413 2298 2405 843 1435 1692 1830 2379 1804 2760 1006 1091 1371 945 1255 1274 1147 1638
2418 1409 2322 1892 2610 968 1567 1705 1689 776 2237 2738 2673 923 1014 1808 1201 1216 1814 1851 2778 1504 1774 2892 1820 1310 1374 2111 1633 1396 1465 1751 1242 1508 1227 1924 1428 2215 1962 1512 1069 2669 438 2055 868 725 1027 1661 2320 2303 1757 3167 1693 611 2467 3010 2077 1692 3073 1537 2324 2052 1642 431 2080 360 2233 2753 1045 1720 1828 1543 1504 2321 2207 3022 2261 2417 2668 1109 1431 1837 2782 2483 3140 1899 623 2934 2895 1205 1763 2329 1193 1859 1414 2494 2456 2203
1050 1855 1333 1444 1748 2130 1026 1574 1957 1953 1943 945 825 1671 1744 2148 2248 2507 1533 872 996 1245 1707 1486 1185 2622 2351 1975 2812 2631 2246 2784 1697 1625 2174 1395 1340 763 2562 1433 1598 1021 2279 1587 2494 1933 2424 997 1908 919 2745 1875 2428 2217 1189 1143 517 2282 1508 1792 1794 1551 2702 2305 934 2233 360 882 1582 1367 801 1067 2460 1896 572 1579 1378 1608 1661 1648 1275 1984 1865 779 1629 2230 1970 1817 1243 2751 838 1654 1721 737 1684 1825 1692 2207
1098 2284 1583 1773 1929 2643 1547 1950 2395 2460 2179 638 502 2192 2240 2505 2747 2975 1881 1324 787 1717 2128 1346 1622 3123 2837 2331 3296 3126 2720 3199 2198 2095 2628 1716 1844 1098 2920 1870 2102 984 2801 1860 2994 2455 2907 1509 2205 1174 3156 1827 2883 2728 1254 670 1036 2668 1245 2253 2079 1825 3179 2825 1247 2753 882 360 2105 1756 1316 1589 2887 2191 937 1389 1656 1844 1801 2139 1786 2397 1998 785 1380 2573 2490 1870 1093 3265 1360 1833 2193 1260 2119 1961 1825 2478
1907 1369 1670 1571 2004 973 929 1464 1301 939 2059 2126 2039 536 917 1830 1173 1636 1541 1288 2098 1056 1261 2404 1155 1499 1333 1644 1763 1539 1313 2103 764 978 1439 1579 762 1531 2134 1197 788 1983 1076 1772 1440 711 1479 980 1794 1618 2088 2515 1559 1118 1981 2345 1432 1816 2544 1093 1766 1755 1697 1113 1558 1045 1582 2105 360 1374 1157 876 1784 1791 1593 2530 1619 1804 2039 917 748 1429 2176 1885 2631 1935 797 2300 2209 1566 1104 2021 1082 1205 1263 2211 2134 2143
1124 901 2119 556 2544 1965 1080 567 2234 1316 1087 1614 1628 1310 1068 1141 2184 1626 561 867 1998 695 2094 1554 1697 2485 2348 2468 2768 2537 2323 1803 1740 1861 1268 569 1498 1647 1555 568 1035 2021 1793 760 1752 1598 1602 1311 2524 1811 1760 2831 2565 1578 1147 2064 1248 1279 1767 2020 2447 741 2710 1785 873 1720 1367 1756 1374 360 1276 1198 1494 2516 1201 1685 2121 2360 2506 971 1409 2333 2696 1357 1812 1226 1502 2717 2249 2494 1185 1007 916 1188 754 1197 1125 1267
1339 1650 1203 1422 1629 1689 652 1472 1565 1595 1972 1379 1267 1266 1419 2026 1809 2214 1474 817 1315 1023 1341 1825 840 2181 1917 1663 2379 2193 1820 2564 1258 1210 1911 1391 900 788 2422 1252 1257 1236 1867 1611 2140 1508 2104 555 1659 929 2532 1945 2015 1843 1452 1548 671 2115 1896 1382 1565 1579 2274 1898 1061 1828 801 1316 1157 1276 360 644 2230 1649 883 1935 1208 1450 1589 1337 833 1615 1779 1174 2006 2121 1567 1807 1472 2310 457 1763 1450 476 1480 1955 1836 2183
1485 1465 1349 1375 1753 1436 482 1367 1444 1323 1923 1624 1528 982 1168 1880 1581 1967 1398 873 1597 882 1268 1984 870 1944 1707 1634 2166 1965 1632 2350 1040 1067 1683 1359 705 1051 2256 1111 1001 1506 1584 1579 1867 1227 1845 507 1688 1169 2322 2152 1848 1564 1580 1831 919 1940 2091 1239 1616 1552 2072 1614 1157 1543 1067 1589 876 1198 644 360 2016 1680 1099 2103 1330 1559 1742 1098 616 1523 1915 1396 2190 1981 1283 1982 1740 2053 589 1776 1230 691 1305 1973 1869 2093
2216 965 3001 1528 3384 2077 1947 1316 2695 1238 1497 2746 2762 1612 1241 916 2324 715 1409 1949 3095 1586 2685 2562 2494 2452 2503 3066 2775 2540 2569 694 2165 2402 706 1585 2143 2655 841 1387 1402 3081 1574 1553 1108 1705 873 2163 3216 2800 668 3806 2810 1253 2215 3194 2319 699 2810 2500 3181 1575 2787 1519 2008 1504 2460 2887 1784 1494 2230 2016 360 3213 2321 2682 2971 3185 3391 1285 2087 2834 3552 2492 2821 948 1506 3637 3316 2312 2135 1779 1146 2185 1136 1859 1896 1298
2575 2739 969 2686 803 1785 1796 2688 1048 2365 3237 2404 2239 1966 2335 3181 1672 3060 2717 2104 1861 2202 908 3022 1182 1963 1617 637 1940 1904 1448 3534 1448 1187 2867 2662 1441 1504 3530 2427 2182 1631 2306 2884 2808 1972 2893 1566 374 1384 3519 1453 1432 2490 2704 2221 1867 3210 3020 1147 474 2854 1791 2366 2345 2321 1896 2191 1791 2516 1649 1680 3213 360 2082 3111 896 739 949 2308 1512 918 927 2309 3148 3284 2156 1165 1706 2226 1722 3051 2468 1762 2596 3244 3125 3414
853 1716 1535 1255 1956 2175 1024 1404 2085 1892 1739 893 832 1655 1666 1974 2316 2398 1352 747 1162 1139 1850 1315 1330 2683 2433 2142 2895 2701 2342 2639 1769 1734 2053 1203 1414 968 2390 1297 1535 1220 2261 1387 2421 1935 2330 1070 2094 1129 2597 2084 2539 2163 986 1236 583 2121 1372 1906 1984 1350 2793 2279 731 2207 572 937 1593 1201 883 1099 2321 2082 360 1418 1575 1810 1871 1564 1338 2126 2076 656 1484 2051 1946 2030 1433 2790 880 1442 1615 782 1548 1613 1479 2010
863 2175 2527 1558 2916 3142 2000 1781 3141 2632 1633 1116 1283 2535 2382 2160 3315 2900 1669 1607 1816 1884 2908 490 2389 3665 3450 3194 3905 3696 3374 2925 2784 2782 2547 1509 2442 1967 2519 1886 2314 2004 3090 1489 3073 2833 2907 2109 3123 2100 2871 2855 3583 2900 916 1584 1642 2374 557 2955 3006 1469 3816 3090 1331 3022 1579 1389 2530 1685 1935 2103 2682 3111 1418 360 2583 2801 2802 2280 2358 3184 3004 1161 499 2183 2782 2894 2119 3730 1913 1280 2242 1825 2064 1281 1187 1942
2066 2435 451 2271 784 1844 1425 2311 1266 2191 2820 1868 1703 1790 2098 2846 1819 2879 2320 1660 1343 1839 999 2499 837 2173 1831 1056 2239 2138 1673 3303 1401 1156 2631 2239 1218 977 3226 2071 1932 1117 2267 2458 2698 1895 2733 1189 909 848 3279 1267 1752 2376 2201 1701 1371 2910 2486 1229 786 2426 2098 2319 1871 2261 1378 1656 1619 2121 1208 1330 2971 896 1575 2583 360 602 781 2045 1254 1205 945 1784 2616 2945 2044 1040 1236 2398 1296 2596 2191 1310 2275 2783 2658 3028
2299 2661 635 2512 559 1951 1658 2549 1290 2383 3062 2072 1905 1979 2306 3079 1890 3076 2560 1902 1493 2073 1057 2721 1053 2221 1873 973 2245 2175 1707 3515 1538 1277 2842 2481 1411 1205 3454 2306 2143 1261 2416 2701 2873 2053 2924 1422 753 1061 3493 1158 1742 2550 2436 1851 1610 3136 2696 1309 626 2668 2099 2471 2112 2417 1608 1844 1804 2360 1450 1559 3185 739 1810 2801 602 360 627 2260 1458 1194 731 2007 2827 3179 2215 890 1327 2465 1537 2838 2410 1552 2504 3025 2899 3268
2344 2847 753 2644 518 2215 1830 2702 1555 2612 3185 2053 1884 2211 2519 3249 2157 3301 2702 2023 1407 2240 1324 2733 1259 2487 2138 1213 2503 2439 1972 3723 1795 1537 3051 2607 1639 1266 3635 2473 2353 1182 2670 2822 3115 2303 3154 1598 962 1102 3698 891 1998 2792 2488 1753 1694 3321 2679 1576 853 2788 2356 2724 2204 2668 1661 1801 2039 2506 1589 1742 3391 949 1871 2802 781 627 360 2465 1676 1454 565 2028 2813 3346 2458 627 1183 2732 1683 2935 2608 1680 2685 3116 2985 3410
1687 812 2076 1147 2459 1417 1045 979 1858 713 1554 2072 2036 779 465 1273 1655 1237 1079 1180 2262 793 1799 2149 1569 1916 1831 2186 2216 1978 1841 1618 1321 1523 947 1176 1227 1766 1586 762 489 2211 1182 1322 1217 1023 1136 1245 2312 1899 1593 2889 2090 985 1728 2426 1493 1266 2342 1649 2267 1315 2177 1174 1364 1109 1648 2139 917 971 1337 1098 1285 2308 1564 2280 2045 2260 2465 360 1165 1984 2627 1809 2401 1378 897 2712 2448 1897 1246 1593 525 1316 722 1767 1717 1600
1741 1587 1296 1597 1658 1216 732 1559 1196 1300 2136 1850 1741 906 1208 2029 1339 1985 1605 1129 1731 1077 1046 2240 778 1709 1457 1426 1917 1723 1376 2417 791 818 1743 1586 451 1156 2380 1289 1045 1603 1457 1803 1822 1080 1841 638 1518 1232 2395 2135 1591 1503 1837 2002 1140 2059 2340 987 1465 1778 1820 1497 1413 1431 1275 1786 748 1409 833 616 2087 1512 1338 2358 1254 1458 1676 1165 360 1285 1828 1634 2442 2132 1186 1932 1825 1838 817 2014 1321 916 1443 2211 2112 2280
2594 2436 1297 2522 1330 1260 1645 2472 508 1958 3057 2555 2407 1589 1985 2895 1120 2634 2526 2024 2155 1999 636 3078 1159 1406 1060 653 1411 1351 890 3139 1030 834 2493 2512 1195 1659 3202 2199 1855 1942 1810 2728 2340 1516 2456 1462 910 1603 3130 1982 911 2035 2705 2503 1903 2885 3130 696 975 2704 1265 1873 2298 1837 1984 2397 1429 2333 1615 1523 2834 918 2126 3184 1205 1194 1454 1984 1285 360 1476 2399 3247 3000 1713 1699 2080 1668 1654 2938 2150 1729 2317 3135 3032 3184
2549 3021 936 2838 532 2296 2009 2890 1594 2754 3382 2254 2085 2350 2675 3430 2213 3448 2894 2219 1597 2422 1395 2937 1418 2522 2174 1205 2508 2466 2005 3883 1900 1636 3210 2803 1782 1470 3812 2655 2511 1376 2778 3019 3243 2419 3295 1774 937 1306 3861 898 2000 2920 2693 1935 1896 3496 2879 1649 861 2986 2359 2835 2405 2782 1865 1998 2176 2696 1779 1915 3552 927 2076 3004 945 731 565 2627 1828 1476 360 2233 3013 3529 2584 612 1353 2778 1871 3137 2775 1873 2861 3318 3188 3602
