140 1100 1614 2347 3077 2558 1169 2165 2276 1798 1710 1514 1438 1715 1283 2206 2977 2425 1453 1685 2119 1337 800 1196 1566 2402 756 2323 2557 1938 1768 1544 740 1650 2100 1071 2530 2244 1722 1981 744 679 2100 1183 1510 1605 1863 2237 870 2063 2004 365 1313 852 986 1817 926 2484 2478 1926 1711 1278 1336 2419 2342 2126 2413 2119 1931 1494 740 1698 1641 1123 1954 403 409 796 1937 2034 257 2896 2082 1607 1773 2108 684 822 639 1683 774 680 1871 1484 691 1040 2017 735 1377 930 656 962 518 1556 2323 2039 567 2380 1918 2113 1153 1206 2359 981 940 1789 2311 2065 1482 1696 2086 2008 741 2327 2225 1565 2015 325 1660 607 825 1840 3071 2295 2419 756 2008 825 731 726 1981 1850 2169 2967 1442 1734 2273 1066 1058 2067 1649 1921 584 2150 2355 1013 1022 1392 2539 3185 1191 1294 2503 2287 2487 400 1521 2694 580 2471 962 2855 1976 632 2387 1866 2336 1790 948 1704 1788 1973 1509 2014 1367 2461 1887 1349 1569 1952 1961 1251 2652 1073 1238 1707 1590 2706 2273 2753 1359 1790 1319 1854 2392 2044 1635 788 888 1133 2576 2000 1908 2234 1675 1162 2321 2306 1298 1637 706 1795 1276 1914 2425 2216
1200 360 2473 2846 3447 2756 2123 3078 2430 2329 1782 2421 1713 2244 1068 1747 3301 2647 1732 1673 1684 1324 1765 457 1574 2873 1245 2390 2609 2315 2763 1402 1797 2184 2828 1286 2616 3234 2147 2839 1803 780 2962 1225 895 1430 2734 1858 1755 2223 1699 1111 1438 704 1109 2799 777 3477 2822 2595 1495 1291 1498 2846 2517 2555 3405 3120 2842 2160 947 1244 1057 2164 2895 1370 1326 1494 2554 3029 1267 3310 2350 1807 2089 2805 1737 1293 862 1069 1697 1318 2348 1098 1226 1875 2629 1789 1105 861 1716 1990 943 2095 3309 2781 894 1952 2513 3014 1712 1839 3273 1823 1687 2225 2036 3005 1507 1441 2519 1782 1117 3315 3151 1185 2362 1299 1647 1627 1764 2655 3326 3000 3248 836 2940 1841 1715 1721 2891 1234 2239 3248 1164 1496 3259 1784 1999 2278 2376 2949 878 2018 2743 1572 2074 1377 3081 3465 2250 1865 3098 2678 3233 1454 860 2874 1205 3430 1425 3072 2203 987 2470 2274 2857 2028 928 2285 1510 2709 2187 2500 2380 2761 2198 2022 1558 2415 1357 2262 3090 1710 2289 2425 2604 3028 3227 3197 2075 1681 1591 2308 2400 2744 2574 1841 897 2139 3116 2757 2669 3109 2653 2189 3056 2866 2345 2300 1397 1863 2023 1514 3416 2264
1714 2473 360 1500 2273 2145 855 978 2035 1164 1903 530 1569 1151 2140 2896 2258 2017 1562 2011 2802 1937 1184 2550 1950 1587 1594 2201 2377 1494 950 2128 1428 1133 942 1707 2303 1270 1347 730 1454 2124 852 1874 2622 2188 621 2804 1110 1910 2550 1830 1772 2130 1831 915 2464 1491 1850 933 2281 1904 1726 1672 2041 1489 1426 1217 753 879 1888 2557 2673 1176 854 1863 1593 2233 1041 1123 1728 2056 1743 1693 1546 997 1431 2360 1991 2739 1982 2199 1288 2374 2242 961 1093 1413 2218 2486 1515 1747 1982 1124 1321 871 2021 2979 1077 908 1226 1080 1168 1017 2273 1341 2706 947 1910 2323 1462 2446 1723 1333 1060 2405 1580 1663 2004 1766 1150 606 2441 1136 1164 1997 874 1782 1257 1830 797 2861 2105 2316 2245 2319 1278 1064 932 1831 716 1235 2069 2396 1695 2462 1605 1946 1575 2497 1363 1134 1465 1647 1267 1707 2684 2268 1634 1370 1470 2328 1764 1848 2214 1414 1457 1677 2514 1045 2395 830 849 1330 962 1913 1590 928 1975 1344 2926 978 1823 1168 1234 740 988 2051 1175 1895 841 2179 1580 1327 2335 943 644 1376 2451 1005 1607 818 742 996 826 1082 1124 1369 1205 865 1436 1937 843 2619 1433 2167
2447 2846 1500 360 1143 1168 1891 1735 1251 909 1604 1666 1505 995 2234 2596 1118 1086 1486 1757 2519 1951 2064 2888 1783 449 2054 1452 1520 923 2046 2019 2388 1060 1032 1920 1430 2179 1059 1465 2419 2650 1502 2000 2738 2048 1510 2428 1913 1282 2232 2477 1796 2531 2097 1986 3020 2317 785 927 2087 1960 1733 562 1198 678 2276 2197 1672 1239 2317 2488 2709 2260 1810 2669 2297 3081 832 2125 2449 934 1041 1465 1157 939 2363 3127 2499 2777 2912 2987 860 2393 2994 1745 768 2368 2265 3074 2447 2774 2568 1155 2187 1081 2587 2586 819 1666 1568 1500 1812 1794 3178 981 2217 1835 1806 2156 705 2077 2160 2203 1815 2373 919 2382 1769 2676 2009 1326 1310 973 1467 2428 1780 2765 2130 2773 1675 2832 1452 1185 2250 2121 2164 1648 1899 1171 1193 2315 2644 1888 662 3309 2660 1919 609 1357 2466 1417 710 669 1185 2535 2825 1253 2195 2099 1829 1242 1180 2342 1417 941 418 1272 3125 1006 2182 1075 1236 708 2094 894 1077 1372 1810 791 2844 2086 689 1634 2347 1145 2124 933 1983 777 1391 1885 1618 897 1592 961 1768 2351 3058 2074 639 1130 1157 1591 1942 2172 1081 530 2329 1117 2012 1569 1484 2408 2275 1498
3177 3447 2273 1143 360 1161 2674 2404 1461 1654 2059 2441 2104 1732 2771 2866 555 1214 2085 2199 2810 2493 2835 3472 2268 1065 2742 1605 1516 1516 2791 2489 3163 1795 1747 2546 1442 2851 1721 2180 3194 3317 2187 2581 3233 2495 2247 2666 2679 1626 2541 3187 2369 3163 2720 2724 3680 2946 985 1703 2497 2518 2310 1021 1370 1311 2919 2893 2392 2011 2974 2913 3167 3044 2525 3411 3029 3824 1615 2833 3180 578 1458 2000 1724 1664 3134 3848 3168 3229 3676 3717 1568 2875 3714 2515 1549 3142 2776 3742 3217 3554 3257 1886 2843 1809 3270 2791 1601 2347 2284 2242 2433 2562 3933 1650 2403 2529 2318 2571 1351 2378 2832 2859 2472 2831 1454 3114 2219 3439 2778 2077 747 1616 2048 3078 2486 3539 2898 3541 2385 3244 1699 690 2743 2523 2829 2400 2680 1546 1976 3046 3327 2124 1085 4049 3443 2446 1079 673 3249 2145 1230 1153 1720 3286 3325 1116 2899 2712 2513 929 1611 3017 1530 1578 1178 1779 3799 1768 2566 1822 2011 1432 2872 1052 1611 2135 2290 1486 3225 2868 813 2367 3129 1927 2887 788 2637 738 2163 2274 2232 1582 1699 1704 2530 3127 3733 2857 1054 1864 1910 2240 2697 2955 1703 1263 3109 1897 2732 1992 2257 2760 2915 1713
2658 2756 2145 1168 1161 360 2407 2507 687 1351 1334 2288 1489 1389 2054 2064 973 498 1472 1454 2009 1792 2450 2767 1543 1094 2176 804 746 1048 2732 1744 2781 1432 1805 1916 660 2940 1258 2214 2812 2696 2272 1907 2479 1739 2232 1865 2285 893 1744 2633 1701 2508 2075 2685 3040 3099 751 1619 1726 1829 1651 973 598 1022 3053 2938 2406 1709 2354 2137 2398 2772 2544 2912 2523 3315 1489 2857 2663 1138 842 1339 1150 1711 2738 3292 2555 2458 3229 3182 1226 2123 3160 2153 1467 2759 2042 3110 2811 3190 2667 1494 2958 1840 2670 1993 1440 2434 1800 1816 2605 2184 3452 1221 1605 2588 1608 1799 1045 1581 2238 2973 2592 2070 957 2604 1478 2997 2392 2036 934 1779 2273 2445 2526 3140 2499 3113 2419 2460 912 877 2001 1748 2930 1984 2370 856 1792 3014 2725 1324 870 3525 3112 1738 1337 1080 2985 1702 1491 889 1992 2812 2572 497 2347 2890 1957 676 945 2418 729 1135 1226 1133 3172 1478 1784 1813 1725 1178 2680 633 1041 1782 1561 1162 2433 2639 1070 1909 2887 1765 2765 765 2759 1135 1845 1502 1616 1200 901 1714 2430 2759 3110 2590 1345 1879 1879 2378 2611 2698 1887 1337 2886 1655 2220 1254 1928 1967 3053 916
1269 2123 855 1891 2674 2407 360 1356 2227 1432 1916 718 1557 1380 1939 2800 2632 2271 1558 1986 2704 1803 731 2209 1896 1970 1304 2358 2565 1719 1007 2021 933 1335 1423 1521 2504 1472 1521 1196 959 1736 1308 1698 2368 2087 1074 2747 737 2058 2487 1415 1666 1793 1596 1037 2046 1715 2176 1347 2192 1756 1639 2034 2255 1796 1643 1363 1123 1060 1565 2386 2449 732 1147 1389 1176 1744 1419 1270 1289 2464 1950 1722 1685 1464 939 1884 1622 2509 1486 1721 1550 2181 1772 699 1490 918 2030 2057 1022 1264 1580 1277 1546 1354 1624 2918 1434 1306 1133 1027 1550 718 1778 1548 2705 1258 1836 2218 1761 2415 1420 1552 1416 2231 1811 1232 1972 1273 720 1101 2790 1622 1637 1660 1199 1288 798 1335 1173 2651 2234 2669 2072 2228 1496 900 484 2005 1060 1233 1665 2431 2025 1971 1135 1830 2011 2866 943 1134 1922 1967 1762 1232 2415 2540 1283 1673 1267 2638 1922 1499 2391 1633 1858 1785 2077 1303 2301 1303 1049 1642 687 2213 1764 992 1917 1624 2735 603 2221 1026 840 1112 881 2396 1472 2305 922 2146 1516 1568 2476 1404 826 881 2017 545 2046 1304 1220 1433 891 651 1617 1788 842 1146 1116 1974 844 2505 1654 2296
2265 3078 978 1735 2404 2507 1356 360 2475 1623 2466 1020 2154 1644 2756 3485 2449 2397 2144 2587 3392 2546 1726 3158 2538 1823 2207 2662 2803 1946 908 2729 1891 1649 1065 2324 2720 807 1855 674 1910 2714 595 2489 3241 2786 728 3379 1691 2393 3131 2404 2378 2738 2450 826 3039 953 2150 1264 2874 2515 2329 1935 2459 1856 905 856 597 1449 2498 3168 3291 1537 598 2379 2164 2707 1396 814 2285 2189 2189 2258 2060 1159 1913 2869 2588 3357 2417 2705 1733 2989 2763 1563 1403 1881 2834 3053 1989 2110 2564 1670 813 1027 2607 3554 1455 439 1840 1694 555 1615 2709 1825 3256 518 2506 2921 1841 3015 2335 828 450 3017 2018 2225 2583 2232 1707 890 2665 1150 786 2604 534 2188 1794 2266 547 3477 2592 2541 2858 2913 790 1682 1469 2298 1228 1066 2651 2934 2005 2925 1948 2551 1692 2682 1653 1736 1534 1978 1084 2223 3302 2611 2234 772 2088 2617 2248 2451 2658 1880 1678 2201 3074 1535 2988 1059 1417 1713 1250 2244 2075 1530 2564 1762 3539 1339 2002 1787 1521 1215 1099 2305 611 2040 1448 2754 2181 1784 2803 1153 893 1833 3013 1429 1712 990 1008 535 914 1454 1062 1567 1465 1380 2042 2487 1461 3217 905 2652
2376 2430 2035 1251 1461 687 2227 2475 360 1234 1008 2160 1198 1246 1727 1783 1283 607 1183 1127 1720 1468 2222 2440 1217 1201 1885 561 702 901 2626 1416 2546 1272 1798 1609 637 2887 1068 2168 2576 2384 2244 1588 2152 1412 2163 1593 2057 576 1444 2341 1386 2190 1762 2589 2722 3068 920 1571 1403 1507 1339 1094 452 998 3015 2868 2342 1551 2045 1816 2075 2580 2476 2634 2248 3030 1438 2781 2382 1399 652 1035 908 1708 2498 2994 2246 2135 2965 2891 1113 1796 2864 1943 1440 2524 1714 2794 2567 2955 2364 1313 2916 1818 2364 1736 1380 2398 1553 1594 2597 1966 3176 1057 1353 2534 1283 1476 1003 1281 1938 2930 2564 1744 819 2326 1151 2738 2164 1969 1262 1817 2301 2132 2467 2893 2263 2857 2362 2144 600 1200 1673 1426 2883 1758 2173 584 1680 2910 2418 1041 962 3235 2890 1414 1470 1407 2790 1478 1601 942 2056 2543 2245 803 2060 2876 1675 1003 673 2115 542 981 1303 849 2858 1350 1466 1777 1573 1124 2521 803 822 1595 1234 1073 2124 2467 1270 1668 2704 1666 2633 1039 2725 1356 1669 1179 1320 1069 703 1696 2318 2530 2796 2404 1488 1848 1828 2366 2498 2513 1924 1399 2709 1530 1948 927 1743 1659 3018 625
1898 2329 1164 909 1654 1351 1432 1623 1234 360 1257 1299 1038 447 1767 2299 1581 1219 1021 1399 2211 1495 1543 2378 1386 964 1510 1408 1574 692 1755 1613 1874 511 1007 1407 1499 2019 613 1310 1905 2109 1399 1512 2281 1656 1293 2165 1385 1130 1932 1927 1326 2004 1581 1715 2479 2210 1107 743 1721 1491 1264 993 1237 726 2154 1995 1472 733 1781 2087 2277 1803 1604 2124 1748 2536 633 1907 1901 1462 942 1066 808 939 1843 2577 1957 2346 2381 2439 484 1956 2444 1226 686 1853 1814 2530 1925 2273 2021 606 2053 1002 2042 2337 573 1544 1020 953 1764 1269 2640 565 2011 1668 1384 1781 689 1798 1619 2066 1713 1953 776 1834 1403 2144 1486 1102 1723 1111 1527 1894 1599 2248 1605 2247 1496 2426 1329 1604 1813 1759 2017 1106 1412 1039 808 2039 2099 1682 959 2763 2173 1475 1121 1810 2014 868 1129 898 1369 1994 2362 1479 1646 2032 1288 1566 985 1799 1415 618 904 952 2580 488 1829 945 742 582 1691 1141 812 842 1414 552 2458 1655 1216 1085 1909 792 1776 1331 1868 1315 881 1556 1129 525 1547 900 1448 1842 2512 1617 1157 1017 976 1535 1629 1723 1200 898 1903 664 1462 1258 973 2064 2157 1390
1810 1782 1903 1604 2059 1334 1916 2466 1008 1257 360 1975 719 1206 1081 1402 1898 1229 718 512 1314 820 1795 1793 570 1597 1315 992 1224 1045 2453 792 2088 1184 1904 1003 1213 2813 1003 2154 2116 1753 2259 948 1535 808 2107 1275 1644 803 1035 1753 762 1548 1134 2439 2080 3027 1449 1637 843 862 733 1532 1095 1285 2965 2757 2277 1386 1423 1247 1481 2219 2394 2073 1704 2448 1530 2662 1819 1953 971 569 824 1836 2031 2386 1623 1547 2428 2296 1193 1178 2259 1585 1574 2067 1077 2154 2086 2484 1751 1155 2860 1893 1745 1449 1468 2386 1146 1252 2627 1586 2608 1062 1164 2478 635 912 1261 909 1340 2872 2555 1143 1046 1772 526 2216 1743 1935 1906 2002 2421 1500 2405 2397 1816 2340 2312 1590 835 1833 1044 878 2818 1381 1828 873 1597 2728 1796 875 1407 2640 2450 765 1852 2047 2416 1156 1930 1353 2261 2006 1627 1452 1489 2878 1142 1651 814 1504 1065 1054 1636 693 2219 1307 943 1831 1417 1310 2241 1367 887 1347 591 1220 1600 2158 1764 1260 2357 1612 2403 1632 2697 1866 1437 659 785 1136 1044 1797 2154 2085 2159 2067 1881 1901 1845 2404 2318 2172 2095 1691 2378 1446 1425 447 1474 1175 2970 874
1614 2421 530 1666 2441 2288 718 1020 2160 1299 1975 360 1629 1275 2144 2941 2423 2158 1624 2073 2845 1962 1075 2502 2002 1751 1559 2318 2503 1623 839 2164 1288 1249 1109 1711 2432 1228 1460 838 1312 2054 950 1884 2610 2226 716 2861 1031 2022 2604 1746 1805 2082 1820 824 2381 1463 2005 1099 2324 1924 1764 1834 2172 1639 1393 1151 782 976 1844 2575 2672 1011 840 1745 1506 2101 1201 1054 1631 2224 1870 1768 1652 1167 1297 2242 1929 2736 1838 2079 1424 2382 2128 909 1257 1274 2228 2397 1379 1587 1905 1224 1290 1039 1947 3035 1234 961 1250 1110 1215 958 2131 1462 2780 947 1955 2361 1609 2509 1685 1299 1089 2420 1712 1570 2063 1630 1051 767 2603 1302 1279 1948 880 1630 1146 1686 833 2866 2214 2478 2260 2362 1243 1055 817 1949 858 1120 1991 2480 1850 2328 1442 1977 1745 2662 1194 1185 1635 1800 1417 1588 2666 2414 1576 1376 1464 2482 1878 1793 2337 1540 1624 1775 2421 1175 2438 1001 951 1479 792 2063 1707 987 2026 1486 2938 810 1990 1173 1064 892 837 2210 1174 2064 898 2240 1624 1458 2448 1114 541 1233 2359 847 1777 985 912 1079 705 917 1282 1537 1035 995 1386 2017 871 2657 1402 2276
1538 1713 1569 1505 2104 1489 1557 2154 1198 1038 719 1629 360 964 1094 1691 1971 1361 379 804 1598 818 1447 1748 743 1525 1047 1256 1488 962 2103 948 1752 922 1653 802 1454 2479 811 1848 1781 1580 1960 855 1606 999 1788 1595 1292 985 1341 1505 653 1418 975 2093 1938 2700 1479 1388 1081 818 589 1493 1266 1204 2635 2416 1953 1064 1236 1416 1599 1863 2063 1796 1412 2191 1302 2320 1543 1959 1028 540 740 1599 1698 2163 1435 1668 2133 2054 1021 1278 2031 1226 1363 1730 1137 2002 1759 2154 1540 864 2530 1631 1545 1770 1248 2075 787 894 2324 1228 2337 888 1515 2152 719 1132 1169 1240 1110 2542 2242 1278 1011 1488 795 1910 1394 1630 2028 1782 2156 1336 2079 2078 1474 2032 1991 1752 1107 1936 1135 1120 2487 1022 1469 993 1290 2375 1601 1234 1391 2398 2110 797 1747 2156 2062 804 1789 1325 2038 1710 1689 1622 1221 2563 837 1795 904 1292 1314 925 1522 716 2062 1046 1195 1563 1096 1166 1882 1433 853 1003 770 1077 1790 1799 1737 903 2000 1314 2046 1695 2376 1844 1093 971 488 973 1344 1550 1809 1745 1997 1708 1781 1629 1562 2109 1969 1814 1864 1549 2020 1150 1115 781 1121 1426 2641 1161
1815 2244 1151 995 1732 1389 1380 1644 1246 447 1206 1275 964 360 1689 2247 1653 1254 948 1344 2158 1420 1472 2294 1323 1047 1422 1410 1588 709 1740 1546 1804 424 1060 1323 1517 2027 571 1330 1836 2022 1426 1432 2203 1591 1302 2119 1312 1122 1882 1841 1250 1917 1496 1705 2392 2225 1170 792 1660 1413 1187 1070 1257 792 2167 1995 1480 680 1694 2018 2203 1749 1609 2042 1665 2455 698 1905 1817 1543 955 1008 776 998 1771 2493 1870 2272 2305 2355 532 1882 2360 1157 760 1783 1738 2443 1852 2205 1934 520 2064 1047 1955 2292 643 1564 933 871 1793 1198 2561 550 1977 1679 1316 1719 753 1752 1532 2078 1734 1883 799 1750 1345 2068 1415 1116 1787 1177 1575 1807 1608 2177 1532 2172 1507 2356 1320 1670 1739 1698 2027 1027 1353 1040 799 2025 2012 1651 1027 2681 2110 1402 1208 1878 1961 782 1214 963 1435 1914 2284 1520 1560 2055 1201 1619 976 1712 1424 625 991 917 2493 469 1770 985 696 660 1652 1194 801 772 1351 612 2391 1610 1297 1001 1860 795 1749 1397 1885 1398 821 1504 1050 548 1545 954 1432 1774 2425 1564 1244 1056 1005 1566 1612 1672 1262 985 1857 645 1377 1214 910 2005 2171 1382
1383 1068 2140 2234 2771 2054 1939 2756 1727 1767 1081 2144 1094 1689 360 1289 2616 1951 1113 965 1200 644 1666 1072 870 2247 1021 1681 1900 1678 2574 697 1854 1640 2353 793 1907 3010 1545 2473 1874 1143 2593 629 874 736 2390 1315 1573 1525 1091 1285 801 902 710 2587 1411 3247 2152 2095 822 636 865 2203 1815 1925 3177 2920 2533 1707 902 812 895 2124 2619 1634 1360 1933 2024 2824 1411 2650 1673 1141 1443 2309 1789 1809 1057 962 2011 1760 1755 601 1698 1616 2089 1838 457 1491 1811 2183 1206 1565 3074 2320 1180 1457 1972 2683 1277 1423 2942 1583 2116 1622 1416 2721 813 789 1893 1126 944 3083 2840 660 1709 1394 939 1846 1635 2264 2627 2498 2831 918 2649 2059 1649 1968 2577 1082 1531 2554 519 835 3026 1449 1820 1589 1940 2813 1218 1331 2089 2086 2206 685 2479 2769 2277 1398 2524 2028 2750 1629 955 2169 1131 3148 1041 2371 1520 1010 1761 1653 2254 1358 1560 1757 877 2249 1738 1900 2254 2080 1542 1596 853 1810 1157 2146 2444 1333 2266 1977 2461 2346 2950 2550 1672 979 999 1707 1694 2255 2320 1876 1507 2029 2512 2309 2232 2745 2446 2113 2573 2284 2308 1825 1211 1159 1656 992 3186 1555
2306 1747 2896 2596 2866 2064 2800 3485 1783 2299 1402 2941 1691 2247 1289 360 2677 2026 1701 1264 455 1357 2568 1688 1308 2571 1937 1621 1738 2063 3403 1140 2780 2222 2946 1648 1796 3803 2045 3179 2800 2004 3289 1475 1222 1075 3120 570 2456 1681 728 2204 1499 1762 1627 3402 2163 4028 2338 2679 976 1406 1536 2483 1869 2285 3962 3732 3284 2396 1826 879 1061 3028 3390 2550 2289 2810 2572 3635 2337 2822 1917 1600 1860 2878 2715 2649 1954 1073 2925 2632 2231 1084 2556 2462 2615 2763 1192 2247 2739 3112 2103 2183 3857 2935 2069 568 2510 3407 2053 2190 3654 2442 3001 2102 850 3482 1346 942 2268 879 1871 3868 3574 1000 2042 2322 1265 2772 2531 2960 2593 3042 3463 1820 3409 2987 2561 2892 3322 954 1545 2569 1131 938 3813 2270 2689 1789 2620 3662 2095 1103 2350 2931 3134 1330 2839 2746 3192 2122 2939 2309 3300 2556 1286 2125 2059 3895 1897 2334 1776 1934 1695 2087 2636 1720 2315 2346 862 2871 2428 2337 3125 2226 1902 2328 1282 2250 857 3024 2685 2144 3170 2640 3317 2456 3707 2776 2416 1103 1677 2173 1533 2839 3122 2799 2280 2913 2864 2941 2881 3436 3270 3006 3137 2706 3207 2474 2118 1408 2430 660 3969 1520
3077 3301 2258 1118 555 973 2632 2449 1283 1581 1898 2423 1971 1653 2616 2677 360 1038 1952 2033 2623 2341 2765 3322 2108 1031 2626 1418 1321 1400 2800 2324 3096 1713 1767 2413 1248 2896 1614 2204 3127 3190 2224 2437 3067 2327 2260 2475 2605 1459 2357 3078 2225 3026 2584 2737 3549 3009 859 1685 2324 2370 2167 957 1191 1221 2976 2929 2414 1949 2846 2739 2996 3003 2550 3316 2931 3728 1583 2863 3079 654 1311 1854 1593 1678 3064 3740 3043 3057 3595 3615 1483 2709 3607 2448 1525 3075 2615 3613 3145 3494 3138 1800 2895 1824 3148 2598 1560 2387 2184 2155 2495 2491 3845 1548 2211 2564 2163 2398 1261 2194 2710 2911 2521 2662 1329 3015 2055 3359 2707 2080 593 1658 2117 2947 2516 3470 2825 3465 2412 3067 1518 501 2580 2349 2877 2318 2626 1387 1941 3064 3205 1937 987 3950 3390 2292 1118 599 3212 2052 1282 1053 1795 3197 3159 921 2788 2778 2398 734 1458 2895 1341 1471 1163 1633 3672 1702 2389 1827 1953 1360 2849 900 1478 2063 2129 1401 3044 2836 808 2274 3097 1897 2882 635 2689 774 2101 2101 2099 1489 1507 1710 2526 3064 3607 2816 1101 1876 1911 2290 2699 2918 1754 1263 3081 1846 2630 1827 2193 2578 2974 1528
2525 2647 2017 1086 1214 498 2271 2397 607 1219 1229 2158 1361 1254 1951 2026 1038 360 1343 1359 1965 1682 2312 2661 1440 1021 2045 775 793 911 2606 1650 2643 1295 1699 1793 703 2825 1120 2100 2674 2573 2162 1792 2390 1650 2112 1833 2147 786 1691 2503 1583 2391 1954 2561 2921 2990 699 1502 1646 1717 1531 903 517 903 2942 2820 2288 1574 2230 2060 2317 2635 2425 2778 2389 3182 1370 2737 2529 1155 705 1217 1014 1606 2600 3163 2431 2379 3092 3051 1094 2033 3031 2015 1354 2621 1944 2990 2674 3051 2541 1357 2846 1730 2544 1971 1318 2322 1663 1678 2501 2045 3318 1083 1585 2472 1500 1719 923 1528 2111 2861 2483 1985 819 2470 1381 2860 2254 1916 1039 1687 2180 2324 2409 3002 2360 2976 2303 2390 847 964 1906 1671 2817 1846 2232 732 1662 2888 2600 1283 784 3393 2973 1631 1279 1178 2847 1563 1424 789 1910 2676 2483 635 2216 2786 1824 794 817 2292 715 998 1143 1005 3052 1345 1712 1700 1590 1055 2546 574 904 1644 1459 1033 2371 2503 1044 1771 2751 1638 2635 792 2649 1123 1708 1422 1488 1066 897 1605 2302 2621 2988 2453 1292 1767 1762 2273 2484 2561 1795 1249 2750 1523 2085 1154 1791 1906 2943 866
1553 1732 1562 1486 2085 1472 1558 2144 1183 1021 718 1624 379 948 1113 1701 1952 1343 360 809 1607 835 1454 1767 753 1505 1064 1244 1476 943 2100 962 1761 907 1639 821 1441 2472 792 1838 1790 1599 1950 874 1624 1012 1780 1602 1298 970 1348 1521 671 1438 994 2089 1957 2693 1460 1373 1092 836 607 1473 1250 1184 2628 2411 1945 1055 1254 1431 1616 1867 2056 1810 1426 2207 1287 2315 1558 1939 1009 531 720 1584 1707 2180 1453 1684 2146 2070 1002 1295 2048 1229 1347 1739 1154 2021 1769 2164 1558 851 2523 1617 1563 1777 1231 2066 791 893 2314 1232 2352 869 1517 2145 732 1144 1149 1245 1128 2535 2233 1294 992 1503 801 1923 1400 1619 2010 1766 2143 1355 2071 2089 1483 2044 1982 1767 1096 1917 1151 1131 2480 1025 1472 977 1279 2373 1619 1233 1371 2414 2118 814 1728 2137 2067 801 1771 1306 2023 1723 1708 1605 1237 2554 851 1778 887 1310 1301 906 1503 699 2080 1031 1205 1550 1087 1147 1882 1414 834 998 780 1058 1805 1800 1718 908 2003 1303 2045 1676 2367 1824 1087 977 507 954 1334 1536 1804 1753 2016 1711 1762 1616 1550 2098 1965 1817 1849 1530 2023 1138 1128 777 1118 1437 2634 1151
1785 1673 2011 1757 2199 1454 1986 2587 1127 1399 512 2073 804 1344 965 1264 2033 1359 809 360 1174 734 1832 1677 480 1750 1301 1077 1301 1197 2547 651 2110 1318 2044 975 1303 2922 1146 2278 2136 1682 2386 881 1394 659 2225 1153 1690 934 903 1717 737 1464 1078 2537 1993 3141 1594 1776 690 786 732 1683 1217 1438 3077 2861 2392 1500 1366 1095 1333 2271 2505 2049 1695 2410 1672 2765 1798 2098 1119 695 974 1978 2050 2330 1561 1398 2413 2251 1341 1036 2207 1650 1720 2089 947 2070 2099 2496 1697 1280 2972 2031 1686 1328 1612 2508 1213 1333 2753 1644 2577 1208 1078 2592 563 759 1414 796 1306 2984 2676 995 1199 1757 387 2210 1784 2059 2029 2148 2559 1432 2519 2400 1847 2335 2429 1438 926 1962 907 726 2929 1446 1891 1014 1719 2818 1735 833 1558 2592 2474 675 2005 2173 2461 1248 2083 1504 2407 1996 1486 1566 1470 2998 1157 1770 962 1456 1157 1204 1789 845 2137 1442 793 1967 1532 1461 2313 1507 1040 1448 482 1371 1447 2225 1913 1322 2411 1738 2485 1771 2814 2015 1537 527 831 1284 1103 1937 2253 2112 2079 2128 2034 2036 1977 2533 2412 2230 2239 1843 2437 1572 1434 566 1565 1026 3083 953
2219 1684 2802 2519 2810 2009 2704 3392 1720 2211 1314 2845 1598 2158 1200 455 2623 1965 1607 1174 360 1261 2474 1629 1214 2497 1844 1565 1694 1981 3308 1044 2688 2132 2858 1553 1749 3708 1958 3086 2709 1926 3196 1380 1168 980 3027 560 2360 1608 646 2118 1403 1683 1535 3307 2098 3933 2272 2590 881 1311 1441 2411 1808 2206 3868 3636 3190 2303 1739 805 1010 2933 3296 2466 2199 2733 2484 3540 2250 2760 1842 1510 1775 2791 2623 2576 1872 1031 2841 2555 2146 1002 2481 2367 2528 2671 1103 2182 2649 3023 2021 2091 3763 2845 1988 629 2423 3314 1957 2095 3562 2346 2922 2016 827 3388 1251 846 2188 804 1780 3774 3481 916 1963 2234 1174 2685 2437 2867 2547 2956 3373 1736 3315 2899 2467 2805 3228 930 1480 2518 1041 843 3718 2174 2594 1715 2527 3566 2016 1045 2278 2859 3043 1235 2764 2700 3099 2028 2860 2236 3215 2469 1238 2075 1969 3801 1802 2286 1698 1847 1641 2002 2558 1636 2251 2256 767 2781 2335 2254 3029 2161 1820 2233 1188 2166 847 2928 2617 2048 3076 2548 3221 2397 3613 2710 2321 1015 1582 2088 1485 2750 3026 2706 2213 2818 2789 2850 2790 3344 3174 2911 3050 2626 3112 2383 2024 1324 2335 567 3874 1459
1437 1324 1937 1951 2493 1792 1803 2546 1468 1495 820 1962 818 1420 644 1357 2341 1682 835 734 1261 360 1581 1341 620 1964 979 1444 1672 1394 2414 585 1822 1374 2098 660 1669 2830 1266 2252 1845 1308 2369 514 1149 652 2177 1321 1461 1259 1066 1359 533 1091 713 2418 1623 3061 1871 1836 762 419 593 1919 1554 1642 2993 2750 2330 1471 996 983 1143 2038 2426 1699 1367 2046 1757 2654 1454 2368 1394 858 1159 2050 1758 1958 1188 1211 2071 1884 1477 823 1836 1466 1820 1803 678 1698 1796 2187 1326 1306 2889 2071 1313 1486 1704 2470 1073 1217 2726 1444 2218 1343 1344 2524 544 776 1609 1038 956 2899 2631 834 1426 1420 707 1879 1541 2037 2361 2235 2589 1057 2451 2080 1581 2004 2372 1305 1289 2284 681 794 2843 1278 1692 1315 1704 2668 1361 1176 1806 2223 2184 419 2197 2500 2211 1170 2245 1744 2490 1661 1234 1912 1134 2946 901 2109 1243 1090 1521 1371 1972 1076 1764 1495 864 2001 1503 1619 2128 1802 1259 1375 612 1529 1356 2027 2161 1153 2180 1737 2321 2069 2752 2266 1458 813 738 1427 1477 1998 2142 1833 1706 1917 2230 2064 1990 2520 2282 2011 2314 2004 2214 1579 1143 904 1457 1062 3001 1322
900 1765 1184 2064 2835 2450 731 1726 2222 1543 1795 1075 1447 1472 1666 2568 2765 2312 1454 1832 2474 1581 360 1855 1727 2133 1005 2322 2545 1771 1358 1807 693 1414 1706 1282 2496 1831 1554 1546 724 1369 1662 1453 2051 1873 1426 2543 525 2029 2286 1045 1474 1446 1315 1397 1675 2073 2282 1572 1983 1527 1463 2176 2267 1905 2001 1714 1491 1185 1230 2118 2147 819 1518 1040 807 1423 1612 1624 919 2635 1972 1626 1675 1729 659 1537 1263 2203 1211 1376 1644 1904 1418 679 1690 671 1761 1687 743 1099 1211 1332 1907 1641 1257 2707 1609 1673 1033 994 1920 634 1489 1602 2540 1629 1655 1996 1866 2238 1104 1912 1787 1965 1860 861 1813 978 418 1419 2897 1906 1985 1315 1570 1065 434 1069 1541 2354 2182 2781 1811 2016 1857 826 618 1998 1280 1550 1296 2300 2140 1654 1028 1619 2223 2991 991 1109 2160 2076 2077 884 2090 2587 942 2042 1045 2714 1908 1152 2368 1688 2042 1743 1708 1426 2085 1580 1188 1766 979 2295 1774 1061 1742 1725 2447 862 2388 916 962 1338 1201 2510 1841 2482 1033 1979 1370 1646 2423 1665 1197 669 1647 739 2259 1597 1507 1794 1252 809 1919 1990 1002 1311 814 1866 940 2269 2013 2239
1296 457 2550 2888 3472 2767 2209 3158 2440 2378 1793 2502 1748 2294 1072 1688 3322 2661 1767 1677 1629 1341 1855 360 1583 2912 1318 2390 2605 2350 2852 1398 1893 2235 2891 1331 2616 3321 2188 2914 1899 877 3038 1255 827 1420 2811 1809 1839 2236 1663 1206 1466 780 1157 2886 851 3564 2848 2654 1477 1313 1527 2880 2528 2592 3492 3208 2922 2224 1021 1196 990 2258 2978 1468 1418 1584 2609 3117 1363 3341 2373 1832 2121 2866 1832 1377 953 995 1793 1409 2392 1069 1316 1955 2683 1885 1097 932 1812 2087 1039 2148 3396 2846 990 1894 2566 3093 1773 1904 3353 1904 1777 2267 1998 3088 1521 1419 2556 1755 1189 3402 3232 1152 2392 1393 1651 1724 1852 2727 3339 3061 3319 914 3022 1938 1805 1818 2971 1157 2242 3264 1151 1474 3346 1857 2085 2296 2443 3040 975 1999 2774 1653 2171 1390 3125 3480 2346 1925 3148 2710 3297 1551 781 2882 1288 3513 1487 3083 2223 1071 2471 2312 2900 2053 998 2339 1483 2774 2251 2543 2471 2783 2228 2087 1565 2457 1280 2353 3124 1777 2384 2491 2695 3050 3311 3231 2143 1672 1630 2351 2394 2806 2658 1936 974 2230 3160 2824 2737 3185 2740 2282 3119 2914 2440 2361 1476 1872 2095 1468 3503 2264
1666 1574 1950 1783 2268 1543 1896 2538 1217 1386 570 2002 743 1323 870 1308 2108 1440 753 480 1214 620 1727 1583 360 1784 1183 1185 1412 1220 2472 596 1998 1290 2022 856 1409 2858 1138 2232 2024 1566 2343 762 1330 630 2172 1219 1588 1014 961 1597 620 1351 959 2466 1883 3082 1654 1754 699 669 624 1726 1305 1466 3016 2792 2336 1448 1247 1068 1287 2170 2444 1929 1576 2289 1658 2696 1679 2157 1174 684 987 1962 1937 2212 1443 1354 2294 2131 1342 976 2088 1558 1711 1978 867 1958 1985 2381 1578 1241 2911 2004 1567 1393 1600 2459 1126 1254 2708 1548 2457 1206 1174 2535 443 756 1438 878 1186 2923 2626 950 1234 1638 454 2092 1680 2013 2116 2137 2531 1315 2462 2283 1739 2217 2374 1412 1030 2044 838 738 2867 1356 1797 1082 1673 2739 1617 949 1605 2473 2362 561 2032 2258 2357 1178 2098 1547 2396 1877 1421 1660 1351 2947 1046 1860 1019 1336 1262 1215 1811 875 2024 1415 812 1938 1480 1471 2224 1575 1069 1382 388 1380 1435 2132 1962 1230 2311 1696 2402 1841 2759 2065 1471 612 742 1287 1218 1917 2183 2002 1966 2032 2062 2005 1941 2491 2337 2133 2225 1857 2339 1531 1320 649 1491 1045 3023 1062
2502 2873 1587 449 1065 1094 1970 1823 1201 964 1597 1751 1525 1047 2247 2571 1031 1021 1505 1750 2497 1964 2133 2912 1784 360 2097 1401 1455 929 2135 2020 2460 1112 1121 1949 1365 2267 1088 1555 2490 2690 1590 2020 2746 2044 1600 2398 1980 1251 2210 2527 1813 2563 2126 2075 3060 2404 705 1014 2078 1976 1750 481 1142 681 2364 2286 1762 1308 2354 2484 2711 2340 1899 2728 2353 3140 914 2214 2505 862 1014 1471 1164 1028 2433 3180 2539 2778 2979 3043 899 2397 3047 1814 854 2439 2273 3115 2516 2849 2613 1206 2275 1170 2630 2553 896 1755 1617 1557 1898 1862 3242 1010 2180 1924 1812 2149 715 2053 2200 2291 1902 2374 911 2438 1764 2742 2077 1415 1221 1056 1548 2464 1870 2836 2198 2842 1764 2828 1412 1095 2256 2111 2252 1709 1974 1142 1274 2404 2688 1853 600 3368 2737 1928 630 1270 2547 1469 763 624 1258 2597 2834 1173 2242 2185 1870 1155 1161 2383 1361 959 504 1269 3167 1069 2171 1165 1307 750 2179 821 1074 1437 1810 824 2836 2169 614 1688 2430 1227 2211 844 2071 711 1460 1871 1642 930 1539 1050 1856 2423 3100 2154 652 1219 1246 1678 2031 2253 1163 616 2412 1191 2063 1556 1554 2393 2363 1455
856 1245 1594 2054 2742 2176 1304 2207 1885 1510 1315 1559 1047 1422 1021 1937 2626 2045 1064 1301 1844 979 1005 1318 1183 2097 360 1927 2162 1587 1950 1201 1207 1359 1949 687 2135 2405 1382 1957 1229 960 2080 833 1424 1267 1855 1929 927 1670 1680 817 924 901 671 1973 1331 2646 2127 1727 1377 921 943 2096 1954 1799 2575 2304 1973 1286 658 1473 1508 1463 2039 1118 753 1505 1702 2209 864 2575 1706 1213 1401 1933 1142 1479 809 1567 1474 1366 1558 1259 1346 1009 1781 1189 1118 1380 1177 1568 875 1264 2475 1900 893 2087 1669 2140 853 963 2401 964 1656 1456 1964 2147 1101 1378 1759 1658 488 2483 2283 1322 1657 817 1277 1268 978 1769 2704 2128 2362 772 2078 1463 987 1393 2021 1713 1773 2605 1171 1406 2426 899 1180 1681 1494 2173 950 1772 2016 1710 1567 1028 2270 2825 1617 1010 2264 1949 2354 1054 1473 2309 535 2575 589 2478 1591 651 1991 1524 2053 1403 1430 1441 1470 1829 1310 1708 1606 2098 1517 1143 1190 1634 1803 1494 2337 828 1604 1545 1820 2352 2373 2442 1190 1420 925 1531 1997 1871 1724 1222 1363 1374 2307 1874 1785 2228 1828 1454 2178 2044 1646 1429 551 1400 1137 1636 2585 1820
2423 2390 2201 1452 1605 804 2358 2662 561 1408 992 2318 1256 1410 1681 1621 1418 775 1244 1077 1565 1444 2322 2390 1185 1401 1927 360 594 1077 2789 1352 2639 1429 1992 1629 586 3067 1218 2352 2668 2385 2432 1579 2067 1337 2342 1423 2159 660 1300 2375 1392 2176 1766 2756 2708 3253 1108 1758 1307 1491 1355 1292 624 1196 3199 3043 2521 1703 2054 1709 1975 2702 2653 2684 2305 3070 1627 2954 2431 1567 832 1079 1034 1903 2587 3016 2254 2032 3028 2922 1291 1716 2888 2059 1633 2617 1654 2783 2652 3045 2381 1458 3099 2009 2376 1557 1567 2583 1648 1707 2788 2076 3224 1220 1170 2715 1261 1378 1199 1138 1965 3113 2750 1656 1003 2379 1104 2807 2265 2149 1358 2016 2498 2132 2647 2973 2357 2929 2543 2024 516 1317 1605 1325 3064 1866 2296 730 1849 3073 2428 879 1161 3267 2990 1386 1669 1509 2910 1593 1802 1143 2257 2605 2160 881 2102 3065 1731 1094 800 2133 442 1151 1504 939 2849 1517 1354 1965 1727 1316 2662 986 971 1731 1196 1259 1993 2601 1457 1765 2830 1839 2785 1197 2910 1538 1810 1089 1366 1243 503 1888 2481 2627 2789 2530 1686 2037 2013 2557 2659 2639 2123 1601 2840 1695 2011 904 1877 1526 3202 486
2657 2609 2377 1520 1516 746 2565 2803 702 1574 1224 2503 1488 1588 1900 1738 1321 793 1476 1301 1694 1672 2545 2605 1412 1455 2162 594 360 1242 2967 1567 2865 1615 2115 1863 450 3221 1410 2498 2895 2616 2570 1810 2263 1545 2499 1531 2381 876 1452 2610 1626 2404 1999 2929 2935 3396 1124 1899 1504 1720 1590 1336 703 1310 3346 3205 2677 1894 2287 1892 2161 2915 2812 2918 2539 3304 1767 3119 2665 1519 993 1312 1241 2023 2814 3250 2487 2214 3261 3157 1451 1919 3122 2275 1761 2843 1867 3011 2880 3272 2615 1654 3247 2140 2609 1642 1710 2726 1872 1924 2917 2295 3458 1400 1258 2868 1490 1573 1322 1297 2199 3262 2890 1853 1158 2613 1328 3039 2488 2304 1216 2115 2606 2364 2802 3203 2582 3160 2696 2191 750 1201 1815 1518 3215 2086 2508 920 2022 3252 2661 1025 1218 3501 3214 1614 1710 1368 3125 1809 1858 1218 2343 2838 2355 759 2337 3199 1964 961 1003 2367 536 1323 1576 1161 3077 1691 1537 2103 1916 1450 2863 1000 1163 1934 1422 1407 2149 2806 1456 1989 3041 2006 2975 1148 3054 1521 2010 1294 1600 1410 578 2016 2660 2851 3018 2740 1721 2173 2159 2687 2840 2850 2224 1681 3048 1872 2244 1136 2082 1686 3347 710
2038 2315 1494 923 1516 1048 1719 1946 901 692 1045 1623 962 709 1678 2063 1400 911 943 1197 1981 1394 1771 2350 1220 929 1587 1077 1242 360 2085 1456 2104 745 1294 1398 1169 2350 579 1635 2135 2162 1718 1455 2177 1485 1624 1909 1607 810 1695 2037 1246 2016 1574 2047 2527 2536 901 1047 1528 1407 1183 890 908 607 2482 2327 1803 1025 1819 1926 2146 2084 1936 2281 1893 2692 918 2239 2041 1359 609 902 595 1212 2064 2700 2012 2213 2575 2575 573 1830 2566 1468 938 2082 1704 2587 2141 2511 2101 806 2381 1303 2113 2075 856 1868 1148 1140 2078 1501 2815 532 1728 1998 1244 1596 578 1547 1676 2395 2035 1810 451 1977 1208 2340 1713 1431 1498 1353 1812 1925 1930 2469 1824 2451 1825 2270 1008 1390 1688 1563 2346 1308 1681 711 1139 2369 2171 1395 792 2911 2427 1359 1172 1607 2296 1029 1245 725 1608 2167 2265 1183 1747 2352 1358 1302 671 1861 1082 446 952 712 2643 809 1627 1254 1043 635 1999 888 521 1093 1247 555 2285 1953 1135 1246 2200 1124 2098 1128 2194 1241 1157 1334 1085 527 1217 1187 1778 2079 2577 1901 1202 1327 1297 1848 1958 2010 1454 1007 2199 989 1591 1019 1239 1857 2484 1068
1868 2763 950 2046 2791 2732 1007 908 2626 1755 2453 839 2103 1740 2574 3403 2800 2606 2100 2547 3308 2414 1358 2852 2472 2135 1950 2789 2967 2085 360 2624 1432 1720 1403 2147 2894 835 1933 983 1445 2366 1021 2323 3014 2687 903 3331 1385 2496 3073 2037 2264 2439 2236 442 2654 1076 2422 1490 2788 2372 2228 2231 2632 2072 1004 716 779 1453 2213 3016 3092 1046 679 1941 1803 2227 1612 626 1898 2572 2334 2246 2128 1486 1469 2412 2261 3153 1920 2250 1879 2816 2318 1318 1652 1427 2663 2656 1532 1588 2206 1701 914 1341 2253 3505 1655 909 1710 1577 1060 1352 2206 1930 3257 754 2421 2821 2046 2983 2067 918 920 2861 2171 1848 2536 1759 1360 1080 2996 1558 1319 2306 741 1682 1413 1774 805 3292 2689 2871 2700 2826 865 1496 1132 2419 1306 644 2289 2959 2268 2435 1423 2434 2073 3039 1123 1659 1936 2225 1575 1792 3062 2852 1929 1080 1894 2901 2351 2144 2804 2004 1997 2253 2666 1636 2901 1333 1426 1914 765 2492 2178 1465 2495 1933 3371 878 2354 1621 997 1327 563 2612 897 2413 1377 2713 2091 1917 2922 1450 668 1375 2610 995 2101 1287 1248 1063 494 979 1499 1896 936 1455 1763 2496 1342 3115 1016 2751
1644 1402 2128 2019 2489 1744 2021 2729 1416 1613 792 2164 948 1546 697 1140 2324 1650 962 651 1044 585 1807 1398 596 2020 1201 1352 1567 1456 2624 360 2046 1509 2241 886 1578 3029 1368 2428 2069 1465 2543 728 1103 426 2361 1096 1684 1225 840 1558 720 1231 917 2624 1747 3258 1881 1975 536 641 761 1960 1506 1702 3191 2955 2519 1643 1182 834 1052 2262 2621 1904 1584 2233 1884 2858 1663 2385 1403 918 1223 2184 1982 2127 1361 1118 2278 2066 1574 746 2011 1683 1939 2027 661 1827 2019 2408 1507 1453 3086 2220 1487 1261 1826 2652 1274 1414 2904 1664 2411 1438 1128 2716 590 557 1674 824 1167 3097 2816 714 1469 1633 629 2093 1766 2211 2318 2363 2745 1224 2643 2297 1806 2217 2560 1177 1207 2253 617 569 3041 1490 1912 1303 1873 2882 1531 999 1837 2399 2408 551 2268 2463 2437 1354 2334 1781 2621 1875 1196 1852 1350 3134 1125 2058 1246 1284 1434 1450 2047 1110 1895 1633 641 2152 1675 1706 2347 1797 1305 1561 569 1615 1205 2248 2194 1364 2405 1901 2537 2061 2942 2297 1647 642 908 1520 1358 2137 2345 2058 1841 2140 2299 2218 2150 2693 2491 2235 2449 2093 2438 1737 1368 856 1655 852 3198 1226
840 1797 1428 2388 3163 2781 933 1891 2546 1874 2088 1288 1752 1804 1854 2780 3096 2643 1761 2110 2688 1822 693 1893 1998 2460 1207 2639 2865 2104 1432 2046 360 1746 1987 1522 2819 1902 1886 1765 391 1377 1872 1680 2169 2112 1642 2777 857 2349 2526 1046 1738 1521 1512 1491 1610 2138 2614 1879 2222 1764 1738 2505 2594 2237 2067 1770 1668 1511 1350 2299 2286 755 1662 871 866 1178 1929 1692 889 2961 2301 1932 2002 2020 425 1343 1313 2335 913 1179 1977 2082 1246 1008 2006 382 1952 1600 460 769 1213 1665 1984 1919 1263 2934 1930 1851 1353 1325 2077 966 1204 1935 2801 1769 1921 2226 2198 2495 1270 1986 1937 2153 2193 865 2088 703 751 1674 3230 2187 2204 1405 1721 736 643 763 1717 2496 2495 3114 2009 2252 1934 1157 870 2323 1586 1554 1284 2583 2472 1401 724 1866 2538 3323 814 1439 2465 2408 2336 729 2192 2918 1083 2150 1312 3047 2233 1251 2688 2020 2364 2063 1604 1755 2317 1864 1512 2096 1027 2628 2103 1392 2010 2057 2599 919 2714 1238 860 1642 1240 2842 1959 2806 1359 2246 1663 1979 2735 1958 1362 417 1552 821 2574 1871 1784 1988 1358 813 2188 2307 920 1632 1041 2164 1266 2480 2080 2551
1750 2184 1133 1060 1795 1432 1335 1649 1272 511 1184 1249 922 424 1640 2222 1713 1295 907 1318 2132 1374 1414 2235 1290 1112 1359 1429 1615 745 1720 1509 1746 360 1092 1266 1546 2022 574 1336 1777 1958 1437 1380 2154 1556 1300 2100 1252 1136 1859 1777 1203 1856 1438 1688 2329 2225 1228 825 1629 1365 1141 1133 1290 851 2166 1985 1477 640 1632 1979 2158 1701 1603 1978 1600 2391 743 1894 1753 1607 985 982 776 1036 1712 2428 1806 2226 2243 2291 590 1837 2295 1100 811 1725 1692 2379 1792 2149 1870 455 2062 1074 1891 2274 694 1570 869 807 1804 1140 2498 576 1967 1677 1278 1686 812 1733 1469 2075 1739 1841 837 1686 1318 2006 1356 1119 1843 1220 1602 1746 1605 2118 1472 2112 1506 2314 1331 1727 1695 1667 2024 965 1302 1060 791 2004 1948 1645 1087 2617 2056 1359 1271 1937 1914 717 1274 1022 1476 1851 2234 1565 1495 2062 1138 1670 991 1649 1448 659 1055 913 2429 484 1740 1009 660 724 1614 1247 818 717 1318 672 2353 1568 1361 936 1815 794 1720 1455 1888 1462 773 1480 1000 595 1561 988 1411 1717 2361 1518 1308 1078 1020 1580 1590 1626 1301 1047 1814 634 1312 1199 859 1974 2170 1393
2200 2828 942 1032 1747 1805 1423 1065 1798 1007 1904 1109 1653 1060 2353 2946 1767 1699 1639 2044 2858 2098 1706 2891 2022 1121 1949 1992 2115 1294 1403 2241 1987 1092 360 1949 2029 1506 1261 797 2015 2535 830 2086 2865 2289 860 2813 1594 1744 2580 2282 1925 2486 2109 1336 2896 1653 1445 627 2360 2084 1866 1231 1773 1165 1609 1526 1007 1027 2246 2710 2880 1758 1143 2379 2060 2770 739 1456 2207 1529 1522 1709 1454 454 1981 2871 2389 2948 2540 2715 1092 2561 2746 1420 719 1970 2412 2932 2067 2325 2413 1152 1518 430 2446 2984 802 994 1478 1348 1162 1479 2827 1210 2654 1163 2011 2418 1155 2445 2075 1533 1147 2569 1354 2139 2046 2316 1662 707 1974 559 880 2361 1110 2351 1780 2390 1005 3043 1941 1849 2420 2398 1493 1426 1478 1641 818 1659 2499 2322 1301 3001 2186 2087 1029 2004 1944 1331 897 1276 765 2227 2940 1907 2039 1446 1764 1914 1606 2234 1980 1243 977 1598 2970 968 2471 487 1000 1035 1535 1539 1441 1166 2050 1100 3084 1560 1319 1480 1813 765 1513 1605 1315 1371 1123 2203 1720 1148 2135 468 1159 1939 2903 1585 1057 485 563 933 1316 1665 588 868 1781 892 1835 1906 1192 2705 1609 1998
1171 1286 1707 1920 2546 1916 1521 2324 1609 1407 1003 1711 802 1323 793 1648 2413 1793 821 975 1553 660 1282 1331 856 1949 687 1629 1863 1398 2147 886 1522 1266 1949 360 1844 2578 1221 2044 1546 1141 2165 536 1284 952 1958 1621 1168 1393 1367 1109 602 977 536 2158 1495 2814 1922 1700 1063 605 633 1927 1685 1633 2745 2491 2100 1290 797 1228 1326 1740 2186 1434 1080 1805 1644 2394 1183 2398 1467 937 1182 1914 1459 1748 998 1392 1797 1654 1422 1031 1619 1190 1716 1503 876 1561 1500 1893 1115 1181 2642 1912 1114 1785 1599 2251 848 993 2511 1162 1966 1300 1640 2288 773 1073 1596 1334 697 2651 2407 1073 1452 1141 951 1596 1243 1838 2466 2107 2413 894 2216 1790 1280 1721 2144 1516 1472 2376 912 1094 2594 1017 1406 1420 1521 2393 1169 1445 1830 1998 1885 704 2155 2596 1911 981 2177 1764 2352 1380 1354 2046 854 2715 614 2227 1335 866 1698 1351 1931 1148 1621 1374 1163 1840 1320 1574 1842 1875 1295 1170 862 1489 1587 1738 2171 900 1883 1562 2043 2138 2517 2278 1243 1092 674 1383 1687 1857 1888 1532 1557 1626 2190 1897 1815 2317 2018 1717 2174 1942 1919 1417 842 1090 1223 1349 2754 1516
