140 1835 2462 904 1536 1253 1421 559 2287 2960 1321 582 2329 1295 1323 1147 1744 1376 2401 779 1944 1668 1630 1285 2647 1489 2747 2444 948 1796 2452 2409 1723 2547 2134 2330 2857 2340 1904 2190 1622 2615 2045 2841 1341 947 766 2182 1827 1756 2097 2336 2511 682 2083 2457 1804 2773 1882 2017 1245 1451 2891 2489 1121 3289 2303 2812 2981 1178 2009 2603 1488 2213 1543 3115 736 2967 1236 1176 875 845 1903 2170 2285 1544 2221 1911 1148 1459 1016 2045 1512 890 2066 717 830 1986 424 1908 2142 2414 474 1587
1935 360 1825 2700 661 1172 1866 2162 1055 3182 2507 2265 2837 2481 2982 1991 2071 877 988 2463 1529 1301 1823 935 3243 2229 3260 3423 1970 554 2547 3834 2683 2783 2374 3815 3187 1544 3349 3473 2074 2321 3083 2644 1724 2475 1654 3261 3287 2097 2338 2229 2866 1589 3608 2096 1610 2544 1329 3357 2973 2380 3082 1774 1151 3366 3289 3146 2892 1929 3509 3378 1786 3641 699 3202 1550 3077 2848 2937 2638 2616 2003 740 1128 757 2156 3208 2866 1692 1318 3444 2905 2466 2461 1510 1648 1263 1994 3426 3274 3103 2264 1955
2562 1825 360 3186 1903 1637 1570 2538 1273 1934 2327 2655 1898 2314 3102 1911 1435 2118 1592 2772 878 1173 1335 1838 2252 1841 2202 2711 3027 1643 1376 3476 2211 1640 1418 3531 2011 654 3114 3037 1557 932 2521 1245 1559 2619 2642 2682 3083 1452 1405 1034 1791 2491 3413 739 1039 1145 978 3007 3204 2051 1833 460 2271 2011 2618 1981 1511 1836 3303 2501 1452 3323 2025 1871 2485 1778 2943 3243 3270 3233 1207 1647 1166 1643 1051 2854 3101 1429 2417 3135 2743 3295 1597 2160 2678 952 2761 3258 2741 2227 2795 1481
1004 2700 3186 360 2400 2072 2021 1008 3125 3361 1550 891 2684 1537 1041 1682 2295 2236 3258 816 2677 2437 2258 2144 2917 1932 3045 2533 1527 2655 2960 2195 1966 2989 2636 2074 3223 3107 1738 2112 2155 3234 2163 3408 1994 1063 1544 2249 1661 2298 2606 2929 2908 1517 1817 3111 2507 3356 2652 1922 860 1802 3311 3228 1973 3720 2409 3182 3499 1745 1775 2787 2121 2017 2406 3556 1568 3412 1059 732 636 606 2499 3031 3115 2399 2816 1870 821 2124 1850 1897 1489 1025 2518 1566 1593 2773 1121 1673 2180 2669 799 2164
1636 661 1903 2400 360 967 1698 1875 1271 3128 2273 1975 2719 2246 2703 1771 1945 606 1271 2176 1518 1237 1700 667 3122 2043 3155 3244 1693 690 2496 3593 2487 2714 2285 3565 3113 1647 3101 3249 1925 2342 2887 2657 1549 2202 1362 3063 3035 1971 2247 2203 2777 1289 3351 2120 1550 2560 1331 3123 2685 2175 3031 1869 862 3344 3106 3070 2891 1716 3255 3231 1637 3398 486 3174 1251 3042 2573 2645 2336 2315 1917 1024 1319 634 2117 2978 2578 1543 1032 3203 2656 2170 2347 1219 1361 1311 1693 3168 3068 2963 1965 1811
1353 1172 1637 2072 967 360 1094 1456 1416 2596 1696 1572 2134 1670 2228 1179 1363 1036 1589 1748 1141 826 1128 691 2533 1436 2575 2637 1751 1039 1979 3023 1882 2172 1731 3009 2561 1468 2543 2662 1328 1938 2283 2227 944 1709 1366 2459 2483 1388 1691 1733 2215 1213 2809 1736 1079 2138 1023 2545 2252 1573 2504 1644 1060 2848 2499 2516 2432 1118 2708 2628 1044 2832 1069 2674 1207 2533 2084 2241 2088 2057 1378 1395 1402 777 1631 2396 2142 953 1175 2634 2100 2045 1769 906 1404 1103 1511 2628 2468 2364 1640 1218
1521 1866 1570 2021 1698 1094 360 1391 1861 1957 1148 1499 1419 1130 1893 706 693 1760 2128 1584 1112 1028 599 1422 1809 733 1864 1917 2197 1700 1399 2424 1192 1530 1093 2442 1889 1572 1992 2021 605 1576 1585 1782 510 1411 1842 1764 1946 710 1055 1282 1536 1669 2282 1449 910 1718 1186 1938 1995 920 1876 1631 1722 2258 1783 1844 1922 636 2174 1894 483 2246 1803 2082 1691 1935 1734 2040 2150 2110 847 1995 1798 1473 1167 1782 1894 553 1787 2048 1578 2269 1075 1289 1901 1339 1775 2113 1787 1631 1678 529
659 2162 2538 1008 1875 1456 1391 360 2513 2843 1132 478 2190 1108 1195 1066 1686 1760 2674 661 2028 1793 1622 1588 2486 1370 2594 2250 1466 2087 2378 2227 1544 2443 2054 2157 2726 2460 1720 1993 1552 2607 1851 2802 1351 754 1268 1985 1643 1693 2020 2310 2389 1153 1917 2474 1859 2744 2007 1822 1171 1295 2781 2579 1537 3186 2110 2682 2916 1119 1836 2423 1483 2030 1909 3014 1204 2868 1082 1146 1120 1080 1876 2461 2493 1820 2196 1713 1063 1479 1467 1856 1316 1296 1961 1017 1335 2132 937 1738 1943 2247 659 1543
2387 1055 1273 3125 1271 1416 1861 2513 360 2803 2627 2628 2616 2605 3262 2112 1933 1517 686 2802 1219 1193 1714 1391 3009 2228 2991 3335 2593 940 2194 3926 2679 2455 2117 3940 2851 980 3484 3519 1994 1835 3056 2155 1758 2741 2239 3232 3434 1958 2089 1844 2576 2134 3769 1620 1393 2054 1058 3440 3301 2421 2701 1195 1760 2916 3217 2816 2420 2034 3662 3207 1747 3746 1362 2769 2106 2664 3112 3296 3121 3092 1778 756 467 1123 1807 3284 3192 1668 1929 3548 3056 3020 2255 1930 2249 911 2506 3593 3268 2924 2689 1877
3060 3182 1934 3361 3128 2596 1957 2843 2803 360 2174 2922 1042 2186 2923 2174 1628 3263 3130 2911 2018 2254 1835 2918 1002 1834 858 1674 3788 2989 995 2652 1781 788 1232 2779 550 2200 2534 2240 1721 1371 1776 1118 2088 2658 3440 1837 2550 1608 1272 1325 814 3267 2790 1557 1940 1196 2217 2327 3111 1924 462 2032 3285 732 1676 571 898 2152 2698 1312 1947 2583 3251 611 3289 556 2794 3217 3566 3525 1579 3128 2699 2858 1387 2225 3046 2023 3370 2462 2390 3778 1256 2887 3499 2313 3333 2710 1932 1189 3141 1792
1421 2507 2327 1550 2273 1696 1148 1132 2627 2174 360 1171 1495 388 1174 883 1269 2248 2871 1110 1897 1797 1360 1967 1739 852 1860 1485 2229 2372 1829 1687 783 1818 1518 1680 2033 2357 1219 1339 1135 2199 1085 2309 1229 849 1979 1233 1166 1260 1495 1883 1724 1831 1501 2134 1694 2276 1971 1210 1329 655 2129 2398 2101 2538 1343 1992 2358 956 1395 1652 1270 1497 2350 2377 1876 2236 1022 1417 1772 1731 1503 2709 2573 2113 1783 1064 1249 1332 2089 1298 791 2040 1369 1544 2048 2122 1704 1328 1207 1494 1399 1206
682 2265 2655 891 1975 1572 1499 478 2628 2922 1171 360 2261 1149 1115 1168 1787 1849 2785 568 2146 1912 1733 1692 2543 1455 2656 2272 1466 2195 2473 2188 1592 2528 2148 2109 2799 2579 1683 1979 1651 2715 1876 2904 1464 736 1307 2001 1605 1793 2115 2415 2467 1209 1863 2585 1976 2847 2126 1802 1070 1363 2862 2697 1616 3269 2134 2756 3011 1225 1787 2464 1595 1992 2003 3099 1262 2953 1017 1035 1019 978 1982 2569 2610 1930 2301 1703 965 1594 1534 1825 1300 1231 2048 1115 1372 2251 938 1687 1953 2300 588 1648
2429 2837 1898 2684 2719 2134 1419 2190 2616 1042 1495 2261 360 1507 2244 1559 1134 2810 2932 2237 1758 1900 1380 2466 766 1202 804 1202 3189 2652 939 2107 1099 762 860 2210 900 2091 1904 1668 1174 1468 1156 1401 1566 1981 2862 1263 1909 1108 886 1230 610 2691 2179 1547 1610 1418 1939 1717 2430 1257 1007 1997 2782 1410 1142 858 1338 1553 2080 963 1450 2003 2833 1260 2721 1129 2113 2535 2896 2855 1208 2870 2523 2468 1210 1596 2364 1541 2841 1855 1717 3127 736 2321 2925 2071 2707 2077 1348 690 2484 1277
1395 2481 2314 1537 2246 1670 1130 1108 2605 2186 388 1149 1507 360 1177 859 1261 2220 2848 1093 1881 1776 1345 1940 1758 845 1877 1512 2202 2346 1832 1713 803 1826 1518 1704 2046 2341 1242 1367 1125 2195 1112 2310 1209 834 1951 1261 1188 1253 1495 1879 1734 1803 1523 2126 1678 2275 1952 1237 1327 653 2139 2384 2072 2548 1369 2005 2362 933 1417 1676 1253 1522 2322 2386 1848 2245 1023 1412 1756 1714 1495 2685 2552 2087 1778 1092 1244 1313 2060 1324 811 2019 1373 1515 2020 2103 1679 1348 1235 1513 1377 1193
1423 2982 3102 1041 2703 2228 1893 1195 3262 2923 1174 1115 2244 1177 360 1560 2073 2596 3458 908 2635 2471 2126 2407 2399 1659 2540 1921 2134 2891 2637 1517 1506 2603 2331 1406 2763 3094 1059 1445 1934 3012 1588 3122 1929 880 2046 1638 984 2067 2309 2696 2488 1962 1150 2938 2439 3090 2670 1254 572 1469 2891 3164 2370 3294 1811 2726 3159 1639 1098 2218 2013 1337 2742 3144 2015 3009 518 711 1317 1286 2304 3259 3226 2622 2594 1227 580 2052 2289 1218 903 1700 2175 1849 2108 2813 1641 996 1558 2152 1237 1988
1247 1991 1911 1682 1771 1179 706 1066 2112 2174 883 1168 1559 859 1560 360 980 1774 2349 1239 1435 1289 946 1469 1909 718 1992 1863 1990 1851 1676 2209 1092 1760 1353 2204 2076 1894 1741 1842 846 1911 1487 2096 730 1067 1668 1659 1686 987 1318 1608 1727 1501 2020 1794 1241 2039 1478 1728 1652 774 2104 1969 1668 2502 1721 2032 2212 439 1914 1924 819 2020 1857 2328 1534 2181 1402 1694 1825 1785 1177 2185 2062 1595 1495 1577 1549 852 1691 1821 1305 1978 1279 1146 1734 1625 1518 1842 1658 1694 1362 842
1844 2071 1435 2295 1945 1363 693 1686 1933 1628 1269 1787 1134 1261 2073 980 360 2039 2231 1844 1090 1148 607 1694 1538 777 1572 1763 2531 1890 1068 2417 1145 1199 760 2462 1569 1518 2039 1986 502 1308 1493 1476 820 1639 2175 1666 2007 386 721 996 1217 2001 2337 1225 900 1421 1234 1940 2204 982 1545 1516 2030 1925 1644 1524 1597 931 2227 1670 684 2256 2059 1748 2023 1601 1917 2268 2446 2405 594 2137 1853 1696 887 1785 2110 770 2106 2065 1672 2588 766 1621 2233 1382 2104 2182 1710 1392 1982 525
1476 877 2118 2236 606 1036 1760 1760 1517 3263 2248 1849 2810 2220 2596 1774 2039 360 1503 2056 1701 1400 1802 705 3207 2079 3251 3273 1454 937 2637 3547 2505 2841 2403 3506 3234 1873 3046 3227 2000 2527 2901 2836 1610 2115 1140 3073 2977 2064 2364 2365 2889 1092 3282 2310 1703 2741 1525 3089 2558 2187 3168 2091 638 3499 3132 3190 3060 1730 3190 3291 1719 3349 541 3326 1048 3189 2476 2505 2148 2130 2044 1255 1565 834 2271 2949 2454 1629 801 3158 2605 1954 2446 1110 1131 1525 1502 3099 3070 3032 1810 1892
2501 988 1592 3258 1271 1589 2128 2674 686 3130 2871 2785 2932 2848 3458 2349 2231 1503 360 2971 1534 1463 2003 1476 3329 2501 3314 3635 2597 967 2520 4186 2957 2780 2435 4191 3178 1302 3731 3790 2281 2158 3341 2477 2013 2938 2273 3519 3676 2257 2406 2171 2899 2193 4009 1945 1696 2376 1360 3701 3478 2685 3028 1508 1773 3239 3513 3142 2742 2275 3904 3519 2020 4002 1327 3094 2158 2991 3313 3460 3223 3198 2090 608 791 1219 2132 3546 3369 1935 1941 3804 3294 3078 2568 2051 2271 1221 2588 3830 3550 3236 2818 2162
879 2463 2772 816 2176 1748 1584 661 2802 2911 1110 568 2237 1093 908 1239 1844 2056 2971 360 2272 2058 1823 1889 2488 1476 2610 2161 1634 2387 2504 2001 1532 2534 2180 1914 2777 2717 1501 1820 1703 2788 1773 2955 1573 623 1505 1882 1422 1846 2150 2480 2457 1414 1665 2673 2092 2905 2270 1637 870 1348 2859 2820 1824 3268 2027 2735 3043 1307 1594 2382 1690 1807 2208 3102 1467 2958 817 853 1022 980 2054 2760 2779 2120 2369 1551 762 1703 1741 1649 1148 1315 2062 1317 1569 2401 1117 1492 1825 2242 721 1719
2044 1529 878 2677 1518 1141 1112 2028 1219 2018 1897 2146 1758 1881 2635 1435 1090 1701 1534 2272 360 676 905 1385 2156 1440 2147 2483 2531 1335 1385 3134 1865 1632 1262 3168 2037 820 2728 2710 1174 1186 2223 1498 1068 2136 2145 2396 2687 1114 1232 1060 1736 1988 3022 970 563 1402 559 2652 2722 1647 1917 911 1811 2198 2369 1998 1734 1357 2913 2347 988 2965 1644 2033 1986 1908 2477 2752 2753 2717 919 1485 1131 1244 991 2495 2617 943 1945 2771 2326 2778 1395 1647 2185 673 2245 2857 2440 2064 2279 1070
1768 1301 1173 2437 1237 826 1028 1793 1193 2254 1797 1912 1900 1776 2471 1289 1148 1400 1463 2058 676 360 907 1074 2306 1398 2319 2542 2218 1113 1620 3092 1853 1846 1432 3107 2249 1033 2652 2689 1181 1493 2238 1797 927 1956 1832 2416 2603 1175 1396 1327 1924 1678 2938 1282 674 1703 575 2606 2534 1588 2156 1186 1497 2467 2416 2207 2020 1211 2831 2458 917 2913 1362 2297 1674 2164 2316 2549 2490 2456 1061 1350 1135 965 1239 2450 2426 834 1629 2714 2227 2488 1524 1349 1871 703 1953 2765 2446 2178 2023 1061
1730 1823 1335 2258 1700 1128 599 1622 1714 1835 1360 1733 1380 1345 2126 946 607 1802 2003 1823 905 907 360 1457 1784 894 1815 1995 2365 1643 1236 2592 1328 1408 965 2623 1793 1360 2182 2173 639 1349 1701 1574 649 1650 1996 1878 2142 634 925 1067 1447 1824 2477 1212 702 1503 1018 2108 2233 1102 1746 1401 1809 2108 1870 1749 1735 875 2368 1916 501 2421 1815 1932 1840 1787 1967 2279 2380 2340 641 1898 1640 1448 952 1952 2132 551 1897 2226 1785 2480 1007 1444 2051 1170 1973 2313 1914 1640 1905 526
1385 935 1838 2144 667 691 1422 1588 1391 2918 1967 1692 2466 1940 2407 1469 1694 705 1476 1889 1385 1074 1457 360 2865 1754 2907 2953 1588 871 2295 3286 2191 2496 2057 3258 2888 1620 2794 2944 1659 2208 2590 2510 1272 1902 1218 2765 2729 1720 2018 2030 2544 1103 3046 1995 1368 2417 1226 2817 2400 1877 2824 1825 792 3159 2814 2844 2728 1417 2949 2956 1376 3091 748 2986 1077 2848 2274 2367 2107 2082 1699 1246 1411 628 1933 2672 2292 1285 944 2896 2350 1988 2100 941 1237 1255 1478 2863 2768 2694 1705 1549
2747 3243 2252 2917 3122 2533 1809 2486 3009 1002 1739 2543 766 1758 2399 1909 1538 3207 3329 2488 2156 2306 1784 2865 360 1551 512 1031 3529 3058 1244 2011 1316 993 1253 2143 811 2466 1929 1609 1567 1767 1187 1620 1958 2226 3218 1215 1955 1511 1283 1578 825 3050 2169 1885 2014 1665 2341 1711 2600 1556 1030 2353 3168 1352 1044 796 1475 1915 2083 673 1849 1951 3236 1253 3082 1171 2287 2720 3150 3109 1611 3273 2914 2873 1579 1627 2550 1941 3219 1842 1856 3414 1142 2688 3283 2469 3030 2105 1311 608 2770 1675
1589 2229 1841 1932 2043 1436 733 1370 2228 1834 852 1455 1202 845 1659 718 777 2079 2501 1476 1440 1398 894 1754 1551 360 1633 1560 2347 2068 1388 2061 819 1433 1064 2088 1727 1893 1648 1651 644 1714 1215 1847 866 1248 2027 1393 1610 768 1035 1398 1382 1859 1944 1641 1237 1805 1542 1576 1797 570 1770 1916 2001 2175 1423 1682 1926 727 1834 1581 841 1887 2141 2004 1891 1857 1504 1869 2111 2069 1011 2369 2162 1833 1294 1419 1707 925 2038 1691 1261 2304 952 1499 2092 1696 1866 1782 1414 1340 1669 731
2847 3260 2202 3045 3155 2575 1864 2594 2991 858 1860 2656 804 1877 2540 1992 1572 3251 3314 2610 2147 2319 1815 2907 512 1633 360 1180 3620 3072 1185 2161 1439 922 1250 2294 668 2430 2081 1761 1618 1691 1336 1517 2010 2348 3300 1367 2106 1547 1284 1532 776 3130 2322 1827 2018 1571 2337 1864 2739 1659 897 2302 3226 1201 1196 661 1353 1992 2235 814 1892 2103 3271 1108 3160 1035 2425 2856 3273 3231 1618 3270 2893 2899 1547 1778 2686 1982 3285 1995 1997 3527 1167 2762 3364 2459 3129 2256 1463 747 2882 1720
2544 3423 2711 2533 3244 2637 1917 2250 3335 1674 1485 2272 1202 1512 1921 1863 1763 3273 3635 2161 2483 2542 1995 2953 1031 1560 1180 360 3353 3256 1781 1341 1131 1579 1652 1479 1483 2872 1332 962 1721 2310 759 2228 2060 1907 3100 644 1376 1737 1666 2059 1404 2947 1533 2377 2302 2255 2637 1100 2133 1449 1696 2807 3170 2021 503 1466 2121 1903 1459 734 2002 1295 3341 1925 2989 1836 1846 2268 2794 2755 1928 3532 3253 3030 2021 1064 2109 2095 3182 1216 1405 3116 1476 2631 3168 2784 2826 1499 724 888 2495 1842
1048 1970 3027 1527 1693 1751 2197 1466 2593 3788 2229 1466 3189 2202 2134 1990 2531 1454 2597 1634 2531 2218 2365 1588 3529 2347 3620 3353 360 2020 3233 3272 2623 3365 2931 3176 3703 2837 2776 3086 2427 3301 2953 3566 2082 1843 745 3091 2697 2548 2892 3058 3351 907 2922 3113 2443 3486 2409 2907 2000 2338 3711 3028 1193 4096 3211 3658 3740 2000 2860 3503 2232 3080 1631 3920 904 3772 2082 1890 1313 1318 2646 2349 2627 1844 2946 2810 1927 2176 1023 2924 2407 969 2893 1281 712 2468 890 2757 3050 3302 1273 2366
1896 554 1643 2655 690 1039 1700 2087 940 2989 2372 2195 2652 2346 2891 1851 1890 937 967 2387 1335 1113 1643 871 3058 2068 3072 3256 2020 360 2354 3699 2526 2591 2184 3688 2995 1368 3223 3329 1900 2129 2923 2452 1562 2376 1678 3102 3162 1917 2149 2035 2675 1590 3489 1904 1418 2352 1135 3219 2897 2228 2889 1596 1186 3172 3123 2954 2699 1784 3388 3200 1614 3509 785 3008 1556 2883 2752 2870 2616 2592 1814 735 993 628 1962 3068 2788 1520 1357 3311 2780 2477 2276 1450 1682 1072 1981 3307 3119 2923 2216 1780
2552 2547 1376 2960 2496 1979 1399 2378 2194 995 1829 2473 939 1832 2637 1676 1068 2637 2520 2504 1385 1620 1236 2295 1244 1388 1185 1781 3233 2354 360 2668 1524 625 684 2760 1017 1612 2415 2225 1191 891 1700 854 1511 2273 2870 1827 2408 1055 717 712 778 2697 2703 1002 1306 850 1585 2250 2799 1540 896 1477 2675 1232 1718 981 899 1635 2599 1515 1363 2550 2619 1056 2715 914 2490 2883 3132 3090 963 2503 2092 2225 754 2115 2716 1427 2771 2388 2152 3293 822 2316 2926 1686 2812 2582 1906 1262 2677 1230
2509 3834 3476 2195 3593 3023 2424 2227 3926 2652 1687 2188 2107 1713 1517 2209 2417 3547 4186 2001 3134 3092 2592 3286 2011 2061 2161 1341 3272 3699 2668 360 1632 2507 2461 532 2461 3575 867 805 2319 3173 1333 3147 2533 1833 3133 1204 943 2397 2461 2884 2340 3019 750 3192 2933 3158 3244 846 1698 1864 2668 3563 3368 3003 1341 2442 3073 2278 779 1714 2540 558 3662 2902 3070 2807 1550 1837 2470 2441 2633 4033 3862 3441 2819 1002 1737 2618 3323 750 1301 2857 2272 2809 3199 3397 2758 881 1122 1837 2360 2426
1823 2683 2211 1966 2487 1882 1192 1544 2679 1781 783 1592 1099 803 1506 1092 1145 2505 2957 1532 1865 1853 1328 2191 1316 819 1439 1131 2623 2526 1524 1632 360 1460 1249 1680 1628 2303 1276 1205 1051 1968 760 2018 1323 1270 2346 937 1257 1125 1238 1660 1342 2188 1573 1951 1666 2003 1986 1156 1690 678 1745 2295 2398 2150 989 1589 2026 1135 1464 1240 1296 1472 2580 1997 2228 1862 1374 1797 2194 2153 1365 2828 2608 2287 1579 1003 1626 1382 2412 1284 991 2463 1070 1862 2414 2138 2107 1433 955 1070 1820 1163
2647 2783 1640 2989 2714 2172 1530 2443 2455 788 1818 2528 762 1826 2603 1760 1199 2841 2780 2534 1632 1846 1408 2496 993 1433 922 1579 3365 2591 625 2507 1460 360 804 2613 764 1877 2303 2070 1297 1134 1558 1009 1659 2289 3013 1664 2305 1180 843 976 536 2840 2581 1265 1534 1040 1830 2119 2779 1547 706 1741 2858 1103 1534 725 937 1733 2480 1281 1518 2406 2835 931 2862 785 2464 2875 3181 3139 1158 2755 2354 2447 1008 1996 2705 1595 2942 2257 2090 3374 842 2460 3072 1939 2917 2475 1750 1051 2742 1364
2234 2374 1418 2636 2285 1731 1093 2054 2117 1232 1518 2148 860 1518 2331 1353 760 2403 2435 2180 1262 1432 965 2057 1253 1064 1250 1652 2931 2184 684 2461 1249 804 360 2536 1190 1594 2160 2016 872 1081 1489 1151 1217 1952 2575 1639 2145 743 399 783 853 2402 2455 1095 1128 1121 1449 2016 2486 1225 1146 1515 2414 1525 1562 1147 1224 1316 2348 1460 1075 2326 2404 1348 2422 1201 2181 2566 2807 2765 730 2382 2023 2022 729 1872 2401 1151 2498 2151 1863 2972 548 2021 2633 1575 2497 2322 1706 1180 2353 925
2430 3815 3531 2074 3565 3009 2442 2157 3940 2779 1680 2109 2210 1704 1406 2204 2462 3506 4191 1914 3168 3107 2623 3258 2143 2088 2294 1479 3176 3688 2760 532 1680 2613 2536 360 2590 3616 825 903 2356 3254 1420 3245 2542 1768 3056 1311 890 2443 2533 2959 2449 2951 616 3261 2965 3251 3267 884 1574 1885 2790 3616 3316 3136 1463 2569 3184 2277 681 1853 2561 570 3629 3029 3002 2929 1458 1709 2347 2320 2685 4029 3881 3425 2887 1037 1622 2634 3262 757 1269 2739 2348 2762 3121 3420 2670 781 1222 1956 2268 2458
2957 3187 2011 3223 3113 2561 1889 2726 2851 550 2033 2799 900 2046 2763 2076 1569 3234 3178 2777 2037 2249 1793 2888 811 1727 668 1483 3703 2995 1017 2461 1628 764 1190 2590 360 2263 2353 2052 1646 1467 1597 1250 2027 2520 3363 1651 2371 1546 1229 1367 713 3191 2605 1632 1938 1316 2234 2143 2955 1796 595 2111 3238 910 1487 405 1059 2062 2514 1121 1893 2395 3234 801 3217 729 2638 3065 3436 3395 1555 3159 2750 2848 1409 2045 2894 1975 3314 2277 2226 3663 1174 2814 3425 2342 3233 2528 1746 1005 3022 1730
2440 1544 654 3107 1647 1468 1572 2460 980 2200 2357 2579 2091 2341 3094 1894 1518 1873 1302 2717 820 1033 1360 1620 2466 1893 2430 2872 2837 1368 1612 3575 2303 1877 1594 3616 2263 360 3181 3145 1619 1216 2644 1535 1525 2592 2455 2813 3143 1539 1574 1260 2014 2313 3477 1005 1022 1434 818 3096 3176 2102 2098 590 2049 2297 2768 2230 1799 1815 3368 2694 1449 3411 1766 2153 2301 2053 2937 3201 3164 3130 1313 1352 873 1400 1247 2941 3070 1402 2204 3218 2785 3152 1758 2010 2484 729 2617 3314 2863 2415 2697 1522
2004 3349 3114 1738 3101 2543 1992 1720 3484 2534 1219 1683 1904 1242 1059 1741 2039 3046 3731 1501 2728 2652 2182 2794 1929 1648 2081 1332 2776 3223 2415 867 1276 2303 2160 825 2353 3181 360 767 1924 2881 1117 2909 2085 1325 2626 1080 438 2022 2152 2576 2153 2511 658 2867 2524 2902 2818 592 1261 1440 2527 3195 2862 2903 1259 2324 2880 1815 548 1683 2112 670 3166 2776 2562 2660 1060 1403 2015 1982 2268 3566 3427 2960 2495 669 1278 2182 2815 519 804 2390 1977 2305 2693 2971 2257 535 984 1707 1862 2019
2290 3473 3037 2112 3249 2662 2021 1993 3519 2240 1339 1979 1668 1367 1445 1842 1986 3227 3790 1820 2710 2689 2173 2944 1609 1651 1761 962 3086 3329 2225 805 1205 2070 2016 903 2052 3145 767 360 1896 2728 887 2706 2140 1604 2896 768 831 1965 2017 2440 1906 2766 931 2748 2511 2715 2830 550 1653 1466 2248 3125 3072 2600 925 2029 2641 1905 861 1331 2132 702 3328 2489 2814 2387 1416 1795 2386 2352 2198 3649 3451 3077 2375 642 1657 2215 3047 625 1038 2748 1827 2512 2965 2982 2558 915 680 1414 2180 2007
1722 2074 1557 2155 1925 1328 605 1552 1994 1721 1135 1651 1174 1125 1934 846 502 2000 2281 1703 1174 1181 639 1659 1567 644 1618 1721 2427 1900 1191 2319 1051 1297 872 2356 1646 1619 1924 1896 360 1450 1421 1614 752 1496 2079 1598 1889 503 835 1138 1292 1906 2221 1363 974 1561 1297 1838 2063 853 1643 1633 1968 2033 1594 1601 1726 804 2112 1667 649 2152 2034 1857 1931 1709 1777 2126 2310 2269 730 2171 1920 1688 1029 1682 1968 743 2032 1959 1545 2461 831 1528 2140 1449 1986 2062 1634 1397 1848 480
2715 2321 932 3234 2342 1938 1576 2607 1835 1371 2199 2715 1468 2195 3012 1911 1308 2527 2158 2788 1186 1493 1349 2208 1767 1714 1691 2310 3301 2129 891 3173 1968 1134 1081 3254 1467 1216 2881 2728 1450 360 2200 684 1634 2587 2920 2339 2865 1310 1089 676 1303 2754 3176 585 1221 583 1370 2735 3150 1904 1272 1026 2628 1441 2241 1442 944 1850 3069 2046 1490 3043 2468 1299 2760 1208 2857 3216 3367 3327 1094 2193 1728 2068 781 2592 3058 1516 2753 2871 2572 3465 1267 2386 2967 1417 2950 3042 2413 1793 2894 1429
2145 3083 2521 2163 2887 2283 1585 1851 3056 1776 1085 1876 1156 1112 1588 1487 1493 2901 3341 1773 2223 2238 1701 2590 1187 1215 1336 759 2953 2923 1700 1333 760 1558 1489 1420 1597 2644 1117 887 1421 2200 360 2185 1721 1515 2702 538 1134 1470 1491 1913 1401 2550 1384 2223 2030 2190 2358 921 1796 1074 1770 2611 2786 2147 618 1567 2134 1533 1287 990 1684 1211 2979 2019 2593 1903 1493 1923 2417 2377 1691 3220 2980 2686 1851 809 1758 1773 2791 1059 1050 2727 1301 2241 2770 2509 2427 1293 580 953 2100 1539
2941 2644 1245 3408 2657 2227 1782 2802 2155 1118 2309 2904 1401 2310 3122 2096 1476 2836 2477 2955 1498 1797 1574 2510 1620 1847 1517 2228 3566 2452 854 3147 2018 1009 1151 3245 1250 1535 2909 2706 1614 684 2185 360 1864 2735 3189 2303 2903 1471 1174 869 1185 3020 3196 909 1508 461 1688 2740 3276 2016 1027 1334 2924 1127 2181 1235 626 2044 3092 1922 1714 3036 2783 999 3030 933 2972 3355 3562 3522 1297 2516 2048 2383 983 2607 3191 1756 3042 2878 2645 3691 1312 2646 3239 1740 3188 3077 2386 1700 3096 1621
1441 1724 1559 1994 1549 944 510 1351 1758 2088 1229 1464 1566 1209 1929 730 820 1610 2013 1573 1068 927 649 1272 1958 866 2010 2060 2082 1562 1511 2533 1323 1659 1217 2542 2027 1525 2085 2140 752 1634 1721 1864 360 1428 1719 1899 2036 841 1178 1356 1674 1546 2371 1486 880 1793 1108 2047 2014 1034 2004 1610 1577 2378 1925 1982 2021 651 2264 2044 510 2350 1653 2201 1565 2055 1772 2046 2102 2063 928 1869 1703 1329 1241 1892 1909 490 1646 2152 1660 2191 1216 1165 1776 1257 1683 2197 1917 1781 1626 657
1047 2475 2619 1063 2202 1709 1411 754 2741 2658 849 736 1981 834 880 1067 1639 2115 2938 623 2136 1956 1650 1902 2226 1248 2348 1907 1843 2376 2273 1833 1270 2289 1952 1768 2520 2592 1325 1604 1496 2587 1515 2735 1428 360 1663 1631 1250 1637 1924 2275 2205 1546 1533 2488 1946 2691 2159 1429 945 1101 2609 2675 1910 3018 1771 2479 2810 1143 1447 2120 1526 1635 2251 2854 1597 2711 735 991 1284 1243 1859 2742 2707 2107 2166 1326 842 1555 1853 1461 925 1572 1823 1364 1730 2299 1313 1352 1580 1979 950 1528
866 1654 2642 1544 1362 1366 1842 1268 2239 3440 1979 1307 2862 1951 2046 1668 2175 1140 2273 1505 2145 1832 1996 1218 3218 2027 3300 3100 745 1678 2870 3133 2346 3013 2575 3056 3363 2455 2626 2896 2079 2920 2702 3189 1719 1663 360 2852 2549 2193 2536 2683 3010 533 2810 2729 2061 3108 2025 2728 1953 2045 3359 2644 863 3738 2956 3318 3369 1668 2735 3217 1867 2936 1321 3561 520 3415 1962 1868 1403 1392 2276 2026 2266 1480 2572 2615 1862 1806 701 2764 2222 1174 2549 914 428 2086 784 2634 2821 3000 1174 2009
2282 3261 2682 2249 3063 2459 1764 1985 3232 1837 1233 2001 1263 1261 1638 1659 1666 3073 3519 1882 2396 2416 1878 2765 1215 1393 1367 644 3091 3102 1827 1204 937 1664 1639 1311 1651 2813 1080 768 1598 2339 538 2303 1899 1631 2852 360 1114 1642 1644 2061 1498 2704 1315 2374 2204 2315 2534 857 1850 1248 1842 2773 2953 2201 540 1626 2233 1707 1228 964 1862 1109 3154 2085 2748 1979 1561 1984 2511 2472 1860 3398 3156 2864 2005 791 1824 1952 2953 987 1120 2837 1452 2404 2921 2685 2562 1253 456 1008 2221 1716
1927 3287 3083 1661 3035 2483 1946 1643 3434 2550 1166 1605 1909 1188 984 1686 2007 2977 3676 1422 2687 2603 2142 2729 1955 1610 2106 1376 2697 3162 2408 943 1257 2305 2145 890 2371 3143 438 831 1889 2865 1134 2903 2036 1250 2549 1114 360 1992 2135 2557 2160 2436 696 2844 2483 2893 2773 646 1187 1400 2540 3162 2790 2921 1294 2341 2882 1761 588 1718 2068 746 3099 2790 2487 2671 982 1330 1938 1905 2238 3508 3378 2899 2474 688 1201 2135 2741 595 742 2312 1964 2234 2616 2925 2178 536 1020 1727 1783 1980
1856 2097 1452 2298 1971 1388 710 1693 1958 1608 1260 1793 1108 1253 2067 987 386 2064 2257 1846 1114 1175 634 1720 1511 768 1547 1737 2548 1917 1055 2397 1125 1180 743 2443 1546 1539 2022 1965 503 1310 1470 1471 841 1637 2193 1642 1992 360 704 997 1194 2020 2320 1233 925 1418 1260 1921 2200 971 1526 1533 2053 1908 1618 1501 1587 941 2211 1643 708 2237 2085 1732 2042 1584 1911 2265 2452 2411 607 2164 1878 1722 889 1766 2107 795 2127 2046 1660 2599 741 1639 2252 1407 2117 2167 1687 1366 1989 544
2197 2338 1405 2606 2247 1691 1055 2020 2089 1272 1495 2115 886 1495 2309 1318 721 2364 2406 2150 1232 1396 925 2018 1283 1035 1284 1666 2892 2149 717 2461 1238 843 399 2533 1229 1574 2152 2017 835 1089 1491 1174 1178 1924 2536 1644 2135 704 360 785 890 2362 2448 1091 1094 1141 1417 2012 2462 1201 1186 1501 2375 1563 1572 1185 1256 1280 2340 1483 1035 2323 2366 1387 2383 1240 2158 2540 2774 2733 694 2350 1996 1985 721 1866 2376 1111 2458 2146 1847 2936 552 1981 2594 1546 2460 2312 1709 1202 2319 886
2436 2229 1034 2929 2203 1733 1282 2310 1844 1325 1883 2415 1230 1879 2696 1608 996 2365 2171 2480 1060 1327 1067 2030 1578 1398 1532 2059 3058 2035 712 2884 1660 976 783 2959 1367 1260 2576 2440 1138 676 1913 869 1356 2275 2683 2061 2557 997 785 360 1118 2513 2872 678 1022 796 1259 2437 2835 1588 1223 1134 2433 1501 1977 1332 1058 1551 2764 1830 1208 2748 2329 1334 2524 1208 2541 2903 3071 3030 795 2162 1742 1929 475 2291 2743 1247 2545 2572 2258 3186 972 2137 2733 1348 2680 2734 2130 1560 2600 1127
2611 2866 1791 2908 2777 2215 1536 2389 2576 814 1724 2467 610 1734 2488 1727 1217 2889 2899 2457 1736 1924 1447 2544 825 1382 776 1404 3351 2675 778 2340 1342 536 853 2449 713 2014 2153 1906 1292 1303 1401 1185 1674 2205 3010 1498 2160 1194 890 1118 360 2837 2426 1420 1617 1216 1929 1963 2671 1469 765 1891 2887 1173 1363 668 1095 1710 2327 1106 1542 2244 2896 1015 2863 881 2355 2773 3112 3070 1223 2861 2478 2515 1131 1844 2602 1626 2961 2101 1965 3325 820 2460 3071 2047 2886 2327 1586 876 2686 1377
782 1589 2491 1517 1289 1213 1669 1153 2134 3267 1831 1209 2691 1803 1962 1501 2001 1092 2193 1414 1988 1678 1824 1103 3050 1859 3130 2947 907 1590 2697 3019 2188 2840 2402 2951 3191 2313 2511 2766 1906 2754 2550 3020 1546 1546 533 2704 2436 2020 2362 2513 2837 360 2708 2566 1896 2939 1875 2602 1888 1884 3186 2496 819 3565 2804 3146 3198 1498 2629 3055 1694 2821 1270 3388 413 3242 1866 1815 1416 1398 2105 1951 2153 1371 2401 2483 1791 1634 695 2645 2097 1247 2377 741 594 1945 770 2530 2677 2834 1112 1836
2183 3608 3413 1817 3351 2809 2282 1917 3769 2790 1501 1863 2179 1523 1150 2020 2337 3282 4009 1665 3022 2938 2477 3046 2169 1944 2322 1533 2922 3489 2703 750 1573 2581 2455 616 2605 3477 658 931 2221 3176 1384 3196 2371 1533 2810 1315 696 2320 2448 2872 2426 2708 360 3164 2819 3192 3109 824 1317 1735 2790 3493 3084 3155 1486 2579 3158 2095 469 1901 2404 627 3410 3036 2761 2925 1208 1454 2091 2064 2566 3838 3714 3224 2792 948 1366 2471 3024 688 1074 2483 2270 2534 2874 3261 2419 543 1219 1960 2016 2315
2557 2096 739 3111 2120 1736 1449 2474 1620 1557 2134 2585 1547 2126 2938 1794 1225 2310 1945 2673 970 1282 1212 1995 1885 1641 1827 2377 3113 1904 1002 3192 1951 1265 1095 3261 1632 1005 2867 2748 1363 585 2223 909 1486 2488 2729 2374 2844 1233 1091 678 1420 2566 3164 360 1029 808 1149 2738 3063 1843 1456 839 2419 1657 2294 1602 1165 1726 3055 2144 1350 3051 2246 1509 2569 1407 2781 3119 3228 3189 993 1971 1514 1848 733 2589 2966 1361 2549 2871 2528 3305 1282 2205 2773 1192 2782 3020 2441 1877 2752 1319
1904 1610 1039 2507 1550 1079 910 1859 1393 1940 1694 1976 1610 1678 2439 1241 900 1703 1696 2092 563 674 702 1368 2014 1237 2018 2302 2443 1418 1306 2933 1666 1534 1128 2965 1938 1022 2524 2511 974 1221 2030 1508 880 1946 2061 2204 2483 925 1094 1022 1617 1896 2819 1029 360 1419 696 2450 2532 1443 1842 1090 1776 2156 2184 1896 1719 1163 2709 2186 788 2763 1674 1985 1900 1851 2281 2566 2598 2561 762 1620 1312 1278 928 2293 2428 751 1894 2568 2123 2647 1238 1536 2106 842 2120 2653 2245 1903 2122 867
2873 2544 1145 3356 2560 2138 1718 2744 2054 1196 2276 2847 1418 2275 3090 2039 1421 2741 2376 2905 1402 1703 1503 2417 1665 1805 1571 2255 3486 2352 850 3158 2003 1040 1121 3251 1316 1434 2902 2715 1561 583 2190 461 1793 2691 3108 2315 2893 1418 1141 796 1216 2939 3192 808 1419 360 1589 2741 3240 1981 1102 1235 2833 1226 2200 1297 726 1984 3087 1961 1644 3041 2686 1093 2948 1018 2938 3314 3504 3464 1231 2415 1947 2286 912 2604 3152 1681 2954 2878 2623 3623 1292 2567 3156 1640 3116 3068 2395 1728 3035 1560
1982 1329 978 2652 1331 1023 1186 2007 1058 2217 1971 2126 1939 1952 2670 1478 1234 1525 1360 2270 559 575 1018 1226 2341 1542 2337 2637 2409 1135 1585 3244 1986 1830 1449 3267 2234 818 2818 2830 1297 1370 2358 1688 1108 2159 2025 2534 2773 1260 1417 1259 1929 1875 3109 1149 696 1589 360 2758 2740 1742 2117 980 1657 2396 2518 2195 1928 1398 3001 2520 1066 3069 1457 2232 1868 2108 2514 2758 2706 2672 1092 1293 982 1059 1190 2602 2633 998 1800 2872 2402 2699 1570 1558 2059 513 2164 2938 2571 2238 2239 1183
2117 3357 3007 1922 3123 2545 1938 1822 3440 2327 1210 1802 1717 1237 1254 1728 1940 3089 3701 1637 2652 2606 2108 2817 1711 1576 1864 1100 2907 3219 2250 846 1156 2119 2016 884 2143 3096 592 550 1838 2735 921 2740 2047 1429 2728 857 646 1921 2012 2437 1963 2602 824 2738 2450 2741 2758 360 1463 1378 2326 3092 2923 2693 1034 2116 2695 1796 731 1455 2054 675 3197 2572 2651 2461 1226 1605 2196 2162 2162 3549 3376 2963 2364 516 1466 2131 2891 498 866 2559 1829 2363 2796 2912 2381 759 760 1497 1998 1942
1345 2973 3204 860 2685 2252 1995 1171 3301 3111 1329 1070 2430 1327 572 1652 2204 2558 3478 870 2722 2534 2233 2400 2600 1797 2739 2133 2000 2897 2799 1698 1690 2779 2486 1574 2955 3176 1261 1653 2063 3150 1796 3276 2014 945 1953 1850 1187 2200 2462 2835 2671 1888 1317 3063 2532 3240 2740 1463 360 1620 3075 3261 2318 3481 2022 2917 3327 1729 1280 2426 2111 1526 2714 3327 1941 3190 676 502 1133 1106 2430 3269 3273 2629 2730 1439 469 2141 2221 1420 1107 1526 2338 1826 2011 2878 1535 1179 1770 2353 1139 2105
1551 2380 2051 1802 2175 1573 920 1295 2421 1924 655 1363 1257 653 1469 774 982 2187 2685 1348 1647 1588 1102 1877 1556 570 1659 1449 2338 2228 1540 1864 678 1547 1225 1885 1796 2102 1440 1466 853 1904 1074 2016 1034 1101 2045 1248 1400 971 1201 1588 1469 1884 1735 1843 1443 1981 1742 1378 1620 360 1870 2126 2081 2279 1307 1753 2073 819 1626 1531 1036 1687 2265 2114 1922 1970 1317 1702 2002 1960 1216 2543 2358 1983 1489 1222 1536 1113 2097 1489 1052 2231 1084 1548 2113 1895 1834 1572 1254 1324 1587 940
2991 3082 1833 3311 3031 2504 1876 2781 2701 462 2129 2862 1007 2139 2891 2104 1545 3168 3028 2859 1917 2156 1746 2824 1030 1770 897 1696 3711 2889 896 2668 1745 706 1146 2790 595 2098 2527 2248 1643 1272 1770 1027 2004 2609 3359 1842 2540 1526 1186 1223 765 3186 2790 1456 1842 1102 2117 2326 3075 1870 360 1931 3195 769 1687 596 824 2078 2695 1344 1861 2590 3154 612 3208 500 2759 3178 3511 3469 1486 3025 2597 2761 1286 2218 3008 1935 3283 2462 2364 3714 1184 2805 3418 2212 3262 2702 1935 1193 3079 1710
2589 1774 460 3228 1869 1644 1631 2579 1195 2032 2398 2697 1997 2384 3164 1969 1516 2091 1508 2820 911 1186 1401 1825 2353 1916 2302 2807 3028 1596 1477 3563 2295 1741 1515 3616 2111 590 3195 3125 1633 1026 2611 1334 1610 2675 2644 2773 3162 1533 1501 1134 1891 2496 3493 839 1090 1235 980 3092 3261 2126 1931 360 2256 2101 2713 2081 1601 1892 3383 2600 1511 3408 1990 1965 2488 1874 3006 3296 3303 3267 1290 1576 1088 1617 1149 2938 3157 1481 2407 3219 2817 3315 1692 2176 2677 930 2780 3336 2831 2326 2830 1551
1221 1151 2271 1973 862 1060 1722 1537 1760 3285 2101 1616 2782 2072 2370 1668 2030 638 1773 1824 1811 1497 1809 792 3168 2001 3226 3170 1193 1186 2675 3368 2398 2858 2414 3316 3238 2049 2862 3072 1968 2628 2786 2924 1577 1910 863 2953 2790 2053 2375 2433 2887 819 3084 2419 1776 2833 1657 2923 2318 2081 3195 2256 360 3546 3027 3194 3132 1637 2996 3222 1705 3169 819 3371 772 3230 2259 2256 1874 1857 2072 1525 1797 1022 2331 2791 2217 1623 530 2983 2428 1676 2432 920 858 1687 1229 2902 2940 2976 1555 1872
3389 3366 2011 3720 3344 2848 2258 3186 2916 732 2538 3269 1410 2548 3294 2502 1925 3499 3239 3268 2198 2467 2108 3159 1352 2175 1201 2021 4096 3172 1232 3003 2150 1103 1525 3136 910 2297 2903 2600 2033 1441 2147 1127 2378 3018 3738 2201 2921 1908 1563 1501 1173 3565 3155 1657 2156 1226 2396 2693 3481 2279 769 2101 3546 360 2035 939 860 2473 3065 1651 2232 2943 3469 536 3584 683 3164 3585 3919 3877 1835 3268 2809 3070 1588 2595 3414 2299 3643 2827 2763 4117 1585 3183 3795 2471 3657 3079 2296 1556 3485 2090
2403 3289 2618 2409 3106 2499 1783 2110 3217 1676 1343 2134 1142 1369 1811 1721 1644 3132 3513 2027 2369 2416 1870 2814 1044 1423 1196 503 3211 3123 1718 1341 989 1534 1562 1463 1487 2768 1259 925 1594 2241 618 2181 1925 1771 2956 540 1294 1618 1572 1977 1363 2804 1486 2294 2184 2200 2518 1034 2022 1307 1687 2713 3027 2035 360 1465 2093 1761 1403 784 1872 1267 3202 1925 2845 1826 1728 2154 2666 2627 1819 3405 3137 2895 1931 971 1992 1964 3038 1161 1284 2982 1381 2487 3025 2666 2685 1432 634 855 2358 1715
2912 3146 1981 3182 3070 2516 1844 2682 2816 571 1992 2756 858 2005 2726 2032 1524 3190 3142 2735 1998 2207 1749 2844 796 1682 661 1466 3658 2954 981 2442 1589 725 1147 2569 405 2230 2324 2029 1601 1442 1567 1235 1982 2479 3318 1626 2341 1501 1185 1332 668 3146 2579 1602 1896 1297 2195 2116 2917 1753 596 2081 3194 939 1465 360 1054 2017 2487 1109 1848 2372 3190 820 3171 735 2600 3026 3394 3352 1512 3120 2714 2805 1372 2016 2855 1930 3269 2251 2190 3619 1129 2769 3380 2304 3189 2500 1720 978 2978 1685
3081 2892 1511 3499 2891 2432 1922 2916 2420 898 2358 3011 1338 2362 3159 2212 1597 3060 2742 3043 1734 2020 1735 2728 1475 1926 1353 2121 3740 2699 899 3073 2026 937 1224 3184 1059 1799 2880 2641 1726 944 2134 626 2021 2810 3369 2233 2882 1587 1256 1058 1095 3198 3158 1165 1719 726 1928 2695 3327 2073 824 1601 3132 860 2093 1054 360 2168 3058 1787 1870 2979 3016 739 3211 702 3015 3415 3671 3629 1454 2777 2313 2616 1162 2573 3247 1924 3242 2834 2657 3826 1349 2819 3422 1991 3337 3053 2321 1599 3214 1754
1278 1929 1836 1745 1716 1118 636 1119 2034 2152 956 1225 1553 933 1639 439 931 1730 2275 1307 1357 1211 875 1417 1915 727 1992 1903 2000 1784 1635 2278 1135 1733 1316 2277 2062 1815 1815 1905 804 1850 1533 2044 651 1143 1668 1707 1761 941 1280 1551 1710 1498 2095 1726 1163 1984 1398 1796 1729 819 2078 1892 1637 2473 1761 2017 2168 360 1989 1946 745 2091 1806 2298 1529 2150 1481 1768 1880 1839 1117 2114 1984 1532 1436 1644 1625 773 1671 1892 1381 2017 1255 1133 1732 1546 1544 1919 1712 1707 1411 784
2109 3509 3303 1775 3255 2708 2174 1836 3662 2698 1395 1787 2080 1417 1098 1914 2227 3190 3904 1594 2913 2831 2368 2949 2083 1834 2235 1459 2860 3388 2599 779 1464 2480 2348 681 2514 3368 548 861 2112 3069 1287 3092 2264 1447 2735 1228 588 2211 2340 2764 2327 2629 469 3055 2709 3087 3001 731 1280 1626 2695 3383 2996 3065 1403 2487 3058 1989 360 1822 2295 610 3316 2943 2681 2830 1138 1420 2051 2022 2457 3735 3607 3123 2684 845 1318 2363 2941 602 969 2438 2163 2444 2800 3153 2351 463 1131 1869 1949 2205
2703 3378 2501 2787 3231 2628 1894 2423 3207 1312 1652 2464 963 1676 2218 1924 1670 3291 3519 2382 2347 2458 1916 2956 673 1581 814 734 3503 3200 1515 1714 1240 1281 1460 1853 1121 2694 1683 1331 1667 2046 990 1922 2044 2120 3217 964 1718 1643 1483 1830 1106 3055 1901 2144 2186 1961 2520 1455 2426 1531 1344 2600 3222 1651 784 1109 1787 1946 1822 360 1956 1668 3337 1562 3092 1484 2123 2554 3035 2995 1789 3443 3116 2995 1814 1394 2389 2051 3256 1579 1680 3329 1312 2711 3284 2658 2987 1855 1058 642 2692 1784
1588 1786 1452 2121 1637 1044 483 1483 1747 1947 1270 1595 1450 1253 2013 819 684 1719 2020 1690 988 917 501 1376 1849 841 1892 2002 2232 1614 1363 2540 1296 1518 1075 2561 1893 1449 2112 2132 649 1490 1684 1714 510 1526 1867 1862 2068 708 1035 1208 1542 1694 2404 1350 788 1644 1066 2054 2111 1036 1861 1511 1705 2232 1872 1848 1870 745 2295 1956 360 2363 1747 2055 1712 1909 1855 2153 2239 2200 778 1896 1681 1399 1093 1898 2009 454 1783 2166 1701 2339 1089 1313 1923 1219 1833 2235 1889 1686 1764 534
2313 3641 3323 2017 3398 2832 2246 2030 3746 2583 1497 1992 2003 1522 1337 2020 2256 3349 4002 1807 2965 2913 2421 3091 1951 1887 2103 1295 3080 3509 2550 558 1472 2406 2326 570 2395 3411 670 702 2152 3043 1211 3036 2350 1635 2936 1109 746 2237 2323 2748 2244 2821 627 3051 2763 3041 3069 675 1526 1687 2590 3408 3169 2943 1267 2372 2979 2091 610 1668 2363 360 3466 2832 2872 2728 1359 1666 2294 2264 2477 3845 3685 3249 2677 830 1557 2439 3124 558 1104 2677 2137 2611 3002 3222 2564 707 1017 1757 2167 2255
1643 699 2025 2406 486 1069 1803 1909 1362 3251 2350 2003 2833 2322 2742 1857 2059 541 1327 2208 1644 1362 1815 748 3236 2141 3271 3341 1631 785 2619 3662 2580 2835 2404 3629 3234 1766 3166 3328 2034 2468 2979 2783 1653 2251 1321 3154 3099 2085 2366 2329 2896 1270 3410 2246 1674 2686 1457 3197 2714 2265 3154 1990 819 3469 3202 3190 3016 1806 3316 3337 1747 3466 360 3299 1227 3166 2618 2666 2325 2306 2038 1078 1418 760 2241 3054 2609 1654 982 3273 2723 2135 2463 1253 1312 1435 1679 3227 3156 3072 1977 1921
3215 3202 1871 3556 3174 2674 2082 3014 2769 611 2377 3099 1260 2386 3144 2328 1748 3326 3094 3102 2033 2297 1932 2986 1253 2004 1108 1925 3920 3008 1056 2902 1997 931 1348 3029 801 2153 2776 2489 1857 1299 2019 999 2201 2854 3561 2085 2790 1732 1387 1334 1015 3388 3036 1509 1985 1093 2232 2572 3327 2114 612 1965 3371 536 1925 820 739 2298 2943 1562 2055 2832 3299 360 3407 507 3010 3429 3751 3709 1659 3114 2663 2901 1417 2467 3258 2123 3467 2708 2616 3944 1413 3007 3618 2312 3482 2952 2179 1436 3314 1913
836 1550 2485 1568 1251 1207 1691 1204 2106 3289 1876 1262 2721 1848 2015 1534 2023 1048 2158 1467 1986 1674 1840 1077 3082 1891 3160 2989 904 1556 2715 3070 2228 2862 2422 3002 3217 2301 2562 2814 1931 2760 2593 3030 1565 1597 520 2748 2487 2042 2383 2524 2863 413 2761 2569 1900 2948 1868 2651 1941 1922 3208 2488 772 3584 2845 3171 3211 1529 2681 3092 1712 2872 1227 3407 360 3261 1919 1868 1461 1445 2120 1914 2128 1344 2413 2531 1844 1649 643 2695 2146 1280 2402 762 571 1932 816 2582 2722 2869 1165 1858
3067 3077 1778 3412 3042 2533 1935 2868 2664 556 2236 2953 1129 2245 3009 2181 1601 3189 2991 2958 1908 2164 1787 2848 1171 1857 1035 1836 3772 2883 914 2807 1862 785 1201 2929 729 2053 2660 2387 1709 1208 1903 933 2055 2711 3415 1979 2671 1584 1240 1208 881 3242 2925 1407 1851 1018 2108 2461 3190 1970 500 1874 3230 683 1826 735 702 2150 2830 1484 1909 2728 3166 507 3261 360 2874 3290 3606 3564 1517 3001 2559 2769 1285 2351 3120 1978 3324 2598 2486 3797 1266 2860 3472 2193 3334 2835 2072 1332 3167 1766
