140 1955 1214 1091 1807 2266 320 1779 2010 2419 837 2071 1744 1831 1911 2104 2422 507 2053 1937 964 1812 2397 2009 1110 583 2645 2211 2193 1649 1866 1973 1936 1362 1406 652 2612 1114 2202 2323 3245 2459 872 2584 1051 2188 2888 2078 2419 979 1751 707 2944 2181 402 1019 3345 680 1781 1328 2286 1428 2420 899 2008 2728 1890 2678 1364 2429 1317 1006 1779 1664 2954 2456 1226 2079 631 1366 1173 1641 2291 1861 1155 1567 2050 1046 680 562 2117 942 1195 697 1605 1319 901 1029 2900 2324 1518 1909 1984 2271 1201 1178 1812 1251 1009 603 1120 2136 2017 1990 3065 2704 2331 2141 2265 1198 805 2923 1595 2147 1360 2467 2185 1663 2324 540 2014 968 2307 2099 2460 2018 2436 1511 2532 1669 1800 1885 543 1468 1369 1739 678 2784 2861 2525 2377 844 684 1752 2295 1347 1708 1465 772 878 1531 2431 872 1060 1389 1479 2336 2707 1629 1216 1444 1668 1488 826 578 2492 1875 788 2324 3047 2296 2116 1697 822 2043 2107 815 1586 1730 1115 1534 1519 1613 1835 2316 945 2346 1514 1600 1980 2389 2129 1578 2879 354 896 2612 702 1961 633 1647 1650 2243 1637 2539 1293 1880 2528 518 707 2180 399 1865 662 2755 1357 1011 1307 1130 1201 2360 2472 992 1346 2471 519 1590 631 400 1910 1596 2519 1781 775 1244 2050 587 1398 656 1462 1912 740 525 1335 1244 389 1914 887 2531 3214 2390 1443 1008 1566 1775 1022 1747 1600 1113 1370 1979 2034 3093 1011 1804 1744 845 2244 1130 581 2316 633 1902 1441 1820 1934 973 1134 2132
2055 360 1645 1763 1398 1254 1997 1142 2526 2661 2752 1256 570 696 1565 1268 1826 2101 2686 659 2116 1049 810 1699 2455 1926 1050 1285 690 2446 1630 1707 592 1295 1116 1978 1212 1390 2478 729 1746 2060 2388 1116 1266 782 1468 1007 999 1441 2179 1609 1423 2327 2241 1957 1885 1657 1216 1010 1922 953 2142 1507 1245 1153 2172 1569 952 1439 1219 2547 1272 693 1408 861 1505 1857 1855 2447 1475 1795 933 1792 1520 1493 827 2960 2586 2471 1493 2857 1189 1765 710 1493 2557 1330 1427 1679 2194 670 1198 1126 1488 1149 1828 1434 1311 2185 1563 1334 2419 997 1595 1134 925 1889 1761 1979 2691 1390 2554 1454 1648 1777 1303 718 2388 2452 1692 1428 2800 1825 979 1906 2030 1306 1817 1731 518 808 2078 1242 1282 576 1641 1628 1360 1011 1660 2619 2389 1108 2070 1080 2406 1508 2004 2140 2017 1477 1977 1650 1918 1875 1056 1513 2524 2003 2475 2645 2440 2165 2100 907 1945 2696 1624 1694 1632 694 1620 1851 1516 934 2658 1334 1433 1812 1858 1310 2106 1569 1813 1611 751 1518 995 854 871 992 2271 1443 2186 2541 1593 2533 1548 1950 1142 2219 682 920 1162 2444 1397 1857 2265 2613 2171 2298 2671 1769 1219 1071 1712 1084 1584 1127 1912 2729 1648 1918 1527 2248 1268 1685 2302 570 738 1141 1526 1541 1615 1880 2423 1480 2452 975 1552 1870 2104 1638 1712 2210 1616 2017 1635 1758 1473 2626 2591 1122 1351 2198 1914 1171 1215 1569 1282 1424 1572 2917 2621 1994 1640 2045 1946 2447 2805 2198 1000 1482 1126 2490 1354 2171 2248
1314 1645 360 1810 999 1536 1316 1075 2851 3176 1895 1319 1479 1363 1069 1350 2764 1590 2949 1462 1934 1150 2071 2441 2196 997 2252 2343 1969 2573 2308 2423 1764 1701 1596 1613 2485 1517 2954 1974 3028 1605 1229 2400 1056 2033 2750 2104 1845 789 2517 1089 2704 2870 1357 717 3170 1251 1042 1086 2733 1076 2927 1373 2191 2411 2607 2752 1262 1662 1586 2148 2043 1523 2680 2086 1736 2570 1486 2377 553 804 1710 1011 1682 2013 1484 2048 1688 1687 1300 1969 912 1455 1396 1810 1425 906 2713 2628 2366 1788 1249 1593 1699 1044 968 1704 1172 1708 1684 2325 2808 1341 2881 2398 2187 2627 2636 694 1729 2668 2582 2398 1948 2763 2338 1287 2989 1659 2441 827 3165 2566 1919 1172 1582 774 2821 819 1501 1337 1602 1763 1698 1487 1178 2835 2645 2001 2648 2019 1847 1924 2815 1479 2596 1942 1725 1885 2285 2576 1783 1700 679 2172 1703 2729 2593 2054 2444 2670 2460 1008 1642 2165 2482 1783 2598 2967 1466 1627 2185 770 2365 2080 1644 816 911 1862 734 777 2387 2254 2695 1555 1988 677 1037 1399 2157 2127 2445 2727 1328 1406 2736 1535 2328 964 1856 2469 1967 1692 2427 2323 2189 2840 1298 1824 2794 1562 2816 1421 2499 952 564 970 477 1256 2773 3240 589 2100 2625 1278 1890 1108 1465 1729 1293 2405 2192 1068 1833 2564 1462 590 1831 1034 1071 1599 1137 1922 1897 1557 1065 837 2719 3044 1608 2503 2162 929 982 957 2380 917 1229 1905 2193 1227 2850 1969 2754 956 762 2771 669 1512 3173 1150 1254 1906 1118 2785 1206 2085 2801
1191 1763 1810 360 2172 2432 1162 2018 1402 1752 1725 2301 1586 1823 2333 2330 1719 1003 1502 1900 739 1997 2121 1296 1066 1430 2391 1622 1869 1145 1158 1258 1631 850 1011 820 2147 756 1530 2081 2789 2937 1892 2164 1180 1809 2404 1582 2376 1387 1078 1099 2530 1478 1454 1825 2854 946 2059 1386 1562 1507 1689 801 1415 2397 1192 2078 1272 2625 905 1203 1175 1431 2565 2208 630 1352 822 1053 1655 2237 2277 2402 603 891 2073 1941 1656 1460 2447 1835 1404 782 1459 685 1949 1302 2449 1639 919 1570 2209 2370 638 1281 2382 698 1048 1004 561 1523 1367 2113 2599 2367 1917 1414 1560 1980 1801 2521 1199 1499 645 1778 1587 1637 1614 1457 1303 1350 1715 1375 2375 2567 2908 1873 1842 2229 1651 1933 960 940 863 1572 1017 2189 2436 2414 1702 1392 1180 1223 1564 1048 1152 792 742 798 845 1812 654 486 2101 758 2370 2135 1189 625 1092 1292 1076 1775 949 2202 1145 1746 1651 2512 2634 2047 986 1593 1369 1645 1844 1956 2128 416 2184 1882 943 1138 1607 615 2106 1996 1766 2034 2035 1644 1000 2406 1403 1943 1990 1743 1275 1495 1120 1019 1953 1244 2072 1041 1232 1830 1563 1557 1455 1315 1391 824 2371 1527 1669 1460 1692 1108 1641 1813 1604 654 1843 1559 1010 1111 1427 1621 1538 2056 1094 1104 559 1321 1632 1874 1290 1583 2327 712 1505 625 517 1189 2359 1751 1884 2728 2619 1227 1257 1812 2123 1943 1019 1875 1058 683 1373 2355 2667 1949 1331 2405 1436 1513 1909 1615 1724 1635 2046 783 2044 1335 998 768 1420
1907 1398 999 2172 360 921 1888 616 3169 3424 2526 703 1326 1062 539 730 2788 2132 3295 1117 2393 710 1723 2555 2695 1611 1832 2282 1717 2957 2445 2548 1597 1894 1732 2110 2230 1801 3212 1622 2670 1132 1859 2115 1353 1820 2463 2008 1327 1223 2816 1568 2352 3096 1981 1343 2832 1715 541 1176 2825 1074 3039 1743 2186 2031 2869 2606 1346 1026 1774 2688 2115 1455 2307 1703 2012 2705 1970 2823 994 829 1203 757 1980 2197 1035 2685 2321 2303 670 2604 1127 1913 1326 2060 2057 1251 2397 2641 2723 1654 661 1015 1979 1253 804 1958 1485 2248 2000 2303 3098 838 2553 2026 1959 2752 2691 1252 2367 2309 3002 2405 2221 2758 2291 1119 3192 2276 2552 1249 3477 2686 1420 870 1103 669 2807 752 1308 960 2134 1914 1886 1342 1651 2667 2314 1506 2639 2606 2413 1960 2943 1622 2957 2156 2201 2365 2599 2494 2234 2047 1083 2466 1152 2551 2999 2436 2879 3094 2878 1644 2171 1804 2694 2418 2596 2703 851 1221 2365 1402 2421 1952 2284 586 450 2228 946 661 2702 2384 2748 1926 1628 686 832 960 1868 2009 2805 2432 1946 2038 2624 2174 2417 1589 1932 2800 1674 1711 2190 2784 2263 2839 1932 2444 2980 2164 3203 1889 2154 1014 1192 1078 1048 1453 2840 3492 1186 2435 2545 1912 2014 1616 2084 1564 1191 2169 2326 1519 2128 2712 2098 778 2416 992 528 2060 1766 2199 2213 2138 584 1474 2650 2715 969 2972 2710 736 413 1564 2617 667 1480 2158 2207 589 2487 2608 3143 1000 1321 2908 1264 2147 3484 1789 784 2121 634 3112 1536 2521 3020
2366 1254 1536 2432 921 360 2332 848 3339 3523 3022 579 1304 1002 972 551 2719 2540 3486 970 2718 819 1397 2580 3044 2102 1416 2174 1495 3193 2497 2584 1486 2048 1864 2480 1946 2037 3328 1308 2266 1232 2405 1811 1674 1623 2133 1898 856 1647 2983 1966 1967 3188 2472 1890 2438 2089 858 1414 2814 1291 3034 2049 2138 1639 3004 2396 1522 557 1940 3074 2141 1473 1904 1341 2218 2738 2340 3119 1481 1375 777 1231 2206 2311 788 3196 2823 2779 742 3109 1465 2266 1382 2240 2602 1624 2043 2572 2945 1563 649 516 2191 1545 1300 2153 1789 2649 2238 2228 3246 678 2180 1644 1726 2774 2654 1812 2884 1920 3269 2348 2405 2666 2195 1170 3261 2753 2574 1662 3631 2708 960 1260 1204 1137 2704 1297 1253 874 2533 2032 2037 1322 2038 2433 1951 1041 2551 3043 2833 1975 2957 1778 3173 2299 2551 2710 2791 2350 2561 2306 1645 2650 665 2315 3253 2695 3164 3362 3147 2184 2566 1454 2793 2925 2517 2380 790 942 2460 1917 2406 1818 2810 1081 1011 2488 1502 1132 2890 2435 2708 2213 1304 1238 1049 784 1587 1876 3026 2096 2431 2583 2444 2695 2430 2091 1985 2998 1417 1749 1925 3094 2277 2745 2441 2924 3044 2626 3432 2252 1787 1306 1712 1370 1560 1684 2806 3592 1690 2655 2398 2421 2097 2029 2568 1462 1270 1907 2385 1906 2338 2756 2609 1306 2856 1224 959 2406 2270 2388 2432 2580 1019 2013 2507 2334 578 3284 3105 1060 921 2119 2743 1027 1744 2332 2173 743 2084 3125 3377 1515 1793 2931 1819 2653 3637 2311 748 2267 806 3293 1844 2820 3109
420 1997 1316 1162 1888 2332 360 1847 2117 2517 1115 2141 1786 1881 2001 2174 2477 649 2171 1985 1082 1875 2438 2068 1271 714 2687 2255 2233 1769 1924 2033 1976 1408 1447 751 2651 1158 2297 2365 3284 2562 1094 2623 1096 2227 2928 2119 2471 1044 1843 752 2984 2268 663 1161 3385 720 1853 1375 2349 1478 2488 941 2052 2769 1977 2721 1406 2498 1359 1195 1825 1704 2994 2497 1279 2143 700 1504 1256 1753 2343 1968 1208 1621 2103 1325 961 835 2198 1221 1249 754 1647 1373 1148 1082 2939 2377 1621 1949 2053 2331 1252 1225 1922 1301 1049 763 1175 2182 2117 2050 3105 2744 2371 2205 2321 1339 1085 2962 1730 2196 1424 2520 2230 1710 2408 815 2072 1030 2420 2161 2509 2128 2538 1587 2584 1776 1843 1938 674 1512 1414 1781 718 2827 2901 2573 2428 1078 890 1795 2364 1386 1821 1520 877 1005 1619 2476 971 1121 1519 1557 2392 2749 1758 1311 1580 1807 1618 1011 714 2533 1948 1069 2375 3087 2379 2164 1757 947 2094 2147 1090 1665 1814 1191 1654 1595 1705 1891 2374 998 2388 1606 1659 2035 2428 2170 1686 2919 607 1141 2657 973 2015 775 1690 1750 2284 1676 2579 1436 1930 2582 761 979 2257 665 1994 716 2794 1411 1118 1359 1224 1241 2420 2572 1089 1430 2516 757 1636 677 679 1949 1641 2558 1836 820 1305 2116 856 1486 888 1515 2001 818 716 1398 1312 610 2007 1043 2579 3254 2463 1598 1205 1631 1854 1200 1822 1668 1153 1429 2025 2113 3132 1292 1931 1869 930 2313 1269 856 2429 841 1963 1495 1886 2043 1013 1252 2215
1879 1142 1075 2018 616 848 1847 360 2984 3217 2535 657 1075 805 788 689 2543 2063 3118 864 2273 458 1478 2326 2591 1615 1606 2030 1462 2797 2221 2321 1342 1695 1523 2015 1977 1632 3010 1377 2433 1343 1940 1864 1220 1564 2214 1755 1140 1162 2628 1489 2112 2886 1985 1432 2592 1620 434 994 2590 878 2805 1608 1941 1796 2671 2350 1144 1012 1577 2606 1883 1213 2072 1466 1833 2478 1875 2690 996 1047 1007 1012 1809 1988 805 2710 2336 2291 797 2622 999 1807 1089 1871 2134 1150 2152 2396 2556 1400 566 880 1802 1101 1053 1774 1345 2175 1834 2055 2905 631 2310 1789 1703 2523 2450 1380 2400 2071 2856 2160 2036 2510 2040 874 2976 2266 2322 1179 3287 2457 1223 1125 1313 661 2558 975 1054 707 2059 1704 1685 1092 1565 2410 2071 1308 2391 2561 2354 1725 2713 1419 2788 1956 2095 2257 2420 2240 2115 1892 1248 2283 989 2295 2847 2284 2741 2949 2732 1715 2094 1563 2484 2439 2349 2452 980 982 2152 1436 2183 1697 2329 626 659 2075 1140 657 2522 2159 2507 1783 1385 817 616 724 1617 1754 2638 2183 1943 2116 2369 2212 2184 1606 1705 2624 1422 1477 1935 2658 2030 2591 1956 2436 2762 2139 3041 1789 1912 853 1236 920 1082 1276 2601 3285 1207 2266 2291 1936 1794 1549 2080 1309 954 1914 2103 1432 1952 2488 2124 848 2373 797 775 1950 1785 2015 2041 2096 837 1545 2397 2472 984 2848 2634 579 570 1670 2415 539 1319 1969 1964 707 2250 2641 2983 1235 1305 2680 1375 2167 3294 1830 552 1922 403 2931 1399 2388 2809
2110 2526 2851 1402 3169 3339 2117 2984 360 807 2414 3245 2408 2698 3338 3271 1590 1865 538 2749 1407 2945 2744 1318 1403 2436 2997 1907 2487 756 1308 1286 2323 1654 1835 1726 2524 1731 650 2743 3081 3941 2842 2606 2199 2378 2703 2054 3164 2426 716 2138 2919 780 2361 2854 3077 1981 3036 2356 1334 2467 1262 1839 1776 2916 726 2205 2201 3536 1768 1622 1637 2236 2986 2845 1516 1201 1801 1094 2693 3275 3095 3430 1553 1395 2934 2590 2437 2229 3421 2503 2415 1794 2317 1472 2852 2333 2795 1628 858 2244 3157 3247 1550 2280 3414 1571 2067 1794 1539 1789 501 3024 2900 2883 2417 1221 1480 3016 2579 2930 903 1680 1308 1697 1864 2530 893 2240 1328 2389 673 1253 3133 3594 3912 2883 1738 3262 2467 2824 1827 1667 1664 2391 2054 2305 2823 3146 1708 1954 1854 1789 1187 1929 669 1400 1601 1497 932 1961 1506 1512 3143 1063 3210 2314 835 1176 1022 906 944 2766 1795 2796 974 2493 1684 2701 3604 2854 1269 2621 1532 2147 2662 2964 3136 1351 3226 2892 828 1358 1480 1655 2767 3024 2728 2918 2586 2113 791 2724 2323 2851 2082 2592 1444 2502 1743 742 2590 1970 2460 1179 1552 1692 2485 2261 950 2147 699 1835 2827 2515 2710 2451 2734 2076 1428 844 2645 1111 1960 2488 1618 2143 2296 2330 2430 2453 1384 2146 1402 1153 2502 2904 1975 2548 3331 1675 2474 1330 1323 2036 3369 2767 1927 2977 3544 1163 1673 2796 3117 2948 974 2863 2052 1375 1722 3330 3022 2641 713 3446 2477 1156 2944 2465 682 2597 2973 1431 3003 437 2023 1239 813
2519 2661 3176 1752 3424 3523 2517 3217 807 360 2856 3456 2579 2882 3599 3479 1450 2280 883 2916 1826 3166 2801 1336 1849 2817 3034 1897 2559 1203 1391 1320 2440 1890 2054 2128 2488 2023 582 2820 2975 4194 3248 2592 2496 2436 2620 2103 3284 2746 1036 2488 2864 695 2775 3217 2943 2339 3276 2609 1215 2710 1053 2168 1820 2918 928 2090 2438 3718 2010 2069 1749 2410 2940 2904 1803 1182 2188 1541 3005 3582 3234 3718 1854 1589 3103 3036 2872 2664 3652 2948 2698 2168 2511 1738 3271 2639 2727 1537 1262 2358 3373 3415 1839 2557 3710 1844 2369 2218 1852 1790 762 3219 2807 2885 2441 1168 1393 3370 3015 2882 1348 1665 1589 1559 1857 2731 658 2673 1344 2709 686 1225 3239 3878 4164 3156 1581 3561 2631 3013 2240 1873 1898 2561 2409 2175 2772 3238 1608 2400 2292 1914 1040 2162 1111 1628 2006 1919 1268 1884 1907 1846 3480 1366 3357 2210 1281 1565 1469 1341 1391 3156 2210 2838 1093 2932 1602 2572 3828 2996 1427 2986 1545 2198 3095 3233 3402 1709 3547 3165 1174 1452 1369 1994 2841 3316 2964 3099 2621 2153 1211 2648 2733 3269 1964 3020 1486 2883 1897 1129 2663 2134 2433 1625 1627 1528 2897 2702 859 2573 1114 2209 2805 2776 3052 2716 3058 2342 1287 428 2984 1461 1868 2899 1790 2504 2717 2454 2636 2431 1498 2487 1703 1149 2925 3202 2414 2793 3591 2062 2872 1615 1642 2457 3635 3142 1808 2857 3736 1607 2120 3048 3371 3331 1168 3116 2335 1639 1770 3564 2946 3085 1144 3764 2822 1036 3300 2892 683 2998 3179 1663 3231 881 2332 1663 773
937 2752 1895 1725 2526 3022 1115 2535 2414 2856 360 2818 2541 2624 2604 2851 3083 1095 2402 2730 1442 2579 3193 2659 1373 1280 3443 2947 2986 2018 2522 2619 2728 2100 2172 1274 3388 1864 2659 3121 4026 3098 1180 3368 1849 2974 3662 2842 3208 1753 2243 1504 3731 2684 910 1602 4119 1466 2528 2125 2912 2221 3010 1665 2739 3523 2401 3413 2161 3173 2074 1163 2502 2458 3744 3253 1928 2698 1337 1683 1904 2271 3078 2503 1862 2250 2836 579 568 646 2833 471 1984 1424 2402 2014 1042 1819 3680 3005 1980 2697 2735 3041 1911 1975 2442 1969 1804 1082 1820 2861 2463 2763 3844 3498 3114 2759 2924 1762 603 3711 1902 2853 2011 3144 2917 2459 2831 662 2666 1748 2669 2728 3252 2645 3079 2250 3207 2317 2598 2670 1134 2207 2109 2537 1473 3522 3646 3319 3066 829 937 2501 2886 2126 2105 2148 1344 1347 2062 3155 1440 1741 1977 2057 3116 3454 1958 1744 1761 1944 1832 1309 1138 3288 2453 501 3014 3808 3001 2910 2351 1485 2732 2879 729 2317 2442 1727 2143 2256 2117 2504 2969 1662 3143 2211 2378 2763 3179 2896 2014 3655 953 1054 3336 767 2640 1297 2392 2116 3038 2411 3314 1598 2584 3195 957 528 2729 820 2177 1401 3544 2143 1695 2096 1838 1995 2997 2898 1701 1907 3191 977 2317 1428 820 2702 2394 3294 2458 1572 1913 2661 800 2108 814 2250 2606 1397 1119 1990 1881 928 2596 1454 3240 3989 3128 1671 1122 2330 2501 1479 2325 2355 1907 2042 2705 2756 3879 591 2124 2324 1590 2836 1710 745 2678 1116 2673 2131 2577 2337 1766 1579 2652
2171 1256 1319 2301 703 579 2141 657 3245 3456 2818 360 1255 951 775 392 2714 2361 3385 956 2567 663 1489 2536 2886 1897 1553 2180 1540 3075 2443 2536 1482 1951 1772 2313 2026 1910 3254 1392 2403 1164 2187 1898 1514 1660 2235 1902 1014 1457 2889 1787 2093 3123 2268 1672 2571 1918 650 1274 2786 1153 3005 1899 2119 1767 2922 2447 1407 717 1837 2904 2093 1415 2039 1450 2104 2692 2172 2979 1273 1163 904 1038 2085 2231 808 2988 2616 2580 602 2902 1296 2103 1306 2135 2384 1448 2156 2566 2830 1552 452 681 2074 1392 1102 2042 1636 2472 2113 2221 3160 619 2302 1766 1780 2733 2636 1592 2674 2049 3140 2335 2301 2670 2196 1085 3205 2554 2532 1475 3544 2667 1114 1092 1134 928 2712 1085 1216 819 2357 1948 1941 1273 1863 2494 2067 1199 2552 2857 2651 1930 2921 1675 3062 2209 2391 2552 2687 2373 2409 2174 1426 2547 828 2377 3129 2566 3028 3233 3017 1968 2392 1558 2723 2718 2514 2480 740 994 2389 1706 2377 1830 2597 866 792 2357 1286 922 2787 2380 2691 2071 1393 1019 895 762 1661 1889 2912 2200 2228 2365 2483 2483 2390 1883 1925 2892 1477 1690 1996 2949 2235 2750 2232 2724 2989 2430 3317 2086 1904 1145 1499 1212 1348 1554 2788 3525 1480 2540 2423 2212 2026 1846 2366 1453 1180 1976 2327 1730 2223 2707 2400 1089 2668 1077 761 2246 2062 2282 2315 2391 826 1797 2531 2461 686 3139 2932 877 702 1900 2662 833 1604 2231 2149 558 2220 2915 3260 1314 1592 2891 1600 2445 3551 2098 638 2175 622 3195 1691 2678 3045
1844 570 1479 1586 1326 1304 1786 1075 2408 2579 2541 1255 360 666 1502 1274 1829 1894 2561 700 1928 996 1018 1642 2266 1720 1261 1315 857 2298 1554 1644 649 1138 953 1775 1366 1202 2385 939 1934 2042 2189 1287 1056 913 1634 1043 1151 1241 2055 1398 1614 2244 2031 1774 2065 1447 1148 807 1891 767 2109 1303 1229 1358 2065 1663 742 1499 1048 2350 1200 532 1606 1071 1337 1799 1649 2276 1300 1677 1059 1706 1344 1374 887 2749 2376 2261 1476 2646 991 1560 501 1337 2355 1125 1606 1682 2046 691 1181 1200 1316 941 1733 1266 1101 1980 1384 1340 2309 1005 1775 1337 1068 1838 1743 1810 2481 1584 2395 1448 1498 1794 1325 572 2318 2241 1637 1226 2694 1772 1151 1835 2012 1178 1842 1621 425 799 1872 1103 1126 378 1430 1735 1546 1195 1676 2413 2183 1035 2025 897 2265 1373 1806 1946 1878 1530 1785 1468 1767 1735 1165 1624 2370 1834 2309 2487 2278 1969 1895 1114 1850 2485 1634 1848 1635 822 1518 1655 1482 993 2450 1220 1345 1637 1725 1183 1972 1492 1799 1418 961 1391 875 880 1053 1048 2125 1612 1976 2339 1668 2325 1495 1746 1041 2083 877 805 1308 2267 1340 1875 2057 2402 2101 2087 2529 1563 1412 890 1527 892 1408 919 1894 2648 1460 1763 1581 2041 1155 1475 2092 613 547 1285 1442 1331 1452 1816 2214 1335 2244 805 1490 1670 1898 1485 1549 2001 1550 1825 1685 1936 1518 2452 2393 1000 1275 2011 1804 1059 1007 1421 1256 1397 1764 2707 2477 1880 1440 1996 1771 2238 2700 1994 979 1344 1072 2367 1145 1993 2165
1931 696 1363 1823 1062 1002 1881 805 2698 2882 2624 951 666 360 1230 968 2126 2036 2847 467 2139 714 1072 1949 2474 1743 1252 1598 1020 2566 1860 1950 902 1411 1226 1943 1539 1428 2686 973 2034 1745 2163 1433 1153 1119 1786 1321 952 1246 2343 1490 1710 2547 2088 1697 2183 1576 880 869 2195 763 2414 1481 1529 1410 2361 1904 915 1199 1308 2533 1506 832 1680 1083 1593 2105 1808 2516 1213 1466 832 1456 1588 1668 609 2821 2442 2354 1176 2723 1001 1724 741 1607 2345 1165 1733 1978 2315 967 880 913 1568 1019 1493 1525 1240 2134 1624 1634 2604 699 1897 1397 1260 2145 2045 1696 2532 1672 2651 1746 1771 2085 1612 548 2623 2331 1944 1243 2988 2079 988 1570 1715 990 2130 1400 626 492 2021 1390 1400 684 1542 1965 1658 1056 1967 2555 2331 1342 2331 1148 2540 1658 1994 2145 2156 1802 1988 1699 1612 2013 909 1849 2631 2081 2555 2744 2532 1936 2049 1165 2151 2550 1927 2018 1331 648 1818 1627 1786 1257 2483 1007 1098 1877 1537 992 2252 1798 2100 1625 987 1197 686 580 1185 1315 2396 1757 2037 2327 1925 2360 1801 1755 1345 2362 989 1108 1494 2499 1646 2166 2091 2499 2406 2186 2802 1719 1505 849 1462 888 1320 1094 2197 2951 1407 2028 1852 2073 1454 1563 2164 871 644 1473 1746 1423 1711 2122 2257 1175 2377 740 1217 1851 1923 1755 1807 2115 1281 1777 1959 2060 1214 2687 2571 807 1015 1942 2100 847 1169 1696 1558 1101 1854 2767 2748 1663 1436 2302 1671 2289 2995 2000 677 1627 791 2653 1292 2223 2469
2011 1565 1069 2333 539 972 2001 788 3338 3599 2604 775 1502 1230 360 792 2967 2257 3462 1277 2539 876 1868 2734 2834 1702 1957 2458 1879 3118 2624 2728 1770 2069 1909 2246 2387 1968 3387 1768 2804 964 1895 2268 1512 1986 2613 2183 1428 1357 2986 1702 2489 3272 2067 1385 2968 1855 714 1350 3005 1251 3218 1899 2365 2165 3043 2774 1523 1025 1948 2815 2294 1634 2439 1840 2182 2884 2109 2973 1107 775 1314 623 2147 2374 1175 2752 2396 2395 621 2676 1288 2056 1506 2232 2093 1401 2542 2820 2887 1828 771 1095 2147 1419 689 2129 1645 2373 2165 2481 3270 973 2694 2162 2121 2931 2870 1267 2431 2445 3158 2584 2392 2936 2468 1297 3370 2367 2731 1386 3647 2866 1527 701 935 820 2984 701 1483 1120 2261 2092 2061 1518 1789 2832 2456 1613 2817 2715 2530 2140 3122 1798 3121 2331 2343 2507 2768 2668 2382 2209 1073 2636 1243 2716 3157 2596 3032 3249 3033 1691 2300 1945 2870 2489 2774 2855 760 1365 2542 1480 2601 2125 2340 736 564 2389 912 811 2871 2563 2927 2084 1773 757 1011 1107 2023 2182 2968 2580 2036 2074 2796 2236 2597 1673 2112 2968 1831 1890 2349 2931 2443 3017 2006 2533 3158 2264 3364 2030 2294 1185 1272 1248 1141 1624 3019 3667 1280 2601 2719 1986 2192 1745 2173 1737 1370 2329 2504 1659 2296 2891 2169 874 2526 1169 373 2204 1846 2369 2379 2248 413 1526 2825 2854 954 3118 2835 913 592 1587 2792 844 1647 2331 2386 589 2620 2669 3304 903 1431 3087 1293 2220 3654 1854 935 2296 798 3281 1695 2672 3196
2204 1268 1350 2330 730 551 2174 689 3271 3479 2851 392 1274 968 792 360 2729 2393 3411 969 2597 692 1488 2556 2917 1930 1544 2193 1546 3103 2464 2556 1495 1976 1797 2344 2028 1938 3278 1392 2396 1155 2218 1899 1545 1667 2234 1914 1000 1490 2914 1819 2087 3145 2301 1703 2564 1950 683 1303 2804 1182 3023 1929 2135 1760 2946 2454 1433 684 1863 2936 2113 1435 2031 1446 2132 2712 2204 3009 1306 1186 895 1055 2113 2255 813 3020 2649 2613 601 2935 1327 2135 1328 2162 2416 1480 2152 2581 2858 1566 483 662 2102 1422 1121 2069 1667 2505 2141 2236 3184 632 2298 1761 1786 2752 2652 1621 2706 2042 3169 2351 2327 2683 2209 1108 3226 2587 2551 1508 3569 2686 1101 1102 1126 961 2725 1109 1233 836 2389 1972 1966 1292 1895 2499 2063 1187 2566 2889 2683 1949 2940 1701 3089 2233 2422 2583 2713 2384 2439 2203 1454 2574 812 2382 3157 2595 3058 3262 3046 1999 2424 1556 2746 2750 2528 2479 724 997 2412 1738 2395 1842 2629 898 820 2386 1312 954 2814 2401 2707 2101 1392 1049 924 773 1663 1900 2940 2198 2261 2396 2491 2515 2409 1916 1946 2919 1480 1711 1999 2979 2254 2763 2264 2757 3010 2463 3345 2117 1899 1176 1531 1242 1380 1582 2804 3547 1512 2568 2433 2244 2049 1878 2399 1467 1204 1980 2348 1762 2251 2727 2433 1121 2701 1107 779 2277 2095 2308 2343 2424 842 1828 2541 2455 654 3169 2964 909 731 1930 2686 865 1633 2257 2166 569 2212 2947 3288 1334 1624 2910 1630 2478 3575 2131 660 2200 654 3221 1721 2708 3067
2522 1826 2764 1719 2788 2719 2477 2543 1590 1450 3083 2714 1829 2126 2967 2729 360 2361 1764 2121 2029 2466 1824 785 2254 2655 2020 911 1619 1796 921 826 1595 1470 1532 2178 1421 1713 1370 1868 1885 3511 3162 1540 2086 1486 1531 1181 2376 2370 1412 2256 1780 1195 2780 2938 1861 2163 2614 2058 616 2115 764 1931 961 1871 1277 999 1872 2900 1564 2457 1081 1692 1861 1923 1558 790 2153 2034 2571 3080 2360 3151 1629 1215 2293 3297 3014 2819 2942 3192 2213 2084 1823 1464 3257 2234 1641 507 1635 1522 2646 2585 1586 2080 3166 1543 1999 2361 1662 852 1448 2456 1716 1840 1442 746 519 3045 3157 1802 1972 742 1434 469 885 2029 1156 2815 777 2335 1722 744 2309 3291 3480 2590 510 3037 1860 2255 2319 1383 1468 1812 2210 1088 1691 2288 539 2717 2524 1206 778 1646 1698 1317 2099 2115 1466 811 2004 1723 3082 1415 2491 1119 1906 1735 2002 2027 1924 2997 2309 1837 1076 3105 563 1486 3093 2143 1092 2734 762 1266 3192 2650 2795 1716 3092 2597 1468 947 482 1838 1885 2790 2320 2317 1623 1209 1660 1560 2725 3247 873 3084 824 2712 1267 1544 1718 1452 1377 2091 939 476 2874 2915 1006 2670 1897 2121 1742 2220 2714 2179 2658 1872 526 1506 2637 1564 786 2867 1250 2307 2771 1622 1958 1379 1000 2219 1541 840 2969 2702 2641 2189 2955 2062 2779 1456 1562 2546 3013 2917 717 1770 2938 2191 2515 2434 2735 3124 1180 2500 1914 1413 943 2865 1856 3309 1883 3281 2520 797 2985 2959 1723 2909 2444 1342 2541 1608 1989 1939 1141
607 2101 1590 1003 2132 2540 649 2063 1865 2280 1095 2361 1894 2036 2257 2393 2361 360 1906 2135 818 2080 2524 1939 981 1004 2784 2212 2299 1501 1799 1901 2042 1368 1455 542 2670 1140 2066 2461 3312 2830 1338 2660 1245 2273 2941 2116 2628 1270 1618 934 3027 2054 855 1451 3398 819 2078 1528 2204 1642 2322 961 2004 2840 1763 2677 1514 2715 1352 919 1766 1784 3047 2594 1192 1992 613 1221 1509 2031 2507 2241 1126 1517 2272 1314 1013 819 2440 1207 1436 705 1752 1279 1351 1275 2967 2275 1378 2002 2270 2524 1175 1379 2198 1234 1159 477 1084 2125 1878 2244 3128 2814 2406 2054 2202 1629 1158 3009 1449 2118 1286 2416 2181 1854 2198 814 1945 1248 2160 2017 2655 2403 2805 1825 2480 2050 1956 2110 402 1474 1377 1886 862 2787 2938 2713 2334 880 655 1770 2197 1424 1562 1415 641 731 1406 2420 744 1006 1806 1369 2568 2720 1482 1085 1299 1524 1341 1288 430 2616 1769 1104 2283 3079 2624 2309 1628 1234 2000 2159 1206 1906 2063 1014 1937 1833 1481 1776 2249 929 2485 1867 1854 2210 2487 2173 1435 2937 817 1348 2601 1113 1910 1064 1661 1511 2362 1699 2596 1150 1849 2471 980 930 2066 673 1718 692 2847 1598 1397 1538 1491 1334 2284 2332 1361 1227 2455 983 1582 877 800 2020 1773 2577 1728 993 1182 1959 1010 1744 712 1692 2255 662 987 1264 1160 548 2266 1331 2506 3269 2686 1308 938 1844 2094 1482 1640 1889 1247 1311 1969 2351 3172 1313 1657 2154 1193 2146 1558 984 2169 1100 2160 1397 2101 1789 1111 987 2008
2153 2686 2949 1502 3295 3486 2171 3118 538 883 2402 3385 2561 2847 3462 3411 1764 1906 360 2901 1450 3083 2915 1496 1390 2502 3169 2085 2657 764 1483 1463 2488 1797 1981 1781 2702 1854 788 2912 3259 4066 2884 2783 2315 2550 2881 2228 3325 2529 867 2227 3098 942 2397 2931 3255 2067 3167 2486 1508 2600 1425 1943 1951 3092 901 2383 2338 3683 1908 1600 1805 2389 3164 3016 1645 1379 1870 1081 2798 3380 3253 3543 1675 1553 3086 2567 2443 2238 3555 2486 2534 1873 2465 1609 2880 2443 2973 1806 943 2408 3296 3398 1677 2402 3524 1704 2182 1824 1657 1967 678 3170 3078 3059 2591 1398 1657 3096 2581 3108 860 1858 1444 1872 2042 2675 1038 2251 1506 2493 627 1432 3297 3707 4037 3004 1911 3371 2621 2972 1870 1818 1808 2544 2141 2482 3001 3312 1885 1935 1860 1955 1357 2070 715 1549 1655 1534 1058 2140 1567 1619 3233 1197 3366 2492 804 1257 1002 833 937 2823 1835 2968 1150 2491 1862 2878 3739 3012 1436 2698 1709 2320 2672 3086 3258 1448 3324 3013 957 1531 1656 1757 2936 3137 2862 3067 2760 2287 864 2902 2363 2880 2259 2610 1621 2568 1904 854 2759 2128 2638 1165 1726 1865 2524 2257 1121 2172 596 1912 3004 2642 2799 2577 2832 2205 1601 899 2738 1221 2138 2528 1777 2226 2324 2493 2575 2631 1555 2241 1528 1331 2526 3015 1977 2681 3455 1744 2526 1463 1442 2067 3491 2836 2104 3154 3688 1108 1646 2926 3244 3010 1141 2991 2175 1514 1896 3463 3200 2625 640 3546 2566 1328 3024 2486 636 2645 3115 1579 3139 556 2136 1280 984
2037 659 1462 1900 1117 970 1985 864 2749 2916 2730 956 700 467 1277 969 2121 2135 2901 360 2225 766 983 1969 2562 1851 1150 1583 961 2631 1888 1973 886 1472 1287 2038 1473 1508 2724 883 1945 1760 2270 1360 1255 1072 1711 1305 853 1354 2395 1594 1621 2581 2195 1801 2098 1677 937 971 2205 869 2425 1573 1532 1315 2406 1862 1002 1162 1375 2626 1531 873 1588 986 1663 2127 1904 2593 1317 1542 739 1515 1662 1715 546 2927 2549 2459 1193 2829 1109 1820 804 1670 2452 1271 1652 1973 2380 959 899 860 1639 1122 1557 1593 1337 2232 1700 1628 2650 697 1813 1304 1204 2163 2049 1794 2639 1582 2723 1745 1833 2074 1601 641 2651 2437 1963 1351 3034 2098 883 1619 1730 1079 2116 1473 644 517 2119 1443 1460 718 1644 1916 1574 949 1957 2656 2430 1365 2347 1217 2602 1712 2085 2234 2215 1777 2076 1779 1702 2072 831 1799 2700 2156 2630 2815 2604 2043 2147 1073 2189 2658 1920 1948 1333 540 1858 1734 1797 1234 2591 1088 1163 1954 1620 1080 2310 1826 2103 1711 894 1282 784 555 1112 1292 2460 1681 2144 2434 1891 2468 1820 1863 1380 2421 918 1144 1433 2579 1666 2154 2199 2604 2434 2291 2865 1816 1418 957 1567 995 1424 1184 2201 2985 1513 2094 1827 2181 1496 1668 2271 859 730 1412 1778 1526 1780 2146 2364 1268 2478 848 1264 1944 2031 1818 1876 2218 1329 1883 1935 1976 1187 2767 2665 899 1073 2045 2145 933 1262 1757 1565 1126 1763 2874 2812 1735 1544 2320 1771 2396 3040 2108 704 1683 842 2707 1388 2304 2502
1064 2116 1934 739 2393 2718 1082 2273 1407 1826 1442 2567 1928 2139 2539 2597 2029 818 1450 2225 360 2268 2491 1604 698 1422 2761 1990 2242 1047 1477 1563 1999 1226 1376 696 2526 1086 1614 2447 3167 3135 1796 2544 1413 2186 2781 1961 2711 1547 1174 1209 2910 1615 1313 1861 3229 1049 2304 1664 1840 1787 1928 1029 1786 2774 1327 2439 1583 2907 1267 824 1547 1783 2945 2575 1008 1626 808 803 1813 2377 2605 2568 970 1249 2388 1646 1420 1212 2686 1546 1636 844 1794 1064 1806 1501 2828 1967 923 1941 2474 2673 1011 1535 2536 1074 1290 752 923 1887 1423 2404 2978 2744 2297 1685 1870 2033 1566 2900 1016 1851 992 2100 1954 1951 1761 1217 1612 1516 1702 1659 2719 2733 3108 2084 2162 2383 1994 2238 780 1319 1239 1915 1119 2551 2816 2762 2035 1048 866 1603 1805 1396 1104 1157 572 456 980 2170 518 831 2189 980 2688 2502 1039 662 872 1099 899 1733 747 2574 1372 1493 1987 2884 2874 2382 1310 1632 1712 2024 1635 2168 2337 709 2301 2093 1042 1471 1910 874 2471 2171 2034 2341 2411 2023 977 2785 1276 1804 2346 1555 1612 1486 1500 1059 2323 1616 2451 752 1590 2143 1438 1276 1648 1107 1273 874 2750 1781 1760 1714 1822 1405 1928 1876 1709 829 2198 1441 1388 1185 1251 1986 1856 2435 1435 1243 934 1586 1459 2046 988 1855 2535 697 1436 979 865 991 2558 1756 2229 3104 2891 939 879 2058 2348 1922 1245 2114 1337 1048 1741 2595 3047 1673 1210 2523 1534 1754 1961 1426 1711 1554 2330 1153 2305 1331 1236 530 1576
1912 1049 1150 1997 710 819 1875 458 2945 3166 2579 663 996 714 876 692 2466 2080 3083 766 2268 360 1379 2261 2590 1662 1509 1947 1366 2771 2161 2258 1255 1651 1475 2022 1880 1606 2961 1278 2335 1409 2008 1766 1218 1471 2116 1671 1056 1193 2589 1507 2014 2833 2029 1506 2493 1630 531 971 2520 849 2737 1599 1865 1698 2625 2258 1104 1000 1536 2616 1817 1142 1973 1367 1801 2415 1882 2677 1054 1145 922 1108 1781 1938 710 2759 2383 2329 848 2668 1005 1810 1023 1834 2201 1165 2053 2318 2527 1316 573 823 1771 1092 1150 1739 1337 2189 1809 1976 2862 552 2211 1691 1608 2458 2377 1464 2452 1973 2836 2084 1999 2430 1959 803 2919 2304 2257 1205 3245 2392 1135 1217 1379 735 2476 1074 970 609 2074 1653 1642 1013 1579 2317 1972 1219 2311 2585 2373 1657 2648 1375 2758 1911 2096 2256 2385 2154 2110 1871 1339 2246 916 2201 2825 2263 2725 2929 2713 1782 2107 1464 2432 2487 2270 2354 1022 884 2099 1495 2112 1610 2385 714 758 2054 1236 733 2485 2099 2434 1769 1286 908 593 627 1519 1667 2609 2085 1985 2182 2279 2267 2118 1657 1643 2590 1324 1411 1839 2648 1962 2511 2007 2474 2704 2172 3014 1795 1813 849 1300 914 1146 1250 2528 3234 1265 2236 2205 1987 1738 1571 2121 1222 891 1818 2043 1447 1920 2427 2176 928 2398 774 863 1951 1835 1979 2012 2123 927 1613 2311 2374 983 2838 2646 609 667 1747 2367 595 1301 1930 1890 764 2152 2693 2956 1333 1349 2615 1455 2216 3252 1887 464 1877 437 2894 1392 2376 2755
2497 810 2071 2121 1723 1397 2438 1478 2744 2801 3193 1489 1018 1072 1868 1488 1824 2524 2915 983 2491 1379 360 1827 2826 2377 630 1283 620 2730 1800 1848 852 1632 1475 2390 909 1778 2644 461 1322 2267 2836 773 1713 727 1106 1059 948 1891 2418 2053 998 2478 2689 2395 1475 2091 1549 1461 1984 1400 2197 1923 1343 704 2378 1383 1392 1540 1584 2938 1470 1100 969 463 1852 1979 2274 2780 1910 2163 982 2119 1882 1753 1052 3403 3032 2910 1729 3299 1639 2182 1153 1820 3007 1780 1034 1688 2482 911 1462 1242 1843 1599 2167 1783 1749 2601 1928 1377 2622 1255 1191 688 743 1995 1806 2405 3139 959 2857 1505 1956 1746 1318 1157 2510 2892 1818 1879 2989 1936 862 2207 2239 1701 1769 2093 968 1133 2498 1555 1619 1020 2080 1405 952 828 1644 3037 2806 1331 2152 1471 2674 1796 2402 2526 2293 1396 2363 2019 2324 2156 1108 1289 2819 2338 2798 2944 2752 2613 2517 457 2134 3141 1624 1351 1824 863 1842 2298 1616 963 3108 1712 1777 2165 2244 1703 2370 1747 1848 2005 455 1905 1398 1122 566 1008 2553 1072 2633 2990 1451 2983 1681 2400 1405 2483 528 1237 895 2788 1554 1819 2715 3050 2302 2736 2936 2191 795 1514 2153 1532 2019 1559 1947 2867 2091 2228 1438 2699 1537 2130 2747 868 1188 880 1719 1986 1951 2013 2872 1887 2877 1413 1854 2276 2555 1952 2043 2644 1921 2462 1544 1354 1599 2962 2986 1519 1684 2638 2134 1556 1648 1878 1394 1682 1141 3363 2893 2353 2090 2140 2377 2895 2993 2648 1299 1778 1450 2720 1789 2524 2402
2109 1699 2441 1296 2555 2580 2068 2326 1318 1336 2659 2536 1642 1949 2734 2556 785 1939 1496 1969 1604 2261 1827 360 1840 2267 2066 950 1582 1437 504 402 1472 1106 1211 1756 1566 1331 1179 1843 2134 3308 2767 1651 1748 1461 1750 1127 2312 2028 1058 1874 1961 1011 2369 2580 2146 1768 2391 1772 654 1850 848 1541 844 1967 959 1281 1587 2771 1215 2038 804 1481 2027 1930 1154 518 1738 1638 2252 2794 2268 2892 1225 814 2153 2872 2592 2396 2749 2768 1905 1673 1598 1061 2852 1899 1838 733 1244 1391 2459 2462 1185 1764 2898 1150 1646 1937 1253 833 1183 2288 1950 1934 1476 557 625 2701 2736 1971 1605 721 1013 857 907 1817 1051 2393 370 1992 1530 491 2263 3042 3278 2322 918 2759 1688 2081 1897 1038 1107 1624 1820 1389 1865 2262 809 2293 2099 967 748 1329 1349 911 1675 1690 1062 1020 1579 1308 2760 996 2394 1378 1545 1313 1615 1671 1541 2613 1886 1867 716 2683 768 1772 2915 2032 671 2367 576 1223 2775 2391 2549 1291 2789 2330 1082 549 670 1431 1865 2509 2083 2159 1652 1180 1283 1769 2314 2844 1166 2669 511 2326 982 1174 1687 1209 1502 1688 662 899 2467 2490 837 2250 1580 1711 1870 1940 2368 1890 2330 1546 713 1403 2293 1143 1028 2461 915 1919 2355 1489 1731 1496 611 1845 1124 546 2555 2409 2216 1930 2724 1642 2381 1036 1139 2125 2776 2546 1024 2037 2797 1804 2096 2185 2502 2752 787 2253 1573 998 794 2665 2066 2885 1554 2990 2161 714 2637 2543 1533 2512 2258 940 2332 1314 1627 1520 935
1210 2455 2196 1066 2695 3044 1271 2591 1403 1849 1373 2886 2266 2474 2834 2917 2254 981 1390 2562 698 2590 2826 1840 360 1626 3096 2282 2575 1007 1727 1797 2335 1556 1712 948 2840 1425 1661 2783 3476 3422 1912 2865 1732 2515 3088 2277 3049 1837 1279 1492 3228 1707 1424 2073 3530 1340 2617 1992 2040 2115 2091 1357 2082 3103 1441 2717 1919 3231 1604 582 1849 2122 3267 2911 1336 1831 1085 670 2094 2640 2941 2842 1304 1540 2722 1546 1418 1217 2995 1460 1951 1144 2133 1383 1879 1807 3141 2211 1013 2275 2794 3004 1343 1859 2804 1404 1615 870 1258 2173 1463 2733 3286 3073 2620 1886 2099 2250 1553 3221 892 2123 1286 2335 2244 2286 1852 1233 1849 1808 1657 1872 3057 3006 3396 2386 2395 2653 2332 2571 960 1644 1569 2254 1405 2829 3133 3101 2285 910 841 1920 1975 1734 1099 1457 856 694 1151 2446 846 1167 2425 1205 3023 2789 945 900 747 945 819 1896 920 2907 1554 1461 2239 3177 3182 2720 1570 1855 1976 2344 1648 2469 2634 1027 2552 2394 1173 1732 2132 1211 2808 2455 2357 2674 2741 2339 1027 3094 1403 1881 2616 1597 1872 1685 1820 1141 2658 1949 2765 585 1873 2370 1552 1227 1784 1177 1170 1166 3074 2101 2009 2036 2091 1740 2135 1888 1967 1063 2470 1561 1702 1454 1334 2323 2192 2749 1705 1536 1250 1786 1524 2330 951 2180 2831 1000 1596 1279 1169 1094 2849 1951 2490 3408 3212 694 638 2373 2652 2093 1437 2427 1668 1352 2034 2904 3362 1598 1114 2771 1794 1926 2180 1478 1666 1697 2656 1459 2624 1328 1560 687 1687
683 1926 997 1430 1611 2102 714 1615 2436 2817 1280 1897 1720 1743 1702 1930 2655 1004 2502 1851 1422 1662 2377 2267 1626 360 2606 2356 2204 2104 2123 2238 1956 1547 1531 1085 2670 1301 2596 2293 3280 2238 872 2620 1040 2224 2947 2178 2312 856 2141 762 2966 2549 731 806 3397 862 1607 1275 2558 1350 2718 1086 2166 2718 2263 2813 1367 2253 1467 1543 1959 1680 2964 2421 1476 2363 995 1853 984 1418 2179 1640 1406 1812 1937 1456 1081 1053 1920 1367 1106 1010 1592 1568 1006 956 2941 2540 1938 1946 1814 2125 1443 1140 1589 1477 1061 1117 1386 2301 2423 1849 3110 2698 2376 2425 2506 984 1153 2939 2076 2337 1657 2683 2338 1596 2684 1025 2270 862 2744 2374 2365 1795 2216 1329 2747 1448 1768 1773 1027 1642 1551 1720 806 2912 2891 2437 2581 1385 1227 1894 2596 1442 2149 1718 1210 1351 1910 2587 1295 1358 1168 1828 2207 2823 2101 1620 1928 2155 1961 708 1068 2474 2201 1185 2528 3131 2094 2031 1967 598 2258 2188 1100 1398 1529 1470 1310 1336 2003 2082 2562 1214 2313 1305 1471 1861 2402 2220 2007 2933 694 992 2765 976 2192 425 1798 2060 2237 1725 2601 1787 2084 2752 709 1193 2517 925 2335 968 2768 1254 792 1218 924 1244 2620 2876 785 1717 2632 690 1775 708 833 1925 1549 2579 2022 809 1533 2343 876 1195 1198 1363 1704 1121 540 1629 1563 932 1701 694 2707 3266 2208 1952 1549 1413 1583 873 2081 1436 1167 1643 2149 1840 3116 1392 2272 1521 673 2547 914 914 2753 638 1759 1687 1658 2363 1050 1589 2490
2745 1050 2252 2391 1832 1416 2687 1606 2997 3034 3443 1553 1261 1252 1957 1544 2020 2784 3169 1150 2761 1509 630 2066 3096 2606 360 1499 888 2994 2050 2089 1121 1903 1744 2654 1005 2046 2885 683 1211 2282 3050 863 1956 980 1110 1303 921 2114 2676 2299 912 2716 2929 2590 1382 2346 1671 1692 2201 1618 2407 2185 1585 589 2631 1508 1642 1521 1853 3206 1729 1360 848 550 2123 2214 2535 3050 2105 2291 1009 2217 2152 2018 1160 3650 3276 3162 1781 3548 1861 2444 1400 2090 3226 2011 1004 1893 2748 1181 1546 1261 2113 1836 2273 2053 2001 2864 2197 1603 2872 1353 1128 602 952 2225 2020 2583 3379 866 3124 1729 2225 1933 1538 1371 2739 3142 2057 2105 3234 2169 817 2285 2256 1861 1948 2217 1205 1281 2760 1825 1890 1266 2331 1506 909 745 1840 3300 3069 1595 2372 1737 2937 2063 2669 2795 2557 1576 2632 2289 2482 2422 1110 1398 3085 2607 3067 3211 3020 2824 2780 561 2384 3386 1827 1354 1844 989 2100 2511 1852 1209 3343 1859 1898 2435 2386 1861 2633 1998 2058 2272 660 2054 1574 1242 773 1247 2818 1070 2875 3209 1597 3218 1923 2626 1673 2745 798 1507 1022 3058 1804 2000 2949 3303 2535 2988 3198 2452 751 1725 2353 1751 2213 1814 2155 3098 2296 2497 1612 2932 1804 2376 2993 1135 1418 1014 1974 2232 2221 2251 3109 2053 3137 1619 1943 2541 2786 2221 2313 2899 2010 2667 1711 1278 1591 3232 3254 1686 1800 2834 2390 1712 1903 2147 1638 1751 1029 3607 3155 2472 2310 2364 2561 3135 3237 2873 1415 2047 1572 2976 2043 2794 2641
2311 1285 2343 1622 2282 2174 2255 2030 1907 1897 2947 2180 1315 1598 2458 2193 911 2212 2085 1583 1990 1947 1283 950 2282 2356 1499 360 1069 1990 978 981 1058 1210 1185 2037 977 1457 1761 1320 1573 2982 2868 1061 1714 936 1183 638 1825 1989 1627 1957 1375 1587 2554 2567 1610 1905 2103 1617 1062 1650 1273 1674 567 1382 1546 827 1442 2352 1259 2453 808 1203 1439 1385 1383 1085 1971 2138 2150 2613 1809 2659 1446 1103 1750 3166 2839 2665 2413 3058 1793 1887 1336 1303 2992 1851 1259 769 1770 991 2117 2036 1397 1674 2682 1337 1659 2245 1490 480 1774 1920 1384 1349 908 1090 883 2649 2973 1383 2147 593 1359 852 403 1524 1601 2655 940 1959 2115 1037 1760 2791 2952 2114 892 2562 1337 1724 2174 1103 1202 1300 1934 935 1278 1743 737 2653 2435 823 1233 1278 1912 1193 1992 2059 1574 594 1915 1575 2655 1466 1941 872 2094 1743 2131 2222 2066 2678 2176 1307 1298 2940 707 1254 2557 1594 1093 2388 735 716 2985 2166 2299 1642 2642 2120 1622 945 925 1644 1338 2322 1825 1779 1090 658 1823 1196 2496 2980 768 2867 828 2405 925 1726 1168 1015 912 2173 772 931 2628 2782 1402 2499 2156 1915 1280 1766 2328 1736 2247 1494 1024 1961 2252 1588 643 2617 989 2022 2570 1088 1466 906 951 1907 1423 1127 2749 2248 2537 1716 2446 1912 2505 1371 1485 2381 2506 2573 737 1491 2392 2316 2509 1946 2231 2777 1340 2009 1558 1302 609 2340 1487 3157 2125 2816 2164 1225 2596 2751 2118 2628 1915 1199 2024 1900 1666 1955 1516
