140 1182 2283 1510 314 2720 994 2520 2146 2103 1681 1095 1802 1554 1400 1222 2182 2341 957 2475 2729 2421 2468 2764 1428 1527 2265 1848 2204 1131 642 2398 635 1398 3109 704 2355 1337 2435 867 1089 916 1257 820 2149 727 1246 806 2157 1873 1933 1660 1135 2193 1489 1842 2518 645 850 1912 1273 2186 1292 1280 945 747 938 786 2306 1151 1550 1274 664 671 3026 2217 1847 1243 2669 1459 2610 1865 2205 2664 2212 1464 2138 2113 1295 1417 602 714 1787 2632 3103 1255 1149 1994 729 3272 1264 2287 1528 2029 2072 834 881 1688 2259 328 435 715 1862 2303 776 2498 1203 814 1475 1260 2458 1312 2484 1385 712 1580 1762 761 1392 2610 367 1881 2163 586 2400 2006 2149 3067 807 3059 3086 2108 632 941 717 2074 2222 1630 756 1699 2212 421 2323 1666 2375 1093 2414 2262 1346 2725 2184 2899 1483 3104 3154 2236 678 658 1521 1054 2302 2535 922 2117 2996 845 1947 1007 1404 1153 629 2237 676 2428 1555 2073 606 1679 636 1591 2247 1604 2464 485 997 847 2132 2612 2954 911 2613 2181 1395 719 2157 918 829 1182 2336 896 1344 1535 701 479 687 1968 2302 2615 1124 1071 2095 1162 1697 2539 1563 2777 2567 2314 437 1212 2063 835 1511 1550 2409 2198 1856 1469 1499 2299 3004 892 2045 2890 2020 2084 2456 1261 1916 2279 2394 2088 2295 2182 2558 515 1550 2255 1849 1158 2066 1699 1104 2462 605 1569 1624 1369 1008 2072 547 1761 806 2394 1257 1551 877 1610 1616 2044 511 1562 1037 2856
1282 360 1543 1810 1426 1944 2101 1714 1410 1406 1123 1678 2294 1203 905 2030 1715 2032 993 1843 2062 2151 1671 2000 920 718 1536 2215 1515 651 1767 1920 1674 789 2444 856 1545 1902 1617 1205 545 1919 1434 1265 2394 1538 602 1033 2469 1134 1129 2174 426 1398 896 1020 1697 1055 1907 1483 933 2058 1608 618 1414 1877 1222 1072 1533 1132 1580 2038 1730 880 2350 1663 1705 2352 1847 1319 2215 1564 1693 1845 2560 788 1317 1684 1123 622 1512 1819 1440 1809 2384 1166 690 1854 1405 2562 1962 1695 2121 1295 1628 1564 1092 1159 2562 1404 1111 1847 1828 1770 1189 1701 754 1934 654 1396 1817 1778 1663 1463 967 1767 1761 1262 1697 1964 1385 1399 2157 1078 1599 2217 1835 2368 1919 2333 2318 1527 1091 674 1657 2181 1827 1718 870 927 1639 1328 2114 911 1658 2199 1724 1492 616 1914 1378 2108 1416 2348 2397 1719 1816 1065 703 938 1683 1712 1747 1299 2299 701 1216 1816 1461 1115 1677 1671 1752 2483 1194 1269 1163 1194 992 2163 1430 1166 2137 1058 2124 1649 1394 1806 2236 2052 1809 2332 1322 1853 1352 763 944 621 1532 1239 926 988 873 1621 1030 1600 2059 1836 635 1146 1650 1145 998 1762 743 2000 1768 2026 1519 1640 1345 1468 1089 727 1586 1421 1356 828 1548 1889 2284 1045 1705 2107 1197 1473 1908 1185 1182 1917 1599 1780 2449 1568 2180 1078 1791 1960 1160 1963 2450 932 1004 1674 1631 1444 1975 1130 1029 1249 1689 1104 767 1577 1261 1426 681 1634 1851 1324 1049 789 1387 2074
2383 1543 360 2906 2499 1671 3096 1358 496 1681 1039 2850 3413 1309 1278 3213 2261 2677 2155 2058 2116 2812 1405 1765 1252 1356 403 3297 545 1780 2886 2384 2658 1700 2405 2017 762 3060 886 1994 1715 3088 1908 2079 3405 2424 1402 1915 3507 1500 1251 3307 1608 648 1167 1105 1150 2037 2869 2169 1438 2871 2732 1640 2141 2991 1958 1953 507 1701 2596 3219 2878 2030 2302 2097 2585 3333 1232 1561 2715 2352 1006 1287 3608 1179 1060 2291 2167 1444 2682 2952 1278 1144 2203 2235 1803 2700 2588 2370 3138 2048 3275 1546 2237 2747 1897 1887 3588 2465 2211 2897 2756 985 2371 1414 1449 2960 1328 1862 2022 2923 947 2527 2148 2825 2723 2114 2807 2101 2526 2057 3045 2250 699 3229 2528 2250 2934 2141 1973 834 2270 1857 2829 3139 1275 2737 2050 1407 2052 2351 2844 1456 499 3185 604 1475 1560 1421 1246 1702 2421 2044 2076 2191 2879 2033 1316 2075 1989 1032 2929 1108 2208 1861 696 2999 1795 2222 2829 882 2897 3369 1299 1242 2126 1115 2165 3311 826 1198 2739 2183 3147 2488 511 1401 2098 3115 1424 3298 2351 2905 1249 1727 1853 1724 1293 2412 1355 1809 2039 2704 1996 1258 2768 1592 1770 2281 2249 2251 1580 1561 1285 1709 1438 2696 2558 2788 1606 2650 1973 1241 1067 1424 1030 1664 2582 2455 2125 1858 1328 1744 1012 768 2262 2253 728 2533 1382 2494 3403 752 2710 2133 2867 2639 1626 3146 3521 971 2123 649 2616 2407 3072 2132 2178 951 2771 1680 1841 1188 2343 2395 1853 2636 2917 602 2131 1432 2545 1733
1610 1810 2906 360 1768 2616 2249 2578 2788 1958 2574 832 873 2611 2334 1128 1623 1520 1198 2084 2346 1534 2493 2610 2354 1910 2911 765 2923 1524 1691 1780 2064 1567 2653 1557 2757 741 2769 2203 1626 1441 2589 2195 1006 2196 2041 2053 1042 1913 2130 792 1747 2683 2345 2192 2702 1918 2222 1427 2306 1209 588 1636 2354 1757 2266 2061 2850 2364 741 1059 1532 1583 2607 1777 1020 2441 2828 2647 1828 1235 3144 2788 1122 2238 2396 1529 1099 1826 1332 1643 2861 2838 2769 1031 1491 1093 1143 2894 943 1884 845 1991 1527 1085 2151 1496 1142 1795 1674 1969 896 3219 1151 2520 2142 2080 1945 2574 2088 618 2786 743 1380 520 812 2146 484 2213 1517 1491 1086 1399 2840 856 1394 2693 2100 2751 2892 2974 1339 1542 1326 942 3270 660 1452 1897 1803 1876 1393 1846 3037 2331 3121 2241 1711 2778 2316 2820 887 2872 2919 1730 1915 1939 1951 1232 1940 2793 1143 2350 2626 1640 2615 1111 2696 1057 1493 3117 1557 1296 2605 2230 1960 2637 1434 844 2622 2598 1631 1610 2189 2317 2771 2656 2639 2030 2643 1033 928 1966 2292 1939 2008 1569 2426 1033 2331 1494 1527 1779 1939 3032 1415 2541 1539 1028 1541 1027 1756 2474 1980 2661 2581 1474 1879 662 1977 1042 1335 2028 2634 2214 2805 1609 726 1617 2688 2131 3134 2781 2345 2915 1928 1012 2581 1541 2430 1351 1146 3007 1766 1784 446 1442 1804 1109 1001 2327 1167 2944 2046 948 526 1143 1150 2417 1806 1708 1789 2547 923 949 1612 745 483 2723 1726 1839 859 2744
414 1426 2499 1768 360 2979 1049 2772 2362 2368 1879 1340 2040 1732 1601 1430 2456 2616 1232 2745 2998 2695 2723 3025 1629 1777 2479 2097 2411 1394 767 2672 680 1663 3378 963 2588 1577 2672 1011 1345 1090 1386 952 2404 800 1471 982 2406 2134 2185 1898 1382 2422 1697 2087 2763 831 897 2186 1465 2458 1554 1539 1057 861 1080 955 2528 1314 1821 1489 828 927 3295 2490 2120 1300 2914 1617 2885 2140 2387 2912 2458 1682 2384 2388 1569 1668 830 852 1957 2875 3368 1530 1414 2267 985 3539 1490 2558 1760 2291 2347 1075 1045 1959 2509 402 676 781 2132 2487 1048 2753 1411 873 1720 1394 2728 1563 2722 1656 984 1844 2032 893 1652 2880 611 2154 2431 860 2630 2264 2423 3335 863 3324 3346 2300 907 1201 925 2337 2389 1898 1023 1955 2484 541 2596 1924 2585 1148 2619 2521 1602 2976 2436 3156 1756 3366 3416 2509 750 840 1768 1327 2573 2775 1141 2365 3263 1096 2164 1224 1541 1428 807 2426 834 2692 1734 2326 767 1868 907 1824 2483 1791 2738 740 1060 913 2349 2865 3219 988 2867 2441 1669 786 2410 1132 1019 1443 2589 1167 1539 1804 962 565 873 2136 2576 2873 1386 1346 2369 1437 1960 2798 1809 3035 2822 2588 482 1469 2326 1088 1784 1792 2653 2456 2043 1733 1770 2574 3270 1063 2208 3148 2263 2281 2729 1536 2134 2554 2649 2363 2554 2378 2833 726 1812 2530 2114 1370 2311 1925 1378 2688 651 1843 1877 1644 1282 2312 632 2027 1036 2642 1531 1825 1130 1881 1877 2257 739 1818 1303 3114
2820 1944 1671 2616 2979 360 3667 677 1683 1034 2081 2809 3099 2360 2146 3225 1447 1815 2231 1004 893 1932 660 454 2133 1586 1712 2906 1842 1951 3259 1430 3251 1694 1100 2376 1269 2924 1151 2757 1994 3293 2869 2828 2863 3121 2019 2602 3000 1210 1181 3045 1973 1417 2028 1345 886 2640 3485 1559 2293 2149 2547 1800 2959 3370 2757 2642 1524 2579 2234 3192 3178 2412 1000 1251 2029 3918 859 2600 1699 1770 2307 789 3107 1929 1095 1529 2008 1684 2918 3287 2453 941 895 2087 1938 2064 2731 1068 3080 1147 3091 1062 1503 2849 2641 1521 3048 2964 2665 3395 2215 2296 2500 639 2179 3492 1664 2823 979 2762 1098 2268 2398 2474 2240 2834 2571 952 2875 1485 2381 2533 1343 2716 1765 939 3482 832 735 2113 2514 2139 3039 2557 2571 2341 2331 1385 1211 2905 2032 1414 1776 3766 1883 818 1738 668 949 564 2099 777 822 1333 3357 2648 1610 2118 1076 1022 3030 1080 901 2247 1715 3068 2821 2145 3120 2189 3205 2646 2347 1048 2747 2197 2460 3099 1226 2251 1815 2598 3678 3228 1676 633 788 3585 608 2699 2092 3400 971 2333 2514 1898 809 2462 2226 1610 2379 3156 2613 2498 1950 468 1957 2245 1499 2161 1392 542 1574 416 596 1856 3083 2661 1044 2735 1716 1620 965 884 2213 1622 2251 1580 814 2593 2588 533 1225 2035 1249 2097 1711 1684 721 1767 2771 2050 1723 2654 2542 1824 1257 3171 3078 1693 2111 1437 3209 2028 2752 1929 2212 1227 3222 1358 2350 857 2176 2028 2210 2239 2562 1739 2617 1525 2503 497
1094 2101 3096 2249 1049 3667 360 3454 2963 3056 2437 1777 2370 2230 2178 1655 3117 3236 1894 3427 3683 3301 3407 3714 2205 2457 3071 2493 2985 2084 918 3330 800 2351 4061 1652 3232 1954 3324 1474 2032 1233 1721 1390 2828 1049 2111 1542 2795 2823 2867 2237 2062 3056 2291 2758 3434 1437 598 2846 2021 3032 2069 2228 1383 860 1524 1504 3145 1792 2398 1737 1077 1615 3980 3164 2720 611 3584 2046 3520 2778 2873 3586 2821 2302 3055 3043 2222 2351 1300 972 2413 3540 4057 2172 2103 2857 1522 4226 1795 3237 2073 2980 3005 1529 1562 2639 2893 1063 1361 657 2698 2976 1670 3437 2016 544 2395 1750 3411 2003 3378 2240 1663 2361 2596 1348 2153 3563 1207 2824 2964 1531 3265 2719 3052 4022 546 4013 4035 2827 1569 1890 1283 2832 2813 2446 1710 2642 3160 1135 3188 2612 3166 459 3184 3209 2289 3655 3118 3842 2368 4055 4106 3177 709 1436 2444 1998 3254 3436 1480 3039 3950 1780 2771 1536 1887 2073 1117 2936 1053 3183 2235 3007 1338 2398 1589 2138 3135 2314 3359 1429 466 1031 2951 3546 3908 612 3549 2908 2291 657 3091 1763 1610 2132 3271 1772 2103 2488 1651 896 1474 2575 3180 3561 2075 1981 3028 2076 2649 3485 2485 3723 3505 3204 944 1953 3016 1597 2458 2461 3321 3143 2557 2422 2347 3219 3959 1598 2624 3835 2931 2824 3399 2175 2743 3190 3334 2992 3010 2916 3465 1383 2313 3149 2803 1622 2669 2559 2041 3312 843 2461 2314 2301 1939 2976 841 2715 1698 3318 2152 2444 1817 2453 2370 2854 1413 2503 1866 3801
2620 1714 1358 2578 2772 677 3454 360 1366 990 1774 2712 3079 2056 1856 3124 1527 1932 2085 1163 1144 2060 451 769 1842 1357 1398 2903 1526 1768 3079 1568 3028 1531 1407 2176 957 2853 846 2497 1791 3149 2582 2571 2903 2878 1757 2350 3032 1058 947 3010 1751 1100 1736 1075 591 2403 3261 1570 2009 2227 2478 1607 2693 3190 2491 2391 1211 2299 2203 3100 3012 2208 1305 1330 2049 3705 637 2301 1872 1785 1990 580 3139 1645 798 1594 1909 1464 2760 3115 2140 690 1212 1990 1762 2111 2588 1385 2993 1241 3036 948 1556 2719 2381 1445 3090 2753 2456 3192 2237 1981 2353 435 1908 3284 1423 2536 1131 2694 800 2209 2220 2448 2245 2581 2517 1161 2692 1476 2447 2354 1036 2744 1843 1253 3270 1150 1023 1796 2342 1943 2889 2602 2254 2324 2145 1186 1284 2682 2138 1225 1467 3552 1575 697 1536 571 696 771 2051 1080 1121 1424 3158 2409 1371 1974 1169 735 2905 794 1210 2036 1401 2951 2526 2032 2955 1873 3037 2737 2044 806 2510 1889 2276 3052 908 1946 1955 2394 3472 2979 1359 452 1101 3390 457 2753 2025 3198 722 2086 2263 1711 543 2332 1938 1491 2183 2958 2373 2182 2055 594 1771 2127 1558 2053 1242 578 1332 721 440 1966 2870 2581 961 2606 1624 1366 650 726 1898 1461 2212 1692 1130 2334 2271 789 932 1717 1404 2003 1398 1791 508 1833 2836 1734 1885 2432 2512 1924 1144 3066 3093 1398 1980 1137 2985 1993 2726 1838 2075 923 3026 1246 2120 542 2088 1989 2002 2219 2540 1422 2400 1318 2397 766
2246 1410 496 2788 2362 1683 2963 1366 360 1624 917 2721 3294 1195 1145 3081 2193 2605 2027 2021 2100 2740 1402 1775 1119 1239 486 3182 534 1653 2749 2327 2524 1586 2406 1881 793 2934 923 1863 1584 2952 1792 1948 3299 2293 1265 1781 3398 1422 1178 3185 1476 626 1032 1013 1176 1901 2736 2086 1307 2784 2610 1517 2015 2854 1828 1819 571 1574 2486 3088 2741 1894 2302 2037 2489 3200 1277 1450 2659 2262 985 1325 3498 1042 1020 2217 2051 1323 2547 2815 1191 1193 2218 2117 1677 2608 2455 2390 3008 1996 3150 1483 2162 2614 1764 1793 3480 2329 2074 2761 2656 987 2239 1415 1313 2825 1205 1745 1986 2799 989 2412 2014 2711 2619 1981 2687 2075 2389 1974 2951 2115 757 3122 2450 2258 2799 2156 2004 790 2135 1725 2693 3038 1248 2627 1916 1310 1993 2215 2766 1357 610 3052 695 1441 1439 1455 1210 1734 2310 2071 2106 2130 2743 1897 1197 1950 1940 1074 2796 1063 2212 1725 559 2866 1686 2100 2692 873 2760 3277 1185 1189 1991 1002 2030 3187 818 1082 2672 2046 3012 2359 376 1420 2106 2979 1441 3197 2238 2769 1209 1590 1717 1598 1278 2282 1224 1705 1904 2567 1860 1194 2691 1596 1642 2157 2176 2129 1486 1558 1168 1725 1447 2622 2422 2663 1546 2518 1868 1120 1080 1384 939 1554 2469 2389 2136 1725 1275 1772 948 713 2215 2136 592 2462 1370 2413 3303 730 2651 1997 2751 2563 1546 3014 3408 838 2000 743 2481 2300 2954 2019 2052 897 2634 1591 1704 1188 2225 2288 1719 2528 2802 469 1994 1323 2418 1757
2203 1406 1681 1958 2368 1034 3056 990 1624 360 1807 2135 2454 2039 1766 2550 949 1369 1573 815 1015 1503 901 1051 1763 1084 1709 2274 1798 1334 2616 1063 2659 1065 1398 1768 1361 2253 1312 2251 1404 2627 2444 2311 2275 2567 1552 2079 2403 642 818 2390 1415 1394 1672 1018 1156 2084 2891 942 1880 1621 1876 1203 2460 2726 2266 2117 1561 2140 1580 2517 2525 1807 1305 775 1420 3306 1258 2242 1395 1156 2210 1208 2510 1546 986 996 1334 1149 2261 2638 2202 1288 1360 1412 1313 1489 2066 1532 2406 734 2426 506 950 2179 2137 847 2463 2358 2062 2774 1608 2236 1839 926 1729 2877 1180 2402 784 2092 1302 1600 1762 1824 1615 2305 1906 922 2238 845 1831 1897 1455 2114 1246 1331 2870 1316 1366 2003 1871 1531 2377 1977 2445 1696 1706 857 730 2317 1556 859 1817 3156 1925 655 1161 1182 819 1236 1434 1372 1423 870 2733 2096 1129 1459 687 1277 2359 936 1261 1658 1553 2395 2435 1473 2467 2119 2553 2133 2027 799 2189 1922 1830 2437 1241 1949 1421 1989 3058 2684 1610 1061 1211 2953 1047 2129 1421 2778 807 1809 1990 1290 868 1794 1832 946 1766 2532 2064 2300 1475 948 1344 1573 956 1488 775 877 1108 1085 985 1394 2479 1988 440 2065 1042 1176 1125 655 2001 995 1592 1139 1262 2090 2404 1207 1035 1922 959 1423 1532 1224 845 1226 2217 1976 1388 2071 1889 1343 614 2496 2463 1389 1445 1572 2618 1370 2102 1255 1549 1090 2596 703 1789 1006 1501 1368 1616 1592 1914 1626 2026 983 1829 1169
1781 1123 1039 2574 1879 2081 2437 1774 917 1807 360 2407 3051 650 642 2722 2292 2669 1747 2255 2399 2799 1781 2165 615 1166 1007 2979 908 1414 2281 2468 2003 1469 2749 1492 1297 2643 1421 1325 1307 2530 1236 1410 3154 1755 896 1268 3232 1540 1361 2928 1186 1102 589 1157 1634 1408 2205 2115 778 2763 2368 1334 1463 2380 1283 1302 1124 1022 2336 2743 2297 1493 2646 2179 2426 2668 1762 905 2793 2245 933 1795 3324 702 1347 2289 1878 1187 2138 2356 755 1687 2605 1927 1450 2567 2090 2784 2680 2171 2864 1662 2231 2252 1235 1785 3324 1842 1621 2257 2567 1017 1903 1802 849 2310 1082 1189 2222 2529 1487 2225 1655 2530 2507 1449 2459 2341 1950 2011 2889 1728 1290 2977 2487 2625 2282 2544 2437 792 1762 1406 2284 2931 1072 2476 1558 1350 2142 1717 2789 1376 1091 2522 1108 1727 1280 1912 1515 2177 2167 2493 2535 2259 2245 1400 1110 1701 2132 1567 2421 1369 2568 1352 763 2499 1140 1879 2254 930 2313 3218 638 1445 1485 477 1649 2910 1260 535 2759 1612 2494 1813 909 1848 2474 2476 1864 3085 2078 2266 1501 1132 1219 1375 1635 1975 700 1645 1520 2083 1366 870 2724 1980 1398 1907 2250 1909 1514 1924 1109 2131 1851 2674 1923 2390 1728 2171 1786 1035 1521 1656 594 1470 2307 2485 2513 1201 978 2203 1222 762 2399 1946 752 2537 1728 2439 3200 860 2770 1525 2555 2609 1636 2653 3214 778 1768 1297 1962 2185 2738 1874 1787 1214 2148 1637 1275 1593 2024 2168 1362 2388 2615 809 1537 1283 2135 2181
1195 1678 2850 832 1340 2809 1777 2712 2721 2135 2407 360 1074 2386 2141 775 1937 1925 1055 2359 2628 1960 2636 2821 2164 1881 2847 1117 2832 1431 1220 2123 1616 1576 2968 1292 2775 612 2811 1859 1497 980 2256 1835 1432 1779 1875 1734 1426 2016 2190 933 1611 2666 2180 2199 2796 1581 1760 1695 2076 1655 689 1581 1982 1284 1927 1733 2820 2072 1066 748 1060 1303 2909 2055 1398 1968 2935 2374 2229 1547 2979 2907 1477 2095 2449 1846 1164 1778 879 1170 2637 2929 3046 1084 1412 1507 736 3188 650 2153 827 2129 1829 627 1830 1647 1528 1373 1316 1501 1325 3064 864 2665 1934 1611 1887 2248 2355 589 2841 947 1116 958 1226 1781 747 2495 1091 1726 1556 1078 2847 1307 1769 2982 1632 3019 3125 2831 1028 1368 854 1414 3065 1066 1210 1938 2070 1472 1829 1888 2971 1858 3041 2388 1664 2921 2411 3011 1118 3117 3167 2030 1446 1601 1908 1143 2198 2864 675 2410 2911 1416 2531 660 2382 1041 1023 2973 1084 1765 2382 2312 1599 2449 1141 882 2644 2396 2043 1269 1716 1894 2704 2798 2906 1557 2790 1493 1092 1497 2385 1685 1708 1488 2542 798 2119 1580 1261 1323 1610 2816 1838 2721 1440 954 1847 1019 1836 2648 1945 2860 2732 1884 1441 553 2132 629 1454 1975 2711 2346 2626 1637 1022 1976 2957 1819 2910 2982 2372 2783 2245 1072 2496 1917 2566 1717 1600 2880 2169 1435 901 1841 1930 724 1331 2243 1111 2940 1603 1211 906 1240 1037 2440 1343 1827 1529 2646 993 1202 1404 1105 955 2639 1384 1843 678 2944
1902 2294 3413 873 2040 3099 2370 3079 3294 2454 3051 1074 360 3064 2800 1079 2063 1868 1664 2535 2789 1841 2993 3087 2822 2418 3417 592 3424 2015 1841 2188 2292 2077 3065 1978 3270 825 3282 2573 2108 1497 2969 2550 893 2481 2515 2443 808 2424 2643 502 2229 3194 2822 2704 3211 2293 2402 1900 2754 1500 1047 2137 2696 1872 2640 2444 3360 2776 1235 995 1683 1996 3031 2235 1446 2515 3334 3072 2165 1694 3625 3292 814 2722 2908 1969 1610 2330 1570 1767 3315 3347 3208 1539 1985 1464 1450 3319 937 2343 656 2496 1978 1327 2540 2003 896 2075 2029 2127 1275 3704 1548 3019 2600 2226 2448 2960 2544 891 3298 1256 1798 990 1227 2495 966 2657 1796 1976 1294 1782 3353 886 1790 3125 2255 3196 3356 3462 1728 2007 1501 1078 3735 1119 1884 2411 2266 2182 1691 2359 3544 2434 3625 2742 2214 3277 2826 3303 1395 3329 3375 2175 2075 2314 2457 1717 2405 3304 1279 2862 3061 2085 3116 1207 3092 1554 1663 3605 1700 1333 3059 2742 2314 3107 1836 591 3135 3062 1960 1980 2288 2591 3277 3155 3086 2125 3141 1050 1441 2121 2802 2372 2412 2064 2932 1451 2788 2007 1947 1991 2321 3491 1738 3030 2028 1508 1989 1524 2268 2965 2488 3142 3079 1818 2132 1026 2478 1344 1848 2533 3145 2719 3279 2121 1230 2017 3134 2527 3589 3261 2859 3406 2354 1520 3082 1927 2932 1760 1109 3499 2104 2148 929 1804 2312 1107 663 2828 1659 3457 2285 1446 714 1656 1625 2930 1997 2218 2217 3055 1430 1450 2064 1222 899 3225 2096 2350 1281 3224
1654 1203 1309 2611 1732 2360 2230 2056 1195 2039 650 2386 3064 360 662 2663 2485 2841 1773 2493 2654 2966 2059 2441 653 1350 1273 3016 1157 1489 2140 2672 1808 1605 3012 1454 1587 2632 1711 1119 1368 2425 959 1201 3221 1540 961 1111 3286 1763 1610 2934 1254 1392 728 1409 1922 1269 1994 2285 670 2897 2394 1449 1223 2232 1066 1137 1406 798 2416 2694 2178 1444 2909 2390 2547 2450 2052 616 2989 2392 1016 2084 3372 859 1624 2471 1962 1342 2053 2222 611 1978 2878 1999 1529 2695 2042 3058 2644 2392 2852 1897 2414 2201 1052 1952 3382 1692 1515 2079 2671 1116 1884 2081 830 2119 1256 913 2461 2533 1777 2289 1631 2588 2602 1249 2491 2587 1844 2187 3001 1676 1578 3046 2651 2893 2088 2818 2720 959 1720 1429 2195 3020 1041 2551 1541 1558 2356 1558 2942 1576 1341 2310 1336 1988 1413 2200 1785 2462 2256 2774 2816 2464 2074 1256 1296 1750 2360 1857 2355 1642 2834 1339 1053 2437 852 1936 2141 1067 2191 3326 372 1707 1325 553 1606 2903 1550 474 2938 1524 2296 1581 1190 2132 2745 2296 2147 3169 2160 2088 1769 1062 1088 1464 1911 1973 641 1796 1485 1930 1227 790 2883 2257 1471 1945 2434 1965 1708 2198 1306 2411 2133 2841 1756 2397 1962 2133 1920 1232 1809 1916 687 1622 2382 2673 2785 1029 885 2486 1495 965 2619 2017 1042 2716 2003 2599 3287 1051 2962 1405 2604 2775 1846 2595 3252 1033 1823 1579 1770 2287 2772 1973 1822 1494 1990 1831 1217 1877 2087 2269 1361 2472 2667 1091 1431 1468 2143 2463
1500 905 1278 2334 1601 2146 2178 1856 1145 1766 642 2141 2800 662 360 2446 2190 2540 1499 2222 2397 2665 1847 2222 387 1059 1253 2740 1172 1194 2001 2381 1741 1303 2764 1217 1464 2381 1577 1079 1077 2247 1086 1164 2933 1507 662 999 3003 1486 1359 2673 959 1273 485 1167 1754 1131 1950 1985 525 2595 2122 1147 1243 2101 1049 1035 1336 813 2123 2469 2015 1215 2663 2102 2246 2414 1894 836 2695 2090 1200 1917 3092 582 1418 2174 1667 1043 1857 2075 895 1829 2649 1707 1234 2393 1815 2830 2410 2110 2602 1629 2116 1977 979 1652 3098 1565 1339 1986 2373 1290 1636 1871 569 2045 963 1039 2191 2273 1639 2001 1385 2303 2306 1196 2216 2323 1667 1889 2701 1451 1478 2757 2350 2656 2018 2591 2515 1073 1488 1154 2002 2726 1295 2260 1290 1276 2070 1443 2640 1289 1350 2267 1379 1746 1111 2021 1559 2268 1960 2563 2608 2173 1972 1125 1007 1465 2082 1712 2142 1427 2594 1084 959 2221 1039 1649 1972 1209 2031 3028 652 1470 1213 668 1373 2650 1398 624 2639 1329 2231 1578 1134 1939 2510 2205 1951 2876 1866 1995 1540 850 943 1166 1697 1715 444 1495 1246 1806 1089 1059 2581 2040 1177 1666 2136 1679 1417 1975 1021 2199 1929 2539 1649 2135 1691 1899 1618 950 1637 1672 845 1321 2090 2376 2553 940 1163 2285 1284 1044 2336 1726 935 2417 1784 2297 2993 1142 2666 1244 2322 2474 1560 2377 2976 820 1536 1507 1699 1989 2497 1674 1544 1298 1871 1539 994 1684 1799 1971 1098 2178 2384 1036 1255 1176 1879 2258
1322 2030 3213 1128 1430 3225 1655 3124 3081 2550 2722 775 1079 2663 2446 360 2335 2283 1436 2767 3036 2302 3049 3236 2471 2267 3207 1234 3181 1809 1150 2513 1629 1977 3369 1589 3165 748 3208 2044 1859 783 2438 2001 1575 1858 2204 1953 1519 2427 2593 956 1965 3046 2501 2591 3203 1790 1708 2102 2358 1976 1071 1965 2125 1165 2115 1942 3194 2303 1445 444 1003 1590 3313 2461 1767 1795 3344 2612 2591 1942 3285 3317 1533 2430 2850 2243 1579 2160 986 1067 2910 3335 3456 1499 1795 1857 992 3595 546 2562 787 2543 2229 830 2041 2063 1612 1471 1523 1430 1663 3376 1202 3078 2236 1521 2264 2439 2765 883 3239 1348 1433 1283 1573 1943 1093 2903 1219 2137 1835 1354 3233 1501 2144 3389 1553 3429 3539 3153 1320 1716 866 1654 3345 1414 1532 2340 2479 1598 2162 2291 3329 1716 3392 2802 2049 3334 2820 3426 1522 3530 3580 2432 1380 1808 2290 1535 2608 3266 668 2813 3319 1734 2886 585 2581 1452 999 3292 1014 1978 2661 2718 1779 2750 1433 849 3036 2689 2397 1501 1571 1954 3065 3211 3317 1408 3203 1690 1504 1422 2793 1965 1948 1868 2953 1174 2412 1993 1562 1331 1827 3091 2183 3136 1815 1359 2247 1431 2246 3063 2329 3275 3145 2239 1497 940 2547 922 1869 2352 3115 2759 2930 2041 1407 2359 3368 2041 3179 3397 2767 3112 2644 1487 2852 2292 2979 2095 1777 3210 2530 1642 1212 2203 2344 428 1382 2602 1513 3322 1630 1612 1115 1655 1429 2834 1322 2241 1813 3054 1409 1604 1731 1475 1246 2994 1603 2239 1087 3360
2282 1715 2261 1623 2456 1447 3117 1527 2193 949 2292 1937 2063 2485 2190 2335 360 779 1585 834 1086 914 1436 1414 2193 1495 2286 1853 2365 1521 2607 576 2772 1288 1395 1911 1950 1980 1899 2518 1632 2518 2788 2561 1779 2752 1922 2337 1918 1137 1374 2031 1696 1976 2120 1554 1724 2294 2993 630 2269 1065 1623 1460 2725 2708 2551 2369 2146 2487 1255 2283 2484 1953 1344 558 977 3355 1804 2652 865 753 2753 1746 2025 1986 1574 454 1254 1509 2219 2604 2680 1849 1508 1309 1484 983 1998 1630 2165 659 2108 1076 471 2065 2415 917 1962 2458 2190 2821 1151 2789 1810 1454 2097 2932 1588 2751 846 1823 1885 1349 1835 1467 1196 2540 1614 954 2269 680 1294 1956 2045 1638 679 1430 2935 1493 1659 2547 1912 1704 2301 1472 2971 1326 1817 1303 603 2456 972 1275 2398 3214 2505 1221 1462 1686 1408 1641 1179 1628 1673 475 2771 2311 1549 1489 731 1854 2219 1523 1363 1853 2099 2231 2813 1404 2429 2672 2513 1571 2474 1383 2389 2400 1914 2103 1830 2411 839 2110 3095 2878 2178 1578 1383 2965 1558 1613 1222 2822 1396 2088 2253 1504 1442 1722 2240 1091 1897 2580 2286 2801 890 1402 1537 1501 450 1404 1139 1353 1545 1480 1497 806 2577 1756 1018 1960 1045 1619 1707 1240 2507 1247 1289 556 1431 2372 2907 1591 1609 2468 668 1309 2074 634 1398 681 1684 2531 838 2237 1541 758 1023 2295 2006 1891 1438 2161 2737 1085 1734 1175 1538 1670 2636 1015 2017 1582 1351 1095 1806 1239 1544 2183 2181 1377 1684 1557
2441 2032 2677 1520 2616 1815 3236 1932 2605 1369 2669 1925 1868 2841 2540 2283 779 360 1758 1172 1368 495 1842 1768 2547 1864 2702 1640 2776 1796 2697 748 2937 1604 1577 2132 2370 1901 2318 2782 1918 2540 3087 2814 1486 2960 2257 2601 1631 1544 1787 1870 2001 2394 2483 1960 2136 2533 3143 916 2602 740 1596 1773 2982 2787 2823 2629 2564 2794 1222 2218 2557 2172 1560 966 888 3461 2209 2988 668 849 3152 2148 1733 2349 1993 748 1420 1859 2303 2677 3049 2258 1760 1448 1755 787 2079 1843 2101 1050 1981 1494 805 2108 2687 1248 1655 2626 2386 2940 984 3192 1934 1858 2425 3053 1951 3054 1196 1760 2303 1366 2021 1361 1070 2785 1553 1254 2400 1018 977 2124 2465 1377 560 1666 3062 1761 1969 2948 2071 1957 2358 1188 3361 1229 2026 1692 1013 2647 580 1658 2815 3330 2921 1637 1793 2078 1828 1998 1228 1922 1961 870 2887 2552 1919 1684 1123 2269 2233 1942 1609 2106 2503 2225 3130 1550 2505 3076 2585 1196 2830 1802 2619 2773 2100 1960 2249 2776 482 2305 3200 3089 2590 1976 1662 3057 1954 1301 1309 2939 1816 2373 2523 1793 1858 1825 2583 1408 2112 2709 2532 3180 503 1786 1814 1630 790 1540 1519 1746 1920 1840 1896 410 2739 1732 1438 2017 1308 1994 2124 1658 2891 1580 1269 599 1702 2648 3287 1943 2024 2870 933 1440 2477 505 1809 620 1349 2936 606 2453 1434 447 1424 2256 1745 2281 1618 2581 2906 1136 1586 1358 1702 2087 2757 1398 2278 1998 1448 1154 2060 1179 1413 2590 2393 1746 1738 1911
1057 993 2155 1198 1232 2231 1894 2085 2027 1573 1747 1055 1664 1773 1499 1436 1585 1758 360 1902 2164 1847 2018 2260 1519 1190 2153 1602 2143 736 1411 1800 1550 915 2537 761 2088 1270 2132 1437 809 1425 1798 1452 1818 1563 1210 1267 1875 1392 1529 1542 927 1973 1518 1515 2141 1164 1768 1314 1468 1650 983 889 1620 1518 1491 1285 2125 1546 1053 1431 1312 797 2460 1630 1293 2136 2286 1817 2017 1274 2320 2265 1959 1419 1779 1516 699 1084 1048 1426 2023 2270 2556 673 718 1448 862 2718 1344 1706 1488 1530 1475 997 1364 1115 1972 1236 988 1600 1353 2400 629 2048 1304 1710 1192 1776 1888 1144 2165 901 623 1185 1263 1414 1078 2040 1049 1289 1680 732 2157 1647 1561 2511 1711 2518 2578 2160 686 704 1168 1650 2434 1172 648 1274 1628 1249 1763 1228 2277 1992 2349 1783 972 2296 1766 2425 933 2585 2636 1642 1553 1184 1215 473 1729 2195 1185 1744 2439 807 1839 1240 1886 573 1254 2303 1340 1985 1767 1660 1237 1804 702 1530 1959 1762 1879 908 1879 1692 2010 2175 2409 1760 2171 1788 835 1602 1738 1111 1206 794 1907 622 1493 986 735 1358 1173 2195 1733 2133 745 537 1498 593 1206 2057 1253 2285 2117 1734 1354 1006 1549 887 926 1280 2047 1730 1975 984 1009 1702 2460 1335 2296 2405 1691 2107 1864 684 1804 1686 1945 1500 1906 2202 1966 1063 1193 1673 1334 1372 1839 1550 506 2247 1516 1005 1359 771 419 1757 1416 1234 970 1996 714 986 776 1115 1258 1947 1002 1165 754 2368
2575 1843 2058 2084 2745 1004 3427 1163 2021 815 2255 2359 2535 2493 2222 2767 834 1172 1902 360 629 1288 1080 956 2218 1536 2091 2328 2195 1731 2952 786 3049 1464 994 2159 1693 2428 1611 2687 1818 2910 2895 2743 2248 2982 2003 2512 2389 1096 1255 2499 1846 1771 2127 1459 1387 2502 3278 1026 2334 1517 2060 1621 2897 3058 2706 2548 1924 2590 1707 2721 2844 2200 919 667 1449 3673 1432 2698 1070 1209 2629 1366 2495 2001 1361 926 1606 1593 2577 2961 2650 1494 1049 1675 1703 1456 2365 1190 2604 565 2569 955 918 2455 2575 1149 2429 2740 2452 3137 1626 2645 2155 1088 2181 3244 1633 2854 395 2268 1580 1779 2124 1931 1668 2733 2063 498 2589 996 1754 2256 1784 2111 1140 983 3242 1027 1185 2423 2221 1929 2676 1941 2873 1791 2083 1311 648 2713 1390 1308 2187 3526 2297 943 1591 1280 1172 1186 1605 1153 1199 720 3092 2516 1583 1793 532 1529 2621 1318 912 2066 1976 2643 2889 1757 2787 2530 2872 2006 2481 1198 2606 2371 2199 2567 1595 2401 1172 2375 3418 3102 2009 1190 915 3302 1166 2077 1627 3140 1172 2245 2423 1696 1141 2086 2287 1302 2152 2894 2486 2741 1309 984 1744 1859 906 1765 1205 956 1563 1028 1112 1214 2862 2188 891 2344 1336 1631 1405 996 2442 1401 1735 940 964 2529 2843 1132 1443 2341 606 1680 1960 1044 1068 1152 2141 2385 1086 2475 2004 1186 1043 2722 2480 1837 1760 1897 3010 1518 2202 1522 1866 1486 2954 1104 2210 1272 1740 1525 2021 1698 2011 2039 2426 1431 2081 1099
2829 2062 2116 2346 2998 893 3683 1144 2100 1015 2399 2628 2789 2654 2397 3036 1086 1368 2164 629 360 1468 1078 816 2391 1734 2153 2576 2270 1974 3215 985 3297 1705 743 2406 1727 2694 1626 2907 2053 3179 3092 2967 2477 3219 2202 2735 2620 1292 1403 2758 2070 1838 2294 1604 1375 2736 3528 1294 2521 1734 2328 1854 3116 3322 2921 2773 1974 2788 1972 2990 3110 2446 656 935 1703 3930 1382 2872 1195 1471 2722 1312 2725 2174 1447 1180 1873 1804 2842 3226 2791 1457 782 1943 1949 1696 2632 921 2873 835 2832 1136 1179 2723 2793 1409 2654 2991 2700 3395 1874 2727 2420 1076 2377 3501 1828 3048 637 2535 1584 2048 2380 2192 1923 2960 2329 494 2849 1265 1974 2513 1812 2348 1372 713 3497 767 960 2518 2480 2172 2944 2171 2976 2051 2335 1508 918 2959 1588 1513 2236 3782 2346 1035 1816 1200 1260 1032 1874 914 955 976 3350 2749 1776 2054 797 1519 2891 1411 643 2305 2085 2913 3074 2024 3052 2614 3138 2202 2641 1315 2841 2517 2453 2828 1650 2555 1341 2625 3677 3336 2090 1140 659 3563 1114 2299 1897 3398 1268 2465 2645 1935 1183 2354 2468 1554 2401 3151 2717 2866 1511 921 1986 2126 1165 2033 1428 927 1751 895 1074 1415 3113 2457 1079 2613 1600 1815 1422 1103 2569 1638 2002 1155 705 2746 2964 970 1551 2437 803 1948 2072 1258 1094 1393 2355 2470 1229 2717 2265 1398 1265 2991 2718 1984 2024 1918 3258 1786 2461 1790 2129 1581 3213 1339 2442 1293 2010 1793 2262 1961 2270 2133 2670 1638 2350 945
2521 2151 2812 1534 2695 1932 3301 2060 2740 1503 2799 1960 1841 2966 2665 2302 914 495 1847 1288 1468 360 1970 1882 2673 1993 2837 1610 2911 1908 2756 862 3015 1726 1647 2229 2505 1915 2451 2887 2031 2580 3199 2916 1424 3050 2379 2707 1570 1679 1922 1856 2118 2529 2610 2094 2266 2633 3217 1044 2722 701 1632 1892 3084 2842 2929 2733 2699 2909 1268 2233 2612 2269 1638 1098 941 3521 2336 3109 689 954 3285 2274 1668 2477 2128 883 1513 1985 2363 2731 3177 2387 1846 1534 1867 813 2140 1917 2117 1178 1978 1629 939 2158 2794 1375 1584 2706 2476 3005 999 3326 2008 1985 2545 3119 2079 3167 1313 1782 2435 1422 2110 1379 1094 2885 1579 1360 2472 1148 920 2208 2599 1333 675 1748 3130 1852 2068 3081 2154 2063 2410 1139 3493 1255 2121 1825 1145 2734 510 1790 2950 3393 3057 1769 1915 2201 1962 2111 1299 2018 2055 1001 2952 2652 2048 1780 1250 2400 2272 2077 1696 2211 2637 2259 3247 1636 2561 3210 2639 1097 2956 1937 2716 2901 2189 1951 2384 2903 491 2395 3260 3179 2725 2101 1756 3114 2079 1235 1386 3004 1950 2483 2630 1908 1989 1895 2705 1530 2208 2779 2634 3309 482 1907 1926 1710 924 1623 1651 1870 2051 1955 2021 485 2817 1767 1573 2072 1423 2124 2256 1792 3021 1704 1318 729 1794 2756 3417 2054 2160 3004 1044 1525 2611 640 1939 730 1269 3070 631 2547 1449 551 1558 2279 1694 2413 1711 2716 2986 1211 1582 1457 1790 2222 2824 1530 2384 2129 1524 1230 2165 1220 1420 2725 2487 1876 1796 2023
2568 1671 1405 2493 2723 660 3407 451 1402 901 1781 2636 2993 2059 1847 3049 1436 1842 2018 1080 1078 1970 360 744 1834 1313 1444 2816 1567 1709 3022 1479 2985 1466 1363 2124 1010 2773 908 2469 1739 3083 2571 2542 2813 2843 1729 2318 2942 986 902 2925 1706 1136 1728 1051 667 2364 3218 1480 1995 2136 2397 1551 2669 3133 2467 2359 1260 2283 2118 3023 2951 2157 1260 1239 1959 3659 728 2299 1787 1695 2028 671 3049 1631 794 1503 1832 1417 2697 3056 2155 778 1187 1912 1701 2020 2521 1364 2916 1151 2954 867 1465 2649 2353 1362 3000 2705 2407 3142 2148 2024 2287 390 1886 3236 1384 2525 1046 2613 868 2127 2162 2362 2156 2550 2435 1085 2635 1387 2356 2296 1094 2654 1752 1218 3223 1125 1029 1830 2282 1889 2824 2511 2289 2237 2088 1130 1193 2639 2047 1166 1520 3506 1629 612 1483 646 657 797 1967 1076 1121 1333 3106 2372 1332 1906 1079 811 2834 779 1169 1987 1420 2879 2521 1958 2893 1914 2977 2646 2046 763 2472 1897 2219 2968 945 1950 1867 2344 3423 2946 1394 523 1065 3338 514 2662 1944 3147 681 2052 2231 1654 510 2262 1927 1416 2130 2907 2336 2206 1965 559 1713 2053 1466 1978 1172 516 1294 712 459 1876 2823 2502 876 2536 1545 1333 704 649 1917 1395 2127 1602 1099 2306 2298 802 925 1750 1318 1925 1415 1700 434 1742 2745 1773 1798 2388 2426 1833 1066 2992 3004 1393 1909 1200 2942 1907 2640 1759 2006 927 2974 1168 2079 576 2010 1904 1952 2132 2454 1451 2354 1266 2322 773
2864 2000 1765 2610 3025 454 3714 769 1775 1051 2165 2821 3087 2441 2222 3236 1414 1768 2260 956 816 1882 744 360 2210 1644 1806 2890 1935 1993 3295 1381 3301 1731 1005 2422 1363 2927 1246 2822 2042 3318 2944 2891 2834 3179 2085 2663 2972 1251 1245 3037 2026 1509 2106 1417 980 2696 3536 1547 2367 2111 2550 1845 3025 3406 2824 2704 1618 2651 2229 3201 3210 2458 906 1223 2010 3965 951 2680 1636 1753 2400 881 3079 2003 1177 1500 2023 1739 2949 3321 2540 1034 804 2102 1978 2036 2757 980 3088 1116 3089 1097 1479 2871 2705 1535 3017 3011 2712 3439 2194 2390 2528 725 2248 3537 1725 2898 935 2765 1193 2270 2436 2465 2223 2895 2571 888 2913 1479 2346 2571 1437 2690 1730 845 3528 742 681 2205 2550 2183 3067 2527 2664 2330 2372 1437 1186 2956 1987 1463 1871 3813 1977 868 1786 756 1023 590 2099 707 756 1300 3400 2705 1671 2146 1048 1117 3050 1159 806 2296 1803 3085 2899 2164 3152 2282 3237 2603 2429 1117 2804 2281 2500 3094 1317 2334 1761 2644 3722 3288 1768 728 694 3626 703 2667 2098 3443 1042 2394 2575 1942 890 2485 2301 1635 2423 3199 2670 2588 1906 544 2000 2265 1473 2179 1429 606 1637 439 688 1810 3131 2668 1071 2757 1732 1685 1058 939 2301 1659 2248 1536 720 2658 2678 536 1306 2126 1197 2111 1799 1641 798 1736 2735 2143 1663 2706 2535 1782 1287 3184 3055 1772 2135 1532 3260 2024 2743 1944 2238 1311 3264 1386 2404 948 2187 2026 2258 2230 2551 1830 2667 1577 2518 502
1528 920 1252 2354 1629 2133 2205 1842 1119 1763 615 2164 2822 653 387 2471 2193 2547 1519 2218 2391 2673 1834 2210 360 1061 1226 2760 1145 1211 2028 2383 1767 1312 2756 1242 1443 2404 1556 1104 1094 2274 1101 1189 2951 1533 678 1026 3022 1484 1351 2695 975 1251 466 1157 1736 1158 1976 1991 549 2606 2142 1159 1266 2129 1073 1062 1311 833 2139 2494 2042 1241 2655 2103 2259 2441 1876 840 2698 2100 1175 1899 3111 577 1404 2179 1683 1048 1883 2102 880 1810 2639 1724 1250 2405 1840 2820 2434 2109 2625 1624 2121 2002 1005 1659 3116 1592 1366 2014 2387 1264 1660 1858 595 2072 966 1054 2187 2295 1619 2019 1409 2321 2321 1222 2237 2318 1695 1894 2715 1476 1455 2775 2357 2647 2045 2581 2502 1047 1513 1175 2029 2741 1275 2277 1314 1275 2070 1470 2649 1289 1323 2293 1351 1737 1120 2004 1547 2253 1976 2550 2595 2175 2000 1152 1008 1484 2080 1692 2168 1414 2585 1107 934 2247 1049 1667 1999 1183 2058 3042 643 1460 1241 645 1399 2673 1378 606 2645 1356 2258 1602 1108 1924 2501 2232 1937 2892 1882 2022 1529 877 970 1181 1684 1738 466 1503 1271 1834 1117 1041 2589 2027 1193 1686 2141 1697 1419 1964 1020 2186 1915 2547 1677 2157 1688 1923 1629 949 1619 1663 821 1328 2107 2381 2543 966 1146 2271 1270 1017 2335 1743 911 2422 1772 2305 3009 1115 2670 1272 2341 2481 1560 2403 2996 804 1555 1483 1725 2003 2517 1689 1564 1282 1899 1542 1021 1668 1816 1985 1121 2194 2403 1010 1282 1178 1902 2245
1627 718 1356 1910 1777 1586 2457 1357 1239 1084 1166 1881 2418 1350 1059 2267 1495 1864 1190 1536 1734 1993 1313 1644 1061 360 1361 2302 1382 821 2098 1682 2032 707 2113 1186 1258 2077 1308 1543 807 2213 1719 1610 2426 1895 827 1380 2521 803 771 2313 754 1146 984 689 1354 1413 2265 1309 1159 1967 1738 661 1750 2210 1552 1420 1306 1415 1609 2262 2046 1216 2016 1402 1643 2708 1504 1531 1999 1445 1678 1497 2620 851 976 1486 1171 472 1810 2143 1547 1474 2036 1239 832 1776 1669 2216 2172 1413 2289 958 1428 1818 1428 980 2605 1757 1460 2197 1799 1734 1437 1342 1004 2287 456 1677 1507 1935 1346 1532 1257 1831 1752 1611 1812 1647 1712 1206 2109 1384 1327 2248 1681 2026 2273 1984 1960 1483 1383 963 1949 2176 1867 1750 1171 587 1370 1686 1985 591 1488 2555 1574 1136 578 1559 1021 1749 1434 1992 2041 1474 2164 1422 415 1097 1388 1385 2006 951 1959 1041 1075 2066 1714 1229 1991 1622 2071 2438 1339 911 1521 1269 1301 2322 1130 1276 1955 1401 2476 2003 1222 1449 1890 2398 1452 2333 1359 2203 994 1110 1291 760 1174 1452 1117 850 1197 1966 1387 1676 1919 1478 816 1296 1447 1258 717 1404 430 1642 1410 1868 1873 1802 1015 1712 1005 494 1249 1065 1390 683 1591 1685 1937 1380 1784 1748 870 1413 1637 1257 1043 1733 1240 1633 2443 1494 1973 1435 1871 1803 862 2202 2529 803 1136 1419 1989 1430 2076 1140 1203 932 2034 841 1125 1226 1347 1416 1010 1653 1923 1181 1403 478 1567 1716
2365 1536 403 2911 2479 1712 3071 1398 486 1709 1007 2847 3417 1273 1253 3207 2286 2702 2153 2091 2153 2837 1444 1806 1226 1361 360 3303 502 1779 2868 2412 2634 1707 2444 2005 803 3060 928 1966 1711 3075 1873 2051 3417 2397 1388 1891 3517 1522 1274 3310 1602 680 1144 1122 1192 2015 2843 2190 1411 2890 2734 1642 2111 2973 1929 1928 550 1670 2606 3214 2863 2017 2342 2124 2601 3307 1276 1524 2744 2370 963 1330 3618 1163 1091 2315 2173 1447 2671 2935 1237 1188 2245 2240 1802 2717 2580 2412 3134 2078 3276 1572 2260 2740 1870 1904 3599 2445 2194 2875 2771 944 2365 1453 1428 2937 1330 1827 2056 2924 990 2534 2139 2832 2735 2087 2811 2137 2511 2077 3062 2239 742 3240 2550 2291 2910 2182 2016 790 2260 1850 2817 3153 1231 2747 2041 1422 2079 2329 2867 1470 486 3159 581 1508 1563 1464 1279 1745 2430 2086 2119 2218 2858 2011 1320 2075 2020 1075 2921 1138 2248 1850 682 2992 1758 2224 2814 839 2882 3387 1263 1271 2103 1080 2155 3312 863 1164 2765 2168 3123 2459 502 1443 2139 3093 1465 3312 2359 2883 1281 1708 1830 1724 1330 2408 1328 1821 2028 2685 1974 1214 2791 1632 1768 2282 2273 2254 1596 1600 1291 1750 1478 2720 2536 2788 1633 2644 1985 1244 1107 1456 990 1673 2590 2481 2166 1833 1284 1787 1037 725 2293 2259 716 2558 1419 2516 3418 709 2738 2115 2873 2662 1647 3140 3529 964 2125 692 2591 2418 3077 2140 2177 978 2751 1698 1825 1227 2348 2406 1844 2646 2924 581 2114 1442 2544 1775
1948 2215 3297 765 2097 2906 2493 2903 3182 2274 2979 1117 592 3016 2740 1234 1853 1640 1602 2328 2576 1610 2816 2890 2760 2302 3303 360 3320 1928 1947 1969 2371 1956 2843 1952 3129 900 3132 2581 2032 1631 2973 2567 701 2535 2446 2439 669 2266 2495 649 2153 3065 2750 2572 3046 2298 2502 1708 2709 1270 983 2035 2722 1992 2647 2444 3234 2758 1073 1150 1786 1975 2812 2031 1240 2656 3164 3046 1935 1496 3549 3119 727 2642 2759 1761 1491 2223 1635 1882 3265 3182 2994 1427 1894 1244 1481 3100 1065 2139 814 2326 1774 1384 2537 1841 771 2129 2043 2234 1062 3623 1533 2841 2546 2338 2342 2960 2337 896 3144 1130 1773 833 1026 2516 884 2446 1846 1791 1062 1779 3214 657 1571 2909 2364 2983 3151 3377 1720 1947 1591 846 3675 942 1849 2273 2064 2223 1460 2221 3430 2564 3516 2566 2108 3096 2664 3109 1244 3121 3166 1967 2180 2319 2345 1637 2203 3145 1377 2711 2845 2041 3012 1316 3086 1461 1758 3521 1807 1119 3010 2586 2331 3042 1821 761 2993 3004 1731 1986 2419 2651 3165 2976 2875 2255 2961 831 1305 2229 2641 2338 2399 1972 2763 1422 2736 1864 1921 2074 2322 3437 1509 2841 1943 1433 1783 1431 2121 2779 2373 2947 2899 1590 2198 1010 2303 1374 1701 2424 2986 2547 3210 1993 1079 1797 2922 2519 3538 3065 2719 3317 2138 1408 2978 1704 2757 1544 906 3408 1874 2158 790 1578 2150 1247 596 2726 1571 3321 2359 1280 604 1525 1556 2790 2089 2059 2187 2890 1322 1288 2015 1048 740 3119 2102 2225 1247 3029
