140 1866 860 2624 2328 3054 1408 1152 1053 2753 490 2279 1337 996 2834 1806 1796 2428 2475 2319 2023 554 2085 3157 1926 2529 1753 1094 1375 2430 789 2132 866 2449 1863 2245 1512 2055 1449 1489 2118 1908 2136 966 2573 1442 880 1919 986 1717 1210 2450 1731 2293 1651 1620 1994 2027 1262 766 620 2986 2419 2493 2294 2350 2234 749 2113 1385 1102 735 1342 1848 1227 2422 1293 2370 1732 2289 1379 2218 941 1960 2473 2442 929 1048 2554 2211 2821 1578 712 2721 1719 748 862 1961 1732 1928 1112 2470 1769 1061 2172 2509 1397 870 928 583 1582 2697 2366 2191 2178 2623 2059 1381 820 1126 614 1476 1047 2759 2020 603 1243 785 2540 1039 993 1633 1171 962 2239 948 2156 1604 1281 1867 1746 1302 2256 1054 920 941 2532 2255 1450 1046 2726 1471 1718 1408 2724 1506 1898 2857 1143 1050 1948 1515 630 1650 1841 1228 1110 2310 2183 1548 2904 2343 2060 2655 1486 1732 2361 2295 1004 2211 2193 1782 2185 1763 2583 1032 1455 1149 1586 2944 1184 1875 2315 2446 966 854 1973 949 2054 1373 1523 1318 463 1851
1966 360 2659 2091 869 2029 1475 1083 1248 2285 1744 1896 2417 1852 2099 1209 765 1520 1752 2627 1068 2290 2988 2230 429 2159 1640 1168 2253 1322 2517 1022 2242 1830 2331 1548 878 591 2098 749 1863 1395 850 1299 1480 1014 2363 604 2799 1003 1022 1879 1173 1712 1005 1214 871 1132 2549 1757 2446 1993 1201 3333 3294 1371 2903 2573 2904 1496 1388 1547 2169 1409 2804 2911 1908 3324 496 859 921 2286 1284 1242 2652 936 2159 2041 1508 1674 2200 650 2038 2217 638 2503 2090 1909 496 1322 2265 2190 1732 2437 1183 2137 836 2596 1305 1667 1011 2011 865 2438 2514 2016 2582 864 2645 1378 1724 2585 2812 2173 549 1797 1612 1837 1810 1833 1977 2012 2142 2565 742 2427 1489 2341 1116 1100 754 2601 3253 1375 1521 2763 2424 2222 1306 1280 1707 1301 657 1309 1864 1440 1252 1810 2841 1344 1118 715 2081 1225 930 1523 2002 972 1201 721 2168 2847 1153 1485 1580 1571 1047 813 1225 2540 1000 1034 1682 1280 2200 2620 1726 1097 639 2148 2735 1590 2599 1377 2096 2676 1031 1913 1918 2017 2501 2731 2109 2481
960 2659 360 3128 3136 3672 2196 1961 1873 3223 1279 2781 1441 1455 3381 2456 2537 3060 3052 2559 2842 965 2077 3739 2715 2992 2277 1910 1592 3111 581 2841 1045 2999 2127 2843 2255 2834 1763 2294 2606 2515 2878 1727 3240 2262 933 2730 781 2537 2016 2986 2390 2853 2471 2270 2720 2704 1243 1535 668 3599 3239 2456 2197 3166 2321 648 2159 1961 1768 1555 1605 2448 940 2564 1696 2289 2523 3100 2195 2573 1739 2773 2742 3232 1180 1381 3211 2769 3333 2369 1106 3206 2485 548 1477 2413 2523 2555 1286 2911 2264 1078 2991 2976 2200 567 1714 1351 2402 3241 3151 2478 2430 3150 2250 2190 539 1789 1309 1501 976 3266 2822 1248 2011 1309 3112 1759 1373 2005 1437 788 3023 943 2759 1811 2102 2543 2564 1254 2167 1740 1583 688 2903 2642 2085 1866 3363 2278 2531 2046 3317 2094 2540 3493 1165 1868 2765 2304 1016 2461 2552 2013 1465 3127 2859 2357 3445 2490 2878 3337 2027 2278 3094 3072 1793 2460 2912 2472 2738 2571 3043 829 1939 1925 2382 3500 944 2423 2565 3117 1579 499 2668 1377 2515 1723 1618 1162 919 2040
2724 2091 3128 360 2374 1146 3022 2328 2532 555 2545 708 2204 2044 671 1336 1711 998 721 1457 2799 3139 2236 1070 2055 575 1232 2434 1988 1276 2910 1453 2449 620 1568 903 1821 1958 1771 2223 881 1156 1666 2177 1206 2579 2576 2332 3475 2696 2290 574 1409 752 2675 1470 1582 1319 2446 2927 3103 1072 2845 2374 2516 3080 1951 3229 2078 1601 1918 2636 1939 1191 2878 1773 1793 2485 2075 2420 2399 1117 2319 2968 1333 2161 2312 2109 1139 816 565 2085 2399 486 1878 2941 3253 1083 2070 1190 2250 690 1228 2496 2905 574 2229 2953 2279 2451 2653 571 2074 1338 1452 467 1672 2282 3227 1895 2373 2279 3597 498 2209 2382 3068 2227 687 3155 2115 1516 2077 2783 2031 2594 971 1852 2580 1387 2459 2476 2485 1979 2078 3398 940 996 1582 2576 1068 2889 2346 1623 824 1489 1254 1122 3721 2673 2847 2083 2499 2885 1543 2980 2025 2591 1266 2279 710 1756 2884 1320 1498 1252 1616 1974 2253 1452 1513 1480 828 2969 564 2792 1554 2128 2130 795 2810 1113 1422 1214 3316 3227 1421 2117 980 1784 2121 2653 2657 1760
2428 869 3136 2374 360 2108 1703 1536 1660 2568 2217 2248 2924 2361 2308 1629 1205 1745 2014 3059 1000 2722 3477 2339 836 2484 2086 1599 2756 1485 3005 1291 2748 2119 2800 1857 1382 822 2593 1202 2251 1794 1075 1794 1612 1325 2866 773 3242 1155 1480 2177 1613 2032 1197 1679 1205 1471 3058 2144 2905 2094 842 3810 3786 1128 3372 3028 3386 1989 1897 1979 2672 1825 3308 3359 2410 3811 1000 433 1319 2700 1757 1222 3062 643 2667 2550 1663 2015 2440 1146 2541 2496 1129 2988 2451 2334 1001 1711 2775 2536 2179 2945 1015 2463 1295 3085 1786 2147 1242 2249 684 2872 2957 2283 3047 1307 3108 1887 2216 3092 3235 2429 683 2292 1886 2343 2060 2153 2486 2490 2650 3066 702 2931 1821 2834 1471 1500 983 3110 3745 1883 2027 3215 2791 2621 1795 1682 1837 1524 976 1803 2050 1920 1647 1906 3242 1723 1104 1211 2579 1374 1340 1809 2510 598 1475 1140 2369 3299 1062 1563 2062 2018 1138 765 1707 2981 1222 1462 2030 1368 2517 3122 2214 1592 1123 2326 3240 2009 3029 1549 2437 3143 1386 2422 2326 2516 3003 3240 2595 2961
3154 2029 3672 1146 2108 360 3119 2524 2736 1245 2940 1380 2873 2582 850 1608 1769 986 1004 2242 2675 3558 3005 602 1970 1362 1780 2636 2652 1073 3465 1398 3027 1099 2307 1189 1998 1823 2427 2305 1542 1518 1539 2495 911 2649 3162 2232 3969 2672 2472 1143 1684 1212 2674 1794 1568 1416 3105 3209 3587 438 2586 3160 3293 2875 2733 3720 2851 2071 2312 2931 2589 1584 3518 2560 2390 3266 2075 2172 2502 1891 2599 2881 2117 1838 2894 2694 896 1289 1022 2153 2926 1187 1925 3485 3555 1758 2071 1487 2873 1476 1820 3118 2739 1358 2347 3521 2577 2842 2675 937 1784 2115 2231 1053 2442 2398 3741 2288 2803 2975 4059 1070 2071 2835 3220 2726 957 3380 2679 2182 2697 3381 1801 3193 1273 2557 2705 1565 2423 3143 3261 2359 2497 3903 1721 1769 1967 2779 700 2955 2324 2008 736 1938 1516 580 4153 2869 2753 2179 3017 2894 1646 3129 2613 2346 1271 2330 851 2542 2755 913 2010 1764 1361 1719 2526 2233 1394 1661 1324 2947 1347 3403 2119 2376 2185 757 3446 1625 2207 1027 3596 3751 1496 2661 1665 2415 2823 3319 3148 2506
1508 1475 2196 3022 1703 3119 360 1081 920 3202 1428 2744 2523 1975 3108 2045 1722 2553 2734 3201 1147 1632 3252 3302 1542 3025 2306 994 2460 2405 2157 2081 2133 2776 2789 2499 1561 1704 2416 1179 2644 2230 1950 1363 2567 829 2197 1343 2140 908 1104 2809 1974 2630 868 1930 1912 2113 2535 1020 1899 3075 1563 3653 3513 1389 3299 1988 3229 1977 1662 1087 2393 2207 2588 3409 2204 3573 1406 1637 988 2954 1203 994 3295 1935 2130 2135 2585 2567 3172 1330 1917 3145 1557 2113 1205 2592 1410 2192 2305 3018 2375 2353 1259 3003 1156 2237 1261 1431 835 2997 1908 3028 3064 2972 3036 1103 2098 1674 1569 2691 2069 3131 1510 1643 570 1819 2799 869 2059 2473 2273 2321 1813 2269 2419 2646 802 2006 1113 2583 3472 1601 1629 2146 3191 2934 1878 885 2785 540 1183 1849 2902 2017 2128 2898 2022 807 1041 1314 1890 706 1870 543 2150 1567 2231 1148 3181 3332 1144 2589 2104 2248 2161 1898 1236 3095 2086 1907 2560 776 3075 2391 2184 1301 1294 3180 2539 2341 3183 2452 1155 2145 2015 1988 2647 2322 2680 2641 1795 2865
1252 1083 1961 2328 1536 2524 1081 360 572 2502 1042 2034 1940 1358 2444 1356 1126 1920 2065 2492 1318 1567 2624 2682 1147 2316 1585 471 1833 1827 1840 1500 1646 2092 2095 1824 890 1290 1749 698 1927 1531 1435 700 1987 759 1747 1128 2077 1031 421 2119 1280 1940 970 1221 1336 1474 2011 1064 1730 2470 1672 3012 2906 1673 2630 1855 2580 1260 965 826 1757 1501 2183 2716 1536 2956 954 1498 613 2234 593 1335 2578 1657 1597 1540 1989 1872 2490 806 1425 2448 997 1818 1410 1871 955 1503 1744 2303 1654 1860 1475 2293 607 1922 638 980 906 2323 1588 2315 2357 2287 2348 589 1932 973 1072 2113 2090 2444 1228 1152 1100 1260 2132 1216 1465 1773 1668 1927 1464 1817 1739 1990 658 1342 977 2062 2864 911 987 2044 2470 2213 1157 616 2184 993 932 1128 2262 1296 1445 2308 2124 710 1274 751 1442 1085 1238 1013 1532 1532 1614 756 2517 2641 1377 2038 1387 1528 1665 1528 570 2389 1534 1242 1861 1203 2367 1989 1477 581 804 2528 2120 1625 2473 1863 1438 1967 1388 1393 1926 1656 2071 2162 1430 2191
1153 1248 1873 2532 1660 2736 920 572 360 2704 980 2232 1997 1431 2654 1564 1335 2132 2275 2642 1337 1421 2709 2894 1316 2513 1767 461 1916 2037 1778 1709 1651 2299 2228 2034 1103 1468 1859 860 2118 1736 1635 802 2198 751 1737 1247 1943 1032 625 2325 1487 2146 966 1422 1544 1687 2038 870 1618 2683 1726 3106 2980 1677 2743 1735 2679 1423 1102 683 1845 1702 2159 2848 1646 3036 1129 1614 701 2403 643 1304 2739 1812 1623 1601 2201 2077 2698 993 1428 2651 1198 1748 1211 2049 1131 1712 1787 2496 1831 1870 1490 2491 782 1861 702 945 897 2533 1751 2470 2504 2494 2476 745 1823 1115 1067 2168 1936 2650 1371 1147 903 1295 2342 1004 1524 1912 1736 1896 1631 1808 1948 2092 594 1554 1056 2088 2938 1040 1074 1919 2652 2390 1343 404 2396 877 1044 1310 2474 1475 1654 2520 1955 500 1271 945 1424 1015 1451 820 1606 1621 1826 894 2727 2772 1382 2246 1552 1714 1864 1701 676 2536 1740 1454 2065 1136 2565 1961 1626 766 981 2739 2101 1818 2624 2074 1231 1862 1600 1452 2110 1765 2143 2169 1376 2307
2853 2285 3223 555 2568 1245 3202 2502 2704 360 2684 841 2257 2153 756 1518 1902 1189 914 1402 2994 3268 2211 1118 2250 590 1363 2607 2048 1465 3002 1649 2539 815 1587 1096 2002 2154 1840 2410 995 1332 1861 2336 1385 2763 2661 2527 3583 2886 2467 766 1588 939 2865 1641 1777 1512 2501 3084 3216 1178 3040 2311 2476 3276 1907 3340 2048 1740 2066 2793 2007 1361 2939 1703 1888 2437 2267 2615 2582 1108 2482 3161 1252 2353 2403 2202 1320 995 584 2274 2506 433 2068 3037 3405 1170 2262 1372 2325 684 1344 2568 3100 607 2412 3041 2440 2592 2841 716 2267 1313 1423 647 1654 2465 3330 2044 2507 2316 3713 538 2404 2510 3243 2346 874 3320 2214 1586 2157 2861 2226 2673 1161 1890 2760 1575 2651 2527 2448 2129 2219 3503 857 998 1740 2748 1227 3072 2538 1779 974 1636 1438 1261 3843 2844 3040 2269 2607 3073 1734 3155 2118 2786 1461 2467 760 1696 3079 1493 1628 1393 1807 2167 2418 1417 1708 1667 1002 3158 540 2866 1666 2298 2319 856 2872 1262 1369 1402 3471 3327 1615 2223 1069 1864 2157 2703 2772 1769
590 1744 1279 2545 2217 2940 1428 1042 980 2684 360 2205 1481 1012 2740 1691 1666 2313 2374 2348 1956 979 2229 3051 1803 2465 1681 1000 1463 2305 1162 2004 1066 2357 1897 2140 1382 1929 1486 1375 2052 1805 2005 836 2450 1370 1132 1811 1437 1652 1097 2362 1615 2200 1586 1507 1864 1904 1469 878 1067 2874 2338 2637 2469 2296 2330 1198 2231 1305 996 701 1412 1748 1543 2489 1300 2537 1609 2181 1282 2202 820 1919 2485 2319 1074 1123 2433 2118 2737 1455 853 2648 1590 1137 1116 1913 1609 1818 1256 2416 1709 1284 2110 2445 1281 1244 801 457 1517 2604 2241 2203 2205 2536 2116 1271 1262 1020 556 1641 1491 2678 1903 602 1300 808 2440 1174 1053 1630 1260 1277 2114 1204 2051 1678 1214 1745 1652 1516 2429 942 826 1390 2502 2225 1345 983 2609 1454 1614 1303 2618 1416 1784 2739 1573 1014 1891 1391 822 1618 1713 1261 1163 2213 2059 1439 2811 2410 2002 2529 1417 1653 2231 2168 879 2238 2063 1658 2095 1737 2519 1344 1411 1020 1466 2846 1487 1791 2339 2323 1203 1292 1847 991 2000 1399 1654 1574 756 1919
2379 1896 2781 708 2248 1380 2744 2034 2232 841 2205 360 1879 1696 975 1074 1496 989 764 1291 2600 2794 1995 1365 1872 641 886 2137 1659 1250 2563 1320 2104 644 1287 768 1553 1802 1439 1970 537 881 1534 1856 1242 2317 2232 2141 3127 2463 2002 597 1137 602 2435 1174 1411 1140 2118 2603 2755 1301 2698 2190 2292 2906 1746 2881 1847 1260 1585 2313 1606 896 2546 1617 1448 2274 1857 2284 2132 910 2004 2751 1224 2072 1967 1764 1176 594 912 1843 2050 802 1654 2594 2924 750 1852 939 1911 653 879 2158 2719 618 1963 2608 1961 2112 2406 839 1976 1132 1245 734 1437 2014 2879 1563 2030 1966 3249 846 2038 2037 2774 1880 790 2842 1768 1185 1737 2441 1910 2252 787 1543 2302 1158 2238 2151 2258 1648 1739 3050 903 795 1261 2276 1190 2622 2124 1299 1008 1155 1009 1286 3374 2373 2636 1830 2150 2637 1327 2687 1680 2447 1144 2034 1032 1583 2685 1371 1152 912 1546 1867 1941 1254 1398 1239 577 2729 692 2453 1205 1826 1889 1100 2476 781 1256 1198 2990 2879 1234 1769 650 1445 1811 2328 2309 1486
1437 2417 1441 2204 2924 2873 2523 1940 1997 2257 1481 1879 360 944 2493 1837 2124 2328 2229 1480 2888 1765 1111 2883 2448 2031 1473 1965 581 2471 1230 2294 839 2142 1067 2073 1903 2504 806 2171 1704 1803 2416 1600 2558 2338 889 2588 1856 2610 1965 2110 1801 2021 2550 1691 2237 2102 603 1994 1568 2795 3199 1520 1350 3246 1271 1654 1137 1333 1397 1805 651 1734 1043 1492 901 1415 2292 2915 2185 1543 1728 2914 1667 2911 773 759 2510 1945 2407 2162 999 2256 2159 1284 2159 1488 2290 1873 587 1933 1417 723 3044 2019 2092 1236 1671 1457 2486 2358 2812 1416 1356 2251 1169 2113 1595 1404 1316 533 2035 2337 2605 1246 2416 1064 2277 2289 835 1054 637 1021 2691 860 2007 743 2211 1965 2516 632 1309 1426 1314 1764 1871 1633 1524 2019 2614 2513 2434 1505 2498 1443 1891 2734 2209 2081 2853 2102 1068 2647 2054 2369 778 3009 2234 2256 2547 1416 2953 2677 1313 1508 2583 2707 1730 1384 2384 1937 1909 2768 2077 1003 1163 1769 2198 2619 979 1629 1488 2454 2262 1573 2113 907 1589 832 549 809 1241 959
1096 1852 1455 2044 2361 2582 1975 1358 1431 2153 1012 1696 944 360 2287 1399 1597 1979 1957 1698 2303 1500 1638 2644 1889 1924 1183 1390 845 2061 1243 1828 815 1905 1245 1752 1349 1961 834 1588 1524 1431 1915 1018 2175 1757 951 2011 1791 2027 1381 1893 1344 1758 1967 1224 1740 1661 1057 1523 1422 2508 2617 2037 1911 2661 1695 1546 1614 881 824 1286 778 1362 1362 1839 656 1965 1723 2348 1601 1582 1153 2333 1842 2372 694 550 2140 1674 2248 1587 714 2130 1607 1267 1762 1346 1721 1479 773 1855 1176 965 2459 1906 1508 1299 1096 953 1904 2147 2277 1559 1555 2059 1465 1528 1543 834 817 1118 1920 2182 2039 777 1893 573 2017 1815 485 996 670 1174 2152 996 1670 1037 1636 1507 1931 1108 1869 844 730 1714 1898 1623 1038 1457 2280 1948 1852 1006 2223 1013 1475 2410 2056 1528 2269 1526 814 2072 1559 1835 535 2433 1810 1672 2352 1760 2368 2282 933 1183 2106 2178 1149 1588 1911 1455 1643 2193 1977 1208 850 1185 1621 2406 1289 1328 1690 2058 1854 1545 1647 439 1444 748 1074 1246 980 1272
2934 2099 3381 671 2308 850 3108 2444 2654 756 2740 975 2493 2287 360 1453 1755 940 739 1764 2796 3347 2547 759 2053 884 1464 2554 2274 1182 3165 1437 2710 745 1875 980 1917 1934 2054 2292 1151 1301 1633 2338 1066 2649 2840 2331 3712 2731 2400 754 1531 901 2719 1615 1591 1357 2733 3083 3334 782 2788 2681 2827 3048 2261 3464 2389 1811 2104 2794 2221 1353 3161 2077 2056 2795 2108 2362 2479 1428 2468 2981 1631 2068 2573 2370 1008 983 537 2145 2641 697 1924 3193 3419 1365 2103 1307 2525 1000 1479 2772 2887 885 2312 3213 2434 2644 2705 499 1992 1649 1764 602 1984 2365 3470 2081 2580 2576 3823 580 2190 2597 3176 2458 672 3292 2368 1800 2350 3052 1972 2862 1068 2150 2672 1465 2486 2765 2796 2161 2277 3638 1234 1308 1757 2698 869 2961 2376 1799 622 1688 1360 877 3937 2794 2856 2154 2739 2935 1598 3085 2286 2537 1259 2337 433 2063 2880 1153 1722 1470 1529 1902 2398 1763 1474 1565 1010 3008 863 3065 1801 2261 2186 486 3091 1325 1730 1119 3474 3473 1457 2363 1263 2059 2420 2943 2889 2069
1906 1209 2456 1336 1629 1608 2045 1356 1564 1518 1691 1074 1837 1399 1453 360 804 982 1074 1791 1899 2310 2257 1727 1197 1352 822 1464 1631 1021 2260 819 1854 1096 1548 832 844 1167 1426 1256 1017 553 974 1256 1143 1607 1991 1450 2729 1749 1316 1125 438 945 1721 547 802 626 2033 1993 2346 1543 2040 2561 2570 2219 2116 2480 2148 883 1066 1706 1550 560 2394 2089 1296 2583 1152 1651 1424 1439 1377 2041 1804 1521 1731 1550 1115 882 1494 1128 1717 1459 948 2272 2333 1066 1147 507 1762 1363 914 1990 2026 1329 1254 2324 1346 1593 1692 1329 1418 1602 1687 1291 1787 1307 2509 1042 1557 1982 2812 1449 1371 1593 2094 1507 1141 2199 1514 1262 1597 2213 1319 2035 745 1642 1603 497 1528 2079 2530 1111 1252 2666 1581 1372 731 1608 1280 1915 1414 770 1295 758 454 1411 2904 1704 1928 1116 1800 1923 649 2005 1480 1798 770 1319 1526 2030 1983 1244 884 756 1110 1305 1306 1711 911 534 877 2014 1399 2248 1037 1168 1175 1544 2320 743 1761 1022 2384 2523 643 1479 1069 1371 1860 2242 1915 1724
1896 765 2537 1711 1205 1769 1722 1126 1335 1902 1666 1496 2124 1597 1755 804 360 1191 1389 2229 1464 2267 2637 1942 754 1764 1246 1236 1940 1063 2367 734 2027 1453 1954 1168 644 750 1762 902 1457 989 700 1190 1224 1256 2158 1008 2743 1345 1070 1497 773 1324 1327 833 569 759 2285 1828 2369 1720 1598 2965 2947 1776 2527 2502 2541 1160 1154 1567 1855 1005 2590 2520 1591 2969 724 1218 1096 1883 1247 1620 2248 1147 1925 1777 1232 1279 1837 752 1847 1837 528 2365 2175 1507 719 918 2001 1789 1339 2201 1586 1741 938 2441 1241 1574 1311 1653 1048 2040 2120 1644 2202 989 2555 1137 1589 2285 2790 1804 929 1649 1812 1634 1452 1975 1722 1645 1858 2374 930 2215 1101 1998 1297 697 1109 2335 2906 1166 1325 2694 2019 1817 964 1376 1430 1569 995 980 1541 1078 848 1550 2850 1463 1502 771 1910 1542 529 1720 1723 1358 869 941 1827 2458 1549 1271 1222 1177 924 944 1174 2145 769 629 1284 1620 1807 2420 1375 1019 791 1820 2518 1186 2200 1102 2204 2579 657 1668 1514 1690 2183 2481 1978 2116
2528 1520 3060 998 1745 986 2553 1920 2132 1189 2313 989 2328 1979 940 982 1191 360 638 1918 2216 2932 2581 1122 1473 1146 1215 2031 2108 639 2857 857 2431 762 1853 621 1389 1354 1885 1733 1091 908 1054 1870 615 2088 2567 1750 3347 2155 1870 826 1058 748 2145 1168 1014 805 2549 2593 2965 922 2222 2807 2887 2473 2358 3098 2442 1460 1687 2311 2037 977 2944 2245 1814 2877 1534 1795 1925 1535 1980 2401 1850 1524 2300 2106 553 789 1056 1583 2316 1115 1357 2874 2937 1281 1529 866 2299 1226 1275 2540 2308 1129 1763 2917 1954 2216 2135 865 1439 1754 1864 902 2038 1815 3123 1663 2178 2448 3434 1044 1610 2212 2636 2111 676 2776 2083 1659 2125 2788 1404 2604 681 2051 2124 944 1908 2590 2850 1733 1872 3282 1501 1424 1344 2176 662 2399 1800 1385 710 1327 890 792 3527 2268 2276 1599 2404 2363 1046 2544 2028 1968 683 1771 1008 2207 2300 745 1414 1184 977 1341 1906 1876 896 1043 823 2432 1167 2815 1540 1759 1622 991 2871 1058 1884 579 2981 3134 898 2059 1211 1857 2305 2762 2529 2052
2575 1752 3052 721 2014 1004 2734 2065 2275 914 2374 764 2229 1957 739 1074 1389 638 360 1687 2458 2986 2398 1048 1712 872 1142 2175 2007 917 2841 1101 2395 492 1682 601 1540 1607 1783 1921 908 929 1310 1963 865 2278 2528 1990 3368 2372 2021 557 1152 568 2357 1240 1241 990 2461 2706 2987 926 2487 2592 2695 2729 2150 3119 2250 1460 1738 2417 1945 986 2876 2013 1750 2678 1748 2062 2105 1310 2090 2634 1601 1800 2260 2059 797 647 808 1776 2307 841 1558 2864 3043 1120 1744 929 2231 961 1177 2478 2558 857 1937 2894 2057 2277 2340 623 1713 1534 1648 629 1841 1990 3131 1714 2220 2332 3471 782 1860 2242 2798 2115 427 2912 2048 1538 2056 2745 1672 2557 690 1917 2296 1088 2131 2499 2661 1793 1915 3297 1236 1192 1389 2319 786 2590 2019 1431 630 1332 981 885 3578 2414 2511 1782 2402 2572 1228 2708 1976 2233 915 1969 812 1982 2542 988 1385 1134 1254 1613 2019 1656 1155 1188 681 2648 890 2765 1483 1882 1818 833 2804 990 1651 856 3097 3138 1093 2035 1032 1772 2182 2675 2543 1882
2419 2627 2559 1457 3059 2242 3201 2492 2642 1402 2348 1291 1480 1698 1764 1791 2229 1918 1687 360 3281 2802 1185 2153 2623 1241 1346 2568 1337 2170 2343 2175 1907 1557 816 1680 2160 2597 1230 2565 1205 1628 2374 2201 2173 2861 1993 2860 2968 3075 2485 1496 1815 1530 3031 1776 2219 1969 1703 2848 2653 2167 3466 1277 1435 3621 865 2753 1019 1594 1899 2587 1348 1594 2130 686 1408 1395 2547 3082 2674 743 2363 3387 557 2928 1792 1634 2107 1499 1614 2479 1978 1439 2352 2394 3100 1085 2543 1713 1642 1126 1255 1841 3421 1244 2523 2355 2306 2281 2984 1665 2828 548 502 1550 683 2566 2706 1887 2152 1463 3138 1552 2798 2115 3164 1909 1699 3133 1686 1093 1525 2141 2740 1975 1671 1109 2791 1919 2892 1711 1408 1961 1960 2878 908 855 1734 2679 2110 3126 2784 1751 1897 1587 1774 2192 3304 2767 3289 2443 2074 3198 2080 3092 1569 3227 2023 2646 1788 659 3362 2302 1472 1416 2436 2715 2325 469 2264 1961 1469 3308 1261 2121 1376 2272 2526 1881 2076 1410 395 2122 3191 2687 2041 1733 1105 1310 1317 1868 2260 881
2123 1068 2842 2799 1000 2675 1147 1318 1337 2994 1956 2600 2888 2303 2796 1899 1464 2216 2458 3281 360 2339 3541 2893 1106 2866 2299 1324 2763 1994 2755 1720 2602 2539 2942 2257 1480 1225 2648 1095 2556 2090 1525 1652 2143 946 2700 827 2863 665 1285 2588 1852 2421 731 1869 1577 1841 2969 1721 2572 2650 778 3913 3835 718 3504 2679 3480 2080 1868 1647 2683 2097 3130 3547 2441 3877 1107 927 1066 2960 1547 581 3325 1275 2555 2490 2181 2382 2904 1162 2381 2926 1311 2724 1974 2580 1111 2022 2699 2894 2387 2818 516 2844 1162 2838 1596 1915 800 2714 1286 3094 3159 2723 3198 1135 2777 1867 2022 3062 2818 2880 969 2104 1353 2218 2514 1647 2416 2615 2613 2869 1238 2770 2198 2895 1103 1802 751 3020 3793 1828 1934 2854 3120 2906 1913 1338 2373 987 857 1903 2552 2059 1952 2462 2791 1336 471 1202 2390 801 1633 1295 2473 805 1904 1009 2864 3478 445 2122 2187 2231 1674 1324 1527 3187 1683 1726 2388 753 2908 2933 2316 1479 1115 2837 3070 2271 3256 2053 1936 2819 1739 2345 2601 2559 3007 3120 2353 3070
654 2290 965 3139 2722 3558 1632 1567 1421 3268 979 2794 1765 1500 3347 2310 2267 2932 2986 2802 2339 360 2493 3666 2354 3043 2267 1487 1837 2921 1019 2616 1286 2963 2346 2755 1986 2494 1937 1903 2632 2419 2602 1443 3068 1784 1254 2309 885 2039 1627 2964 2234 2806 1975 2125 2470 2522 1643 981 657 3492 2751 2896 2670 2639 2676 718 2540 1900 1610 1104 1815 2360 1487 2882 1794 2754 2160 2675 1763 2721 1386 2241 2963 2863 1379 1528 3052 2724 3336 2010 1184 3236 2174 958 871 2473 2161 2435 1552 2983 2284 1442 2479 3024 1813 1080 1386 1076 1910 3210 2795 2682 2662 3137 2528 1789 834 1634 1127 1882 885 3274 2428 1117 1435 1292 3052 1164 1481 2133 1640 1252 2670 1308 2666 2069 1625 2364 2113 1674 2635 1559 1431 876 3038 2763 1959 1401 3228 1738 2105 1917 3233 2019 2403 3358 954 1374 2251 1951 1087 1928 2326 1450 1597 2674 2677 1949 3417 2803 2363 3145 2001 2247 2831 2733 1456 2694 2671 2275 2699 2029 3097 1318 1967 1609 2011 3456 1465 2389 2800 2941 974 885 2463 1445 2567 1866 1955 1646 902 2317
2185 2988 2077 2236 3477 3005 3252 2624 2709 2211 2229 1995 1111 1638 2547 2257 2637 2581 2398 1185 3541 2493 360 2945 3005 2025 1805 2665 1153 2793 1894 2705 1580 2279 1090 2322 2472 3027 1255 2808 1856 2152 2872 2287 2835 3023 1599 3190 2498 3283 2639 2227 2249 2209 3226 2165 2697 2496 1214 2744 2266 2927 3812 769 672 3899 702 2331 525 1852 2035 2544 1227 2095 1535 980 1460 696 2878 3482 2856 1479 2430 3594 1371 3411 1524 1477 2775 2154 2413 2768 1750 2239 2713 1956 2908 1661 2875 2237 1339 1910 1719 1411 3694 2023 2740 1874 2372 2198 3167 2433 3308 1260 1148 2317 924 2769 2250 2034 2056 971 2692 2346 3175 1990 3157 1797 2425 3039 1553 1356 1339 1654 3200 1549 2284 1009 2911 2395 3156 1190 633 2079 2001 2404 1726 1599 2043 2736 2822 3227 3062 2038 2640 1918 2279 2922 2880 2806 3520 2716 1817 3346 2526 3105 1463 3599 2594 2894 2581 938 3613 2964 1775 1866 2992 3197 2421 1154 2799 2400 2118 3466 2055 1607 1623 2430 2810 2670 1506 1934 1214 2758 3011 2216 2539 1624 1732 1343 935 1280 1985 897
3257 2230 3739 1070 2339 602 3302 2682 2894 1118 3051 1365 2883 2644 759 1727 1942 1122 1048 2153 2893 3666 2945 360 2174 1280 1825 2793 2663 1268 3527 1582 3078 1106 2274 1272 2151 2033 2441 2484 1539 1608 1741 2622 1111 2834 3210 2442 4055 2874 2632 1133 1805 1247 2872 1906 1750 1567 3121 3353 3675 604 2818 3067 3221 3103 2654 3806 2786 2148 2416 3069 2607 1669 3545 2460 2428 3187 2266 2401 2679 1826 2738 3094 2010 2072 2942 2740 1082 1330 899 2332 2995 1075 2104 3551 3696 1755 2262 1593 2904 1395 1851 3152 2962 1282 2519 3579 2710 2953 2869 887 2014 2045 2159 999 2382 2571 3819 2392 2903 2971 4156 961 2285 2927 3394 2803 986 3538 2733 2188 2729 3425 2025 3236 1360 2546 2880 1704 2625 3155 3192 2468 2596 3985 1613 1706 2067 2938 883 3144 2523 2109 793 2019 1632 792 4260 3030 2967 2353 3090 3092 1806 3302 2657 2576 1434 2515 725 2450 2973 1136 2072 1820 1579 1945 2665 2157 1590 1804 1362 3151 1253 3442 2166 2519 2368 634 3474 1676 2119 1214 3742 3826 1657 2722 1655 2440 2815 3332 3231 2468
2026 429 2715 2055 836 1970 1542 1147 1316 2250 1803 1872 2448 1889 2053 1197 754 1473 1712 2623 1106 2354 3005 2174 360 2130 1639 1234 2279 1266 2570 976 2286 1794 2338 1514 905 522 2118 815 1846 1378 793 1352 1423 1083 2409 638 2861 1062 1086 1845 1167 1681 1067 1218 832 1100 2586 1825 2506 1936 1203 3345 3313 1394 2911 2634 2917 1514 1425 1612 2195 1397 2849 2912 1933 3340 554 836 991 2277 1344 1289 2642 876 2200 2077 1453 1647 2158 708 2085 2181 652 2558 2159 1901 553 1303 2302 2165 1731 2478 1211 2108 901 2649 1362 1724 1076 1968 801 2434 2513 1978 2589 931 2704 1414 1777 2615 2877 2134 535 1848 1681 1882 1768 1902 2014 2023 2174 2613 676 2472 1459 2360 1186 1082 813 2637 3271 1416 1565 2825 2404 2208 1322 1348 1651 1368 721 1328 1814 1451 1234 1751 2908 1413 1163 771 2131 1286 912 1592 2035 965 1158 790 2121 2849 1190 1423 1592 1569 982 745 1283 2538 946 1023 1656 1337 2170 2667 1742 1151 702 2099 2780 1580 2594 1322 2166 2735 1000 1952 1906 2040 2526 2771 2163 2494
2629 2159 2992 575 2484 1362 3025 2316 2513 590 2465 641 2031 1924 884 1352 1764 1146 872 1241 2866 3043 2025 1280 2130 360 1145 2418 1820 1424 2771 1553 2308 744 1373 986 1833 2050 1610 2248 773 1160 1769 2132 1377 2598 2431 2403 3353 2738 2284 679 1417 813 2712 1456 1662 1391 2274 2877 2987 1287 2944 2158 2302 3164 1736 3110 1866 1523 1854 2586 1778 1178 2711 1558 1657 2270 2127 2525 2413 907 2282 3023 1119 2289 2172 1971 1309 844 751 2119 2276 586 1925 2807 3193 940 2122 1213 2095 475 1119 2339 2981 382 2243 2810 2237 2374 2684 785 2198 1125 1239 673 1462 2295 3100 1833 2285 2095 3484 682 2293 2286 3055 2118 860 3119 1984 1356 1926 2631 2142 2443 1032 1668 2583 1428 2510 2302 2272 1918 2001 3273 732 789 1538 2557 1264 2903 2396 1576 1030 1426 1282 1328 3616 2653 2906 2109 2378 2916 1594 2969 1887 2691 1369 2311 916 1540 2951 1498 1408 1180 1749 2092 2220 1238 1624 1513 840 3006 414 2636 1438 2107 2165 1005 2644 1057 1206 1365 3262 3097 1490 1993 839 1634 1937 2478 2544 1560
1853 1640 2277 1232 2086 1780 2306 1585 1767 1363 1681 886 1473 1183 1464 822 1246 1215 1142 1346 2299 2267 1805 1825 1639 1145 360 1678 1253 1373 2063 1260 1613 1082 1088 962 1182 1625 1031 1598 731 709 1434 1360 1447 1918 1746 1873 2609 2109 1564 1070 833 938 2070 790 1264 1051 1695 2097 2234 1703 2481 2100 2118 2636 1654 2362 1690 738 1072 1809 1182 649 2099 1633 970 2127 1561 2104 1728 1025 1516 2416 1387 1983 1478 1276 1398 855 1431 1499 1537 1328 1365 2089 2409 648 1557 792 1453 1104 453 1698 2436 1124 1567 2113 1468 1590 2028 1324 1880 1158 1234 1238 1325 1614 2365 1052 1504 1596 2727 1368 1814 1510 2310 1357 1199 2349 1268 822 1277 1963 1781 1775 894 1216 1872 958 1913 1735 2079 1137 1216 2534 1245 990 787 1809 1503 2205 1803 817 1411 653 834 1627 2849 1904 2312 1468 1635 2252 1107 2228 1194 2244 1155 1674 1530 1572 2381 1570 626 429 1546 1767 1460 1259 1353 984 823 2356 1199 1983 701 1366 1547 1583 2027 517 1319 1349 2480 2368 1098 1259 702 1003 1458 1909 1788 1269
1194 1168 1910 2434 1599 2636 994 471 461 2607 1000 2137 1965 1390 2554 1464 1236 2031 2175 2568 1324 1487 2665 2793 1234 2418 1678 360 1871 1938 1802 1610 1642 2200 2162 1934 1002 1383 1803 779 2026 1638 1540 741 2098 742 1736 1187 2003 1025 525 2226 1388 2047 960 1325 1445 1586 2020 960 1667 2582 1698 3058 2941 1673 2686 1788 2628 1342 1031 742 1798 1605 2166 2783 1589 2994 1044 1557 645 2321 597 1315 2660 1737 1604 1566 2100 1978 2599 902 1420 2554 1102 1776 1304 1962 1045 1612 1761 2403 1745 1860 1479 2396 694 1885 653 951 893 2433 1673 2394 2431 2395 2412 663 1871 1041 1059 2137 2006 2551 1301 1141 996 1271 2242 1105 1490 1842 1698 1905 1550 1807 1848 2040 606 1453 1013 2071 2900 972 1024 1975 2564 2304 1252 504 2296 927 985 1220 2373 1387 1554 2419 2033 599 1268 851 1425 1042 1350 911 1565 1576 1725 823 2627 2707 1376 2147 1470 1623 1770 1618 608 2463 1642 1353 1967 1163 2470 1969 1551 673 894 2638 2106 1725 2550 1973 1329 1907 1499 1417 2021 1709 2104 2161 1395 2249
1475 2253 1592 1988 2756 2652 2460 1833 1916 2048 1463 1659 581 845 2274 1631 1940 2108 2007 1337 2763 1837 1153 2663 2279 1820 1253 1871 360 2256 1373 2089 929 1921 895 1852 1735 2326 584 2035 1484 1587 2220 1494 2340 2233 1020 2437 1994 2496 1851 1890 1599 1799 2439 1493 2041 1894 818 1981 1676 2573 3054 1552 1433 3122 1228 1776 1132 1141 1256 1762 444 1519 1251 1407 708 1483 2134 2752 2069 1350 1637 2806 1513 2728 818 699 2291 1723 2192 2011 1023 2044 1987 1421 2184 1269 2131 1659 666 1725 1196 889 2918 1807 1961 1393 1578 1420 2378 2138 2627 1246 1203 2033 1050 1988 1732 1258 1279 711 2161 2122 2442 1220 2373 1017 2056 2277 771 834 564 1191 2510 1012 1787 592 2117 1761 2382 852 1391 1294 1208 1905 1681 1432 1335 1943 2393 2433 2295 1320 2276 1241 1681 2513 2326 2014 2736 1954 1112 2553 1859 2317 670 2854 2022 2120 2329 1328 2832 2461 1106 1290 2380 2521 1628 1234 2180 1739 1688 2673 1867 1185 953 1645 2050 2400 1184 1409 1340 2238 2283 1716 1910 838 1371 619 607 1029 1297 839
2530 1322 3111 1276 1485 1073 2405 1827 2037 1465 2305 1250 2471 2061 1182 1021 1063 639 917 2170 1994 2921 2793 1268 1266 1424 1373 1938 2256 360 2918 688 2516 1040 2062 849 1312 1129 2039 1593 1328 1029 833 1839 522 1936 2652 1537 3367 1966 1772 1104 1082 1007 1965 1202 857 767 2679 2524 2985 1032 1966 3041 3102 2230 2590 3120 2661 1542 1707 2253 2180 1097 3052 2494 1938 3099 1362 1539 1790 1786 1925 2190 2114 1251 2392 2207 547 1030 1318 1441 2377 1391 1214 2928 2871 1497 1358 958 2414 1501 1448 2647 2074 1407 1639 2984 1910 2208 1963 1129 1171 1998 2105 1177 2265 1689 3156 1685 2192 2605 3436 1313 1384 2236 2510 2165 951 2679 2174 1834 2245 2874 1149 2696 870 2228 1994 928 1717 2723 3065 1743 1894 3308 1775 1680 1390 2079 744 2242 1615 1427 926 1413 948 852 3513 2167 2063 1470 2457 2185 960 2418 2135 1714 612 1617 1244 2452 2076 586 1525 1327 707 1080 1851 2119 682 1008 1060 2242 1447 2908 1668 1698 1473 1207 2978 1227 2136 424 2905 3173 818 2140 1441 1999 2470 2890 2563 2257
889 2517 581 2910 3005 3465 2157 1840 1778 3002 1162 2563 1230 1243 3165 2260 2367 2857 2841 2343 2755 1019 1894 3527 2570 2771 2063 1802 1373 2918 360 2657 824 2785 1908 2635 2088 2681 1541 2164 2388 2310 2705 1577 3043 2169 712 2606 986 2450 1891 2770 2196 2640 2383 2076 2543 2512 1046 1507 744 3391 3140 2284 2039 3089 2123 796 1967 1757 1584 1472 1384 2242 828 2359 1476 2127 2380 2973 2084 2351 1610 2704 2524 3084 959 1161 3012 2557 3115 2227 902 2986 2327 423 1515 2193 2380 2353 1066 2690 2047 868 2907 2756 2071 442 1578 1220 2314 3025 2999 2259 2213 2933 2038 2066 725 1605 1153 1303 1167 3048 2686 1083 1987 1113 2900 1760 1156 1783 1216 603 2871 729 2552 1594 2011 2353 2453 1064 2006 1563 1404 895 2682 2420 1889 1777 3159 2219 2412 1851 3107 1890 2342 3289 1348 1792 2685 2161 822 2396 2371 1976 1245 3012 2666 2233 3228 2284 2797 3143 1816 2067 2917 2916 1658 2243 2731 2285 2525 2510 2823 663 1723 1779 2244 3285 806 2210 2348 2922 1621 704 2482 1165 2295 1501 1411 1000 770 1826
2232 1022 2841 1453 1291 1398 2081 1500 1709 1649 2004 1320 2294 1828 1437 819 734 857 1101 2175 1720 2616 2705 1582 976 1553 1260 1610 2089 688 2657 360 2278 1194 1985 926 993 865 1885 1266 1340 919 575 1532 850 1612 2414 1254 3075 1660 1445 1250 853 1100 1654 968 529 570 2484 2199 2696 1353 1753 2993 3018 1988 2543 2830 2589 1328 1433 1933 2008 971 2830 2488 1752 3027 1045 1331 1463 1800 1607 1904 2154 1117 2163 1991 863 1085 1544 1114 2121 1578 886 2662 2546 1457 1040 832 2208 1605 1348 2429 1817 1532 1310 2726 1596 1909 1648 1354 1019 1991 2088 1370 2213 1360 2874 1412 1905 2441 3135 1523 1119 1956 2182 1907 1155 2350 1948 1714 2048 2635 950 2463 892 2099 1666 688 1413 2531 2978 1461 1617 3021 1863 1711 1151 1751 1063 1921 1306 1182 1201 1211 786 1178 3204 1838 1779 1141 2195 1873 651 2090 1925 1499 547 1293 1506 2436 1804 898 1343 1199 650 908 1534 2107 453 734 1103 1938 1587 2674 1497 1379 1147 1486 2757 1143 2142 731 2578 2894 542 1905 1430 1830 2320 2690 2286 2169
966 2242 1045 2449 2748 3027 2133 1646 1651 2539 1066 2104 839 815 2710 1854 2027 2431 2395 1907 2602 1286 1580 3078 2286 2308 1613 1642 929 2516 824 2278 360 2333 1461 2198 1764 2375 1080 1932 1928 1882 2355 1327 2630 2025 496 2372 1431 2307 1685 2315 1797 2191 2243 1677 2183 2116 766 1554 1106 2952 2953 1987 1789 2954 1749 1207 1616 1335 1234 1406 928 1813 924 1959 1015 1864 2108 2726 1899 1891 1414 2594 2081 2786 496 699 2594 2109 2655 1961 582 2524 2017 863 1689 1730 2107 1933 628 2226 1591 580 2759 2292 1843 864 1367 1070 2175 2570 2694 1810 1772 2475 1615 1852 1170 1250 944 969 1592 2587 2424 863 2003 764 2452 1844 707 1319 755 718 2567 547 2118 1159 1881 1960 2257 811 1751 1232 1081 1344 2221 1957 1490 1664 2731 2151 2194 1457 2663 1467 1930 2859 1756 1709 2551 1897 609 2305 2004 1967 784 2792 2265 2011 2772 1882 2657 2737 1378 1622 2553 2601 1439 1803 2359 1904 2076 2425 2359 755 1271 1524 1988 2831 854 1764 1909 2513 1793 1158 2098 735 1833 1037 1028 878 765 1402
2549 1830 2999 620 2119 1099 2776 2092 2299 815 2357 644 2142 1905 745 1096 1453 762 492 1557 2539 2963 2279 1106 1794 744 1082 2200 1921 1040 2785 1194 2333 360 1570 644 1576 1698 1697 1971 803 928 1408 1964 997 2328 2465 2072 3327 2438 2052 425 1171 517 2419 1245 1322 1059 2378 2712 2949 1020 2587 2465 2574 2820 2025 3079 2130 1425 1722 2422 1862 974 2799 1883 1682 2555 1816 2163 2150 1183 2099 2708 1468 1913 2197 1994 929 598 758 1831 2258 746 1620 2811 3045 1020 1811 948 2157 829 1104 2405 2644 727 1981 2835 2063 2261 2398 607 1824 1408 1522 555 1720 2034 3086 1699 2195 2238 3438 714 1949 2212 2830 2073 506 2930 1989 1448 1982 2679 1776 2490 718 1818 2335 1133 2200 2413 2541 1780 1893 3254 1104 1064 1377 2343 913 2639 2088 1419 724 1303 1008 1003 3552 2440 2587 1832 2355 2630 1286 2741 1911 2333 1007 2025 814 1853 2624 1121 1338 1085 1369 1721 2031 1529 1256 1230 624 2712 767 2695 1422 1899 1875 860 2728 940 1522 981 3103 3090 1161 1982 926 1694 2085 2590 2504 1770
1963 2331 2127 1568 2800 2307 2789 2095 2228 1587 1897 1287 1067 1245 1875 1548 1954 1853 1682 816 2942 2346 1090 2274 2338 1373 1088 2162 895 2062 1908 1985 1461 1570 360 1593 1831 2341 774 2211 1134 1428 2162 1785 2105 2479 1555 2550 2529 2713 2096 1524 1550 1486 2663 1481 1990 1775 1306 2403 2204 2228 3169 1373 1400 3292 932 2308 964 1222 1491 2149 895 1374 1745 980 961 1402 2234 2812 2297 846 1946 3027 981 2709 1341 1178 2046 1427 1762 2144 1522 1598 2052 1956 2647 932 2230 1514 1201 1265 997 1417 3089 1365 2157 1926 1887 1833 2611 1749 2606 711 676 1635 616 2196 2267 1482 1701 1095 2693 1693 2513 1662 2738 1455 1716 2691 1230 687 1072 1720 2504 1545 1553 683 2394 1685 2551 1324 1362 1550 1528 2440 1168 949 1392 2263 2102 2727 2448 1399 1935 1252 1560 2207 2855 2348 2937 2100 1619 2815 1828 2669 1113 2942 1867 2295 1918 905 3019 2234 1116 1152 2269 2494 1915 708 2079 1703 1391 2929 1413 1708 988 1881 2189 2001 1684 1207 813 2027 2739 2251 1826 1277 1010 857 937 1494 1805 560
2345 1548 2843 903 1857 1189 2499 1824 2034 1096 2140 768 2073 1752 980 832 1168 621 601 1680 2257 2755 2322 1272 1514 986 962 1934 1852 849 2635 926 2198 644 1593 360 1301 1425 1628 1690 840 696 1142 1722 872 2047 2334 1790 3147 2154 1781 691 910 534 2135 1000 1042 776 2297 2464 2766 1116 2318 2556 2629 2544 2106 2898 2185 1242 1504 2176 1784 758 2700 2005 1569 2621 1532 1898 1871 1296 1848 2425 1629 1669 2066 1868 813 541 1034 1548 2097 1029 1336 2656 2803 1021 1527 688 2053 1042 1017 2297 2365 966 1702 2692 1816 2043 2115 859 1575 1509 1617 836 1783 1756 2915 1481 1990 2190 3245 996 1672 2016 2559 1899 669 2671 1851 1399 1878 2553 1516 2367 449 1791 2059 853 1916 2338 2592 1557 1684 3078 1308 1191 1155 2078 901 2358 1803 1197 839 1111 739 1025 3348 2174 2304 1550 2189 2347 1002 2469 1788 2065 743 1742 1054 1963 2342 1002 1181 938 1138 1468 1778 1630 998 951 571 2428 1021 2577 1296 1640 1592 1073 2627 805 1646 804 2855 2924 878 1832 956 1605 2046 2511 2324 1791
1612 878 2255 1821 1382 1998 1561 890 1103 2002 1382 1553 1903 1349 1917 844 644 1389 1540 2160 1480 1986 2472 2151 905 1833 1182 1002 1735 1312 2088 993 1764 1576 1831 1301 360 972 1580 781 1473 1033 985 906 1468 1124 1892 1080 2458 1289 843 1608 776 1429 1253 757 843 944 2046 1573 2084 1942 1702 2824 2777 1824 2400 2217 2393 981 891 1301 1651 1018 2328 2428 1390 2809 766 1377 940 1847 974 1593 2209 1384 1669 1535 1466 1367 1973 678 1575 1944 617 2084 1920 1468 763 991 1761 1836 1268 1947 1622 1810 770 2163 963 1290 1218 1801 1290 1973 2039 1771 2086 822 2270 877 1306 2070 2508 1930 1067 1367 1618 1365 1606 1747 1475 1508 1629 2104 1164 1951 1219 1824 1119 813 1092 2096 2736 893 1050 2409 2035 1802 799 1147 1658 1430 983 796 1731 941 927 1783 2572 1240 1490 647 1633 1447 714 1528 1491 1486 1087 854 1991 2361 1561 1531 1075 1115 1209 1196 900 2067 1044 712 1361 1544 1881 2153 1215 745 725 1998 2257 1174 2135 1342 1957 2294 862 1416 1499 1499 1982 2235 1696 1973
2155 591 2834 1958 822 1823 1704 1290 1468 2154 1929 1802 2504 1961 1934 1167 750 1354 1607 2597 1225 2494 3027 2033 522 2050 1625 1383 2326 1129 2681 865 2375 1698 2341 1425 972 360 2152 967 1794 1334 660 1467 1281 1245 2502 769 2996 1214 1229 1753 1152 1597 1223 1223 751 1022 2656 1978 2636 1792 1255 3353 3338 1482 2913 2765 2931 1548 1504 1757 2241 1363 2940 2896 1977 3360 699 846 1149 2239 1475 1421 2602 771 2282 2146 1317 1571 2048 844 2182 2083 718 2672 2315 1872 697 1252 2372 2093 1718 2560 1313 2028 1048 2758 1488 1846 1235 1857 679 2409 2495 1875 2586 1082 2831 1490 1889 2668 3018 2028 616 1957 1843 1974 1659 2063 2087 2035 2235 2711 552 2562 1379 2389 1346 1038 968 2707 3297 1503 1657 2956 2342 2163 1353 1502 1511 1529 881 1366 1687 1469 1187 1606 3055 1570 1294 903 2234 1441 878 1754 2098 1004 1052 949 2000 2837 1308 1273 1613 1556 827 599 1411 2518 819 1001 1584 1486 2087 2762 1766 1270 848 1972 2869 1547 2567 1188 2324 2860 930 2029 1866 2078 2571 2847 2278 2506
1549 2098 1763 1771 2593 2427 2416 1749 1859 1840 1486 1439 806 834 2054 1426 1762 1885 1783 1230 2648 1937 1255 2441 2118 1610 1031 1803 584 2039 1541 1885 1080 1697 774 1628 1580 2152 360 1914 1262 1370 2027 1421 2119 2145 1191 2295 2150 2396 1759 1667 1401 1575 2342 1302 1848 1686 1040 1996 1809 2349 2916 1627 1557 3005 1243 1920 1193 964 1148 1751 528 1303 1467 1367 573 1592 1985 2594 1971 1171 1576 2709 1385 2547 950 770 2069 1499 1976 1873 1113 1832 1825 1583 2234 1049 1982 1444 846 1520 972 1088 2801 1596 1848 1571 1517 1426 2285 1917 2446 1105 1088 1813 992 1880 1889 1145 1291 925 2304 1907 2286 1249 2350 1041 1832 2287 817 615 685 1383 2331 1196 1564 606 2044 1560 2261 1076 1515 1198 1147 2063 1501 1239 1159 1891 2169 2370 2167 1150 2052 1048 1470 2288 2460 1970 2631 1820 1213 2474 1669 2287 700 2706 1809 1999 2110 1289 2721 2241 908 1071 2176 2337 1555 1121 1978 1546 1463 2592 1659 1385 751 1546 1914 2179 1398 1186 1225 2019 2326 1879 1708 863 1152 454 794 1252 1397 808
1589 749 2294 2223 1202 2305 1179 698 860 2410 1375 1970 2171 1588 2292 1256 902 1733 1921 2565 1095 1903 2808 2484 815 2248 1598 779 2035 1593 2164 1266 1932 1971 2211 1690 781 967 1914 360 1894 1448 1156 965 1755 717 2044 803 2415 871 639 2009 1193 1831 833 1178 1096 1295 2272 1370 2068 2259 1390 3178 3103 1451 2770 2193 2744 1348 1138 1159 1953 1437 2484 2820 1707 3144 628 1168 557 2263 915 1181 2623 1320 1866 1778 1769 1775 2364 512 1718 2348 739 2146 1708 1885 631 1398 1995 2256 1681 2139 1247 2225 453 2245 946 1305 797 2184 1253 2380 2439 2166 2467 475 2269 1136 1380 2344 2424 2326 890 1458 1277 1532 1985 1467 1706 1883 1894 2235 1131 2111 1614 2160 762 1197 708 2324 3061 1105 1227 2383 2457 2221 1190 894 1969 1029 624 1176 2083 1337 1331 2085 2452 965 1087 500 1747 1027 1053 1185 1753 1220 1411 446 2364 2750 1170 1787 1459 1532 1380 1200 866 2468 1279 1102 1772 1123 2296 2294 1583 769 484 2361 2418 1595 2541 1637 1720 2303 1196 1638 1920 1825 2280 2439 1754 2335
