140 2165 800 2569 2447 1870 1338 2487 1096 1477 1237 2152 1040 2052 488 1173 1620 744 1239 1917 2402 2511 2341 2849 1021 2451 1012 2671 748 2422 1782 1783 1979 1046 1010 2808 983 681 1671 1640 2401 2176 1703 2267 2665 1419 1203 913 3078 1839 2468 2326 1395 2088 1463 1236 1220 1768 850 1409 744 2379 2180 2284 2207 1459 2198 612 1697 585 1537 3238 1956 2471 958 2454 2371 2103 1180 354 1644 2057 902 767 2290 1938 930 2833 1038 1036 1447 910 1820 328 2097 1974 2523 2178 2447 1334 1572 1280 2304 1484 1624 2912 773 2201 2289 2026 1519 1267 2406 712 1249 2352 936 1420 2224 2450 1080 1657 2680 2566 2357 2590 1699 730 2616 1775 1418 2084 1892 506 2899 2304 2221 2149 968 1258 1959 2193 1507 1864 916 2176 1024 1915 2265 2765 2884 1981 948 848 2438 934 2842 663 2259 618 2199 1859 2259 1322 2419 2475 2747 1759 519 2937 1506 1102 2111 2439 2839 2397 448 2366 2364 685 1355 2007 1514 854 839 2772 3117 2233 2043 2805 1094 1158 2478 489 1257 523 1651 1327 2250 2315 562 1700 861 1825 818 1386 1895 2258 1640 2025 613
2265 360 2917 2252 3524 2662 1816 1499 1868 1426 1320 3416 1516 705 2257 1957 2832 2869 3100 1773 2386 1139 2021 2094 2092 1339 1585 2908 1817 3578 2778 2907 1299 1999 2839 2403 2510 2342 1581 912 2552 1505 3154 1628 2696 2146 3016 2133 2434 789 3056 3770 2720 2356 1589 3137 1907 3086 2973 1324 2033 1841 1563 1906 1937 1068 3472 2033 971 2537 1466 2554 2929 1132 2995 1137 723 3304 1487 2456 3046 2404 1821 1759 2842 2365 2554 2660 2865 1838 1107 3008 1033 2383 3086 1047 1900 2369 2120 1933 1251 3178 2890 2840 1512 2552 2012 773 1143 953 1745 1905 1698 2593 1380 1948 2485 2524 580 3153 1685 952 2395 2831 3060 1755 1768 2856 1410 2065 1436 3195 637 2620 2240 917 3178 2213 1614 2270 2364 1570 1783 1653 2835 449 2450 1819 2562 2034 2368 1663 2270 1975 2670 1793 2073 2781 976 2025 3409 3298 2942 2237 725 1460 2451 2164 2509 2342 1811 1615 3521 1489 1948 591 2386 1713 2112 2224 3144 3331 2876 1671 2804 1840 2514 968 2843 2416 1687 3137 1706 2606 2186 2279 1949 1818 3076 1820 2661 2880 2332 700 2011 2609 630 2359 997 3446 2234
900 2917 360 3067 2500 2145 1902 3129 1784 2136 1997 2160 1773 2812 1141 1705 1769 448 1058 2477 2844 3208 2869 3418 1515 3116 1769 3004 1506 2443 1992 1933 2635 1579 1188 3302 1227 1226 2278 2399 2796 2800 1698 2873 3059 1860 1082 1405 3605 2573 2710 2221 1558 2500 2082 1016 1765 1822 553 2103 1437 2950 2794 2833 2743 2210 2194 1340 2457 966 2180 3763 2136 3166 885 3147 3105 2150 1877 861 1682 2451 1554 1525 2571 2330 1325 3266 983 1642 2207 712 2523 895 2242 2728 3095 2596 2962 1858 2259 1049 2571 1597 2250 3385 1374 2925 2974 2784 2090 1807 3008 870 1961 2898 1378 1692 2983 2653 1735 2388 3157 2903 2574 3197 2258 471 3283 2251 2159 2176 2642 720 3442 3016 2357 2609 1726 1646 2354 2805 2069 2451 830 2924 1311 2463 2636 3336 3398 2568 1355 1540 2802 1664 3414 496 3016 1347 2225 1826 2498 1725 3156 3124 3220 2203 933 3463 2060 1845 2051 3080 3436 3149 918 2961 2872 1184 1204 2009 1613 1609 964 3381 3632 2938 2277 3295 1744 873 3084 672 1684 1052 2160 1891 2435 2886 621 1843 1393 2578 1404 1609 2648 2689 2400 1973 1134
2669 2252 3067 360 2183 1533 1595 1205 3006 1622 2427 2285 2154 2534 2898 1758 1974 3081 2745 1048 689 1645 621 872 1930 1366 2581 1136 2599 2288 1752 1910 1347 1887 3533 598 2223 3095 1344 2342 883 1109 2327 984 863 1568 2646 2043 910 1944 1488 2689 2057 1005 1538 2814 1709 2167 3231 1785 2893 772 1053 727 752 2165 2328 2773 2535 3109 1534 1062 1773 1619 3460 1599 2012 2161 1931 2878 2231 1080 2058 2449 1352 1173 3380 767 2594 1902 2374 3356 1676 2677 1853 2817 758 918 503 1597 1672 2834 1402 2114 1424 717 2156 1853 1498 2756 1426 1662 935 2559 1952 669 3350 1831 2472 1637 1909 1934 506 1106 1585 982 1246 3084 1419 1176 2823 2019 2162 2990 798 1745 1871 833 2564 1788 1150 1045 1430 1145 2685 2168 2133 1034 1028 831 694 1055 2073 2919 999 2796 885 2977 2854 2769 2231 2390 1511 1708 2065 1243 570 1231 3046 775 1427 2740 2491 1187 1023 2331 2578 906 567 2281 2683 2294 2131 2386 3368 1066 926 1663 1581 596 1891 2922 960 2861 1743 2444 1280 1606 1702 793 2848 1956 3212 2193 2111 1946 2217 820 2502 2456 2347
2547 3524 2500 2183 360 1222 2107 2871 3381 2475 3096 714 2693 3663 2891 2038 1200 2568 1829 2181 1856 3238 2205 2696 2010 2985 3064 1527 2898 483 1132 1053 2663 2072 3290 2302 1828 3089 2307 3289 1660 2590 1162 2543 1780 1770 1782 2055 2640 3100 1081 969 1417 1642 2307 1891 2062 1047 2691 2615 3083 2427 2538 2277 2182 3032 701 2927 3463 2930 2422 2746 961 3198 3024 3174 3452 711 2556 2680 1183 1570 2360 2777 1192 1559 3318 2040 1881 2233 3193 2851 2854 2486 799 3807 2511 1686 2199 1994 2643 1876 1141 1322 2372 2271 2267 3242 3007 3797 2141 2044 2597 2127 2655 2292 3337 1476 3711 926 2375 2970 2150 1493 959 2732 2124 2585 3104 1836 3485 732 3305 2680 2603 3213 709 1843 3022 1734 1569 2541 2104 2280 2037 3468 1804 2133 1524 2652 2442 2320 1941 3169 1552 3159 2708 2503 3985 2928 638 1053 1036 1728 3516 2897 2169 1729 2865 2542 2077 3234 912 2831 2839 3699 2360 2544 2128 2184 1688 859 1294 2783 3065 2864 2608 3109 1051 2282 2362 2053 2660 2513 1799 2306 1936 2108 851 2392 2441 1123 3268 3289 2230 1457 3348 1760 3406 953 2244
1970 2662 2145 1533 1222 360 1267 2072 2667 1619 2294 1173 1898 2809 2286 1240 817 2187 1654 1341 1219 2405 1464 2022 1273 2168 2305 1223 2182 1282 579 736 1810 1308 2811 1723 1294 2495 1445 2448 1088 1765 1155 1738 1328 943 1563 1353 2069 2239 958 1573 965 893 1451 1726 1249 993 2333 1766 2415 1663 1717 1508 1404 2194 1226 2262 2628 2402 1562 2208 641 2364 2628 2340 2596 1049 1734 2144 1063 815 1597 2044 788 748 2760 1573 1563 1448 2367 2483 1992 1930 786 2970 1773 975 1497 1161 1784 1737 795 981 1510 1753 1557 2384 2166 2954 1282 1221 1816 1659 1825 1540 2760 820 2851 960 1571 2113 1560 1126 861 1975 1263 2197 2300 982 2700 918 2446 2198 1971 2362 876 1091 2266 992 766 1722 1246 1430 1692 2606 1225 1294 912 1961 1852 1482 1284 2485 1052 2438 2029 2095 3134 2262 1143 1219 752 952 2659 2093 1606 872 2334 1943 1219 2480 1349 2028 2130 2838 1804 1760 1409 1550 1564 1145 988 2030 2604 2131 2064 2258 558 1708 1556 1861 1887 2038 1027 1706 1075 1270 801 1615 1991 786 2660 2433 1512 895 2490 1074 2573 1301 1620
1438 1816 1902 1595 2107 1267 360 1607 1862 751 1402 1965 1024 1919 1664 564 1376 1899 1786 942 1463 1776 1363 1883 758 1623 1458 1836 1405 2147 1339 1457 1150 683 2298 1834 1172 1864 748 1543 1510 1268 1705 1332 1759 698 1689 859 2100 1386 1788 2314 1277 1203 601 1840 500 1631 2045 869 1686 1413 1256 1308 1228 1287 2022 1554 1720 1875 731 2260 1505 1732 2242 1710 1830 1857 833 1649 1595 1202 827 1254 1572 1104 2149 1889 1573 667 1460 2155 1185 1456 1669 2064 1558 1276 1470 477 927 1874 1607 1393 748 1944 925 1618 1524 2050 548 468 1466 1419 919 1376 2124 1069 1984 1839 709 1235 1712 1733 1739 1655 723 1898 1786 845 1816 1758 1573 1771 1923 1647 1775 1206 1428 824 1117 1267 530 909 1608 1774 1089 937 1415 1800 1906 1025 946 1729 1580 1635 1877 1793 2238 1551 1964 1845 1618 782 1892 1607 1780 878 1812 1959 528 1633 2065 1556 1894 2016 1370 1419 1388 1081 1788 1876 1428 1210 2138 1839 2139 1549 1463 1831 691 1896 1542 1657 739 1232 698 371 1707 1348 1659 1425 1991 1550 883 1160 1612 1336 1666 1991 1138
2587 1499 3129 1205 2871 2072 1607 360 2622 1369 1990 2885 1870 1824 2724 1811 2421 3116 3016 1120 1447 802 1052 954 2005 528 2215 1962 2330 2958 2261 2420 870 1925 3379 1299 2412 2887 1218 1759 1648 702 2789 694 1703 1794 2916 2102 1295 1316 2244 3285 2414 1588 1407 3075 1747 2661 3255 1459 2621 823 730 960 1049 1672 2936 2543 1930 2984 1313 1417 2351 779 3404 762 1201 2759 1679 2801 2680 1661 1951 2200 2063 1689 3158 1595 2814 1847 1861 3347 1125 2640 2475 2145 809 1551 1107 1682 1296 3106 2115 2509 1239 1446 2117 1087 719 2067 1426 1712 644 2663 1638 962 3110 2174 1715 2377 1769 1396 1332 1913 2304 618 1295 3111 593 1481 2318 2625 1495 2946 1101 947 2529 1389 2216 2009 1675 722 1457 1082 2855 1410 2324 1159 1731 895 1242 984 2193 2612 1775 2452 934 3011 2116 2536 2849 2894 2204 1938 1248 400 1375 1589 2931 1206 1475 2338 3056 410 820 1529 2578 692 1144 2307 2999 2852 2537 2114 3263 716 1375 893 2195 1316 1756 3141 605 2859 1932 2440 1466 1617 2381 844 2876 2435 2956 1549 2086 2290 1547 1492 1916 3001 2355
1196 1868 1784 3006 3381 2667 1862 2622 360 1745 994 3123 1218 1623 1006 1803 2541 1705 2294 2320 2944 2473 2748 3128 1757 2525 785 3338 847 3377 2644 2690 2144 1720 1383 3232 1938 953 2022 1330 3010 2398 2701 2522 3252 2107 2253 1692 3424 1721 3247 3344 2332 2706 1837 2292 1814 2734 1745 1589 713 2697 2427 2657 2614 1317 3174 849 1266 1215 1833 3578 2827 2443 1630 2434 2180 3055 1439 1293 2625 2702 1435 984 3041 2599 1077 3354 2085 1596 1159 1710 1857 1379 2985 1415 2825 2776 2865 1927 1727 2336 3069 2440 1942 3364 1480 2082 2319 1498 1979 1854 2654 1753 1415 2725 1001 2276 1832 3267 1512 1594 3142 3235 3168 2807 2143 1684 2668 2346 822 3009 1649 1425 3224 2227 3107 2690 803 2042 2614 2440 1991 2221 1971 1916 1944 2340 2917 3047 3269 2319 1800 608 3082 589 3114 1661 1716 844 3158 2861 3055 2075 2207 2597 3211 2378 1224 3293 2005 644 3116 2584 3058 2075 1474 2632 2803 1563 2405 2987 2474 1012 1418 2966 3483 2197 2862 3236 1530 2209 2709 1512 2000 1471 2194 1853 3095 2642 1598 2618 864 1573 1521 2284 1624 2830 1232 3029 1512
1577 1426 2136 1622 2475 1619 751 1369 1745 360 1175 2351 902 1550 1726 914 1767 2116 2130 941 1591 1444 1363 1777 1082 1341 1319 2048 1364 2522 1717 1842 863 990 2382 1847 1516 1901 642 1205 1695 1068 2095 1173 1911 1080 2036 1156 2051 996 2085 2704 1665 1424 528 2178 857 2022 2252 533 1661 1324 1081 1272 1230 967 2407 1561 1395 1978 449 2208 1874 1401 2394 1380 1447 2240 685 1791 1986 1448 945 1221 1865 1378 2181 1982 1905 866 1167 2339 801 1633 2035 1729 1459 1471 1481 868 535 2215 1907 1783 558 1979 1122 1237 1201 1703 700 847 1312 1698 689 1341 2140 1460 1600 2157 762 854 1760 1953 2059 1488 800 2110 1507 1075 1585 2135 1190 1937 1855 1284 2135 1352 1304 1212 1384 1094 734 836 1915 1382 1441 967 1644 1694 1887 935 1275 1674 1791 1538 1767 2013 1875 1556 2346 2236 1938 1173 1509 1358 1828 1154 1924 1916 761 1478 2456 1322 1741 1624 1579 1279 1421 1326 2148 2265 1818 1145 2256 1665 2106 1192 1809 1851 752 2214 1379 1855 1127 1444 932 754 2050 1266 1878 1814 1992 1174 1097 1550 1233 1501 1346 2382 1365
1337 1320 1997 2427 3096 2294 1402 1990 994 1175 360 2895 762 1175 1298 1421 2287 1940 2303 1755 2406 1847 2166 2508 1458 1891 627 2848 862 3116 2326 2410 1520 1387 1887 2644 1789 1385 1457 772 2501 1778 2533 1906 2725 1711 2234 1443 2813 1096 2830 3184 2113 2215 1302 2324 1405 2518 2032 1004 1078 2091 1812 2067 2037 685 2950 1074 825 1578 1264 2963 2504 1816 2036 1805 1588 2805 929 1514 2438 2227 1109 837 2614 2139 1613 2796 2069 1222 575 2055 1224 1475 2669 1138 2212 2272 2284 1497 1119 2368 2650 2233 1371 2782 1254 1466 1686 1171 1468 1433 2034 1756 861 2133 1549 1986 1351 2878 1084 961 2568 2749 2778 2181 1607 1924 2035 1854 776 2729 1064 1677 2611 1604 2783 2163 654 1722 2150 1824 1490 1645 2002 1348 1758 1782 2434 2428 2669 1731 1579 1032 2589 853 2493 1860 1400 1066 2912 2691 2659 1729 1624 1963 2635 1911 1551 2685 1510 709 2939 1952 2429 1547 1508 2016 2230 1432 2379 2778 2270 765 1844 2336 2875 1568 2492 2649 1099 2291 2085 1685 1656 1429 1702 1397 2736 2040 1751 2355 1393 990 1275 2031 1053 2310 766 2856 1415
2252 3416 2160 2285 714 1173 1965 2885 3123 2351 2895 360 2494 3521 2600 1861 968 2232 1481 2152 1956 3216 2259 2793 1796 2981 2835 1729 2648 642 1006 869 2610 1870 2963 2438 1548 2791 2224 3128 1778 2578 824 2551 1948 1630 1439 1823 2784 2987 1282 765 1155 1680 2187 1541 1896 749 2350 2473 2810 2468 2531 2313 2211 2868 416 2655 3290 2617 2310 2905 894 3174 2686 3150 3384 486 2382 2373 868 1602 2147 2538 1317 1557 3008 2213 1549 2039 3013 2510 2760 2187 791 3635 2569 1745 2275 1848 2525 1524 1275 1043 2278 2431 2030 3171 2974 3634 2035 1886 2626 1817 2487 2340 3031 1275 3590 1141 2190 2840 2278 1672 1130 2779 2054 2250 3114 1788 3267 626 3179 2360 2720 3161 799 1885 2790 1542 1572 2536 1996 2235 1705 3368 1540 2106 1617 2739 2576 2294 1696 2901 1690 2907 2802 2172 3834 2657 442 700 1158 1555 3448 2906 2309 1677 2554 2673 1969 2999 590 2841 2918 3606 2064 2570 2193 1920 1338 511 1009 2555 2736 2928 2763 3057 1067 2420 2179 1703 2695 2195 1618 2026 1860 1964 973 2423 2119 905 2973 3155 1997 1224 3218 1833 3231 607 1973
1140 1516 1773 2154 2693 1898 1024 1870 1218 902 762 2494 360 1475 1220 1020 1886 1732 1966 1466 2086 1840 1897 2317 1058 1809 799 2495 824 2713 1924 2007 1363 984 1872 2383 1414 1377 1170 1049 2159 1596 2141 1710 2397 1315 1889 1052 2594 1160 2446 2790 1716 1860 979 1996 1009 2120 1849 772 1121 1867 1616 1812 1762 814 2549 1033 1177 1490 986 2751 2103 1802 1932 1786 1693 2402 582 1345 2043 1864 714 689 2233 1768 1650 2496 1729 819 893 1908 1151 1239 2267 1514 2001 1926 2014 1108 933 2039 2266 1837 1094 2511 882 1520 1630 1530 1123 1040 1847 1441 591 1880 1605 1583 1611 2487 687 977 2287 2394 2387 2017 1285 1721 1969 1498 1162 2326 1239 1505 2398 1626 2382 1834 775 1319 1781 1629 1137 1372 1685 1514 1373 1484 2076 2234 2428 1476 1191 1131 2238 1002 2305 1639 1748 1026 2510 2298 2268 1326 1743 1852 2356 1542 1444 2459 1153 971 2544 1825 2270 1747 1231 1817 1949 1083 2027 2379 1874 606 1771 2188 2648 1559 2096 2385 703 1985 1910 1465 1254 1123 1345 1017 2338 1808 1513 1953 1454 1180 894 1631 1252 1976 1116 2461 1083
2152 705 2812 2534 3663 2809 1919 1824 1623 1550 1175 3521 1475 360 2097 2026 2921 2755 3081 1993 2636 1483 2291 2417 2130 1669 1418 3147 1673 3706 2899 3014 1554 2042 2631 2701 2522 2150 1759 787 2787 1786 3217 1915 2953 2257 3004 2150 2756 966 3253 3853 2783 2564 1718 3109 1986 3170 2844 1410 1843 2130 1841 2177 2195 1031 3577 1872 727 2370 1610 2882 3062 1474 2825 1477 1068 3416 1514 2327 3113 2602 1817 1650 3035 2549 2334 2940 2844 1872 968 2859 1243 2289 3224 701 2202 2589 2397 2035 1389 3152 3080 2905 1680 2850 1997 1101 1464 608 1888 1994 2000 2548 1405 2226 2260 2610 573 3336 1715 1057 2680 3063 3240 2075 1948 2739 1751 2243 1167 3317 742 2489 2558 1253 3325 2441 1456 2346 2551 1849 1924 1870 2793 791 2474 2037 2777 2353 2676 1901 2290 1769 2900 1593 2397 2676 691 1864 3523 3369 3120 2326 1063 1785 2739 2334 2351 2657 1950 1403 3604 1809 2279 841 2313 2009 2379 2198 3142 3423 2942 1571 2624 2171 2834 1291 2998 2713 1722 3090 2017 2500 2266 2223 2112 1919 3239 2101 2565 2977 2113 737 2005 2682 690 2591 778 3525 2194
588 2257 1141 2898 2891 2286 1664 2724 1006 1726 1298 2600 1220 2097 360 1526 2060 1064 1673 2224 2757 2694 2657 3135 1402 2668 1040 3062 801 2869 2212 2221 2214 1407 1016 3136 1424 570 1955 1710 2775 2434 2152 2537 3035 1799 1643 1303 3386 1979 2884 2773 1836 2460 1746 1663 1563 2215 1122 1625 656 2670 2446 2590 2521 1573 2646 585 1731 640 1798 3545 2389 2657 1098 2642 2502 2549 1406 647 2091 2437 1199 894 2698 2320 848 3187 1481 1357 1513 1122 2010 776 2534 1972 2811 2546 2769 1682 1789 1706 2716 1929 1896 3248 1126 2352 2489 2036 1832 1610 2677 1159 1448 2659 835 1845 2285 2874 1358 1807 3017 2957 2780 2854 2013 1044 2829 2129 1387 2526 1994 783 3198 2471 2657 2501 1005 1661 2340 2459 1827 2156 1351 2280 1458 2229 2648 3051 3201 2270 1362 760 2821 891 3125 1016 2267 593 2645 2307 2677 1718 2544 2708 3085 2126 614 3246 1831 1079 2559 2678 3107 2485 895 2641 2690 1096 1794 2455 1959 986 917 3031 3431 2412 2465 3134 1375 1570 2745 868 1649 950 1994 1653 2679 2608 956 2140 738 1922 1174 1820 1988 2620 1679 2473 1027
1273 1957 1705 1758 2038 1240 564 1811 1803 914 1421 1861 1020 2026 1526 360 1256 1705 1588 1132 1592 1972 1538 2074 554 1825 1426 1913 1325 2065 1266 1361 1350 489 2142 1997 973 1732 953 1627 1611 1472 1558 1534 1870 664 1492 659 2278 1531 1805 2187 1124 1297 789 1641 423 1504 1852 992 1587 1605 1459 1493 1407 1367 1917 1444 1790 1716 914 2438 1444 1928 2063 1906 2002 1761 882 1480 1452 1279 728 1180 1598 1167 2015 2024 1372 569 1516 1968 1356 1279 1608 2135 1751 1380 1640 521 1085 1675 1626 1245 947 2099 763 1792 1721 2133 749 462 1666 1216 986 1559 1996 946 2111 1835 696 1365 1867 1808 1735 1856 913 1705 1989 964 1821 1675 1701 1592 2106 1833 1722 1338 1389 680 1185 1470 724 1109 1404 1922 892 1121 1493 1992 2078 1225 742 1643 1664 1573 2069 1600 2334 1442 1869 1706 1618 670 2063 1811 1934 962 1652 2136 715 1601 1938 1761 2092 2166 1184 1618 1554 889 1597 1758 1281 1155 1970 2040 2312 1737 1438 1993 683 1693 1743 1470 602 1048 838 554 1679 1541 1466 1315 1873 1668 716 1017 1735 1454 1732 1860 952
1720 2832 1769 1974 1200 817 1376 2421 2541 1767 2287 968 1886 2921 2060 1256 360 1823 1211 1662 1669 2704 1874 2446 1189 2493 2235 1657 2059 1198 608 526 2079 1262 2505 2173 997 2261 1675 2523 1545 2091 729 2090 1783 1052 1126 1221 2516 2402 1308 1297 585 1328 1608 1283 1295 615 1962 1878 2243 2052 2053 1899 1793 2263 1023 2087 2683 2121 1735 2658 726 2661 2278 2637 2828 879 1776 1866 623 1255 1540 1942 1200 1163 2502 2030 1156 1431 2405 2119 2191 1663 843 3027 2175 1418 1922 1259 1942 1290 1189 537 1717 2208 1432 2614 2455 3028 1470 1290 2187 1328 1882 1942 2515 671 2998 1243 1582 2249 2011 1566 1166 2360 1522 1837 2640 1300 2663 829 2587 1887 2408 2621 965 1513 2191 936 1185 2059 1431 1722 1300 2789 965 1621 1369 2379 2299 1802 1102 2328 1506 2320 2451 1742 3230 2088 986 841 1101 956 2891 2436 2059 1194 2055 2387 1404 2401 1049 2373 2539 3031 1535 2131 1831 1344 1111 862 535 1954 2286 2528 2515 2518 886 2158 1572 1427 2263 1720 1015 1471 1331 1374 1026 1998 1658 439 2438 2559 1397 619 2624 1518 2624 975 1405
844 2869 448 3081 2568 2187 1899 3116 1705 2116 1940 2232 1732 2755 1064 1705 1823 360 1138 2478 2865 3181 2877 3420 1519 3098 1706 3042 1444 2514 2041 1988 2618 1578 1106 3317 1260 1141 2270 2345 2824 2790 1768 2867 3089 1876 1157 1407 3615 2533 2758 2302 1608 2525 2070 1099 1764 1887 510 2075 1360 2951 2786 2837 2749 2162 2267 1270 2397 879 2164 3774 2189 3140 817 3121 3066 2218 1847 792 1748 2478 1531 1472 2615 2357 1237 3290 1047 1629 2151 656 2493 855 2300 2662 3096 2621 2973 1861 2233 1133 2616 1654 2237 3403 1358 2889 2950 2720 2087 1807 3003 895 1928 2903 1289 1730 2928 2706 1714 2349 3175 2940 2625 3191 2259 383 3264 2265 2088 2239 2595 641 3449 2984 2416 2628 1664 1667 2381 2798 2067 2447 892 2878 1340 2466 2667 3338 3409 2564 1368 1463 2835 1592 3415 465 2952 1277 2295 1900 2546 1745 3115 3109 3238 2221 848 3473 2060 1775 2128 3066 3433 3101 898 2957 2883 1178 1283 2080 1671 1558 880 3375 3644 2909 2325 3310 1724 959 3079 627 1701 1035 2168 1888 2489 2886 600 1899 1307 2529 1391 1653 2599 2712 2340 2049 1123
1339 3100 1058 2745 1829 1654 1786 3016 2294 2130 2303 1481 1966 3081 1673 1588 1211 1138 360 2279 2468 3200 2596 3172 1407 3046 2140 2508 1892 1762 1458 1354 2577 1499 1884 2963 975 1824 2170 2654 2371 2674 1031 2712 2620 1594 460 1340 3295 2699 2149 1523 1057 2116 2018 432 1651 1181 1240 2165 1944 2732 2651 2592 2490 2418 1510 1806 2764 1598 2141 3446 1561 3157 1579 3134 3204 1487 1975 1396 1044 2051 1639 1842 2052 1940 1986 2858 596 1639 2485 1398 2567 1275 1634 3080 2870 2211 2668 1697 2291 450 2039 1036 2174 3017 1450 3001 2950 3114 1954 1678 2833 914 2081 2647 2026 1274 3215 2065 1783 2517 2805 2415 2000 3020 2083 1159 3208 1968 2577 1537 2827 1328 3162 3055 1737 2271 2093 1371 1965 2660 1921 2295 683 3084 1057 2251 2198 3097 3078 2400 1215 2048 2346 2118 3173 1101 3341 1811 1551 1141 1947 1446 3263 3021 2860 1886 1546 3159 1902 2266 1355 2966 3232 3325 1189 2780 2574 1243 505 1331 1036 1900 1658 3200 3305 2961 1737 2951 1784 586 2911 1182 1444 1237 1928 1778 1845 2671 1094 1269 2006 2776 1449 1159 2848 2312 2702 1279 1250
2017 1773 2477 1048 2181 1341 942 1120 2320 941 1755 2152 1466 1993 2224 1132 1662 2478 2279 360 1022 1424 795 1301 1322 1194 1896 1515 1912 2255 1514 1670 849 1260 2869 1280 1691 2417 659 1726 1155 790 2030 797 1345 1045 2178 1431 1522 1387 1647 2545 1656 945 850 2341 1074 1905 2625 1110 2206 833 750 727 659 1518 2205 2090 1921 2449 852 1683 1622 1383 2824 1359 1641 2028 1243 2229 1920 998 1387 1762 1436 982 2701 1401 2089 1240 1726 2738 1112 2039 1761 2233 978 957 910 980 1020 2369 1486 1749 743 1405 1506 1438 1186 2188 758 1030 914 1982 1268 795 2669 1415 1982 1752 1228 1325 1181 1429 1664 1101 579 2477 1337 726 2161 1899 1611 2354 1341 1394 1832 808 1877 1268 975 757 772 483 2149 1702 1600 408 1149 1219 1337 502 1494 2231 1266 2108 1297 2372 2325 2085 2124 2138 1550 1193 1704 1133 1250 837 2388 1382 778 2058 2310 1072 1325 1914 1953 861 842 1661 2252 2107 1777 1698 2716 1283 1566 1291 1490 1281 1211 2420 992 2239 1198 1815 711 953 1704 768 2239 1679 2528 1623 1465 1532 1663 958 1880 2251 1720
2502 2386 2844 689 1856 1219 1463 1447 2944 1591 2406 1956 2086 2636 2757 1592 1669 2865 2468 1022 360 1869 756 1201 1743 1592 2525 887 2504 1960 1438 1593 1448 1716 3372 864 1983 2962 1311 2388 564 1258 2014 1160 682 1354 2371 1854 1209 2030 1174 2359 1772 712 1471 2538 1554 1850 3016 1764 2789 984 1199 861 809 2181 1999 2658 2583 2947 1503 1349 1448 1837 3266 1814 2191 1832 1868 2704 1922 778 1929 2353 1024 888 3245 791 2334 1765 2388 3150 1754 2495 1524 2890 1032 616 712 1435 1682 2555 1075 1818 1399 910 1996 2010 1684 2841 1325 1507 1163 2334 1910 845 3224 1558 2602 1318 1804 1984 701 827 1261 1261 1162 2870 1675 988 2817 1690 2254 2802 1124 1926 1541 617 2501 1558 863 1195 1316 1144 2436 2307 1895 988 698 1155 993 1095 1861 2828 690 2723 1213 2763 2964 2654 1901 2069 1182 1480 2250 1481 752 1007 2881 1086 1305 2693 2163 1418 1343 2496 2387 1118 663 2092 2396 1968 1832 2301 3193 1374 1206 1833 1253 849 1786 2655 1210 2662 1528 2259 1126 1473 1373 971 2640 1645 3094 2274 1949 1669 2308 516 2543 2130 2162
2611 1139 3208 1645 3238 2405 1776 802 2473 1444 1847 3216 1840 1483 2694 1972 2704 3181 3200 1424 1869 360 1472 1363 2155 639 2101 2392 2267 3316 2575 2729 991 2066 3335 1739 2585 2830 1405 1529 2064 1007 3065 1074 2138 2032 3104 2237 1701 1111 2646 3607 2661 1965 1542 3252 1909 2954 3309 1466 2540 1249 1061 1369 1443 1523 3269 2490 1669 2968 1420 1805 2687 403 3412 427 794 3092 1694 2821 2954 2031 2015 2159 2453 2039 3084 2037 2981 1950 1676 3381 1050 2688 2823 1821 1251 1942 1540 1875 1309 3288 2506 2767 1388 1884 2201 764 612 1731 1622 1884 1073 2782 1622 1384 3025 2429 1337 2771 1836 1256 1774 2336 2692 1052 1542 3173 640 1787 2105 2963 1221 2977 1519 609 2890 1776 2113 2225 2029 1060 1660 1344 2998 1051 2504 1471 2130 1318 1674 1282 2349 2511 2191 2336 1341 3080 1742 2483 3188 3185 2585 2165 828 763 1817 1899 2924 1629 1683 2192 3369 818 1197 1117 2649 1112 1567 2409 3205 3166 2799 2068 3249 1090 1784 642 2549 1757 1828 3296 1046 2915 2141 2518 1733 1784 2753 1258 2947 2730 2869 1290 2179 2538 1264 1896 1670 3307 2444
2441 2021 2869 621 2205 1464 1363 1052 2748 1363 2166 2259 1897 2291 2657 1538 1874 2877 2596 795 756 1472 360 937 1718 1196 2322 1280 2347 2300 1674 1836 1098 1668 3299 845 2044 2851 1087 2085 955 878 2239 768 1040 1382 2496 1831 1099 1694 1555 2663 1926 939 1285 2663 1485 2090 3026 1524 2642 589 819 475 496 1904 2306 2526 2279 2877 1274 1259 1729 1440 3241 1418 1805 2132 1675 2651 2137 1016 1818 2197 1382 1079 3136 1013 2429 1667 2114 3145 1423 2456 1833 2566 670 880 478 1378 1410 2686 1434 1997 1165 976 1927 1632 1294 2509 1186 1438 768 2364 1692 450 3104 1690 2240 1691 1663 1677 764 1223 1623 887 1004 2878 1282 991 2562 1993 1915 2770 935 1538 1872 734 2306 1608 1059 813 1194 886 2508 1939 1953 788 1047 866 904 794 1874 2665 1082 2539 940 2772 2615 2521 2213 2320 1530 1528 1862 1085 831 1070 2815 957 1194 2480 2449 1022 1027 2116 2362 722 454 2067 2548 2247 2019 2132 3141 1029 1136 1448 1553 848 1645 2760 821 2648 1553 2226 1069 1374 1714 575 2640 1869 2964 1943 1884 1808 1970 807 2245 2405 2130
2949 2094 3418 872 2696 2022 1883 954 3128 1777 2508 2793 2317 2417 3135 2074 2446 3420 3172 1301 1201 1363 937 360 2262 1117 2708 1616 2781 2801 2237 2398 1347 2202 3788 812 2612 3317 1541 2325 1396 1090 2808 968 1334 1950 3072 2372 700 1888 1997 3197 2503 1489 1751 3239 2016 2654 3566 1910 3078 830 1062 947 1045 2205 2837 2979 2504 3374 1699 828 2274 1352 3762 1339 1787 2668 2103 3163 2708 1566 2310 2638 1864 1644 3598 1139 3001 2174 2406 3679 1662 2977 2361 2735 685 1412 885 1919 1762 3263 1914 2573 1599 931 2444 1681 1313 2659 1696 1972 834 2919 2091 887 3558 2267 2308 2147 2139 1939 926 1602 2098 704 1521 3419 1089 1565 2866 2526 2080 3292 520 1540 2382 1294 2701 2177 1623 1049 1713 1344 3074 2004 2520 1314 1539 443 701 1228 2429 3085 1508 2939 382 3314 2711 2973 2740 2881 2023 2098 1828 993 933 1647 3315 632 1720 2848 2994 968 548 2114 2894 859 975 2602 3125 2795 2594 2562 3646 640 782 1487 2086 834 2123 3332 784 3180 2118 2755 1625 1894 2214 894 3181 2437 3410 2129 2404 2386 2133 1320 2485 2956 2662
1121 2092 1515 1930 2010 1273 758 2005 1757 1082 1458 1796 1058 2130 1402 554 1189 1519 1407 1322 1743 2155 1718 2262 360 2016 1415 2020 1270 2022 1252 1317 1539 453 1992 2168 793 1612 1146 1717 1740 1666 1449 1728 2003 758 1313 472 2457 1674 1863 2094 1019 1426 974 1457 617 1421 1667 1132 1504 1795 1653 1679 1590 1460 1851 1353 1866 1567 1095 2617 1435 2112 1890 2090 2163 1707 976 1321 1349 1397 711 1137 1666 1279 1888 2174 1186 618 1584 1787 1522 1112 1595 2208 1940 1516 1817 703 1246 1493 1688 1141 1136 2263 646 1957 1906 2216 943 655 1860 1023 1086 1744 1877 893 2233 1873 774 1499 2032 1914 1774 2049 1105 1519 2181 1121 1837 1639 1827 1422 2290 2007 1715 1493 1373 644 1300 1664 917 1303 1211 2065 721 1308 1607 2181 2255 1418 553 1572 1780 1529 2259 1413 2426 1352 1815 1604 1664 683 2223 2004 2098 1097 1501 2316 906 1586 1847 1954 2284 2309 1008 1811 1729 712 1427 1680 1178 1135 1810 2234 2489 1913 1465 2162 769 1503 1937 1291 610 877 1011 748 1697 1731 1281 1258 1765 1788 600 932 1857 1597 1806 1765 779
2551 1339 3116 1366 2985 2168 1623 528 2525 1341 1891 2981 1809 1669 2668 1825 2493 3098 3046 1194 1592 639 1196 1117 2016 360 2128 2113 2261 3069 2348 2505 841 1932 3321 1467 2435 2823 1236 1631 1790 764 2859 806 1859 1843 2947 2108 1458 1190 2378 3377 2470 1706 1405 3102 1761 2739 3233 1406 2547 971 810 1095 1174 1568 3034 2478 1795 2934 1297 1575 2449 613 3365 594 1033 2857 1632 2764 2749 1775 1926 2138 2189 1792 3088 1760 2836 1838 1748 3318 1033 2613 2579 1995 973 1677 1261 1709 1241 3135 2242 2570 1240 1614 2102 928 574 1914 1452 1730 794 2665 1579 1107 3036 2233 1552 2506 1744 1290 1496 2060 2430 786 1342 3092 526 1560 2199 2725 1353 2914 1267 783 2640 1512 2132 2049 1780 806 1486 1133 2867 1249 2350 1237 1862 1062 1410 1052 2208 2531 1917 2365 1096 2994 1955 2471 2950 2971 2326 1982 1079 487 1541 1671 2885 1373 1506 2240 3144 538 970 1361 2560 834 1290 2300 3038 2940 2600 2049 3215 862 1539 739 2302 1484 1733 3159 768 2837 1969 2424 1525 1631 2498 982 2859 2513 2881 1412 2074 2346 1404 1626 1785 3086 2343
1112 1585 1769 2581 3064 2305 1458 2215 785 1319 627 2835 799 1418 1040 1426 2235 1706 2140 1896 2525 2101 2322 2708 1415 2128 360 2933 623 3073 2306 2371 1727 1361 1619 2807 1680 1117 1597 1034 2599 1978 2442 2101 2837 1729 2080 1373 3000 1356 2869 3095 2041 2299 1415 2153 1427 2449 1788 1164 810 2273 2006 2231 2189 939 2888 814 1054 1316 1407 3154 2489 2069 1773 2057 1856 2754 1017 1274 2355 2301 1069 665 2658 2202 1348 2932 1911 1217 838 1801 1455 1266 2651 1322 2401 2366 2440 1534 1305 2198 2689 2157 1517 2939 1165 1728 1928 1375 1563 1463 2234 1586 990 2299 1286 1948 1605 2901 1112 1207 2718 2831 2801 2391 1723 1688 2277 1937 802 2693 1332 1434 2801 1863 2770 2274 407 1696 2216 2018 1577 1796 1826 1616 1665 1917 2513 2626 2844 1894 1499 769 2676 597 2694 1633 1607 806 2860 2603 2685 1718 1892 2192 2786 1977 1294 2868 1593 535 2856 2175 2643 1811 1319 2210 2378 1305 2230 2708 2193 641 1579 2553 3059 1820 2502 2810 1129 2104 2290 1461 1643 1265 1785 1451 2741 2217 1533 2307 1129 1258 1198 1975 1320 2415 1000 2770 1272
2771 2908 3004 1136 1527 1223 1836 1962 3338 2048 2848 1729 2495 3147 3062 1913 1657 3042 2508 1515 887 2392 1280 1616 2020 2113 2933 360 2873 1646 1409 1527 1968 2021 3633 1179 2143 3272 1780 2874 719 1786 1933 1687 642 1624 2420 2121 1494 2540 811 2105 1828 994 1906 2580 1891 1756 3190 2221 3141 1502 1726 1388 1335 2653 1759 2998 3069 3214 1964 1586 1329 2360 3475 2339 2719 1620 2287 2959 1866 996 2277 2724 818 1106 3548 881 2427 2112 2855 3337 2263 2744 1328 3386 1528 936 1215 1775 2162 2587 840 1831 1868 1118 2299 2537 2212 3343 1740 1848 1680 2509 2347 1367 3538 1672 3123 963 2186 2478 1050 465 958 1755 1608 3051 2185 1357 3264 1489 2764 3031 1494 2454 1289 1067 2904 1774 1088 1723 1721 1639 2555 2831 2066 1473 781 1593 1315 1607 2088 3194 618 3111 1633 2947 3477 2995 1657 1938 951 1709 2778 1998 1047 1320 3146 1415 1702 3107 1957 1937 1787 3023 2624 1639 1185 2346 2406 1789 1832 2685 3435 1840 1452 2360 1136 1157 2168 2720 1720 2877 1775 2511 1510 1844 1118 1495 2837 1604 3422 2779 2251 1757 2817 916 3025 1948 2418
848 1817 1506 2599 2898 2182 1405 2330 847 1364 862 2648 824 1673 801 1325 2059 1444 1892 1912 2504 2267 2347 2781 1270 2261 623 2873 360 2896 2157 2205 1825 1236 1427 2832 1470 923 1622 1274 2555 2061 2236 2174 2804 1628 1837 1206 3054 1542 2765 2885 1853 2245 1422 1902 1342 2259 1530 1236 657 2328 2081 2266 2211 1133 2699 583 1313 1082 1446 3211 2340 2232 1539 2218 2062 2575 1038 1014 2155 2237 957 511 2561 2129 1188 2925 1668 1121 1077 1552 1592 1005 2498 1585 2464 2321 2462 1458 1395 1946 2587 1965 1551 2956 993 1916 2073 1638 1543 1384 2312 1338 1054 2335 1140 1790 1854 2782 1060 1374 2729 2769 2683 2481 1717 1427 2418 1891 1045 2525 1553 1176 2859 2039 2620 2248 579 1554 2146 2093 1549 1826 1575 1839 1468 1925 2451 2697 2883 1934 1316 683 2620 621 2769 1370 1870 576 2679 2397 2570 1590 2103 2310 2797 1913 1051 2917 1559 734 2652 2286 2735 2046 1065 2282 2392 1092 1988 2515 2000 578 1356 2652 3106 1984 2375 2833 1078 1846 2375 1198 1514 1026 1743 1396 2608 2268 1270 2135 989 1481 1034 1801 1548 2382 1257 2566 1048
2522 3578 2443 2288 483 1282 2147 2958 3377 2522 3116 642 2713 3706 2869 2065 1198 2514 1762 2255 1960 3316 2300 2801 2022 3069 3073 1646 2896 360 1167 1066 2732 2089 3244 2414 1809 3062 2366 3325 1766 2670 1106 2628 1895 1809 1721 2060 2753 3152 1197 846 1405 1731 2355 1821 2093 1014 2633 2656 3071 2520 2619 2368 2272 3066 613 2915 3494 2894 2473 2861 1009 3276 2969 3252 3519 682 2586 2648 1143 1657 2374 2781 1296 1637 3284 2157 1831 2254 3221 2792 2912 2459 856 3839 2608 1780 2299 2031 2692 1803 1246 1302 2428 2386 2270 3307 3082 3833 2193 2078 2687 2092 2687 2386 3306 1490 3761 1043 2400 3016 2260 1609 1069 2827 2186 2532 3191 1903 3499 749 3353 2640 2712 3284 789 1934 3029 1754 1648 2623 2155 2350 1987 3525 1793 2208 1625 2755 2554 2395 1940 3159 1661 3157 2813 2454 4025 2917 584 981 1137 1755 3582 2983 2281 1794 2831 2653 2127 3240 809 2918 2941 3758 2334 2633 2225 2175 1618 793 1270 2792 3018 2963 2723 3180 1127 2394 2388 1983 2752 2474 1823 2289 1996 2147 947 2482 2399 1125 3244 3334 2235 1458 3395 1857 3437 861 2231
1882 2778 1992 1752 1132 579 1339 2261 2644 1717 2326 1006 1924 2899 2212 1266 608 2041 1458 1514 1438 2575 1674 2237 1252 2348 2306 1409 2157 1167 360 522 1965 1306 2698 1942 1172 2418 1578 2519 1304 1944 936 1927 1537 1001 1371 1312 2288 2349 1078 1391 793 1109 1550 1530 1290 776 2183 1849 2368 1866 1900 1711 1606 2261 1061 2213 2691 2301 1671 2427 542 2533 2491 2509 2738 888 1784 2042 845 1032 1598 2028 954 955 2671 1787 1390 1464 2420 2337 2117 1832 704 3035 1981 1193 1711 1224 1888 1538 946 782 1634 1970 1524 2525 2331 3027 1393 1272 2013 1527 1883 1748 2678 730 2957 1033 1603 2210 1779 1318 946 2178 1407 2053 2486 1148 2720 778 2547 2080 2189 2515 823 1304 2265 970 975 1905 1354 1592 1528 2727 1119 1470 1128 2174 2071 1656 1217 2446 1260 2418 2244 1954 3218 2213 992 1006 866 957 2802 2279 1824 1037 2233 2162 1327 2479 1156 2215 2341 2964 1705 1957 1622 1478 1359 952 783 2027 2484 2338 2283 2411 646 1927 1590 1672 2086 1915 1029 1622 1213 1340 827 1816 1860 568 2590 2528 1483 759 2589 1292 2634 1100 1545
1883 2907 1933 1910 1053 736 1457 2420 2690 1842 2410 869 2007 3014 2221 1361 526 1988 1354 1670 1593 2729 1836 2398 1317 2505 2371 1527 2205 1066 522 360 2114 1383 2672 2097 1161 2424 1720 2625 1451 2101 782 2087 1675 1121 1274 1361 2443 2477 1156 1240 751 1269 1678 1426 1392 616 2126 1965 2398 2028 2058 1873 1768 2366 925 2242 2792 2288 1801 2580 568 2686 2444 2662 2880 761 1883 2032 701 1192 1669 2084 1068 1117 2667 1930 1316 1548 2517 2283 2252 1827 676 3136 2143 1351 1872 1340 2016 1428 1050 696 1771 2120 1574 2666 2483 3133 1527 1380 2174 1495 1985 1910 2679 784 3081 1081 1694 2332 1933 1441 1009 2340 1555 2002 2645 1304 2794 681 2670 2054 2348 2662 798 1465 2328 1048 1137 2063 1488 1744 1463 2859 1124 1627 1276 2336 2227 1812 1250 2481 1398 2466 2405 1908 3329 2243 869 844 953 1052 2944 2438 1977 1194 2221 2319 1461 2540 1000 2374 2503 3098 1699 2118 1784 1500 1243 798 684 2090 2453 2500 2437 2558 750 2081 1683 1574 2247 1887 1118 1631 1360 1456 862 1978 1825 449 2600 2647 1536 766 2709 1450 2733 941 1562
2079 1299 2635 1347 2663 1810 1150 870 2144 863 1520 2610 1363 1554 2214 1350 2079 2618 2577 849 1448 991 1098 1347 1539 841 1727 1968 1825 2732 1965 2114 360 1453 2870 1533 1963 2380 774 1364 1612 621 2437 754 1761 1402 2479 1628 1659 957 2135 2994 2030 1433 925 2631 1287 2332 2754 950 2119 958 664 984 1002 1219 2665 2036 1554 2474 815 1806 2090 948 2896 924 1152 2489 1169 2293 2326 1488 1448 1692 1926 1469 2653 1750 2362 1356 1423 2842 692 2136 2235 1830 1062 1436 1206 1245 790 2665 1975 2137 763 1679 1621 948 739 1770 991 1258 875 2183 1132 1037 2606 1799 1515 2242 1265 962 1493 1891 2154 1024 919 2612 1008 1188 1883 2366 1177 2440 1456 912 2313 1277 1723 1593 1463 675 1028 742 2389 1223 1879 898 1630 1268 1533 726 1731 2116 1732 1961 1333 2514 1880 2029 2589 2561 2039 1533 1215 856 1555 1298 2421 1537 1051 1862 2753 823 1275 1427 2080 862 1184 1818 2576 2552 2169 1608 2753 1188 1726 807 1971 1542 1254 2682 925 2358 1510 1943 1113 1158 2191 919 2379 2109 2454 1206 1592 1907 1231 1420 1526 2688 1862
1146 1999 1579 1887 2072 1308 683 1925 1720 990 1387 1870 984 2042 1407 489 1262 1578 1499 1260 1716 2066 1668 2202 453 1932 1361 2021 1236 2089 1306 1383 1453 360 2016 2126 886 1615 1067 1631 1727 1589 1535 1655 1988 758 1406 537 2407 1580 1889 2177 1103 1413 887 1548 545 1500 1724 1039 1485 1733 1578 1622 1536 1374 1925 1338 1784 1590 1005 2567 1488 2023 1933 2001 2070 1778 888 1351 1433 1391 651 1096 1687 1275 1895 2148 1276 531 1504 1839 1429 1149 1651 2127 1878 1499 1769 650 1153 1585 1712 1225 1052 2227 641 1864 1818 2133 871 590 1789 1097 997 1688 1880 959 2142 1908 687 1407 1995 1915 1808 1979 1041 1577 2097 1089 1774 1703 1736 1463 2236 1915 1769 1463 1321 697 1295 1590 849 1232 1295 1971 814 1250 1604 2119 2208 1348 644 1546 1776 1490 2197 1472 2341 1336 1885 1689 1695 717 2130 1924 2061 1079 1525 2265 842 1535 1929 1875 2217 2215 1055 1742 1683 760 1520 1758 1262 1083 1842 2163 2442 1822 1504 2122 680 1590 1866 1341 641 918 967 672 1740 1668 1338 1328 1760 1697 593 1009 1766 1575 1725 1848 822
1110 2839 1188 3533 3290 2811 2298 3379 1383 2382 1887 2963 1872 2631 1016 2142 2505 1106 1884 2869 3372 3335 3299 3788 1992 3321 1619 3633 1427 3244 2698 2672 2870 2016 360 3772 1886 865 2607 2287 3370 3090 2498 3193 3635 2389 1898 1883 4032 2605 3404 3047 2281 3058 2397 1844 2186 2603 1027 2280 1168 3322 3102 3236 3164 2190 3001 1205 2266 785 2454 4192 2862 3299 723 3285 3114 2939 2062 1034 2466 3025 1843 1543 3237 2906 668 3804 1774 1992 2094 894 2657 1249 2989 2439 3464 3148 3408 2302 2444 1878 3247 2347 2550 3879 1740 2979 3138 2521 2473 2234 3332 1536 2102 3305 748 2352 2834 3371 2009 2441 3647 3528 3283 3510 2655 1085 3480 2745 1844 2947 2592 978 3848 3105 3109 3119 1597 2219 2927 3114 2465 2807 1618 2874 1947 2871 3231 3704 3844 2922 1905 1225 3404 1406 3779 1152 2740 1212 3022 2636 3193 2286 3151 3363 3714 2729 851 3892 2467 1591 2870 3334 3763 3060 1369 3296 3327 1649 2028 2812 2370 1632 587 3687 4075 3052 2973 3769 2025 1700 3400 1145 2224 1483 2619 2287 3162 3259 1210 2584 880 2517 1785 2299 2578 3229 2222 2789 1578
2908 2403 3302 598 2302 1723 1834 1299 3232 1847 2644 2438 2383 2701 3136 1997 2173 3317 2963 1280 864 1739 845 812 2168 1467 2807 1179 2832 2414 1942 2097 1533 2126 3772 360 2454 3332 1573 2536 1020 1280 2518 1147 898 1802 2865 2281 707 2124 1587 2837 2270 1209 1770 3033 1948 2352 3467 2007 3127 935 1229 937 981 2372 2478 3009 2727 3348 1759 845 1945 1719 3698 1701 2135 2317 2161 3117 2426 1279 2296 2683 1485 1383 3617 687 2819 2140 2581 3594 1865 2916 2008 2996 863 1116 729 1836 1885 3051 1531 2321 1650 509 2394 1994 1628 2930 1664 1901 1064 2793 2177 871 3587 2049 2622 1741 2145 2131 523 1179 1704 1047 1483 3320 1486 1411 3034 2176 2337 3228 676 1873 2011 1057 2791 2020 1359 1219 1668 1371 2914 2316 2364 1269 1188 812 499 1274 2308 3151 1113 3024 832 3213 3014 3004 2378 2570 1646 1940 2184 1339 493 1462 3285 599 1665 2963 2652 1293 996 2460 2816 1051 805 2520 2896 2461 2336 2617 3607 1070 703 1800 1746 381 2127 3145 1064 3099 1977 2683 1519 1845 1837 975 3085 2149 3447 2374 2350 2163 2391 1015 2698 2624 2586
1083 2510 1227 2223 1828 1294 1172 2412 1938 1516 1789 1548 1414 2522 1424 973 997 1260 975 1691 1983 2585 2044 2612 793 2435 1680 2143 1470 1809 1172 1161 1963 886 1886 2454 360 1624 1559 2099 1928 2070 1126 2117 2192 1022 880 737 2769 2099 1880 1776 772 1636 1402 1028 1036 1158 1408 1560 1622 2157 2050 2025 1927 1851 1597 1467 2230 1490 1526 2925 1340 2541 1694 2519 2595 1488 1384 1232 1047 1584 1065 1376 1722 1464 1866 2401 762 1034 1946 1554 1955 1026 1476 2563 2299 1732 2129 1089 1679 1062 1728 867 1559 2528 895 2390 2335 2583 1345 1064 2243 726 1493 2085 1878 833 2640 1845 1185 1921 2304 2040 1757 2432 1485 1268 2598 1414 2122 1462 2241 1268 2619 2440 1599 1757 1633 796 1488 2061 1314 1695 823 2488 451 1668 1769 2533 2557 1804 603 1713 1936 1726 2611 1164 2803 1469 1587 1286 1668 877 2655 2414 2365 1352 1422 2629 1297 1834 1541 2361 2655 2731 898 2191 2036 738 996 1409 899 1409 1673 2614 2790 2346 1447 2445 1184 1090 2321 1105 854 839 1348 1164 1638 2094 1057 1077 1802 2196 879 772 2266 1827 2169 1455 786
781 2342 1226 3095 3089 2495 1864 2887 953 1901 1385 2791 1377 2150 570 1732 2261 1141 1824 2417 2962 2830 2851 3317 1612 2823 1117 3272 923 3062 2418 2424 2380 1615 865 3332 1624 360 2141 1790 2982 2607 2338 2715 3242 2008 1804 1513 3575 2099 3094 2948 2037 2668 1933 1807 1767 2408 1160 1789 669 2855 2623 2780 2715 1685 2836 704 1782 628 1978 3734 2594 2795 1043 2781 2610 2744 1577 789 2282 2645 1397 1047 2908 2529 644 3391 1648 1558 1595 1117 2155 963 2737 1987 2995 2753 2964 1887 1950 1848 2925 2126 2078 3447 1334 2473 2636 2061 2028 1814 2854 1338 1608 2850 625 2052 2348 3082 1549 1936 3216 3166 2988 3028 2209 1119 2981 2334 1389 2726 2090 873 3385 2600 2861 2705 1093 1871 2549 2635 2025 2344 1509 2374 1662 2423 2857 3233 3394 2457 1572 744 3030 917 3307 1118 2287 711 2838 2491 2887 1928 2648 2869 3284 2334 653 3436 2030 1108 2740 2842 3282 2565 1088 2820 2887 1305 1953 2644 2155 1133 835 3203 3622 2547 2674 3331 1566 1698 2920 1002 1859 1155 2197 1854 2885 2794 1091 2341 544 2015 1382 2024 2077 2826 1735 2655 1236
