140 1037 2176 1915 1606 1939 2378 1527 2740 438 1190 1308 1793 1218 896 2274 943 1640 2374 702 881 656 1820 1996 1836 1255 682 2177 1895 2265 988 952 1775 1738 2154 1665 2319 692 2146 2077 2061 1284 2495 2065 1007 2347 2298 710 2840 1945 2670 2971 440 2040 2318 1274 1765 1897 2040 1333 1578 888 1758 952 815 2361 682 1314 1560 2415 2032 1281 2668 1802 1847 1011 1858 845 1997 1402 2478 521 2251 1796 1415 2024 1441 1749 1241 873 2914 1943 1813 1140 1738 964 2542 2792 1210 1765 1878 906 1487 713 1999 1337 1562 1815 1010 1835 1992 2493 2062 1241 1586 2533 2107 849 801 1025 1826 2611 2288 2586 1659 693 954 2005 2299 1747 778 1568 1695 606 1101 1710 2231 2598 889 1805 551 2160 1894 630 2279 2816 540 1019 2303 1454 2374 2407 868 1688 2682 1126 1281 1585 2659 705 1840 1370 805 2438 816 2239 1982 2903 2378 2362 2244 428 394 593 2501 1899 1084 1362 2365 2651 498 866 810 454 2322 691 2583 2237 393 3284 1428 614 2703 1230 699 2748 2070 1617 2608 2013 1664 1200 1089 1069 1369 2342 1383 733 1837 2225 1340 1680 667 2950 1315 1480 1111 3068 2145 2010 2040 473 2038 719 1462 726 1087 990 1661 900 579 1925 2498 1595 468 2402 1602 1639 1839 1276 2873 1788 749 1987 1374 2341 1777 1522 1884 1547 1333 1787 2431 2413 920 2610 848 891 1759 1793 2865 2534 2522 2588 1154 2459 2332 1310 1444 1630 749 1032 2368 2890 1952 602 2391 1020 2372 492 2404 1603 1939 2135 2598
1137 360 3065 2890 2408 2810 2820 2463 3718 1085 2151 2224 2761 1623 1835 3064 902 2582 3364 1105 649 860 2609 2994 2782 2036 1013 3084 2890 3196 1800 462 2639 2261 3150 2619 3308 1356 2971 3047 2734 2252 3349 3062 1989 3210 2930 1241 3821 2331 3592 3950 1418 2969 3267 1598 2671 2889 2994 2095 2574 1466 2631 1699 1803 3021 967 2171 2401 3406 2990 2278 3578 2800 2562 1251 2759 1543 2789 2271 3292 1365 3045 2677 2078 2866 2062 2473 1640 1321 3899 2914 2594 2135 2448 913 3424 3738 2208 2518 2804 1879 2232 722 2593 1998 2514 2571 893 2804 2977 3468 2920 1946 2502 3434 2876 1229 866 1810 2736 3608 3033 3583 2401 1084 968 2775 3222 2520 1327 2318 2458 1444 685 2433 3036 3579 1669 2634 1108 2944 2653 1315 3204 3753 1416 1997 3197 2236 2910 3273 1311 2114 3680 1747 1768 2371 3573 1261 2276 1832 1589 3368 919 3072 2935 3856 3163 3360 3081 1299 1004 1581 2946 2476 1410 2359 3278 3565 1278 1703 1758 1444 2880 1672 3581 3152 1390 4253 2038 1605 3607 1666 966 3703 3063 2608 3591 3002 2621 2166 2087 1965 2364 3152 2236 900 2823 3182 2324 2190 1608 3888 2065 2358 1956 4047 3023 2956 2852 1323 2972 1048 2325 1401 2055 1271 2430 1799 1346 2879 3362 2591 1326 3337 2592 2594 2687 2120 3865 2566 979 2805 2351 2822 2684 2164 2670 2295 2040 2575 3388 3332 852 3540 1786 1284 2399 2677 3837 3531 3398 3520 2035 3209 3326 2233 2404 2054 803 1991 3190 3885 2932 1160 3197 1739 3107 1107 3320 2530 2865 3016 3595
2276 3065 360 1020 2686 2597 1971 1036 1342 2352 1389 1228 2022 2067 2179 3057 3078 954 1323 2796 2802 2565 951 1428 829 1417 2425 2545 1660 2454 2493 3010 791 1700 1695 2093 1272 2634 677 950 1255 1986 2963 1594 1601 573 1406 2202 1455 2009 917 1530 2233 2363 807 2170 774 1258 802 1382 1422 2009 2519 1739 1998 1333 2468 2441 2558 1927 844 1580 882 1522 1167 2355 681 2640 2893 1153 3106 2430 3032 2502 1515 647 1586 1182 2067 2871 1563 973 2833 1779 1226 2654 726 1132 1610 2882 2320 2042 1293 2823 1494 1567 2096 2900 3146 2012 1128 2212 2706 1555 2285 732 918 2269 2937 2551 2383 1665 1013 1807 1183 2358 3083 2961 613 1044 2756 1223 2825 2434 3220 1203 764 1289 2535 845 2652 3010 1010 2600 2494 1115 2029 1976 494 2679 1713 613 2186 1919 1766 2832 1911 2718 885 2178 1891 1919 1836 2547 2950 641 810 1273 891 1631 2877 2154 2508 2113 2007 1544 2225 1591 2608 878 2497 1722 1728 2188 1639 1871 1680 2531 2171 1715 1616 2087 904 2013 2829 1150 1757 1732 1322 1200 2073 2010 1705 1472 1682 773 2469 2543 1162 2252 1857 1739 2234 1237 1418 1066 1468 1620 2665 2244 761 2427 2335 2831 2456 2030 2017 2314 1112 2298 2080 832 701 1606 2418 2497 1292 2090 769 2470 1656 1005 2477 760 1300 1856 2381 1500 2856 2792 1482 978 937 2602 3057 893 1688 2231 1407 2486 1374 1784 709 885 1394 1052 1843 2217 1170 1931 2632 1527 736 1740 1931 2675 3076 1715 1075 2601 654 2235 671 419 1789
2015 2890 1020 360 2082 1948 2468 863 1187 2168 1101 1098 1368 2175 1711 2404 2775 753 880 2458 2668 2416 1343 779 624 1487 2313 1885 999 1795 2004 2816 1063 2032 1060 1453 817 2246 1280 529 1757 1419 2302 950 1267 1225 1965 2118 1292 2373 1234 1419 1906 1703 827 2289 872 598 591 1501 823 1992 1884 1710 1580 1920 2349 1874 1953 1325 554 1075 1271 863 1582 2362 880 2204 2254 1174 2446 2069 2380 1863 1711 1173 1799 1544 2184 2476 1374 410 2211 1281 1582 2592 1278 1275 1130 2270 1667 1584 1502 2589 1945 1727 1471 2283 2846 1355 501 1590 2053 1658 1662 1193 1476 2231 2647 2057 1735 1210 1623 1289 1490 2259 2766 2325 930 1394 2365 1475 2219 2047 2974 1542 1390 1051 2075 1199 2331 2363 1453 2227 1834 1318 1841 1488 1062 2101 2249 1246 2161 2210 1307 2346 2052 2121 1249 2093 2237 2094 1744 1894 2646 1286 570 1367 1539 1069 2220 1952 2266 1756 2530 1953 2272 1045 1949 1239 2152 1615 1493 1867 2172 1584 1204 1870 1885 1729 1823 1728 1325 2129 2523 1212 1106 1098 1065 573 1434 1464 1252 1342 1116 1426 1890 2427 509 1596 1282 2045 1832 1448 1536 1102 1421 1517 2007 1583 1298 2081 1675 2504 1861 1945 1503 2320 1410 1825 1935 556 1316 981 2074 1843 719 1454 1129 1912 1369 1380 2379 1261 901 2361 1738 1750 2226 2208 1627 1349 901 1946 2766 1154 1470 2210 1770 1846 1310 1251 1287 1125 1309 1698 1233 1642 856 2200 2500 1260 1396 1414 1270 2336 2418 1720 1700 2290 1038 1608 744 1036 1282
1706 2408 2686 2082 360 815 3630 2087 2673 2004 1824 2051 1179 2674 1136 1029 1955 2120 2241 1666 2380 2202 2687 1823 2216 2335 2249 1133 1565 1301 985 2305 2478 3004 1752 1030 2219 1412 2846 2231 3079 1071 1307 1749 1667 2899 3334 2234 2725 3298 2946 2857 1550 1109 2538 2759 2339 1889 2309 2413 1630 2330 679 2217 1339 3345 2247 678 489 1853 2275 1491 2991 1623 2845 2559 2415 1224 751 2235 1246 1464 1007 733 2605 2711 2673 2756 2696 1483 2746 2133 570 1330 2771 2523 2994 2929 1486 564 978 1223 2539 2054 3139 2553 979 598 2011 1219 2046 1743 894 2435 794 2916 2946 2388 1920 962 872 2270 3133 2139 2662 2254 1902 761 2650 2667 1446 2584 499 1374 2260 2728 2959 2524 1107 2587 1668 914 2801 1459 1291 2989 1907 1199 2761 534 3525 2935 2382 3046 2287 1069 2673 415 2967 2220 3167 2760 2103 1451 1877 2896 2273 2978 3126 2009 1036 1894 1884 1464 3736 3076 2598 1460 1322 2957 1530 2054 1798 1562 3455 1669 2226 1215 1666 3204 2676 1463 3046 2666 1804 2841 1626 1351 2512 2007 1048 1073 1442 2009 1366 3036 616 2292 1935 1400 1191 2968 1320 3105 2420 2254 2142 2931 1017 1175 2799 1514 1130 1726 593 2167 1120 2531 2614 1080 2029 2233 3015 1461 1515 1438 1755 1019 2566 697 2617 2688 2315 2744 1789 3558 828 2707 638 537 2492 2668 2575 1385 1986 2862 1834 2417 2888 744 2827 2094 2997 2831 2084 3264 1822 846 1929 3000 2289 1791 3027 2578 1383 1609 1154 2285 3223 1683 2760 854 2374 2678 2166
2039 2810 2597 1948 815 360 3744 2086 2401 2330 1898 2115 942 2909 1411 824 2387 2087 1983 2081 2752 2552 2714 1607 2135 2464 2573 679 1340 856 1370 2709 2471 3146 1460 870 1975 1817 2806 2072 3130 1148 917 1491 1793 2807 3377 2521 2436 3464 2763 2561 1866 702 2368 3005 2306 1724 2180 2533 1548 2577 541 2415 1569 3370 2579 1000 775 1489 2141 1520 2820 1448 2903 2851 2367 1637 688 2299 941 1826 799 505 2745 2677 2822 2824 2929 1917 2440 1999 753 1426 2846 2864 2864 2705 1542 859 647 1450 2638 2451 3229 2706 899 834 2445 963 1877 1329 492 2590 754 2769 2945 2677 2339 1364 574 1943 3123 1788 2735 2568 2337 768 2513 2713 1868 2668 862 1739 2688 2801 2921 2261 1502 2596 2062 774 2833 1855 841 2772 2172 1379 2650 981 3602 2833 2658 3224 1942 1517 2881 868 2793 2503 3327 2963 2324 997 2299 2838 2155 2732 3083 1701 689 2186 2243 1746 3839 3183 2866 1456 866 2784 1904 2249 1985 1867 3529 1890 1897 762 1966 2902 2830 1737 2878 2892 2216 2608 1339 1227 2244 1823 888 1198 1547 2140 1359 2981 934 2633 1800 993 1212 3122 1633 2876 2548 2297 2280 2625 572 805 2782 1875 731 2143 845 2425 1291 2818 2676 1400 2302 2126 2905 1356 1874 988 1679 878 2558 1050 2292 2725 2644 2731 1800 3659 586 2838 717 986 2630 2701 2377 930 2413 2677 2012 2699 2988 512 2556 1749 2874 2646 2199 3233 1480 1007 1932 3184 2643 1913 2961 2240 1095 2010 878 2477 3210 2069 2616 774 2292 2601 1818
2478 2820 1971 2468 3630 3744 360 2078 2947 2376 2205 1992 3264 1578 2885 4195 3143 2130 2905 3019 2537 2420 1485 2872 2203 1655 2253 3815 3022 3787 3158 2827 1765 1005 3157 3256 2849 3021 1655 2485 1081 2966 4234 3040 2328 1902 951 2076 3058 851 2414 3117 2619 3627 2418 1584 1958 2678 2330 1578 2642 1857 3604 1824 2666 1060 2294 3317 3527 3433 2365 2586 2338 2862 1250 1934 1951 3138 3959 1813 4320 2816 4169 3612 1388 1703 1330 1305 1558 3211 3166 2439 3829 2686 1274 2267 2097 2669 2561 3831 3524 2775 1465 2791 889 1448 3206 3869 3187 3275 2608 3685 3873 1565 3357 2207 1412 2003 3006 3214 3544 3256 1362 3376 1382 2189 3184 4004 2221 1443 3116 1439 3760 2877 3110 1319 1592 2901 3118 1628 2876 4111 1376 2961 3821 2623 2227 2791 2053 3542 648 1948 1939 1074 3358 3412 1468 3638 2360 2070 911 1385 1966 3922 3048 1720 2303 2808 1550 3171 4068 2314 2597 2613 486 920 1780 2658 3937 2359 2827 1970 2205 2582 708 2353 3264 3831 2496 3235 1333 2601 2318 1546 2964 2719 3176 2944 2934 2681 3241 2936 2566 1981 2752 1650 3374 2331 2557 3622 2891 1059 2780 2708 1569 1832 1847 3199 3884 3528 1577 2781 3607 3017 3408 2012 2872 1920 1453 2977 2158 2286 1978 2823 2773 3871 2529 3241 1700 3314 3267 1451 2249 1595 2326 476 3519 1283 3879 3659 1499 1481 2548 3952 3098 2434 2165 1945 1116 3599 2958 3345 2054 2439 1911 1439 3339 3160 2211 1135 2424 2204 1715 3351 3266 2936 4262 1752 1345 2818 2226 3329 2108 1920 3363
1627 2463 1036 863 2087 2086 2078 360 1651 1738 714 606 1560 1672 1511 2550 2421 481 1383 2129 2221 1972 990 1191 681 985 1853 2113 1306 2071 1827 2397 751 1572 1467 1578 1320 1959 1123 981 1413 1376 2536 1348 925 1234 1655 1646 1763 1915 1502 1881 1564 1924 1165 1786 628 1003 897 1005 926 1501 1974 1216 1323 1644 1892 1815 1965 1756 900 956 1502 1145 1197 1870 719 1964 2348 677 2642 1757 2524 1969 1222 987 1311 1133 1680 2195 1854 864 2257 1133 1164 2119 1397 1634 967 2290 1838 1374 1028 2190 1549 1230 1551 2316 2491 1566 994 1984 2209 1156 1727 1372 1223 1747 2284 1886 1875 1709 1407 1773 1059 1794 2423 2407 1132 1002 2081 1019 2227 1758 2585 1120 1235 1529 1862 869 1988 2483 1109 1926 2106 1652 1407 1318 1152 2056 1899 1285 1673 1731 1805 2162 1550 2113 1492 1621 1776 1595 1268 2203 2293 1185 839 1754 1402 1542 2397 1528 1869 1439 2158 1531 1773 997 2223 1483 1827 1140 1077 1520 1823 1207 1700 2121 1512 2162 1333 1412 1540 1626 2170 1602 1468 1240 1549 1053 1561 1382 1044 865 1095 1319 1852 1970 884 1903 1263 1576 1558 1787 1038 619 924 1980 2199 1818 1071 1756 1901 2167 1854 1471 1370 1828 985 1630 1483 784 1375 1113 1748 2153 810 1568 839 1836 1866 1007 1915 1017 658 1981 1860 1274 2291 2173 1131 980 1290 2235 2404 1443 1043 1722 1338 1954 1753 1731 1384 1421 816 1537 1660 1603 518 1716 2050 859 1320 1915 1547 2007 2596 1221 1497 1939 1238 1686 771 1007 1769
2840 3718 1342 1187 2673 2401 2947 1651 360 2996 1928 1898 1858 2934 2479 2797 3589 1530 793 3265 3494 3242 1910 1223 1336 2243 3135 2215 1468 2059 2745 3644 1677 2663 1301 2003 823 3039 1652 1035 2237 2120 2566 1285 2093 1415 2369 2935 476 2984 973 591 2723 2078 910 3046 1534 1233 1122 2237 1569 2791 2405 2507 2379 2281 3172 2540 2548 1352 1112 1862 1062 1441 2141 3160 1480 2974 2730 1929 2757 2875 2777 2366 2418 1625 2499 2142 2939 3262 582 1165 2747 2056 2186 3408 1269 759 1926 2831 2120 2363 2193 3414 2476 2452 2064 2828 3661 1823 1112 1636 2468 2407 2240 1140 1896 3039 3465 2792 2217 897 1959 1088 2123 3079 3576 2810 1088 1994 3155 2141 2795 2845 3798 2156 1717 512 2835 1781 3144 2794 1985 3026 2098 839 2667 2256 1253 2738 2681 1381 2965 2872 965 3078 2794 2721 1030 2909 2860 2821 2557 2077 3461 1588 1177 716 1792 1070 2586 2780 3093 2569 2975 2522 3056 1808 2191 1026 2961 2429 2321 2686 2608 2411 938 2166 2710 916 2527 2541 1112 2884 3339 657 1423 1720 520 1106 1985 2186 2052 2153 1852 1677 2537 3250 1268 1845 1987 2694 2628 888 2274 1844 2214 690 2376 1961 1743 2892 2047 3314 2484 2760 2251 3117 2044 2585 2759 1229 1381 1650 2884 2035 1509 2015 1698 2589 698 1961 3199 1738 1728 2831 2241 2428 2739 2828 2356 1932 770 2158 3582 915 2296 3014 2374 2349 514 1099 1308 898 2108 1940 1317 2313 1678 2876 3325 2087 1617 797 1670 3144 2763 2507 2000 3106 1083 2179 1319 1397 1057
538 1085 2352 2168 2004 2330 2376 1738 2996 360 1427 1501 2153 1182 1281 2672 1156 1856 2651 1004 867 617 1936 2297 2057 1358 604 2560 2221 2640 1387 1020 1933 1749 2476 2034 2594 1066 2283 2323 2128 1648 2887 2380 1275 2508 2353 665 3100 1925 2871 3228 824 2416 2542 1224 1952 2180 2268 1428 1876 881 2150 1027 1172 2426 608 1710 1956 2746 2265 1589 2860 2115 1928 938 2042 1233 2395 1560 2874 916 2649 2186 1466 2170 1477 1833 1204 1213 3180 2191 2212 1474 1816 896 2715 3013 1518 2164 2257 1274 1576 841 2037 1386 1933 2214 1213 2193 2259 2844 2455 1305 1969 2718 2216 784 1011 1424 2210 2910 2387 2899 1750 616 1186 2404 2500 1854 1133 1661 2094 1004 1233 1793 2359 2859 1286 1942 868 2558 1996 1003 2656 3030 691 1380 2483 1853 2398 2570 817 1671 2986 1512 1268 1984 2854 667 1829 1354 894 2813 1045 2382 2210 3131 2497 2670 2638 576 580 958 2501 1930 1026 1676 2745 2846 880 993 1035 826 2352 965 2885 2618 735 3529 1459 974 2891 1201 950 2978 2400 1953 2871 2288 2031 1567 1405 1244 1697 2473 1779 669 2107 2589 1690 1685 1058 3164 1403 1646 1249 3326 2534 2380 2170 867 2413 1000 1856 745 1455 920 1765 1295 638 2153 2660 1917 863 2775 1882 2009 1987 1673 3153 1898 673 2120 1631 2349 2162 1568 2282 1946 1401 1902 2663 2791 1120 2817 1061 832 1809 2182 3113 2848 2691 2797 1318 2561 2661 1694 1679 1612 710 1268 2505 3178 2301 934 2788 1083 2468 813 2600 1983 2142 2306 2909
1290 2151 1389 1101 1824 1898 2205 714 1928 1427 360 587 1445 1538 1178 2352 2075 815 1597 1777 1926 1674 1228 1294 1007 942 1574 1986 1310 1982 1494 2079 1056 1619 1530 1416 1538 1605 1445 1255 1615 1128 2398 1417 571 1584 1870 1388 2034 1950 1848 2160 1212 1801 1488 1651 977 1142 1210 1002 903 1292 1762 1027 978 1882 1609 1529 1709 1822 1203 745 1852 1164 1382 1657 1070 1614 2125 771 2475 1403 2326 1767 1223 1310 1307 1296 1552 1841 2115 1123 2010 854 1313 1860 1752 1962 716 2028 1686 1042 1099 1860 1692 1198 1361 2059 2145 1465 1200 2000 2028 1092 1514 1725 1500 1512 1940 1553 1700 1885 1691 1908 1203 1523 2074 2175 1479 1203 1727 1131 1961 1404 2251 1270 1551 1792 1519 1143 1638 2272 1340 1572 2012 1986 1099 1006 1506 1768 2071 1636 1449 1727 1971 1823 1452 1841 1840 1363 1810 1518 1025 2133 1946 1519 1152 2073 1716 1672 2223 1212 1537 1085 2301 1644 1590 826 2125 1832 1474 899 752 1169 1999 861 1866 2010 1167 2462 1320 1058 1891 1502 1823 1919 1492 1138 1806 1237 1402 1111 741 655 913 1646 1575 1686 1053 1847 1046 1603 1206 2121 1022 795 783 2258 2042 1712 1372 1403 1783 1816 1593 1219 1072 1615 1151 1294 1196 1095 1727 1036 1395 2085 855 1400 1140 1541 2098 1225 1641 1316 579 2121 1674 1308 2053 1887 1111 1207 1602 2148 2060 1784 728 1499 1449 1754 2045 1860 1738 1761 679 1837 1727 1339 614 1697 1758 519 1654 2131 1496 1655 2417 1060 1782 1591 1588 1484 1121 1358 1911
1408 2224 1228 1098 2051 2115 1992 606 1898 1501 587 360 1636 1445 1395 2571 2209 728 1617 1929 1978 1730 1001 1381 927 779 1608 2185 1449 2168 1709 2161 852 1429 1643 1623 1555 1782 1241 1226 1388 1353 2602 1525 776 1408 1642 1400 2009 1767 1730 2127 1369 1998 1408 1559 817 1205 1143 821 1042 1256 1983 972 1186 1655 1648 1756 1936 1936 1147 955 1722 1293 1155 1626 909 1809 2349 545 2688 1571 2545 1986 1047 1108 1134 1071 1455 2017 2099 1105 2236 1081 1091 1872 1595 1875 936 2255 1891 1261 892 1962 1474 1038 1575 2287 2277 1652 1221 2141 2243 947 1734 1585 1278 1501 2069 1768 1912 1933 1469 1983 980 1548 2214 2400 1359 975 1903 914 2189 1584 2358 1047 1342 1774 1724 924 1784 2494 1112 1743 2200 1889 1171 1232 1354 1995 1849 1465 1427 1560 2026 2031 1334 2069 1715 1375 1627 1387 1021 2312 2081 1322 1085 1997 1505 1748 2437 1295 1643 1261 2085 1433 1534 1026 2315 1707 1634 894 859 1324 1776 1006 1921 2204 1302 2408 1152 1237 1756 1402 1960 1845 1624 1320 1793 1274 1608 1338 969 620 1119 1442 1803 1725 1095 2019 1264 1420 1399 2023 848 571 683 2226 2251 1903 1158 1565 1978 1963 1820 1224 1299 1583 925 1509 1241 1031 1556 1206 1556 2263 957 1608 930 1768 2107 997 1669 1102 704 1905 1890 1119 2279 2114 942 980 1535 2334 2188 1676 819 1477 1236 1973 1999 1938 1576 1655 571 1619 1840 1566 628 1537 1807 674 1456 2152 1663 1810 2632 982 1559 1732 1460 1702 1001 1189 1981
1893 2761 2022 1368 1179 942 3264 1560 1858 2153 1445 1636 360 2572 1287 1396 2439 1541 1429 2105 2635 2403 2189 1030 1567 2027 2379 913 763 897 1424 2664 1931 2702 933 527 1413 1837 2245 1489 2613 870 1336 933 1403 2230 2853 2271 1907 3035 2184 2038 1715 724 1786 2678 1755 1142 1599 2086 997 2268 908 2055 1342 2835 2396 1111 1059 1074 1560 1064 2239 865 2395 2592 1809 1701 1259 1812 1452 1760 1371 875 2309 2120 2392 2325 2589 2009 1927 1418 1251 1065 2352 2683 2282 2137 1112 1332 659 1247 2169 2402 2738 2283 625 1331 2507 407 1294 1069 1045 2174 755 2186 2400 2423 2354 1451 734 1456 2572 1338 2242 2355 2403 1334 1931 2201 1926 2186 1297 1691 2715 2307 2360 1712 1548 2062 2036 1357 2308 1853 927 2202 1915 1135 2070 1267 3098 2254 2385 2812 1481 1703 2512 1230 2212 2250 2895 2586 1996 1056 2328 2271 1576 2175 2519 1191 1217 1967 2131 1561 3351 2706 2572 978 1039 2203 1851 1896 1645 1699 3022 1601 1412 927 1779 2385 2406 1542 2297 2545 2221 2043 808 680 1698 1241 515 955 1170 1724 898 2413 1086 2463 1221 797 830 2688 1512 2311 2107 1793 1861 2112 1008 627 2231 1799 702 2165 1015 2141 1067 2555 2175 1342 2046 1550 2324 806 1795 1010 1125 548 2016 1169 1800 2207 2452 2183 1297 3172 748 2391 1250 1342 2197 2180 1800 1064 2452 2098 1659 2431 2510 858 2013 1290 2293 2067 1763 2673 1024 930 1415 2780 2497 1506 2390 1766 572 2004 1416 2106 2656 2023 2033 695 1721 2029 1363
1318 1623 2067 2175 2674 2909 1578 1672 2934 1182 1538 1445 2572 360 1898 3313 1925 1785 2695 1825 1334 1202 1504 2458 1965 1052 1035 3073 2488 3106 2107 1618 1647 999 2707 2500 2633 1871 1877 2285 1509 2134 3455 2592 1529 2153 1680 877 3050 1108 2624 3156 1520 2901 2401 474 1762 2288 2174 1059 2081 706 2741 878 1707 1779 1075 2358 2597 3000 2188 1879 2585 2343 1380 734 1826 2018 3048 1368 3486 1688 3288 2765 918 1807 864 1309 382 2034 3147 2175 2884 1876 1274 1082 2384 2826 1823 2859 2761 1827 1133 1573 1338 859 2419 2904 1969 2600 2304 3176 3041 887 2518 2432 1719 785 1790 2155 2745 3018 1846 3066 1267 972 1968 3073 2284 1406 1950 1208 2786 1764 1898 1275 1911 2826 2035 1583 1690 3210 1506 1808 3131 2818 1131 1890 2199 2549 1647 2217 727 864 3111 2300 525 2667 2590 877 1027 570 946 3268 1834 1981 2121 2963 2005 2831 3236 1176 1400 1572 1705 1220 573 1973 3236 2584 1677 1036 1293 1495 1617 1380 3006 3113 1394 3399 834 1571 2598 414 1757 2824 2671 2291 2848 2358 2491 2073 1763 1243 2039 2025 2424 1114 2180 2998 2114 928 1728 2943 1022 1451 1128 3254 3091 2832 1750 1645 2890 1816 2483 874 1978 711 1325 1960 1022 2073 2296 2205 1638 3223 2023 2479 1657 2337 3174 1452 1032 1717 1748 1567 2706 966 2947 2656 946 1471 2540 3270 1880 2595 1274 727 1174 2757 3015 3020 2349 2584 1243 2017 2905 2266 1710 803 1208 1435 2075 3227 2657 1755 3410 837 1908 1635 2356 2511 1978 2009 3066
996 1835 2179 1711 1136 1411 2885 1511 2479 1281 1178 1395 1287 1898 360 1781 1529 1585 2066 1193 1728 1512 2032 1644 1740 1600 1522 1641 1475 1732 676 1738 1874 2248 1733 1144 2022 936 2263 1880 2388 785 1968 1665 978 2383 2643 1474 2563 2530 2569 2699 817 1506 2171 1985 1780 1606 1900 1681 1272 1555 1233 1447 580 2672 1530 819 1061 1960 1877 995 2590 1427 2153 1803 1869 855 1511 1564 1968 833 1756 1267 1856 2127 1918 2058 1920 1146 2617 1753 1345 789 2066 1816 2529 2626 945 1325 1343 497 1820 1476 2414 1798 1038 1369 1599 1332 1739 1996 1538 1680 1050 2482 2313 1630 1433 735 1290 2236 2504 2174 1962 1516 1501 1535 2220 1993 1044 1877 1253 767 1793 2026 2369 2328 724 1958 1111 1674 2137 940 1745 2669 1135 584 2283 1022 2803 2432 1617 2276 2291 1012 1898 1131 2573 1458 2403 1985 1328 1905 1412 2333 1849 2712 2534 1970 1725 1136 1218 697 2995 2341 1830 1033 1829 2564 924 1286 1040 816 2738 898 2201 1701 914 3036 1917 691 2637 1889 1300 2560 1629 1181 2329 1734 1145 699 836 1285 989 2463 886 1587 1590 1707 884 2208 591 2799 1683 1606 1407 2790 1613 1483 2190 872 1506 1251 950 1394 600 1772 1927 478 1261 1797 2520 1207 869 1871 1353 1118 1958 801 2540 2022 1593 2134 1241 2820 1242 1962 1409 1136 1746 2008 2252 1878 1537 2494 1080 1655 2160 1262 2622 2121 2522 2466 1369 2654 1888 774 1368 2229 1605 1092 2469 2537 1468 1084 1886 1516 2594 1096 2333 1067 1884 2155 2191
2374 3064 3057 2404 1029 824 4195 2550 2797 2672 2352 2571 1396 3313 1781 360 2589 2552 2394 2319 3048 2872 3177 2045 2598 2907 2916 943 1782 1116 1654 2962 2936 3588 1865 1335 2393 2075 3270 2521 3591 1589 761 1914 2233 3266 3839 2892 2818 3899 3199 2937 2214 1085 2811 3403 2770 2175 2634 2979 2012 2973 951 2835 1966 3834 2916 1326 1080 1832 2595 1978 3260 1901 3363 3220 2832 1884 638 2756 601 2134 385 944 3186 3142 3261 3282 3334 2119 2809 2454 831 1869 3303 3193 3315 3123 1996 909 1096 1846 3090 2716 3684 3143 1360 856 2638 1410 2325 1608 711 3026 1198 3216 3409 3047 2568 1630 1038 2304 3587 2132 3192 2920 2531 651 2964 3174 2097 3123 966 2044 2895 3259 3385 2664 1775 3059 2332 481 3295 2124 1082 3194 2556 1793 3106 1193 4060 3290 3037 3654 2286 1690 3298 1057 3231 2877 3764 3382 2732 1172 2521 3301 2612 3139 3547 2086 574 2552 2554 2116 4293 3635 3251 1917 1024 3222 2199 2668 2406 2223 3987 2295 2258 1003 2326 3268 3268 2112 3318 3300 2458 3023 1753 1691 2643 2267 1353 1627 1990 2581 1820 3444 1257 2962 2257 1319 1666 3560 1981 3291 2992 2757 2720 2991 780 1207 3246 2184 1116 2377 1191 2814 1707 3190 3134 1741 2682 2585 3360 1820 2185 1193 2143 1342 3023 1358 2648 3187 2983 3196 2262 4113 1049 3283 756 1129 3072 3163 2810 1081 2624 3113 2437 3075 3441 958 2948 2099 3327 3082 2645 3697 1845 1413 2395 3612 2959 2355 3423 2583 1522 2271 504 2899 3674 2350 3065 1229 2754 3062 2164
1043 902 3078 2775 1955 2387 3143 2421 3589 1156 2075 2209 2439 1925 1529 2589 360 2530 3198 696 1054 1086 2714 2792 2722 2141 1250 2682 2642 2814 1396 815 2679 2531 2901 2283 3148 962 3047 2942 2924 1953 2903 2829 1878 3250 3149 1435 3682 2672 3563 3816 1229 2591 3199 1936 2665 2724 2919 2215 2390 1668 2214 1818 1576 3222 1211 1764 1971 3128 2908 2091 3564 2581 2721 1593 2758 1116 2320 2305 2823 1078 2571 2264 2263 2926 2272 2625 1947 832 3748 2808 2125 1911 2610 1325 3444 3672 2025 2039 2427 1614 2366 715 2830 2182 2178 2092 431 2485 2836 3145 2485 2101 2126 3431 2999 1500 505 1389 2346 3397 3175 3342 2540 1314 425 2297 3193 2637 883 2449 1985 1125 666 2585 3130 3442 1263 2705 804 2467 2781 949 2817 3700 1431 1733 3203 1781 3184 3310 1564 2429 3456 1258 2039 1912 3554 1446 2591 2119 1678 2983 489 3141 2862 3777 3274 3134 2630 1306 951 1380 3269 2721 1732 2156 2878 3545 989 1759 1709 1270 3142 1574 3363 2756 1269 4141 2253 1408 3601 1957 612 3622 2799 2349 3448 2846 2289 1868 1898 1972 2135 3242 1823 1184 2680 2834 2052 2465 1334 3835 2193 2383 2009 3911 2599 2599 2940 1057 2599 639 1915 1541 1768 1597 2549 1457 1425 2806 3401 2362 1064 2958 2439 2258 2742 1708 3687 2680 1262 2887 2240 3125 2293 2364 2200 1822 2196 2681 3305 2936 412 3500 1749 1558 2605 2267 3722 3290 3425 3476 2057 3348 3058 1877 2326 2368 1103 1922 3269 3691 2631 809 2727 1877 3257 846 3300 2165 2833 3037 3358
1740 2582 954 753 2120 2087 2130 481 1530 1856 815 728 1541 1785 1585 2552 2530 360 1271 2232 2341 2092 1017 1111 560 1095 1975 2092 1255 2038 1899 2515 749 1652 1393 1577 1208 2054 1087 862 1443 1411 2516 1275 1021 1160 1676 1768 1642 1995 1392 1759 1668 1903 1045 1899 580 918 775 1108 904 1621 1986 1337 1407 1653 2013 1860 1995 1678 778 995 1396 1095 1241 1990 655 2050 2362 781 2632 1856 2526 1977 1319 954 1407 1187 1793 2291 1734 750 2281 1188 1222 2240 1307 1516 1018 2321 1829 1448 1114 2305 1600 1333 1559 2343 2600 1543 890 1918 2206 1265 1742 1272 1219 1869 2394 1957 1874 1603 1395 1676 1122 1916 2530 2424 1023 1046 2176 1094 2260 1853 2699 1179 1201 1409 1942 882 2094 2491 1135 2024 2074 1536 1525 1382 1060 2100 1935 1207 1794 1822 1700 2238 1659 2149 1385 1743 1857 1701 1389 2161 2401 1136 717 1634 1367 1449 2391 1645 1983 1537 2203 1593 1891 1020 2191 1376 1929 1262 1192 1625 1858 1315 1596 2094 1621 2041 1431 1510 1437 1739 2278 1482 1406 1226 1429 953 1558 1426 1110 987 1116 1275 1893 2091 797 1860 1289 1661 1648 1671 1143 709 1044 1858 2187 1793 1054 1858 1878 2272 1887 1592 1426 1948 1044 1704 1603 662 1295 1097 1850 2111 776 1569 834 1885 1750 1042 2036 1004 706 2029 1863 1362 2311 2215 1234 1013 1169 2199 2514 1330 1159 1843 1403 1961 1631 1635 1297 1307 938 1511 1582 1641 577 1810 2171 968 1268 1801 1508 2111 2590 1340 1482 2046 1132 1697 666 933 1670
2474 3364 1323 880 2241 1983 2905 1383 793 2651 1597 1617 1429 2695 2066 2394 3198 1271 360 2869 3156 2903 1799 792 1110 2006 2811 1820 1035 1677 2323 3284 1529 2523 889 1571 422 2634 1635 791 2184 1694 2194 856 1736 1472 2361 2625 860 2860 1202 996 2342 1670 899 2809 1351 836 939 2018 1167 2508 1977 2227 1982 2295 2845 2107 2116 1016 908 1467 1278 1012 2040 2878 1329 2559 2311 1692 2375 2480 2373 1941 2222 1564 2309 2017 2704 2852 911 881 2320 1651 2059 3097 1411 1089 1534 2401 1699 1956 2008 3046 2398 2242 1631 2400 3270 1395 759 1313 2057 2177 1807 1286 1866 2743 3079 2368 1793 711 1976 845 1976 2761 3181 2390 1107 1865 2748 1972 2364 2444 3421 2022 1727 643 2417 1656 2755 2384 1896 2625 1717 1162 2330 1845 1289 2305 2663 1462 2674 2712 812 2652 2571 2289 1247 2599 2728 2611 2255 1720 3072 1603 975 1109 1844 705 2187 2434 2728 2182 2953 2421 2791 1403 1819 1239 2568 2126 1982 2306 2587 2051 719 1778 2341 1341 2334 2155 1337 2649 2950 988 1004 1289 633 722 1553 1762 1660 1856 1437 1724 2104 2922 905 1461 1563 2543 2228 1256 2053 1616 1940 1084 1974 1550 1693 2501 1639 2920 2051 2453 1834 2836 1895 2169 2433 1007 1498 1226 2493 1675 1131 1582 1577 2157 862 1843 2879 1670 1382 2793 1814 2254 2315 2395 2143 1812 828 1794 3195 1120 1963 2724 2249 1924 947 826 1439 1091 1827 2004 954 1882 1366 2706 2991 1751 1675 896 1248 2750 2372 2240 2037 2720 1165 1746 1164 1364 826
802 1105 2796 2458 1666 2081 3019 2129 3265 1004 1777 1929 2105 1825 1193 2319 696 2232 2869 360 1136 1051 2475 2459 2420 1916 1180 2368 2306 2494 1077 1003 2412 2386 2565 1951 2820 631 2790 2625 2724 1617 2612 2493 1573 2977 2960 1309 3357 2569 3263 3491 924 2268 2891 1860 2381 2396 2611 1995 2061 1521 1905 1614 1247 3024 1153 1449 1667 2792 2597 1764 3269 2247 2509 1544 2475 804 2045 2043 2548 749 2300 1953 2075 2664 2099 2411 1848 598 3420 2492 1849 1579 2400 1357 3162 3362 1699 1773 2104 1280 2149 770 2658 1997 1845 1826 766 2151 2513 2813 2186 1903 1802 3141 2764 1414 617 1077 2027 3062 2946 3006 2321 1227 672 2030 2896 2404 582 2229 1713 789 974 2372 2879 3117 943 2451 511 2198 2552 613 2498 3393 1202 1397 2918 1493 3029 3035 1459 2316 3121 1006 1912 1628 3258 1312 2474 1998 1468 2664 583 2880 2555 3463 3030 2799 2342 1089 785 1063 3143 2556 1657 1826 2563 3249 666 1526 1432 968 2979 1284 3028 2440 990 3819 2084 1090 3309 1846 499 3308 2462 2013 3121 2520 1956 1531 1573 1708 1802 2988 1510 1158 2358 2505 1716 2325 1001 3527 1978 2116 1765 3585 2294 2271 2689 736 2275 421 1602 1371 1432 1536 2320 1123 1233 2499 3126 2028 745 2637 2116 1926 2480 1394 3355 2445 1219 2635 1929 2988 1974 2182 1925 1550 1995 2443 2992 2620 706 3198 1475 1466 2420 1955 3400 2954 3145 3173 1797 3116 2721 1546 2023 2257 1108 1630 3011 3358 2296 482 2453 1681 3031 569 3005 1838 2538 2758 3022
981 649 2802 2668 2380 2752 2537 2221 3494 867 1926 1978 2635 1334 1728 3048 1054 2341 3156 1136 360 613 2331 2804 2542 1761 737 3005 2724 3101 1756 650 2374 1972 2981 2505 3099 1339 2696 2819 2445 2125 3302 2886 1782 2941 2640 964 3600 2051 3337 3726 1280 2875 3026 1314 2417 2686 2756 1817 2383 1183 2570 1427 1656 2731 694 2114 2354 3248 2756 2095 3319 2622 2276 964 2503 1530 2769 2010 3265 1285 3026 2612 1791 2594 1774 2188 1352 1373 3682 2689 2577 1973 2162 641 3158 3493 2025 2513 2712 1748 1951 734 2303 1712 2402 2565 1073 2677 2763 3335 2869 1664 2415 3173 2593 940 960 1777 2654 3418 2748 3406 2119 806 1114 2765 2969 2240 1346 2037 2448 1373 937 2149 2758 3359 1632 2361 1081 2929 2370 1285 3114 3505 1187 1861 2936 2214 2622 3004 1023 1828 3494 1773 1478 2350 3316 986 1991 1543 1327 3274 1016 2798 2698 3615 2881 3178 3042 1083 871 1434 2664 2187 1122 2182 3196 3309 1211 1447 1536 1296 2591 1473 3393 3068 1222 4021 1749 1455 3346 1377 1007 3463 2902 2452 3373 2794 2505 2041 1910 1717 2199 2874 2182 620 2611 3067 2180 1901 1497 3638 1786 2099 1695 3824 2961 2850 2575 1236 2875 1092 2267 1131 1928 982 2150 1715 1097 2642 3092 2421 1237 3240 2389 2480 2417 2068 3659 2287 694 2530 2135 2536 2604 1876 2652 2289 1757 2296 3151 3246 1002 3288 1558 995 2110 2610 3607 3355 3131 3269 1781 2923 3164 2140 2175 1768 530 1769 2913 3684 2793 1148 3174 1463 2821 1058 3064 2436 2616 2752 3416
756 860 2565 2416 2202 2552 2420 1972 3242 617 1674 1730 2403 1202 1512 2872 1086 2092 2903 1051 613 360 2113 2553 2293 1537 530 2793 2478 2881 1577 816 2139 1822 2734 2278 2846 1197 2472 2568 2258 1895 3107 2637 1529 2709 2467 749 3348 1946 3094 3474 1056 2656 2777 1210 2174 2434 2506 1598 2132 982 2371 1200 1421 2551 487 1921 2165 3003 2505 1846 3079 2372 2076 869 2261 1382 2594 1771 3082 1098 2850 2410 1596 2366 1590 1985 1223 1285 3429 2437 2406 1730 1962 684 2923 3245 1775 2349 2494 1518 1738 731 2137 1516 2177 2401 1127 2443 2510 3097 2673 1455 2202 2934 2383 778 957 1606 2442 3166 2545 3156 1910 600 1133 2596 2725 2024 1232 1824 2282 1188 1074 1945 2539 3107 1463 2134 953 2756 2160 1137 2895 3259 935 1628 2697 2043 2476 2773 849 1706 3243 1646 1325 2177 3075 767 1869 1400 1089 3054 1006 2573 2448 3367 2668 2927 2852 830 680 1202 2547 2024 1006 1933 2981 3067 1037 1204 1283 1065 2439 1222 3141 2854 983 3770 1568 1220 3107 1236 950 3214 2657 2209 3120 2541 2277 1812 1662 1470 1953 2655 1990 467 2358 2837 1942 1754 1282 3393 1569 1859 1456 3572 2759 2624 2354 1047 2654 1024 2071 901 1699 871 1935 1511 849 2392 2861 2174 1046 3017 2136 2253 2186 1880 3406 2071 536 2306 1882 2407 2393 1689 2478 2127 1550 2078 2901 3029 1040 3044 1305 836 1928 2407 3356 3105 2897 3025 1537 2720 2917 1926 1923 1645 454 1516 2692 3432 2554 1024 2993 1243 2621 913 2822 2219 2370 2516 3166
1920 2609 951 1343 2687 2714 1485 990 1910 1936 1228 1001 2189 1504 2032 3177 2714 1017 1799 2475 2331 2113 360 1748 1078 938 1957 2742 1911 2694 2343 2569 640 1113 2033 2208 1739 2368 733 1370 786 1981 3165 1917 1414 1008 1024 1728 2027 1434 1499 2111 1941 2553 1360 1602 832 1554 1219 874 1553 1510 2596 1274 1819 1019 2002 2397 2569 2307 1251 1566 1451 1752 601 1824 831 2421 2968 828 3273 2152 3151 2594 946 670 1007 592 1502 2597 2133 1315 2867 1717 636 2147 1240 1723 1562 2891 2468 1900 744 2417 963 1010 2176 2920 2777 2194 1483 2562 2838 1030 2348 1298 650 1766 2569 2403 2504 2149 837 2259 598 1886 2732 3024 1196 458 2485 661 2825 2180 2807 611 786 1836 2349 504 2324 3107 479 2322 2730 1703 1644 1874 1075 2636 1278 1073 1681 1328 2251 2658 1342 2707 1460 1708 1309 1340 1402 2818 2592 838 1186 1864 920 2048 3027 1768 2124 1862 1551 983 1681 1619 2847 1454 2201 1315 1425 1897 1201 1589 2154 2748 1849 2307 1038 1841 1459 1450 2478 1740 2057 1869 1866 1556 2191 1973 1609 1142 1718 902 2442 2071 1433 2517 1879 1148 2013 1820 904 793 1070 2204 2829 2445 608 2136 2529 2498 2454 1572 1940 1786 543 2145 1658 1164 1151 1742 2127 2768 1430 2197 581 2410 2205 414 1997 572 1275 1379 2488 915 2905 2755 941 394 1500 2856 2685 1483 1379 1720 823 2579 1958 2225 1205 1477 1050 1002 2214 2201 1141 1339 2167 1301 944 2279 2165 2362 3225 1230 927 2267 1245 2310 994 892 2247
2096 2994 1428 779 1823 1607 2872 1191 1223 2297 1294 1381 1030 2458 1644 2045 2792 1111 792 2459 2804 2553 1748 360 1037 1798 2478 1497 627 1390 1892 2909 1468 2401 645 1156 761 2217 1699 848 2168 1262 1905 531 1388 1623 2382 2310 1292 2745 1516 1429 1950 1325 1126 2572 1276 554 985 1830 781 2226 1577 1958 1578 2340 2508 1676 1696 926 944 1075 1575 580 1983 2591 1296 2133 1929 1505 2062 2074 2022 1545 2051 1593 2140 1936 2470 2430 1337 821 1918 1241 1972 2774 1639 1469 1146 1992 1320 1541 1859 2662 2345 2053 1206 1996 2864 1004 659 1174 1697 1968 1388 1534 1895 2442 2679 1936 1404 974 2043 974 1873 2434 2772 2005 1291 1791 2328 1845 1951 2031 3027 1930 1808 1071 1989 1606 2353 2019 1862 2212 1430 1532 1989 1426 1449 1878 2662 1635 2381 2562 1049 2219 2354 1869 1547 2285 2606 2408 1958 1479 2668 1700 981 1515 1953 739 1849 2083 2351 1788 2940 2344 2523 999 1543 1537 2164 1833 1648 1918 2584 1691 948 1474 1963 1773 2161 1762 1633 2418 2548 1378 689 857 1065 590 1137 1332 1268 1581 1018 1839 1674 2583 676 1184 1133 2407 1818 1644 1861 1449 1690 1515 1634 1203 1717 2098 1295 2513 1625 2146 1408 2549 1795 1743 2103 976 1696 798 2091 1429 798 1165 1540 1725 1256 1781 2549 1679 1075 2768 1418 2105 1920 1971 1955 1751 1130 1535 2792 1430 1638 2431 2155 1528 1375 926 1655 1399 1575 2114 830 1450 1112 2545 2644 1430 1804 1259 885 2342 2044 1984 2119 2321 1385 1328 1163 1449 979
1936 2782 829 624 2216 2135 2203 681 1336 2057 1007 927 1567 1965 1740 2598 2722 560 1110 2420 2542 2293 1078 1037 360 1272 2175 2104 1231 2029 2049 2715 798 1777 1321 1628 1048 2233 1041 683 1493 1519 2526 1207 1206 1043 1706 1967 1449 2117 1204 1564 1856 1918 845 2078 608 845 576 1274 953 1816 2051 1531 1576 1665 2214 1975 2088 1589 584 1121 1215 1080 1317 2184 619 2217 2427 956 2658 2039 2573 2036 1473 924 1559 1281 1972 2468 1544 599 2364 1325 1321 2439 1154 1317 1158 2412 1864 1605 1257 2503 1681 1497 1627 2430 2792 1561 765 1850 2248 1440 1816 1101 1221 2066 2587 2106 1921 1454 1377 1547 1232 2116 2720 2493 842 1131 2354 1223 2355 2031 2896 1282 1155 1221 2102 935 2283 2547 1188 2205 2067 1340 1725 1528 911 2212 1986 1079 1990 1962 1554 2391 1832 2249 1201 1942 1982 1867 1588 2138 2593 1064 519 1434 1312 1331 2424 1845 2181 1720 2266 1690 2080 1124 2183 1192 2115 1461 1390 1814 1909 1508 1453 2097 1815 1841 1585 1693 1260 1917 2470 1281 1356 1268 1243 837 1609 1547 1264 1187 1213 1206 2002 2291 730 1837 1389 1794 1822 1474 1311 874 1239 1662 2215 1801 1044 2044 1891 2461 1987 1791 1562 2141 1151 1858 1804 468 1161 1140 2035 2087 823 1624 864 2007 1571 1116 2236 1004 862 2097 1917 1503 2387 2325 1398 1085 968 2184 2707 1138 1358 2039 1510 2020 1433 1511 1151 1114 1135 1467 1497 1749 756 1956 2372 1163 1186 1628 1498 2297 2624 1531 1458 2237 954 1766 518 826 1538
1355 2036 1417 1487 2335 2464 1655 985 2243 1358 942 779 2027 1052 1600 2907 2141 1095 2006 1916 1761 1537 938 1798 1272 360 1385 2566 1867 2564 1889 1992 985 1042 2063 1993 1944 1837 1295 1592 1179 1678 2975 1944 1035 1541 1427 1157 2358 1368 1968 2467 1409 2382 1715 1166 1075 1618 1481 443 1458 953 2317 696 1380 1476 1429 2023 2232 2356 1495 1325 1940 1712 955 1300 1146 1916 2667 675 3044 1620 2882 2328 642 1193 725 856 1059 2058 2455 1485 2534 1398 850 1597 1762 2154 1288 2537 2263 1484 595 1839 1174 619 1933 2574 2203 2047 1619 2559 2595 531 2072 1789 1218 1212 1995 1947 2272 2335 1394 2395 764 1315 2161 2710 1613 856 1949 672 2466 1662 2229 818 1363 2133 1868 960 1764 2820 1000 1785 2594 2153 1075 1496 1551 2251 1564 1605 1129 1147 2430 2174 924 2344 1941 1135 1229 971 824 2714 2021 1397 1428 2287 1498 2162 2791 1196 1549 1362 1761 1102 1179 1408 2707 1934 1658 750 927 1367 1500 1088 2326 2592 1304 2718 739 1345 1961 1004 1909 2144 2043 1718 2155 1678 1980 1643 1277 687 1494 1478 2080 1501 1504 2425 1615 1022 1525 2282 445 759 553 2564 2617 2294 1177 1597 2365 1935 2113 995 1577 1259 768 1699 1080 1380 1692 1612 1589 2666 1376 1976 1019 2022 2482 900 1430 1129 1117 1583 2243 735 2585 2368 529 904 1853 2730 2110 1931 883 1173 920 2316 2327 2351 1733 1916 625 1567 2259 1866 1047 1120 1595 912 1514 2535 2071 1808 2981 660 1477 1707 1696 2049 1290 1363 2392
782 1013 2425 2313 2249 2573 2253 1853 3135 604 1574 1608 2379 1035 1522 2916 1250 1975 2811 1180 737 530 1957 2478 2175 1385 360 2798 2422 2874 1630 980 1996 1652 2673 2265 2752 1288 2320 2460 2091 1878 3130 2572 1449 2563 2298 588 3243 1781 2962 3367 1067 2652 2657 1050 2042 2348 2390 1442 2059 816 2393 1050 1401 2382 405 1954 2201 2950 2392 1783 2943 2307 1911 723 2128 1464 2639 1634 3119 1156 2893 2429 1430 2217 1421 1822 1056 1407 3328 2331 2456 1688 1798 664 2780 3121 1714 2407 2493 1508 1579 897 1967 1350 2166 2458 1294 2418 2415 3061 2698 1293 2209 2797 2223 610 1116 1665 2449 3087 2382 3088 1749 431 1294 2648 2595 1867 1341 1665 2338 1244 1243 1782 2384 3004 1526 1984 1064 2803 2000 1226 2891 3132 849 1610 2559 2097 2306 2627 679 1539 3167 1738 1155 2228 2940 609 1701 1231 952 3046 1162 2422 2332 3245 2510 2856 2882 772 770 1194 2379 1853 845 1874 2982 2933 1111 1075 1192 1066 2268 1159 3064 2855 971 3656 1399 1208 2969 1067 1094 3094 2604 2164 3019 2450 2261 1799 1609 1348 1904 2499 2024 477 2266 2816 1912 1583 1301 3265 1412 1723 1319 3465 2776 2612 2200 1105 2648 1161 2100 754 1687 717 1777 1539 738 2277 2715 2118 1102 3008 2052 2240 2040 1918 3313 1913 433 2154 1789 2238 2402 1521 2527 2188 1388 1922 2784 3027 1205 2914 1208 668 1759 2425 3244 3037 2753 2896 1408 2557 2862 1935 1817 1478 570 1420 2538 3344 2518 1134 3032 1087 2457 1016 2689 2221 2244 2375 3095
2277 3084 2545 1885 1133 679 3815 2113 2215 2560 1986 2185 913 3073 1641 943 2682 2092 1820 2368 3005 2793 2742 1497 2104 2566 2798 360 1246 548 1651 2983 2482 3246 1292 936 1823 2099 2785 1984 3166 1302 784 1352 1918 2749 3406 2723 2235 3574 2638 2353 2098 549 2262 3175 2303 1648 2110 2628 1549 2753 831 2564 1765 3385 2808 1279 1079 1250 2069 1601 2704 1385 2949 3052 2352 1927 948 2363 924 2085 925 779 2848 2664 2931 2878 3092 2216 2226 1933 1062 1558 2904 3096 2776 2549 1639 1171 672 1652 2717 2722 3291 2819 1014 1140 2742 908 1790 1044 656 2707 951 2671 2948 2879 2625 1653 711 1721 3117 1550 2794 2786 2634 1028 2428 2754 2159 2737 1179 2002 2979 2859 2899 2085 1785 2613 2336 959 2861 2132 525 2622 2368 1561 2581 1294 3651 2767 2851 3345 1705 1827 3028 1187 2674 2704 3435 3105 2488 678 2588 2804 2095 2560 3055 1505 730 2398 2494 1964 3903 3257 3051 1521 555 2665 2168 2400 2140 2093 3576 2068 1674 443 2187 2685 2942 1951 2762 3051 2499 2448 1187 1234 2063 1726 947 1371 1675 2254 1432 2946 1218 2867 1744 736 1322 3228 1870 2715 2648 2346 2393 2408 530 662 2777 2132 573 2429 1127 2612 1478 3017 2728 1651 2500 2075 2831 1359 2130 670 1675 955 2566 1334 2066 2760 2870 2730 1849 3724 761 2934 1014 1306 2736 2734 2249 615 2706 2553 2160 2895 3061 775 2366 1517 2792 2522 2301 3211 1262 1226 1969 3311 2886 2030 2919 2003 975 2288 912 2620 3200 2337 2523 938 2254 2558 1582
