140 2450 1655 2717 1107 440 1388 2555 2291 945 2018 2433 1856 3022 1879 2578 733 1312 1769 2343 2752 801 973 2292 963 2178 2033 1181 1354 2398 1757 2072 1764 874 1484 1410 2484 2521 2479 645 2206 577 982 798 1783 1564 2823 1970 2706 1256 2253 2561 400 655 1420 2921 955 1481 2740 1302 2214 2902 2366 2189 742 2083 414 1731 1045 2187 3089 1598 2071 533 1460 2740 798 1503 1033 2439 583 415 722 1940 1126 1562 1281 618 1251 2493 906 616 2341 1567 1931 2375 1325 1617 1973 2431 1172 1807 2330 2721 2332 2137 3093 2326 809 2218 2560 2227 1069 2834 2244 1312 721 2509 1039 1504 874 866 1740 2237 1368 1985
2550 360 1755 2295 3252 2645 2543 2932 566 3031 910 1371 2840 2652 3605 1978 2085 3285 2686 3708 2419 2998 1947 521 2400 1586 2552 2440 2982 1168 1196 947 2324 1935 2846 1977 1035 1878 4029 2165 632 2619 3285 3155 1754 3366 2452 1123 2923 2370 2439 1817 2508 2240 2056 2341 1889 1554 1968 2432 2021 1933 2861 3739 3122 732 2751 1098 2522 3891 2651 1734 2049 2779 1865 2138 3121 1309 2102 2636 2840 2394 3117 1239 1706 2248 2937 2214 2859 2316 2869 2766 2826 2585 1039 1011 1631 1236 1590 545 1694 1181 2906 1604 1825 884 2270 488 3204 2633 1540 983 1842 2134 571 1518 2149 2834 2294 2219 3272 3211 1434 2717 1471 1117
1755 1755 360 1478 2702 1706 1183 1695 1724 2510 1208 1209 1446 1829 2245 1290 1511 2029 1292 2313 1545 1911 1654 1614 2133 895 1212 1146 1660 1255 957 1805 940 1378 1480 655 1400 1227 2636 1511 1492 2053 2213 2159 490 2042 1611 1852 1759 1052 1220 1266 1844 1362 708 1662 1171 718 1445 1095 973 1607 1570 2351 2160 1536 2024 1438 1281 2516 1880 428 871 2121 564 1464 2414 1293 1912 1445 1840 1643 2183 1924 1118 855 1631 1431 1554 1309 1700 1731 1534 1196 1079 1311 1652 1061 696 1625 1022 1718 1592 1453 1039 1821 1805 1638 2256 1341 1296 1214 1013 1550 1634 1392 1652 1608 2097 833 2322 2191 682 1413 1053 1004
2817 2295 1478 360 3782 2723 1868 1236 2381 3601 1912 1285 1714 737 2666 676 2627 2725 1641 2422 489 2813 2767 2226 3251 1141 1280 1988 2300 1488 1841 2627 1388 2496 2044 1670 1638 777 2791 2621 2126 3152 3091 3096 1351 2604 519 2736 1123 1887 971 842 2935 2441 1656 579 2288 1799 751 1876 868 932 1297 2595 3118 2281 3091 2363 2152 2828 769 1545 1005 3199 1642 557 3464 2305 3024 980 2809 2729 3155 2836 2230 1553 2313 2525 2257 627 2559 2694 1277 1739 1832 1644 2720 2027 1274 2112 2135 2648 1379 1146 876 2613 837 2231 3214 1179 1136 1692 2130 646 2293 2458 2769 1151 3213 1599 3272 3109 1602 1247 2121 1688
1207 3252 2702 3782 360 1455 2428 3599 3064 580 2919 3432 2870 4090 2655 3631 1611 2074 2802 3204 3820 1594 1667 3107 1240 3209 3088 2233 2283 3368 2698 2758 2829 1772 2469 2472 3429 3569 3251 1575 3047 1028 1533 1355 2832 2364 3890 2611 3758 2315 3318 3604 1220 1704 2486 3984 1932 2482 3787 2355 3277 3940 3408 2997 1281 2882 1053 2516 2085 2923 4157 2641 3136 943 2513 3799 742 2331 1525 3500 1457 1418 1220 2539 2068 2628 2216 1632 2210 3560 1821 1558 3385 2606 2857 3319 1987 2524 3006 3278 2139 2480 3365 3735 3382 2831 4147 3141 1235 3273 3575 3166 2074 3890 3041 2106 1501 3559 1361 2571 1235 1405 2741 3286 2289 2939
540 2645 1706 2723 1455 360 1334 2505 2502 1316 2177 2521 1790 3012 1809 2608 998 1252 1711 2263 2749 768 1280 2485 1353 2240 1993 1138 1274 2507 1898 2320 1739 1103 1409 1437 2609 2558 2405 898 2390 977 1011 869 1829 1493 2820 2235 2662 1223 2230 2606 788 768 1433 2933 1116 1588 2777 1260 2229 2951 2314 2113 843 2288 780 1954 990 2119 3083 1656 2080 911 1503 2762 1106 1716 1386 2406 563 691 851 2219 1299 1544 1201 798 1171 2488 830 547 2291 1513 2078 2501 1613 1784 2036 2607 1322 2068 2274 2793 2370 2381 3120 2519 933 2178 2633 2359 1192 2860 2447 1552 1035 2464 1419 1490 1001 926 1837 2190 1538 2113
1488 2543 1183 1868 2428 1334 360 1530 2479 2289 1994 1993 848 2103 1425 1843 1580 1251 741 1586 1865 1318 1854 2393 2176 1642 1031 580 847 2069 1709 2470 841 1542 662 926 2220 1827 1866 1514 2272 1905 1584 1608 1245 1222 1935 2466 1691 566 1302 1900 1683 1243 849 2088 1362 1361 2029 491 1439 2232 1340 1567 1641 2272 1751 2068 704 1707 2181 1183 1283 1879 1038 1957 2068 1854 2074 1452 1357 1489 1686 2505 1465 726 833 1363 764 1609 1058 1244 1316 538 1865 2134 2037 1729 1479 2431 1398 2305 1301 2177 1656 2505 2318 2420 1734 1213 2035 2036 1264 2067 2396 1831 1708 1492 2197 719 1787 1613 1482 1218 1582 1815
2655 2932 1695 1236 3599 2505 1530 360 2963 3458 2442 2001 1128 1202 1955 1467 2654 2187 1161 1594 1134 2446 2882 2825 3284 1710 900 1733 1792 2181 2259 3115 1207 2570 1545 1699 2350 1535 1958 2611 2708 3060 2669 2737 1623 1987 1172 3180 554 1664 856 1626 2836 2362 1636 1398 2359 2049 1608 1613 1273 1805 553 1805 2782 2810 2921 2768 1874 2051 1289 1754 1252 3047 1745 1428 3236 2628 3129 661 2518 2633 2832 3257 2383 1410 1835 2474 1808 1044 2186 2409 574 1352 2329 2319 2958 2392 1716 2764 2291 3052 615 1968 1501 3122 1676 2840 2869 726 1908 2311 2215 1523 2871 2707 2795 458 3283 1474 2914 2729 1973 682 2378 2205
2391 566 1724 2381 3064 2502 2479 2963 360 2843 885 1473 2809 2747 3531 2067 1921 3181 2653 3670 2502 2867 1764 519 2206 1637 2551 2358 2900 1272 1135 742 2303 1777 2780 1918 1166 1966 3979 2005 617 2440 3148 3010 1742 3279 2540 917 2970 2297 2467 1913 2340 2102 1999 2446 1752 1479 2077 2362 2063 2064 2878 3684 2973 577 2583 922 2428 3824 2753 1694 2072 2605 1809 2237 2946 1149 1908 2673 2700 2237 2965 1034 1569 2207 2850 2066 2773 2376 2754 2632 2842 2537 1008 1117 1438 1128 1608 700 1569 976 2916 1735 1890 682 2398 526 3053 2647 1652 1048 1721 2244 452 1346 1976 2867 2097 2172 3120 3068 1402 2729 1343 1119
1045 3031 2510 3601 580 1316 2289 3458 2843 360 2701 3223 2746 3916 2611 3440 1400 2025 2667 3139 3643 1519 1447 2887 1027 3009 2938 2085 2188 3155 2484 2540 2668 1560 2355 2290 3213 3376 3214 1370 2826 820 1513 1317 2640 2310 3713 2394 3610 2161 3156 3407 1026 1520 2309 3800 1727 2277 3593 2206 3094 3741 3268 2947 1238 2661 897 2295 1944 2893 3981 2447 2956 771 2325 3610 714 2111 1306 3344 1354 1231 1179 2323 1857 2464 2119 1439 2104 3385 1723 1444 3244 2467 2641 3104 1767 2308 2807 3058 1931 2261 3230 3529 3189 2612 3956 2920 1215 3123 3370 2950 1873 3699 2820 1886 1285 3413 1149 2405 1232 1377 2535 3141 2074 2726
2118 910 1208 1912 2919 2177 1994 2442 885 2701 360 1068 2294 2286 3057 1608 1685 2755 2140 3161 2025 2502 1627 766 2130 1140 2026 1897 2438 904 655 1075 1783 1524 2296 1427 895 1507 3479 1747 644 2257 2797 2685 1218 2823 2071 1193 2456 1824 1945 1471 2110 1768 1505 2006 1427 1014 1654 1884 1551 1689 2353 3189 2660 734 2345 880 1988 3341 2303 1185 1550 2395 1315 1789 2733 965 1838 2155 2362 1965 2663 1301 1252 1699 2395 1764 2317 1877 2353 2277 2318 2035 489 793 1395 762 1086 808 1215 1133 2391 1379 1403 1062 2007 790 2748 2122 1256 648 1348 1816 793 1191 1779 2346 2043 1668 2816 2736 885 2204 1010 597
2533 1371 1209 1285 3432 2521 1993 2001 1473 3223 1068 360 2116 1640 3021 969 2183 2867 1980 2970 1411 2757 2214 1314 2727 718 1734 1990 2479 563 1135 1761 1606 2025 2271 1505 717 870 3324 2217 1226 2764 3059 2995 1115 2853 1442 1895 1958 1891 1536 805 2579 2141 1551 1333 1861 1314 964 1925 1106 981 1969 3066 2990 1406 2789 1580 2129 3262 1642 1242 1195 2867 1408 1127 3186 1607 2453 1699 2671 2397 3008 2006 1728 1630 2459 2180 2385 1338 2549 2567 1937 1957 1037 720 2051 1336 878 1187 1653 1842 2030 681 859 1734 1301 1315 3085 1759 548 798 1727 1131 1389 1813 2306 1902 2657 1634 3152 3031 1054 1846 1528 904
1956 2840 1446 1714 2870 1790 848 1128 2809 2746 2294 2116 360 1852 1317 1792 2067 1429 515 1231 1669 1685 2336 2701 2665 1760 797 1069 1025 2239 2035 2855 883 2022 779 1281 2406 1811 1571 2002 2579 2381 1901 1975 1452 1260 1732 2873 1313 1039 1102 1898 2162 1732 1198 1927 1832 1722 1976 969 1420 2190 937 1310 2023 2615 2211 2462 1174 1516 1938 1475 1292 2341 1376 1853 2498 2268 2561 1157 1776 1973 2075 2924 1915 966 1067 1851 1043 1447 1429 1672 925 688 2166 2337 2498 2099 1654 2704 1838 2720 875 2222 1679 2881 2190 2725 2108 911 2105 2270 1718 1965 2720 2276 2196 1120 2685 1011 2151 1963 1769 871 1995 2084
3122 2652 1829 737 4090 3012 2103 1202 2747 3916 2286 1640 1852 360 2767 1040 2969 2910 1816 2436 644 3060 3123 2591 3598 1518 1452 2252 2490 1844 2217 3002 1639 2844 2230 1992 1985 1142 2800 2956 2494 3476 3324 3350 1707 2753 582 3113 1028 2156 1160 1195 3255 2759 1967 690 2633 2162 1054 2134 1215 1169 1332 2643 3379 2654 3396 2740 2414 2887 447 1897 1331 3510 1978 873 3758 2679 3381 1055 3080 3048 3420 3213 2587 1828 2514 2851 2467 892 2801 2964 1325 1952 2209 2001 3090 2403 1648 2467 2491 3025 1416 1452 1253 2986 911 2594 3473 1302 1476 2059 2475 896 2660 2828 3112 1148 3566 1881 3528 3356 1975 1344 2489 2064
1979 3605 2245 2666 2655 1809 1425 1955 3531 2611 3057 3021 1317 2767 360 2747 2358 947 1420 953 2612 1466 2660 3452 2801 2663 1754 1534 1001 3117 2768 3484 1779 2392 1125 1990 3275 2761 964 2264 3333 2403 1485 1661 2295 675 2671 3456 2149 1595 2056 2846 2236 2009 1915 2875 2273 2414 2932 1533 2366 3146 1797 706 1737 3320 2158 3081 1490 675 2855 2249 2227 2281 2103 2810 2280 2851 2816 2079 1668 2118 1798 3476 2422 1762 1062 2114 1133 2401 1342 1624 1802 1425 2929 3192 2932 2768 2523 3497 2380 3288 1715 3161 2618 3527 3143 3480 1780 1850 3033 3100 2228 2922 3451 2777 2443 1986 2867 1773 1788 1609 2548 1791 2590 2881
2678 1978 1290 676 3631 2608 1843 1467 2067 3440 1608 969 1792 1040 2747 360 2435 2728 1690 2577 803 2748 2545 1911 3043 859 1359 1922 2309 1171 1563 2323 1371 2294 2064 1531 1322 461 2944 2441 1814 2984 3038 3020 1160 2644 834 2438 1389 1818 1080 529 2774 2288 1536 767 2094 1572 547 1823 764 758 1483 2721 3033 1973 2949 2077 2084 2942 1054 1354 920 3049 1479 548 3334 2038 2800 1177 2717 2573 3064 2541 2013 1492 2310 2361 2246 783 2506 2603 1456 1744 1536 1327 2465 1757 1026 1795 1921 2358 1557 862 616 2306 875 1916 3130 1313 826 1379 1939 619 1980 2207 2574 1373 2995 1526 3192 3041 1349 1395 1877 1391
833 2085 1511 2627 1611 998 1580 2654 1921 1400 1685 2183 2067 2969 2358 2435 360 1849 1943 2726 2687 1403 661 1929 996 1982 2114 1362 1747 2116 1448 1700 1810 521 1783 1348 2181 2363 2928 460 1849 942 1643 1477 1640 2050 2755 1603 2775 1390 2266 2387 786 716 1393 2814 701 1242 2577 1458 2120 2713 2482 2624 1429 1715 1027 1360 1297 2673 3025 1445 1998 1070 1350 2613 1409 1136 854 2478 1200 685 1414 1582 816 1604 1676 604 1619 2439 1396 1169 2451 1742 1612 2071 974 1283 1783 2078 892 1438 2466 2491 2180 1764 2946 1963 1502 2293 2332 1919 858 2694 1877 939 503 2590 988 1541 1567 1542 1498 2333 1041 1689
1412 3285 2029 2725 2074 1252 1251 2187 3181 2025 2755 2867 1429 2910 947 2728 1849 360 1454 1493 2703 882 2148 3126 2236 2523 1820 1243 784 2924 2459 3078 1718 1911 1042 1739 3064 2717 1551 1750 3013 1826 921 1080 2112 650 2769 3025 2378 1337 2125 2790 1672 1521 1681 2944 1832 2101 2915 1302 2325 3121 2002 1284 1154 2964 1575 2682 1128 1241 2994 2011 2171 1696 1848 2832 1696 2442 2277 2219 1092 1577 1215 3029 2002 1615 779 1612 847 2458 815 1064 1993 1349 2633 2969 2451 2415 2349 3203 1980 2854 1932 3066 2547 3129 3188 3157 1204 1970 2921 2854 1825 2943 3110 2332 1915 2188 2309 1600 1220 1033 2287 1939 2203 2616
1869 2686 1292 1641 2802 1711 741 1161 2653 2667 2140 1980 515 1816 1420 1690 1943 1454 360 1383 1610 1649 2205 2547 2551 1623 726 958 1033 2097 1880 2700 737 1889 774 1127 2262 1700 1717 1883 2424 2287 1887 1941 1301 1323 1676 2719 1332 913 1033 1785 2065 1617 1045 1859 1695 1567 1876 848 1305 2089 968 1447 1984 2460 2130 2308 1083 1642 1899 1319 1168 2259 1221 1766 2436 2115 2435 1130 1717 1869 2032 2772 1770 810 1060 1735 1021 1373 1388 1608 948 564 2011 2191 2355 1944 1508 2551 1691 2567 923 2102 1558 2726 2113 2570 2072 880 1978 2120 1576 1879 2565 2129 2076 1133 2566 856 2119 1936 1614 864 1843 1931
2443 3708 2313 2422 3204 2263 1586 1594 3670 3139 3161 2970 1231 2436 953 2577 2726 1493 1383 360 2342 1980 3021 3567 3244 2619 1601 1769 1354 3104 2894 3690 1754 2725 1316 2119 3272 2615 729 2642 3445 2879 2052 2211 2324 1202 2389 3691 1774 1790 1856 2706 2688 2370 2037 2611 2567 2565 2749 1716 2246 2961 1487 633 2283 3471 2651 3290 1792 868 2523 2337 2136 2780 2224 2595 2823 3080 3211 1802 2158 2539 2343 3731 2686 1823 1428 2486 1473 2179 1799 2091 1505 1496 3032 3206 3246 2941 2524 3574 2623 3531 1404 3044 2508 3722 2889 3591 2337 1624 2941 3142 2485 2702 3583 3053 2833 1655 3294 1858 2352 2167 2635 1544 2807 2954
2852 2419 1545 489 3820 2749 1865 1134 2502 3643 2025 1411 1669 644 2612 803 2687 2703 1610 2342 360 2818 2839 2347 3315 1249 1245 2000 2279 1614 1941 2741 1391 2561 2020 1715 1765 901 2710 2676 2246 3200 3090 3105 1422 2567 430 2846 1007 1901 937 970 2980 2484 1694 628 2350 1878 877 1884 931 1049 1214 2524 3130 2396 3127 2467 2163 2762 698 1613 1050 3238 1697 682 3494 2399 3097 902 2826 2773 3169 2944 2302 1569 2296 2574 2244 621 2562 2710 1198 1725 1942 1769 2806 2124 1368 2237 2207 2753 1298 1274 983 2728 907 2353 3226 1122 1265 1813 2192 758 2413 2544 2830 1055 3282 1619 3282 3115 1694 1183 2205 1798
901 2998 1911 2813 1594 768 1318 2446 2867 1519 2502 2757 1685 3060 1466 2748 1403 882 1649 1980 2818 360 1688 2837 1721 2444 1984 1187 1055 2772 2212 2709 1787 1498 1268 1619 2891 2714 2070 1303 2734 1304 662 652 2021 1156 2889 2632 2621 1291 2260 2774 1161 1129 1589 3031 1475 1874 2928 1296 2350 3118 2253 1794 698 2650 1053 2331 1024 1764 3138 1874 2195 1174 1709 2883 1212 2091 1787 2405 577 1098 752 2621 1658 1623 993 1188 1002 2559 621 598 2235 1477 2393 2787 2018 2124 2248 2943 1663 2463 2198 3002 2531 2767 3245 2870 783 2160 2846 2653 1517 2989 2806 1942 1443 2423 1800 1584 831 656 2103 2153 1887 2407
1073 1947 1654 2767 1667 1280 1854 2882 1764 1447 1627 2214 2336 3123 2660 2545 661 2148 2205 3021 2839 1688 360 1800 872 2066 2343 1640 2047 2116 1444 1492 2034 675 2073 1548 2153 2464 3228 758 1739 1037 1910 1731 1777 2352 2904 1371 2989 1656 2465 2475 972 1015 1605 2939 882 1333 2670 1727 2268 2785 2716 2924 1675 1575 1209 1209 1589 2975 3173 1586 2161 1209 1525 2730 1548 1028 617 2684 1478 951 1651 1331 896 1834 1976 905 1918 2602 1696 1459 2684 2008 1582 2046 718 1251 1880 1971 992 1216 2707 2532 2290 1561 3044 1834 1737 2516 2379 1892 1030 2801 1736 801 611 2811 810 1771 1799 1799 1566 2564 1047 1685
2392 521 1614 2226 3107 2485 2393 2825 519 2887 766 1314 2701 2591 3452 1911 1929 3126 2547 3567 2347 2837 1800 360 2264 1490 2427 2285 2827 1113 1044 872 2189 1778 2695 1827 1007 1810 3883 2007 482 2469 3124 2995 1622 3210 2385 1041 2826 2217 2330 1756 2353 2079 1907 2288 1729 1399 1919 2279 1920 1905 2746 3592 2962 587 2596 952 2365 3740 2596 1590 1936 2626 1716 2079 2969 1153 1965 2532 2679 2236 2958 1160 1546 2105 2781 2054 2703 2228 2709 2605 2710 2440 895 958 1494 1075 1473 561 1533 1070 2787 1576 1740 822 2239 394 3045 2516 1493 894 1681 2085 451 1367 1997 2728 2160 2073 3113 3051 1292 2598 1310 989
1063 2400 2133 3251 1240 1353 2176 3284 2206 1027 2130 2727 2665 3598 2801 3043 996 2236 2551 3244 3315 1721 872 2264 360 2570 2744 1956 2250 2628 1956 1884 2443 1114 2339 1984 2660 2964 3398 1033 2217 798 1855 1651 2259 2486 3382 1732 3409 1999 2902 2980 925 1294 2029 3430 1325 1832 3173 2063 2745 3294 3108 3104 1578 2036 1059 1676 1861 3110 3652 2065 2628 979 1982 3225 1249 1525 659 3113 1505 1067 1534 1658 1389 2236 2176 1176 2134 3071 1822 1537 3078 2347 2092 2554 1130 1762 2380 2446 1481 1607 3088 3045 2786 1957 3546 2296 1606 2925 2891 2400 1483 3300 2191 1299 852 3222 482 2173 1654 1723 2073 2962 1559 2198
2278 1586 895 1141 3209 2240 1642 1710 1637 3009 1140 718 1760 1518 2663 859 1982 2523 1623 2619 1249 2444 2066 1490 2570 360 1389 1654 2129 849 1065 1853 1248 1832 1915 1184 1020 766 2970 1999 1379 2549 2744 2694 782 2499 1298 1956 1697 1553 1223 769 2349 1882 1220 1266 1644 1101 964 1581 796 1092 1654 2710 2696 1514 2543 1583 1800 2904 1544 944 853 2632 1099 1047 2936 1539 2318 1411 2376 2155 2719 2055 1542 1277 2111 1939 2038 1099 2225 2267 1620 1600 1052 973 1969 1258 564 1414 1455 1867 1708 918 625 1843 1338 1501 2792 1434 763 963 1496 1103 1546 1711 2115 1611 2516 1285 2858 2726 860 1520 1387 909
2133 2552 1212 1280 3088 1993 1031 900 2551 2938 2026 1734 797 1452 1754 1359 2114 1820 726 1601 1245 1984 2343 2427 2744 1389 360 1215 1398 1879 1803 2656 670 2031 1138 1167 2049 1384 1961 2071 2305 2529 2236 2276 1170 1684 1310 2703 1033 1136 669 1473 2305 1825 1100 1496 1820 1549 1541 1093 1005 1756 735 1724 2312 2376 2402 2288 1367 1943 1535 1261 898 2526 1225 1416 2734 2127 2589 780 2028 2100 2357 2771 1852 870 1421 1936 1375 1012 1722 1915 702 866 1903 1994 2433 1911 1325 2399 1762 2565 743 1806 1267 2671 1755 2446 2404 545 1700 1950 1679 1528 2459 2187 2254 840 2742 933 2455 2277 1518 580 1867 1798
1281 2440 1146 1988 2233 1138 580 1733 2358 2085 1897 1990 1069 2252 1534 1922 1362 1243 958 1769 2000 1187 1640 2285 1956 1654 1215 360 902 2040 1604 2317 972 1331 814 855 2181 1893 2024 1294 2167 1691 1475 1467 1235 1286 2070 2300 1885 464 1459 1957 1468 1023 799 2205 1160 1245 2104 481 1523 2298 1545 1720 1490 2146 1548 1913 524 1833 2326 1128 1367 1674 966 2055 1881 1689 1856 1629 1188 1271 1529 2331 1279 795 859 1142 781 1739 943 1072 1520 753 1771 2087 1838 1594 1471 2342 1222 2135 1512 2206 1712 2357 2417 2314 1586 1400 2056 1975 1078 2161 2279 1645 1488 1688 1976 756 1644 1483 1409 1415 1422 1741
1454 2982 1660 2300 2283 1274 847 1792 2900 2188 2438 2479 1025 2490 1001 2309 1747 784 1033 1354 2279 1055 2047 2827 2250 2129 1398 902 360 2552 2146 2844 1298 1765 619 1383 2700 2301 1541 1658 2710 1891 1240 1333 1729 745 2346 2815 1978 977 1701 2377 1696 1392 1315 2519 1636 1788 2496 925 1907 2703 1602 1237 1391 2686 1676 2440 849 1310 2573 1652 1754 1807 1496 2408 1902 2210 2224 1802 1194 1545 1447 2837 1782 1212 433 1504 493 2034 825 1111 1590 926 2312 2610 2302 2134 1965 2883 1739 2647 1538 2662 2135 2887 2764 2856 1468 1552 2521 2505 1587 2520 2821 2139 1846 1784 2300 1205 1504 1313 1943 1526 1950 2277
2498 1168 1255 1488 3368 2507 2069 2181 1272 3155 904 563 2239 1844 3117 1171 2116 2924 2097 3104 1614 2772 2116 1113 2628 849 1879 2040 2552 360 1034 1573 1719 1955 2358 1546 531 1072 3451 2160 1030 2699 3075 2995 1184 2931 1645 1714 2148 1947 1705 1009 2526 2114 1603 1536 1810 1280 1165 1988 1274 1162 2138 3184 2984 1218 2746 1424 2169 3370 1845 1274 1343 2815 1440 1330 3142 1481 2345 1880 2669 2355 2998 1827 1660 1716 2525 2140 2449 1530 2579 2570 2105 2053 901 516 1923 1226 954 983 1595 1672 2194 840 1043 1542 1491 1113 3078 1921 740 617 1689 1332 1190 1697 2231 2082 2551 1710 3146 3036 1031 2008 1442 791
1857 1196 957 1841 2698 1898 1709 2259 1135 2484 655 1135 2035 2217 2768 1563 1448 2459 1880 2894 1941 2212 1444 1044 1956 1065 1803 1604 2146 1034 360 1217 1538 1287 2011 1144 1093 1468 3204 1500 924 2030 2509 2403 998 2530 1995 1286 2296 1533 1766 1455 1866 1491 1224 1970 1161 719 1649 1595 1412 1731 2150 2911 2381 940 2094 887 1692 3056 2247 921 1377 2154 1034 1751 2487 841 1678 1985 2078 1706 2387 1374 997 1432 2102 1499 2024 1756 2058 1990 2114 1761 540 983 1282 562 939 1104 945 1176 2180 1456 1325 1228 2020 1071 2471 1919 1309 831 1065 1800 1049 1038 1558 2166 1883 1396 2539 2452 646 1996 769 602
2172 947 1805 2627 2758 2320 2470 3115 742 2540 1075 1761 2855 3002 3484 2323 1700 3078 2700 3690 2741 2709 1492 872 1884 1853 2656 2317 2844 1573 1217 360 2379 1577 2761 1936 1497 2222 3975 1794 912 2165 2972 2816 1856 3211 2786 536 3147 2272 2621 2182 2095 1942 2018 2719 1607 1493 2360 2343 2250 2375 3007 3673 2769 715 2337 763 2357 3789 3018 1759 2229 2341 1838 2503 2678 996 1593 2839 2523 2025 2754 652 1436 2249 2787 1883 2712 2584 2633 2470 2971 2557 1163 1428 1140 1115 1776 1072 1466 639 3035 2052 2117 433 2703 893 2842 2776 1948 1323 1620 2525 781 1128 1727 3022 1769 2204 2907 2879 1504 2852 1255 1304
1864 2324 940 1388 2829 1739 841 1207 2303 2668 1783 1606 883 1639 1779 1371 1810 1718 737 1754 1391 1787 2034 2189 2443 1248 670 972 1298 1719 1538 2379 360 1722 1056 857 1884 1364 2094 1771 2066 2247 2062 2074 931 1642 1461 2416 1325 878 850 1443 2022 1534 790 1607 1511 1256 1558 854 969 1766 1045 1825 2100 2117 2137 2001 1134 2016 1714 980 818 2257 922 1477 2486 1830 2282 1039 1800 1815 2140 2479 1542 568 1299 1641 1237 1131 1532 1684 1012 734 1656 1814 2125 1627 1131 2183 1453 2273 1047 1744 1206 2399 1837 2211 2195 843 1614 1747 1369 1588 2213 1880 1952 1139 2438 630 2251 2084 1261 890 1565 1566
974 1935 1378 2496 1772 1103 1542 2570 1777 1560 1524 2025 2022 2844 2392 2294 521 1911 1889 2725 2561 1498 675 1778 1114 1832 2031 1331 1765 1955 1287 1577 1722 360 1771 1243 2019 2219 2946 589 1695 1104 1755 1601 1505 2091 2628 1494 2681 1343 2163 2239 945 749 1296 2678 574 1091 2431 1414 1991 2563 2403 2641 1559 1568 1183 1219 1293 2707 2898 1311 1875 1231 1230 2474 1569 988 919 2379 1307 819 1549 1485 657 1521 1697 669 1634 2317 1456 1259 2371 1694 1451 1909 902 1122 1637 1922 738 1325 2393 2334 2038 1638 2802 1812 1636 2205 2176 1757 730 2552 1729 808 643 2501 1085 1457 1703 1663 1344 2251 879 1527
1584 2846 1480 2044 2469 1409 662 1545 2780 2355 2296 2271 779 2230 1125 2064 1783 1042 774 1316 2020 1268 2073 2695 2339 1915 1138 814 619 2358 2011 2761 1056 1771 360 1228 2513 2060 1574 1704 2575 2018 1484 1557 1533 946 2087 2750 1728 849 1443 2139 1807 1429 1151 2263 1611 1661 2251 780 1664 2460 1354 1271 1606 2572 1827 2358 845 1405 2313 1483 1514 1958 1341 2157 2092 2138 2274 1544 1371 1633 1659 2784 1733 1002 650 1548 625 1777 1014 1272 1339 682 2168 2428 2289 2026 1764 2733 1675 2587 1294 2435 1901 2799 2511 2722 1690 1293 2299 2334 1532 2269 2698 2099 1898 1531 2375 1009 1732 1544 1783 1270 1869 2116
1510 1977 655 1670 2472 1437 926 1699 1918 2290 1427 1505 1281 1992 1990 1531 1348 1739 1127 2119 1715 1619 1548 1827 1984 1184 1167 855 1383 1546 1144 1936 857 1243 1228 360 1685 1481 2421 1326 1706 1844 1920 1872 762 1768 1784 1952 1800 767 1280 1531 1626 1130 442 1871 1028 805 1699 819 1164 1876 1543 2126 1877 1714 1784 1542 985 2273 2054 632 1025 1889 473 1690 2164 1350 1800 1496 1557 1419 1904 2006 1045 682 1349 1218 1271 1460 1404 1447 1509 983 1299 1591 1627 1182 990 1866 955 1801 1545 1743 1293 1964 2045 1854 1974 1332 1587 1482 878 1786 1833 1385 1492 1624 1967 630 2038 1902 920 1386 1079 1254
2584 1035 1400 1638 3429 2609 2220 2350 1166 3213 895 717 2406 1985 3275 1322 2181 3064 2262 3272 1765 2891 2153 1007 2660 1020 2049 2181 2700 531 1093 1497 1884 2019 2513 1685 360 1226 3617 2233 945 2762 3193 3104 1339 3081 1792 1650 2314 2090 1876 1156 2599 2208 1746 1669 1890 1382 1295 2135 1444 1260 2309 3349 3089 1149 2826 1405 2304 3532 1980 1413 1514 2887 1576 1471 3220 1498 2371 2049 2778 2436 3100 1767 1730 1873 2670 2226 2594 1694 2707 2682 2276 2211 932 470 1930 1266 1115 850 1673 1630 2365 931 1210 1458 1596 1001 3182 2092 868 623 1781 1461 1092 1722 2288 2251 2576 1864 3250 3148 1148 2179 1500 858
2621 1878 1227 777 3569 2558 1827 1535 1966 3376 1507 870 1811 1142 2761 461 2363 2717 1700 2615 901 2714 2464 1810 2964 766 1384 1893 2301 1072 1468 2222 1364 2219 2060 1481 1226 360 2980 2372 1712 2918 3008 2982 1097 2645 935 2338 1469 1789 1122 451 2711 2229 1493 864 2022 1492 578 1798 756 766 1538 2749 2993 1872 2891 1979 2052 2966 1156 1288 906 2988 1421 644 3279 1945 2718 1240 2674 2511 3022 2441 1934 1469 2298 2298 2231 853 2476 2561 1510 1739 1436 1227 2375 1664 944 1695 1844 2259 1609 797 548 2204 943 1814 3090 1355 738 1277 1868 697 1878 2117 2500 1439 2914 1498 3152 3006 1263 1440 1791 1291
2579 4029 2636 2791 3251 2405 1866 1958 3979 3214 3479 3324 1571 2800 964 2944 2928 1551 1717 729 2710 2070 3228 3883 3398 2970 1961 2024 1541 3451 3204 3975 2094 2946 1574 2421 3617 2980 360 2837 3761 3005 2077 2260 2657 1276 2757 3964 2135 2062 2223 3070 2833 2573 2339 2979 2807 2864 3117 1991 2606 3329 1856 665 2337 3775 2761 3572 2018 697 2886 2654 2492 2885 2529 2964 2878 3352 3398 2171 2270 2706 2398 3996 2941 2141 1612 2684 1672 2548 1935 2222 1874 1803 3349 3548 3480 3235 2865 3901 2887 3800 1773 3407 2869 4011 3257 3909 2376 1991 3301 3476 2741 3071 3894 3305 3022 2021 3460 2170 2378 2205 2955 1913 3083 3280
745 2165 1511 2621 1575 898 1514 2611 2005 1370 1747 2217 2002 2956 2264 2441 460 1750 1883 2642 2676 1303 758 2007 1033 1999 2071 1294 1658 2160 1500 1794 1771 589 1704 1326 2233 2372 2837 360 1924 909 1544 1381 1642 1955 2744 1701 2737 1329 2237 2400 726 635 1363 2812 717 1267 2588 1395 2113 2732 2434 2534 1336 1797 957 1446 1219 2579 3014 1447 1985 1015 1339 2615 1348 1217 930 2444 1100 592 1323 1681 862 1563 1586 516 1531 2424 1297 1068 2404 1680 1669 2123 1075 1345 1798 2150 926 1534 2415 2520 2187 1857 2954 2041 1410 2252 2360 1972 864 2700 1959 1029 554 2549 1043 1500 1477 1445 1526 2288 1098 1737
2306 632 1492 2126 3047 2390 2272 2708 617 2826 644 1226 2579 2494 3333 1814 1849 3013 2424 3445 2246 2734 1739 482 2217 1379 2305 2167 2710 1030 924 912 2066 1695 2575 1706 945 1712 3761 1924 360 2400 3024 2899 1500 3093 2285 1068 2712 2098 2212 1662 2275 1982 1786 2197 1633 1281 1831 2160 1806 1830 2626 3471 2869 570 2516 901 2250 3620 2502 1468 1818 2552 1595 1986 2894 1079 1918 2417 2581 2150 2867 1186 1450 1982 2664 1962 2587 2119 2601 2504 2591 2318 772 880 1451 970 1354 591 1432 1067 2667 1504 1633 874 2161 507 2953 2396 1410 794 1576 1997 527 1300 1925 2611 2117 1951 3021 2954 1169 2479 1211 868
677 2619 2053 3152 1028 977 1905 3060 2440 820 2257 2764 2381 3476 2403 2984 942 1826 2287 2879 3200 1304 1037 2469 798 2549 2529 1691 1891 2699 2030 2165 2247 1104 2018 1844 2762 2918 3005 909 2400 360 1418 1214 2184 2089 3269 2035 3203 1756 2730 2948 584 1078 1869 3349 1267 1816 3135 1808 2644 3281 2875 2719 1140 2247 622 1881 1567 2706 3539 1990 2510 550 1872 3156 873 1681 974 2926 1095 791 1096 1981 1399 2040 1818 987 1788 2944 1440 1148 2848 2083 2191 2652 1385 1860 2347 2631 1471 1887 2843 3068 2732 2235 3499 2503 1169 2715 2909 2499 1413 3244 2408 1461 838 3009 901 1979 1218 1285 2075 2739 1622 2271
1082 3285 2213 3091 1533 1011 1584 2669 3148 1513 2797 3059 1901 3324 1485 3038 1643 921 1887 2052 3090 662 1910 3124 1855 2744 2236 1475 1240 3075 2509 2972 2062 1755 1484 1920 3193 3008 2077 1544 3024 1418 360 566 2322 1210 3159 2885 2852 1580 2523 3070 1330 1406 1887 3309 1756 2174 3220 1578 2638 3412 2478 1831 644 2932 1156 2604 1315 1749 3403 2176 2482 1252 2012 3168 1167 2365 1971 2654 809 1322 699 2865 1940 1908 1194 1450 1225 2833 893 880 2463 1732 2690 3088 2254 2414 2550 3236 1951 2718 2416 3302 2825 3033 3531 3157 660 2405 3147 2954 1810 3275 3090 2204 1658 2655 1950 1872 662 497 2406 2390 2174 2707
898 3155 2159 3096 1355 869 1608 2737 3010 1317 2685 2995 1975 3350 1661 3020 1477 1080 1941 2211 3105 652 1731 2995 1651 2694 2276 1467 1333 2995 2403 2816 2074 1601 1557 1872 3104 2982 2260 1381 2899 1214 566 360 2274 1370 3175 2721 2914 1569 2550 3039 1138 1277 1850 3313 1626 2082 3197 1580 2626 3383 2545 2002 439 2796 952 2458 1303 1937 3427 2116 2471 1046 1955 3159 978 2222 1777 2697 686 1152 498 2695 1809 1903 1277 1303 1292 2845 914 787 2527 1770 2583 2998 2081 2293 2495 3117 1831 2556 2489 3252 2796 2878 3522 3028 494 2452 3094 2859 1697 3264 2956 2049 1479 2715 1749 1861 538 431 2324 2445 2048 2612
1883 1754 490 1351 2832 1829 1245 1623 1742 2640 1218 1115 1452 1707 2295 1160 1640 2112 1301 2324 1422 2021 1777 1622 2259 782 1170 1235 1729 1184 998 1856 931 1505 1533 762 1339 1097 2657 1642 1500 2184 2322 2274 360 2107 1487 1916 1672 1136 1136 1138 1974 1491 798 1533 1299 821 1316 1170 851 1481 1512 2379 2278 1567 2153 1505 1379 2555 1756 555 764 2250 686 1333 2542 1381 2034 1359 1958 1773 2303 1995 1240 893 1706 1561 1631 1193 1802 1848 1476 1232 1093 1259 1758 1131 596 1612 1144 1791 1542 1340 909 1866 1675 1643 2375 1280 1185 1179 1142 1419 1651 1497 1781 1532 2221 886 2439 2305 712 1357 1156 996
1664 3366 2042 2604 2364 1493 1222 1987 3279 2310 2823 2853 1260 2753 675 2644 2050 650 1323 1202 2567 1156 2352 3210 2486 2499 1684 1286 745 2931 2530 3211 1642 2091 946 1768 3081 2645 1276 1955 3093 2089 1210 1370 2107 360 2631 3173 2181 1362 1993 2725 1921 1705 1699 2820 1983 2171 2831 1309 2248 3042 1810 997 1443 3065 1846 2809 1215 987 2839 2036 2100 1970 1881 2729 1985 2575 2503 2057 1354 1804 1504 3189 2140 1582 789 1807 866 2336 1027 1308 1806 1269 2697 2993 2633 2512 2341 3268 2104 3004 1734 3022 2488 3257 3076 3239 1495 1812 2885 2890 1950 2841 3202 2489 2131 1999 2552 1581 1510 1324 2328 1769 2320 2662
2923 2452 1611 519 3890 2820 1935 1172 2540 3713 2071 1442 1732 582 2671 834 2755 2769 1676 2389 430 2889 2904 2385 3382 1298 1310 2070 2346 1645 1995 2786 1461 2628 2087 1784 1792 935 2757 2744 2285 3269 3159 3175 1487 2631 360 2895 1032 1972 1004 996 3050 2554 1764 587 2417 1941 884 1955 997 1039 1263 2577 3201 2440 3198 2520 2234 2816 630 1679 1119 3309 1765 689 3565 2456 3162 955 2897 2843 3240 2994 2367 1640 2364 2643 2313 692 2632 2781 1248 1794 1990 1801 2867 2180 1425 2269 2272 2805 1347 1285 1033 2772 864 2389 3296 1183 1288 1851 2259 748 2452 2605 2898 1097 3348 1690 3353 3185 1752 1240 2266 1846
2070 1123 1852 2736 2611 2235 2466 3180 917 2394 1193 1895 2873 3113 3456 2438 1603 3025 2719 3691 2846 2632 1371 1041 1732 1956 2703 2300 2815 1714 1286 536 2416 1494 2750 1952 1650 2338 3964 1701 1068 2035 2885 2721 1916 3173 2895 360 3222 2264 2690 2304 1982 1873 2034 2839 1553 1520 2487 2337 2336 2514 3062 3660 2671 861 2221 775 2325 3764 3133 1801 2303 2216 1862 2621 2548 972 1448 2911 2439 1928 2652 478 1393 2272 2754 1803 2682 2676 2574 2394 3026 2565 1264 1575 1013 1151 1861 1243 1438 530 3085 2194 2222 605 2837 1064 2739 2832 2083 1459 1588 2649 950 1053 1614 3089 1615 2222 2803 2786 1568 2905 1244 1408
2806 2923 1759 1123 3758 2662 1691 554 2970 3610 2456 1958 1313 1028 2149 1389 2775 2378 1332 1774 1007 2621 2989 2826 3409 1697 1033 1885 1978 2148 2296 3147 1325 2681 1728 1800 2314 1469 2135 2737 2712 3203 2852 2914 1672 2181 1032 3222 360 1810 898 1555 2978 2497 1745 1258 2468 2117 1509 1764 1266 1694 736 1992 2956 2828 3074 2815 2033 2240 1113 1822 1279 3199 1834 1320 3399 2691 3240 674 2685 2774 3005 3305 2477 1533 2018 2606 1987 980 2360 2574 748 1516 2349 2293 3043 2443 1733 2749 2383 3102 807 1889 1465 3148 1532 2838 3045 848 1847 2301 2319 1405 2878 2786 2917 559 3401 1596 3091 2907 2014 832 2451 2219
1356 2370 1052 1887 2315 1223 566 1664 2297 2161 1824 1891 1039 2156 1595 1818 1390 1337 913 1790 1901 1291 1656 2217 1999 1553 1136 464 977 1947 1533 2272 878 1343 849 767 2090 1789 2062 1329 2098 1756 1580 1569 1136 1362 1972 2264 1810 360 1367 1853 1531 1066 704 2103 1158 1178 2000 434 1419 2194 1480 1760 1590 2087 1627 1869 626 1888 2230 1038 1263 1749 879 1951 1969 1652 1882 1545 1284 1330 1628 2301 1259 694 941 1183 864 1640 1047 1169 1452 712 1697 1998 1832 1538 1373 2267 1193 2102 1452 2104 1608 2309 2314 2245 1686 1322 1954 1889 1058 2057 2216 1625 1522 1614 2013 653 1745 1586 1326 1343 1381 1659
2353 2439 1220 971 3318 2230 1302 856 2467 3156 1945 1536 1102 1160 2056 1080 2266 2125 1033 1856 937 2260 2465 2330 2902 1223 669 1459 1701 1705 1766 2621 850 2163 1443 1280 1876 1122 2223 2237 2212 2730 2523 2550 1136 1993 1004 2690 898 1367 360 1213 2505 2013 1234 1186 1948 1578 1254 1339 791 1468 793 2005 2581 2313 2626 2281 1619 2232 1239 1283 755 2745 1302 1115 2976 2153 2719 584 2286 2298 2623 2771 1945 1051 1720 2115 1670 705 2001 2171 761 1153 1832 1837 2506 1907 1219 2273 1850 2567 855 1557 1041 2626 1447 2345 2675 593 1469 1820 1795 1227 2374 2248 2410 761 2887 1110 2729 2556 1481 678 1912 1708
2661 1817 1266 842 3604 2606 1900 1626 1913 3407 1471 805 1898 1195 2846 529 2387 2790 1785 2706 970 2774 2475 1756 2980 769 1473 1957 2377 1009 1455 2182 1443 2239 2139 1531 1156 451 3070 2400 1662 2948 3070 3039 1138 2725 996 2304 1555 1853 1213 360 2744 2268 1548 896 2047 1509 555 1866 839 704 1630 2838 3047 1830 2930 1956 2115 3053 1200 1323 984 3024 1464 683 3320 1936 2727 1331 2728 2547 3075 2410 1951 1539 2372 2332 2304 942 2540 2616 1601 1817 1409 1166 2371 1655 963 1633 1862 2232 1701 705 605 2161 930 1759 3144 1447 656 1228 1896 707 1827 2116 2522 1530 2925 1564 3207 3064 1269 1532 1796 1264
500 2508 1844 2935 1220 788 1683 2836 2340 1026 2110 2579 2162 3255 2236 2774 786 1672 2065 2688 2980 1161 972 2353 925 2349 2305 1468 1696 2526 1866 2095 2022 945 1807 1626 2599 2711 2833 726 2275 584 1330 1138 1974 1921 3050 1982 2978 1531 2505 2744 360 856 1648 3134 1078 1626 2928 1585 2428 3080 2651 2541 1074 2137 603 1777 1348 2545 3319 1782 2292 649 1658 2944 983 1560 1000 2701 944 567 1044 1943 1228 1815 1622 773 1586 2723 1258 972 2624 1860 2034 2489 1330 1708 2146 2504 1291 1824 2620 2878 2523 2163 3290 2387 1129 2490 2718 2338 1215 3033 2299 1353 728 2784 999 1755 1189 1208 1886 2515 1462 2103
755 2240 1362 2441 1704 768 1243 2362 2102 1520 1768 2141 1732 2759 2009 2288 716 1521 1617 2370 2484 1129 1015 2079 1294 1882 1825 1023 1392 2114 1491 1942 1534 749 1429 1130 2208 2229 2573 635 1982 1078 1406 1277 1491 1705 2554 1873 2497 1066 2013 2268 856 360 1151 2641 710 1193 2447 1129 1934 2608 2182 2269 1251 1886 1022 1562 944 2324 2822 1304 1796 1121 1169 2454 1414 1321 1205 2213 959 648 1256 1870 894 1326 1321 479 1263 2227 1066 891 2153 1413 1671 2100 1291 1375 1678 2199 913 1703 2158 2426 2041 1999 2804 2113 1340 2009 2265 1955 787 2546 2043 1179 829 2305 1314 1265 1408 1331 1449 2040 1130 1711
1520 2056 708 1656 2486 1433 849 1636 1999 2309 1505 1551 1198 1967 1915 1536 1393 1681 1045 2037 1694 1589 1605 1907 2029 1220 1100 799 1315 1603 1224 2018 790 1296 1151 442 1746 1493 2339 1363 1786 1869 1887 1850 798 1699 1764 2034 1745 704 1234 1548 1648 1151 360 1862 1083 888 1710 749 1157 1893 1476 2046 1859 1796 1794 1624 940 2195 2032 697 1011 1904 550 1688 2169 1431 1855 1445 1541 1440 1888 2087 1114 604 1284 1247 1207 1436 1364 1428 1442 900 1377 1655 1699 1265 1033 1942 1026 1882 1474 1776 1306 2047 2047 1933 1956 1271 1623 1550 938 1788 1914 1459 1536 1565 2017 549 2019 1876 992 1321 1159 1326
3021 2341 1662 579 3984 2933 2088 1398 2446 3800 2006 1333 1927 690 2875 767 2814 2944 1859 2611 628 3031 2939 2288 3430 1266 1496 2205 2519 1536 1970 2719 1607 2678 2263 1871 1669 864 2979 2812 2197 3349 3309 3313 1533 2820 587 2839 1258 2103 1186 896 3134 2641 1862 360 2473 1966 733 2094 1067 841 1483 2793 3334 2366 3295 2483 2369 3030 671 1728 1212 3401 1836 579 3672 2445 3195 1170 3023 2929 3369 2944 2404 1769 2533 2722 2477 846 2778 2908 1467 1959 1940 1692 2870 2164 1426 2155 2310 2763 1567 1125 1014 2698 638 2289 3430 1385 1160 1763 2316 569 2361 2611 2954 1322 3387 1814 3489 3327 1752 1449 2278 1795
1055 1889 1171 2288 1932 1116 1362 2359 1752 1727 1427 1861 1832 2633 2273 2094 701 1832 1695 2567 2350 1475 882 1729 1325 1644 1820 1160 1636 1810 1161 1607 1511 574 1611 1028 1890 2022 2807 717 1633 1267 1756 1626 1299 1983 2417 1553 2468 1158 1948 2047 1078 710 1083 2473 360 910 2236 1231 1781 2376 2194 2501 1596 1536 1296 1219 1149 2585 2687 1104 1663 1367 1017 2271 1692 977 1132 2165 1310 906 1597 1565 543 1312 1571 698 1502 2105 1385 1239 2162 1504 1336 1780 1038 1029 1444 1852 576 1383 2186 2162 1838 1661 2605 1762 1682 1994 2003 1631 517 2353 1693 865 841 2289 1300 1249 1750 1681 1169 2041 782 1391
1581 1554 718 1799 2482 1588 1361 2049 1479 2277 1014 1314 1722 2162 2414 1572 1242 2101 1567 2565 1878 1874 1333 1399 1832 1101 1549 1245 1788 1280 719 1493 1256 1091 1661 805 1382 1492 2864 1267 1281 1816 2174 2082 821 2171 1941 1520 2117 1178 1578 1509 1626 1193 888 1966 910 360 1702 1242 1310 1831 1916 2567 2067 1271 1836 1105 1333 2705 2207 656 1224 1914 705 1756 2232 939 1589 1803 1756 1443 2079 1583 802 1116 1743 1227 1665 1654 1707 1661 1881 1429 892 1276 1297 737 908 1462 713 1376 1932 1612 1316 1519 2074 1428 2160 1691 1453 1139 773 1829 1397 1035 1374 1964 1782 1071 2228 2126 619 1758 695 893
2840 1968 1445 751 3787 2777 2029 1608 2077 3593 1654 964 1976 1054 2932 547 2577 2915 1876 2749 877 2928 2670 1919 3173 964 1541 2104 2496 1165 1649 2360 1558 2431 2251 1699 1295 578 3117 2588 1831 3135 3220 3197 1316 2831 884 2487 1509 2000 1254 555 2928 2447 1710 733 2236 1702 360 2006 949 574 1642 2899 3209 2006 3110 2146 2264 3123 1044 1506 1105 3206 1640 555 3497 2131 2922 1329 2891 2729 3239 2595 2144 1676 2496 2515 2432 935 2688 2778 1617 1931 1598 1321 2566 1850 1154 1783 2055 2420 1719 761 767 2336 734 1919 3306 1485 787 1399 2084 526 1994 2312 2713 1517 3120 1708 3368 3220 1464 1564 1991 1454
1402 2432 1095 1876 2355 1260 491 1613 2362 2206 1884 1925 969 2134 1533 1823 1458 1302 848 1716 1884 1296 1727 2279 2063 1581 1093 481 925 1988 1595 2343 854 1414 780 819 2135 1798 1991 1395 2160 1808 1578 1580 1170 1309 1955 2337 1764 434 1339 1866 1585 1129 749 2094 1231 1242 2006 360 1421 2204 1426 1691 1606 2153 1670 1941 640 1822 2209 1086 1264 1795 933 1950 2003 1724 1952 1507 1307 1386 1646 2375 1333 690 896 1247 820 1624 1045 1191 1400 644 1756 2044 1906 1606 1407 2325 1267 2175 1395 2127 1621 2379 2312 2307 1701 1278 1980 1940 1132 2057 2280 1699 1589 1567 2079 662 1757 1592 1380 1294 1453 1714
2314 2021 973 868 3277 2229 1439 1273 2063 3094 1551 1106 1420 1215 2366 764 2120 2325 1305 2246 931 2350 2268 1920 2745 796 1005 1523 1907 1274 1412 2250 969 1991 1664 1164 1444 756 2606 2113 1806 2644 2638 2626 851 2248 997 2336 1266 1419 791 839 2428 1934 1157 1067 1781 1310 949 1421 360 1156 1224 2365 2642 1924 2588 1940 1686 2577 1266 1042 516 2694 1133 894 2966 1848 2525 975 2328 2222 2675 2426 1731 1090 1906 2017 1842 707 2105 2213 1191 1343 1448 1407 2243 1580 835 1851 1635 2228 1283 1163 622 2247 1256 1933 2739 1013 1055 1399 1623 998 1971 1981 2262 1174 2711 1126 2800 2645 1145 1100 1640 1314
3002 1933 1607 932 3940 2951 2232 1805 2064 3741 1689 981 2190 1169 3146 758 2713 3121 2089 2961 1049 3118 2785 1905 3294 1092 1756 2298 2703 1162 1731 2375 1766 2563 2460 1876 1260 766 3329 2732 1830 3281 3412 3383 1481 3042 1039 2514 1694 2194 1468 704 3080 2608 1893 841 2376 1831 574 2204 1156 360 1849 3113 3392 2020 3270 2200 2457 3337 1138 1664 1309 3362 1808 737 3661 2212 3033 1534 3073 2885 3419 2626 2270 1875 2702 2669 2636 1143 2882 2961 1826 2139 1654 1310 2654 1934 1294 1749 2185 2463 1928 689 947 2344 696 1901 3489 1698 793 1415 2228 651 1987 2406 2846 1717 3234 1904 3552 3408 1582 1776 2099 1515
2466 2861 1570 1297 3408 2314 1340 553 2878 3268 2353 1969 937 1332 1797 1483 2482 2002 968 1487 1214 2253 2716 2746 3108 1654 735 1545 1602 2138 2150 3007 1045 2403 1354 1543 2309 1538 1856 2434 2626 2875 2478 2545 1512 1810 1263 3062 736 1480 793 1630 2651 2182 1476 1483 2194 1916 1642 1426 1224 1849 360 1676 2589 2714 2731 2648 1684 1917 1420 1624 1171 2858 1598 1476 3044 2496 2961 676 2326 2450 2639 3135 2228 1242 1643 2295 1615 1066 1993 2216 395 1161 2235 2268 2809 2271 1632 2699 2138 2928 444 1975 1473 3018 1761 2762 2676 591 1897 2245 2054 1580 2785 2561 2621 550 3110 1305 2722 2536 1864 518 2238 2119
2289 3739 2351 2595 2997 2113 1567 1805 3684 2947 3189 3066 1310 2643 706 2721 2624 1284 1447 633 2524 1794 2924 3592 3104 2710 1724 1720 1237 3184 2911 3673 1825 2641 1271 2126 3349 2749 665 2534 3471 2719 1831 2002 2379 997 2577 3660 1992 1760 2005 2838 2541 2269 2046 2793 2501 2567 2899 1691 2365 3113 1676 360 2078 3479 2480 3270 1712 608 2730 2366 2242 2606 2236 2757 2620 3049 3097 1982 1987 2409 2138 3691 2636 1855 1308 2381 1367 2341 1643 1932 1688 1515 3060 3275 3174 2936 2593 3616 2582 3496 1591 3168 2626 3710 3068 3618 2124 1779 3054 3198 2436 2867 3600 2999 2720 1854 3163 1881 2133 1953 2667 1707 2780 2995
842 3122 2160 3118 1281 843 1641 2782 2973 1238 2660 2990 2023 3379 1737 3033 1429 1154 1984 2283 3130 698 1675 2962 1578 2696 2312 1490 1391 2984 2381 2769 2100 1559 1606 1877 3089 2993 2337 1336 2869 1140 644 439 2278 1443 3201 2671 2956 1590 2581 3047 1074 1251 1859 3334 1596 2067 3209 1606 2642 3392 2589 2078 360 2760 879 2418 1326 2015 3455 2115 2488 969 1956 3176 902 2183 1711 2733 680 1104 420 2642 1778 1925 1331 1267 1341 2870 956 791 2571 1807 2561 2982 2027 2265 2495 3088 1804 2507 2535 3253 2806 2833 3538 2995 457 2490 3094 2841 1675 3280 2920 2005 1423 2757 1677 1880 522 507 2313 2486 2018 2595
