140 1046 2250 1941 1230 1996 1617 1751 2582 2244 1166 2473 2410 1124 2343 2253 361 1455 1908 1511 1961 725 991 775 765 2173 1149 1620 1314 1592 1443 1269 2701 2099 2588 2428 1252 1230 1702 2005 2167 2140 2704 910 1260 1291 2583 2258 763 2562 1816 2492 2228 2337 2261 656 1779 2985 2580 830 2342 1120 428 340 1718 1292 2219 3067 2266 2321 2021 987 1103 827 394 1968 2462 2898 2379 2353 1549 1752 699 1826 2034 1503 1255 2272 947 1399 2040 1610 2335 2476 3371 1080 2310 2320 820 783 1153 1484 657 1903 633 2182
1146 360 3051 2765 967 2097 2122 1457 2580 1846 713 2941 3300 1969 2974 1758 1158 1606 2210 922 2152 733 1555 762 1003 2710 1638 2598 2249 1708 849 1259 3095 1647 2761 2679 1184 1899 2644 2543 2999 2342 2978 1916 1724 2104 2673 2614 1756 2966 1847 3191 2960 2865 2244 1652 2177 3372 2916 1832 3185 2125 1050 1346 2656 2296 2535 3431 3184 3076 1843 1621 1948 670 1250 1549 3027 3357 2055 2220 2093 2367 1470 2505 2965 1101 2090 2326 1386 1532 2658 2152 2250 2771 3691 2077 2471 2794 865 946 1282 2391 1488 1894 1121 2767
2350 3051 360 674 2746 2286 1515 2907 2703 3328 2918 1510 846 1486 992 3526 2346 2200 1866 3218 2102 2685 3023 2648 2975 1275 3182 1426 1390 2239 3185 2456 1798 3344 2306 2060 2529 1523 1181 1290 507 2102 2112 1975 1797 1324 2498 1760 1956 1714 2391 816 636 1308 2597 2045 1679 1962 1900 2155 584 1873 2637 2325 1155 1798 1852 2071 964 557 2816 1794 1506 2969 2543 3210 1227 1722 3263 2869 1474 1200 1964 1002 1022 2969 1355 2454 3073 2240 1059 1442 2765 1967 2381 1789 2232 1458 2559 2474 2313 1199 1973 2479 2829 1131
2041 2765 674 360 2497 2166 1350 2705 2642 3151 2652 1579 954 1179 1111 3330 2042 2001 1760 2965 1990 2395 2710 2364 2665 1284 2869 1173 1081 2058 2927 2224 1881 3147 2293 2045 2292 1261 928 1241 593 2024 2148 1665 1568 1024 2460 1740 1642 1775 2234 1050 782 1367 2493 1731 1553 2086 1939 1845 782 1573 2328 2013 904 1510 1814 2196 956 803 2656 1519 1200 2670 2230 3009 1343 1869 3110 2753 1289 1058 1667 867 892 2734 1049 2366 2759 2032 1035 1271 2656 1973 2518 1483 2173 1491 2281 2195 2073 891 1670 2330 2518 1160
1330 967 2746 2497 360 1500 1679 903 1973 1377 627 2431 3075 1797 2549 1391 1256 1053 1665 833 1573 923 2012 840 1496 2242 2129 2541 2142 1132 808 698 2551 1231 2165 2101 613 1595 2521 2086 2725 1759 2399 1998 1317 1882 2067 2070 1803 2429 1245 2801 2604 2387 1637 1723 1674 2820 2357 1980 2915 2187 1364 1510 2527 2340 1980 2871 3001 2731 1252 1355 1779 1188 1531 1098 2561 2832 1534 1625 1678 1969 1358 2138 2808 644 1891 1720 1875 981 2241 1729 1648 2202 3115 2103 1877 2293 769 818 799 2238 1416 1287 1544 2324
2096 2097 2286 2166 1500 360 1188 1237 961 1484 1768 1490 2740 1889 1824 1739 1995 905 781 1859 547 1922 2931 1832 2508 1459 3078 2628 2233 773 1874 1204 1505 1579 1024 988 1274 1521 2487 1374 2336 657 1278 2441 1216 1841 954 1071 2253 1411 621 2129 2047 1543 698 2234 973 1744 1281 2521 2504 2551 2258 2211 2478 2643 954 1775 2762 2180 952 1528 1884 2259 2347 1480 1726 1817 1358 946 1269 1468 1782 1665 2652 1519 1891 640 2842 970 1601 1268 852 1111 1990 2432 737 1395 1704 1673 1239 2214 1863 631 2489 1593
1717 2122 1515 1350 1679 1188 360 1758 1723 2173 1899 1219 1938 1156 1229 2372 1643 1055 820 2148 1025 1806 2556 1739 2282 949 2719 1825 1454 1083 2128 1355 1445 2191 1494 1274 1437 808 1666 781 1540 1110 1504 1794 760 1058 1594 1032 1640 1306 1244 1487 1319 1109 1524 1660 605 1728 1347 1920 1720 1852 1960 1770 1656 1909 1030 1813 1941 1452 1667 991 1158 2147 1965 2059 1265 1645 2120 1771 455 676 1288 873 1823 1861 1117 1418 2525 1105 922 439 1681 1276 2125 1729 1286 1066 1619 1546 1243 1404 1351 1339 2196 1009
1851 1457 2907 2705 903 1237 1758 360 1550 868 1107 2335 3299 2132 2578 987 1765 1066 1557 1041 1380 1466 2555 1382 2034 2229 2671 2909 2497 1043 1079 906 2380 803 1856 1863 882 1844 2846 2101 2916 1533 2146 2460 1504 2173 1704 1928 2259 2280 991 2864 2716 2347 1236 2194 1655 2621 2159 2467 3102 2632 1904 2021 2847 2772 1817 2650 3261 2850 767 1674 2117 1716 2064 664 2531 2689 992 1140 1793 2074 1776 2267 3096 725 2198 1368 2416 1032 2299 1827 1193 1989 2848 2535 1595 2219 1297 1328 1071 2555 1848 968 2087 2341
2682 2580 2703 2642 1973 961 1723 1550 360 1538 2231 1687 3181 2473 2147 1825 2581 1488 1263 2231 1069 2462 3506 2369 3056 1799 3647 3187 2805 1350 2265 1731 1556 1720 857 1047 1786 2103 3027 1776 2780 981 1194 3041 1813 2409 619 1317 2854 1527 1132 2451 2439 1822 696 2835 1481 1696 1329 3122 2928 3146 2829 2804 3015 3231 1213 1680 3235 2564 1146 2128 2469 2782 2931 1677 1983 1867 1303 815 1813 1954 2383 2135 3155 1903 2463 682 3406 1543 2005 1797 724 1178 1779 3026 831 1657 2247 2230 1802 2767 2464 1059 3054 1945
2344 1846 3328 3151 1377 1484 2173 868 1538 360 1523 2612 3744 2627 2933 647 2263 1516 1881 1319 1663 1932 3006 1854 2467 2570 3109 3407 2994 1453 1383 1413 2594 588 1966 2049 1391 2322 3333 2465 3352 1766 2295 2968 1974 2656 1760 2193 2768 2517 1307 3231 3116 2665 1318 2701 2026 2798 2360 2973 3533 3141 2377 2520 3332 3280 2074 2805 3723 3251 893 2172 2613 2136 2548 657 2849 2913 628 1084 2223 2488 2285 2686 3569 1126 2685 1490 2853 1499 2681 2249 1191 2187 2946 3043 1763 2520 1784 1823 1577 3042 2356 1233 2541 2697
1266 713 2918 2652 627 1768 1899 1107 2231 1523 360 2679 3216 1904 2767 1474 1222 1309 1922 713 1838 804 1844 753 1304 2475 1945 2608 2226 1395 654 952 2809 1340 2432 2367 870 1755 2616 2314 2884 2025 2665 1997 1517 2012 2333 2328 1813 2685 1512 3007 2795 2623 1897 1721 1916 3081 2619 1949 3074 2198 1243 1460 2624 2361 2240 3133 3124 2919 1489 1493 1884 975 1431 1228 2794 3085 1717 1866 1886 2173 1425 2331 2919 760 2011 1985 1690 1236 2454 1941 1898 2466 3381 2128 2145 2537 761 842 1019 2343 1467 1551 1383 2547
2573 2941 1510 1579 2431 1490 1219 2335 1687 2612 2679 360 1992 1892 881 2869 2501 1740 1144 2872 1321 2649 3403 2576 3142 695 3567 2337 2074 1689 2867 2093 663 2707 1218 1000 2178 1621 2112 842 1626 1207 968 2549 1609 1739 1443 779 2427 563 1707 1156 1234 572 1701 2468 1125 906 760 2699 1726 2554 2819 2617 2091 2562 898 1008 2107 1331 2082 1846 1902 2995 2818 2601 667 786 2463 1985 1283 1132 2137 1181 2106 2548 1802 1528 3380 1810 932 1222 1867 872 1336 2436 1254 513 2451 2384 2025 1944 2195 1754 3054 784
2510 3300 846 954 3075 2740 1938 3299 3181 3744 3216 1992 360 1690 1472 3924 2540 2596 2325 3539 2559 2927 3074 2905 3122 1760 3222 1305 1461 2651 3497 2813 2275 3741 2792 2545 2879 1842 1109 1765 764 2573 2597 2007 2160 1565 2981 2244 2048 2196 2823 1246 1122 1793 3060 2151 2127 2422 2385 2184 625 1854 2798 2463 1087 1732 2333 2530 581 1022 3246 2085 1711 3173 2670 3603 1702 2173 3698 3327 1881 1634 2190 1435 795 3319 1572 2923 3155 2626 1536 1860 3226 2454 2830 1804 2710 1944 2834 2748 2659 1286 2178 2916 2961 1617
1224 1969 1486 1179 1797 1889 1156 2132 2473 2627 1904 1892 1690 360 1640 2749 1223 1503 1598 2241 1764 1596 1949 1576 1849 1560 2112 1140 727 1610 2192 1594 2168 2568 2289 2070 1642 730 1084 1411 1409 1887 2287 1018 1052 535 2374 1814 904 2031 1840 1747 1474 1714 2223 964 1395 2436 2114 1169 1589 1056 1510 1206 1089 1120 1824 2534 1582 1560 2210 818 381 1853 1425 2425 1800 2294 2657 2423 1061 1120 859 1121 1375 2065 491 2154 1973 1499 1367 1102 2357 2064 2858 933 2067 1748 1511 1426 1428 801 853 1945 1708 1524
2443 2974 992 1111 2549 1824 1229 2578 2147 2933 2767 881 1472 1640 360 3164 2398 1901 1412 3016 1638 2639 3224 2581 3052 725 3388 1913 1723 1896 2997 2222 1165 2990 1711 1474 2304 1480 1673 837 1117 1587 1488 2264 1614 1467 1921 1190 2181 1084 1988 667 721 692 2097 2244 1282 1341 1278 2432 1206 2226 2714 2456 1650 2201 1299 1451 1594 810 2401 1752 1655 2967 2671 2868 597 1118 2823 2381 1242 970 2008 881 1617 2721 1523 1937 3233 1959 676 1186 2268 1365 1770 2117 1685 854 2469 2391 2113 1562 2046 2059 2937 596
2353 1758 3526 3330 1391 1739 2372 987 1825 647 1474 2869 3924 2749 3164 360 2286 1689 2119 1200 1911 1910 2947 1843 2398 2806 3036 3522 3112 1649 1271 1515 2865 543 2249 2323 1473 2470 3468 2691 3539 2028 2575 3026 2131 2797 2047 2451 2829 2783 1538 3458 3326 2909 1599 2753 2247 3076 2633 3012 3724 3210 2355 2539 3469 3359 2333 3086 3889 3461 1149 2291 2734 2063 2538 685 3094 3184 903 1371 2413 2688 2364 2884 3722 1111 2820 1768 2783 1658 2900 2444 1477 2460 3232 3121 2038 2769 1796 1850 1681 3178 2430 1477 2494 2928
461 1158 2346 2042 1256 1995 1643 1765 2581 2263 1222 2501 2540 1223 2398 2286 360 1453 1916 1574 1962 801 1305 829 1014 2210 1460 1799 1461 1590 1509 1272 2722 2127 2591 2435 1259 1278 1855 2040 2273 2143 2714 1137 1274 1381 2583 2272 962 2583 1814 2562 2304 2373 2260 864 1794 3006 2594 1090 2453 1341 678 616 1869 1508 2229 3086 2408 2404 2024 1018 1202 993 712 1993 2505 2927 2391 2353 1580 1797 752 1886 2182 1535 1353 2271 1247 1398 2089 1641 2334 2486 3387 1283 2311 2348 849 800 1152 1617 732 1902 913 2226
1555 1606 2200 2001 1053 905 1055 1066 1488 1516 1309 1740 2596 1503 1901 1689 1453 360 972 1494 912 1390 2386 1301 1968 1572 2532 2280 1868 497 1487 717 1859 1506 1540 1435 801 1171 2186 1427 2210 1103 1733 1966 822 1509 1499 1378 1769 1736 732 2175 2014 1707 1172 1735 993 2132 1671 2024 2396 2102 1713 1678 2183 2216 1291 2187 2567 2148 1067 1072 1492 1734 1805 1370 1886 2138 1517 1311 1086 1369 1279 1561 2413 1182 1543 1177 2297 434 1609 1122 1267 1524 2445 1990 1250 1604 1171 1133 701 1897 1360 831 1944 1668
2008 2210 1866 1760 1665 781 820 1557 1263 1881 1922 1144 2325 1598 1412 2119 1916 972 360 2092 595 1960 2859 1877 2507 1049 3016 2286 1912 906 2091 1329 1247 1948 1063 880 1413 1232 2123 953 1921 650 1160 2211 1017 1516 1136 766 2040 1124 941 1713 1625 1152 1094 2043 577 1522 1068 2319 2085 2289 2214 2092 2112 2358 686 1581 2356 1759 1348 1330 1598 2309 2262 1834 1337 1528 1775 1363 913 1062 1621 1254 2260 1765 1572 968 2800 1045 1180 894 1260 936 1855 2167 828 1022 1747 1693 1289 1864 1696 1007 2453 1178
1611 922 3218 2965 833 1859 2148 1041 2231 1319 713 2872 3539 2241 3016 1200 1574 1494 2092 360 1966 1146 2117 1104 1565 2701 2199 2957 2571 1546 433 1154 2967 1105 2509 2483 1071 2063 2958 2549 3194 2142 2777 2350 1791 2339 2374 2492 2167 2852 1598 3272 3077 2841 1912 2074 2126 3226 2760 2298 3384 2551 1567 1808 2966 2714 2393 3267 3456 3205 1447 1813 2221 1231 1762 1029 3018 3260 1555 1817 2150 2441 1772 2612 3256 700 2342 2032 1948 1427 2710 2200 1874 2597 3489 2482 2233 2738 1112 1191 1272 2681 1817 1608 1675 2789
2061 2152 2102 1990 1573 547 1025 1380 1069 1663 1838 1321 2559 1764 1638 1911 1962 912 595 1966 360 1941 2907 1853 2514 1273 3058 2482 2096 803 1974 1252 1365 1747 993 888 1331 1394 2331 1187 2155 550 1187 2345 1119 1701 993 908 2164 1260 749 1942 1860 1361 863 2154 797 1620 1153 2438 2321 2441 2243 2162 2321 2523 796 1662 2586 1994 1130 1439 1761 2286 2315 1640 1545 1669 1545 1128 1111 1291 1712 1486 2483 1629 1754 755 2830 985 1415 1103 1027 992 1902 2320 708 1218 1723 1682 1253 2064 1791 794 2479 1406
825 733 2685 2395 923 1922 1806 1466 2462 1932 804 2649 2927 1596 2639 1910 801 1390 1960 1146 1941 360 1450 452 954 2396 1572 2233 1877 1512 1078 1090 2828 1767 2570 2457 1039 1543 2273 2227 2629 2132 2751 1576 1406 1732 2515 2353 1404 2695 1695 2843 2604 2555 2126 1305 1894 3110 2667 1514 2815 1782 806 1023 2284 1950 2287 3178 2810 2716 1796 1263 1575 709 988 1644 2709 3072 2098 2159 1767 2029 1096 2156 2592 1170 1717 2177 1320 1318 2323 1828 2165 2534 3455 1724 2280 2499 579 627 1048 2018 1114 1762 981 2441
1091 1555 3023 2710 2012 2931 2556 2555 3506 3006 1844 3403 3074 1949 3224 2947 1305 2386 2859 2117 2907 1450 360 1538 911 3092 524 2156 2001 2521 2043 2151 3642 2823 3536 3380 2113 2144 2324 2927 2916 3088 3655 1427 2210 2124 3523 3206 1428 3503 2733 3333 3056 3254 3177 1347 2728 3925 3528 1249 3068 1587 1037 1146 2346 1734 3169 4010 2890 3130 2882 1925 1932 1245 957 2712 3366 3825 3185 3237 2483 2658 1628 2702 2651 2240 2073 3203 549 2325 2935 2542 3234 3427 4317 1629 3256 3251 1642 1643 2063 2192 1568 2814 828 3085
875 762 2648 2364 840 1832 1739 1382 2369 1854 753 2576 2905 1576 2581 1843 829 1301 1877 1104 1853 452 1538 360 1047 2329 1662 2239 1872 1422 1040 998 2750 1695 2481 2371 947 1497 2267 2161 2598 2044 2666 1605 1339 1704 2424 2273 1426 2617 1603 2792 2558 2487 2034 1331 1817 3031 2585 1556 2785 1808 884 1067 2277 1973 2204 3097 2796 2673 1706 1218 1555 793 1056 1569 2643 2997 2014 2067 1704 1972 1079 2105 2581 1097 1693 2086 1411 1229 2265 1764 2073 2450 3371 1744 2191 2426 490 552 960 2005 1107 1670 1070 2379
865 1003 2975 2665 1496 2508 2282 2034 3056 2467 1304 3142 3122 1849 3052 2398 1014 1968 2507 1565 2514 954 911 1047 360 2858 1001 2287 2021 2096 1492 1685 3348 2279 3146 3018 1634 1932 2398 2688 2891 2702 3307 1538 1897 2016 3103 2885 1442 3211 2287 3212 2950 3021 2721 1336 2412 3633 3205 1399 3064 1741 700 1019 2416 1911 2830 3707 2968 3046 2384 1668 1829 695 816 2171 3157 3568 2657 2750 2225 2451 1405 2539 2733 1704 1980 2768 746 1899 2743 2287 2760 3084 3998 1734 2858 2988 1169 1195 1629 2198 1375 2357 540 2879
2273 2710 1275 1284 2242 1459 949 2229 1799 2570 2475 695 1760 1560 725 2806 2210 1572 1049 2701 1273 2396 3092 2329 2858 360 3256 2012 1739 1552 2688 1908 990 2634 1391 1145 1992 1308 1793 530 1369 1224 1224 2216 1349 1404 1585 846 2099 866 1628 1031 1003 523 1733 2144 940 1242 1015 2369 1499 2219 2528 2308 1774 2227 946 1344 1845 1125 2038 1551 1571 2735 2514 2515 679 1096 2457 2016 994 801 1834 849 1817 2394 1467 1575 3078 1635 611 932 1904 1057 1672 2101 1332 571 2209 2136 1815 1613 1887 1697 2761 506
1249 1638 3182 2869 2129 3078 2719 2671 3647 3109 1945 3567 3222 2112 3388 3036 1460 2532 3016 2199 3058 1572 524 1662 1001 3256 360 2298 2157 2666 2126 2286 3804 2920 3689 3536 2244 2308 2473 3091 3073 3241 3813 1579 2369 2288 3671 3366 1589 3665 2875 3495 3218 3418 3317 1510 2888 4087 3688 1399 3223 1731 1179 1309 2496 1872 3328 4172 3035 3291 3009 2087 2095 1334 1116 2813 3530 3989 3297 3368 2645 2823 1791 2866 2797 2345 2236 3348 615 2469 3100 2705 3369 3585 4478 1780 3407 3414 1772 1779 2205 2348 1731 2953 955 3249
1720 2598 1426 1173 2541 2628 1825 2909 3187 3407 2608 2337 1305 1140 1913 3522 1799 2280 2286 2957 2482 2233 2156 2239 2287 2012 2298 360 773 2383 2902 2368 2639 3342 2930 2691 2410 1480 606 1916 1284 2575 2853 1114 1823 1147 3054 2400 1217 2519 2607 1858 1596 2128 2966 1325 2070 2868 2654 1277 1375 930 1993 1650 632 789 2444 2976 1103 1600 2988 1595 1153 2407 1832 3199 2136 2666 3437 3184 1734 1647 1547 1526 870 2818 1102 2878 2257 2280 1765 1753 3110 2651 3303 913 2749 2223 2206 2126 2201 782 1500 2711 2113 1914
1414 2249 1390 1081 2142 2233 1454 2497 2805 2994 2226 2074 1461 727 1723 3112 1461 1868 1912 2571 2096 1877 2001 1872 2021 1739 2157 773 360 1973 2518 1956 2368 2931 2581 2350 2001 1075 755 1616 1276 2203 2539 944 1413 756 2688 2073 948 2239 2200 1750 1470 1876 2570 1049 1700 2619 2351 1125 1428 864 1700 1362 768 848 2102 2722 1311 1519 2576 1182 740 2089 1569 2788 1922 2444 3024 2780 1360 1328 1160 1254 1081 2416 702 2491 2065 1866 1509 1387 2709 2325 3051 764 2380 1944 1826 1743 1790 551 1125 2305 1859 1667
1692 1708 2239 2058 1132 773 1083 1043 1350 1453 1395 1689 2651 1610 1896 1649 1590 497 906 1546 803 1512 2521 1422 2096 1552 2666 2383 1973 360 1547 808 1784 1468 1420 1332 887 1265 2277 1418 2259 993 1630 2095 919 1603 1368 1306 1900 1666 599 2180 2037 1677 1035 1868 973 2049 1585 2157 2441 2227 1846 1815 2273 2336 1210 2099 2634 2172 971 1193 1601 1852 1941 1339 1860 2073 1426 1184 1130 1399 1412 1596 2490 1219 1642 1042 2429 556 1616 1157 1135 1430 2346 2113 1129 1561 1293 1261 826 1990 1494 702 2077 1660
1543 849 3185 2927 808 1874 2128 1079 2265 1383 654 2867 3497 2192 2997 1271 1509 1487 2091 433 1974 1078 2043 1040 1492 2688 2126 2902 2518 1547 360 1140 2971 1172 2529 2495 1055 2026 2908 2534 3157 2153 2790 2286 1763 2295 2401 2494 2104 2854 1613 3249 3049 2830 1942 2011 2116 3233 2767 2231 3347 2488 1495 1740 2916 2652 2397 3277 3411 3176 1486 1771 2173 1158 1690 1090 3006 3260 1614 1858 2126 2417 1718 2584 3208 723 2296 2056 1875 1418 2690 2178 1911 2606 3504 2421 2250 2732 1055 1136 1247 2633 1761 1629 1601 2772
1369 1259 2456 2224 698 1204 1355 906 1731 1413 952 2093 2813 1594 2222 1515 1272 717 1329 1154 1252 1090 2151 998 1685 1908 2286 2368 1956 808 1140 360 2217 1334 1863 1781 444 1334 2315 1755 2446 1442 2079 1922 1019 1649 1791 1735 1721 2093 966 2482 2297 2050 1396 1661 1337 2488 2027 1941 2636 2089 1474 1522 2317 2226 1648 2541 2757 2427 1112 1136 1579 1418 1603 1191 2226 2495 1497 1449 1363 1654 1232 1833 2579 873 1668 1449 2039 644 1918 1410 1443 1876 2794 1990 1573 1955 876 867 526 2025 1306 1032 1690 1994
2801 3095 1798 1881 2551 1505 1445 2380 1556 2594 2809 663 2275 2168 1165 2865 2722 1859 1247 2967 1365 2828 3642 2750 3348 990 3804 2639 2368 1784 2971 2217 360 2715 1059 906 2300 1874 2415 1118 1920 1208 741 2827 1811 2021 1298 841 2695 499 1751 1412 1525 874 1644 2729 1297 644 594 2971 2009 2841 3035 2856 2394 2856 933 729 2399 1613 2079 2077 2177 3178 3050 2623 933 680 2415 1917 1522 1412 2374 1479 2407 2633 2085 1469 3608 1933 1234 1464 1798 766 1050 2722 1191 784 2621 2561 2173 2243 2436 1776 3273 1087
2199 1647 3344 3147 1231 1579 2191 803 1720 588 1340 2707 3741 2568 2990 543 2127 1506 1948 1105 1747 1767 2823 1695 2279 2634 2920 3342 2931 1468 1172 1334 2715 360 2119 2177 1295 2287 3285 2515 3356 1872 2438 2858 1947 2614 1927 2290 2660 2629 1367 3282 3146 2740 1467 2586 2070 2934 2485 2849 3542 3039 2213 2382 3287 3185 2174 2949 3705 3281 997 2110 2553 1945 2392 502 2926 3032 853 1264 2230 2507 2190 2703 3539 958 2637 1631 2665 1475 2722 2262 1361 2311 3109 2948 1894 2603 1639 1688 1501 2995 2257 1312 2364 2753
2688 2761 2306 2293 2165 1024 1494 1856 857 1966 2432 1218 2792 2289 1711 2249 2591 1540 1063 2509 993 2570 3536 2481 3146 1391 3689 2930 2581 1420 2529 1863 1059 2119 360 608 1936 1929 2742 1412 2400 808 699 2913 1715 2189 598 912 2744 1042 1281 2006 2033 1379 1011 2747 1254 1206 838 3023 2530 2984 2876 2782 2727 3043 847 1201 2872 2149 1492 2032 2290 2912 2942 2049 1523 1369 1758 1254 1589 1647 2319 1801 2822 2169 2249 851 3463 1611 1625 1555 1139 707 1355 2861 650 1217 2351 2313 1881 2508 2396 1261 3112 1535
2528 2679 2060 2045 2101 988 1274 1863 1047 2049 2367 1000 2545 2070 1474 2323 2435 1435 880 2483 888 2457 3380 2371 3018 1145 3536 2691 2350 1332 2495 1781 906 2177 608 360 1859 1718 2499 1164 2152 702 658 2705 1536 1961 808 664 2543 849 1246 1773 1788 1143 1098 2553 1043 1120 671 2823 2285 2766 2731 2612 2483 2818 608 1147 2623 1906 1539 1845 2072 2805 2783 2090 1297 1226 1869 1373 1368 1405 2139 1554 2574 2144 2023 922 3318 1509 1377 1329 1254 500 1374 2643 645 979 2240 2194 1772 2270 2213 1254 2970 1290
1352 1184 2529 2292 613 1274 1437 882 1786 1391 870 2178 2879 1642 2304 1473 1259 801 1413 1071 1331 1039 2113 947 1634 1992 2244 2410 2001 887 1055 444 2300 1295 1936 1859 360 1397 2365 1838 2516 1519 2158 1937 1092 1705 1856 1819 1737 2177 1029 2562 2374 2135 1450 1671 1422 2571 2109 1947 2706 2110 1440 1512 2368 2253 1730 2623 2818 2503 1133 1186 1626 1356 1579 1153 2310 2579 1494 1484 1442 1733 1256 1909 2636 801 1722 1512 1995 728 1999 1490 1486 1957 2873 2015 1647 2040 832 836 580 2077 1326 1088 1649 2077
1330 1899 1523 1261 1595 1521 808 1844 2103 2322 1755 1621 1842 730 1480 2470 1278 1171 1232 2063 1394 1543 2144 1497 1932 1308 2308 1480 1075 1265 2026 1334 1874 2287 1929 1718 1397 360 1374 1142 1491 1519 1952 1347 709 697 2006 1480 1192 1734 1487 1662 1421 1470 1856 1217 1036 2152 1792 1472 1681 1416 1595 1360 1372 1489 1477 2243 1783 1536 1874 640 727 1855 1567 2146 1591 2040 2327 2065 718 881 891 976 1611 1837 737 1784 2132 1182 1171 771 1994 1724 2560 1294 1700 1469 1400 1315 1176 1086 939 1591 1822 1311
1802 2644 1181 928 2521 2487 1666 2846 3027 3333 2616 2112 1109 1084 1673 3468 1855 2186 2123 2958 2331 2273 2324 2267 2398 1793 2473 606 755 2277 2908 2315 2415 3285 2742 2499 2365 1374 360 1709 1040 2408 2645 1259 1723 1037 2879 2202 1316 2298 2491 1611 1351 1901 2825 1422 1905 2637 2442 1435 1143 1106 2085 1743 386 996 2254 2745 932 1353 2888 1539 1102 2481 1942 3143 1900 2430 3342 3056 1579 1454 1552 1315 695 2790 1008 2725 2409 2194 1543 1589 2975 2449 3071 1055 2577 2004 2217 2134 2149 650 1520 2594 2230 1688
2105 2543 1290 1241 2086 1374 781 2101 1776 2465 2314 842 1765 1411 837 2691 2040 1427 953 2549 1187 2227 2927 2161 2688 530 3091 1916 1616 1418 2534 1755 1118 2515 1412 1164 1838 1142 1709 360 1363 1172 1297 2070 1181 1263 1582 861 1945 984 1518 1127 1036 693 1671 1985 806 1385 1099 2218 1513 2083 2359 2142 1692 2102 934 1482 1825 1168 1936 1381 1421 2566 2347 2392 843 1258 2368 1949 823 653 1666 754 1770 2248 1326 1525 2911 1487 591 762 1841 1102 1808 1963 1305 696 2041 1968 1655 1505 1720 1594 2591 601
2267 2999 507 593 2725 2336 1540 2916 2780 3352 2884 1626 764 1409 1117 3539 2273 2210 1921 3194 2155 2629 2916 2598 2891 1369 3073 1284 1276 2259 3157 2446 1920 3356 2400 2152 2516 1491 1040 1363 360 2170 2221 1859 1787 1257 2583 1849 1853 1829 2424 962 756 1419 2655 1946 1724 2095 2009 2040 550 1748 2556 2236 1014 1664 1935 2204 840 701 2848 1752 1430 2902 2452 3220 1354 1859 3299 2923 1488 1232 1900 1033 877 2957 1280 2519 2973 2245 1137 1463 2822 2066 2517 1669 2308 1562 2515 2429 2298 1084 1901 2516 2741 1230
2240 2342 2102 2024 1759 657 1110 1533 981 1766 2025 1207 2573 1887 1587 2028 2143 1103 650 2142 550 2132 3088 2044 2702 1224 3241 2575 2203 993 2153 1442 1208 1872 808 702 1519 1519 2408 1172 2170 360 1000 2490 1276 1806 847 788 2315 1116 908 1894 1846 1284 870 2311 865 1449 985 2592 2325 2575 2428 2336 2397 2646 669 1485 2619 1976 1239 1595 1885 2477 2494 1776 1463 1521 1617 1154 1204 1333 1877 1516 2534 1803 1863 713 3015 1176 1403 1182 1040 817 1716 2453 541 1127 1913 1871 1443 2153 1954 928 2664 1366
2804 2978 2112 2148 2399 1278 1504 2146 1194 2295 2665 968 2597 2287 1488 2575 2714 1733 1160 2777 1187 2751 3655 2666 3307 1224 3813 2853 2539 1630 2790 2079 741 2438 699 658 2158 1952 2645 1297 2221 1000 360 2936 1805 2163 935 833 2784 767 1539 1762 1835 1163 1336 2801 1294 867 571 3064 2331 2981 3015 2881 2627 3019 846 871 2701 1938 1804 2105 2292 3100 3058 2360 1273 1036 2095 1591 1594 1573 2402 1690 2681 2437 2226 1167 3599 1807 1474 1547 1474 589 1076 2859 911 1020 2535 2487 2068 2440 2474 1539 3254 1353
1010 1916 1975 1665 1998 2441 1794 2460 3041 2968 1997 2549 2007 1018 2264 3026 1137 1966 2211 2350 2345 1576 1427 1605 1538 2216 1579 1114 944 2095 2286 1922 2827 2858 2913 2705 1937 1347 1259 2070 1859 2490 2936 360 1587 1173 2974 2463 561 2690 2335 2323 2042 2368 2758 636 2022 3095 2769 540 2005 570 1263 931 1281 742 2464 3192 1829 2100 2642 1273 1010 1688 1087 2719 2443 2947 3056 2917 1702 1778 1055 1761 1590 2282 1111 2718 1510 1937 2013 1749 2870 2710 3517 564 2671 2406 1609 1543 1766 1136 978 2436 1361 2172
1360 1724 1797 1568 1317 1216 760 1504 1813 1974 1517 1609 2160 1052 1614 2131 1274 822 1017 1791 1119 1406 2210 1339 1897 1349 2369 1823 1413 919 1763 1019 1811 1947 1715 1536 1092 709 1723 1181 1787 1276 1805 1587 360 1046 1752 1358 1404 1673 1148 1849 1646 1508 1541 1396 879 2096 1680 1678 1977 1695 1584 1436 1721 1792 1319 2173 2117 1774 1526 679 1043 1749 1613 1807 1664 2034 1978 1732 731 1016 964 1181 1955 1532 1083 1491 2162 835 1299 788 1669 1576 2472 1577 1455 1456 1220 1146 879 1435 1040 1253 1823 1403
1391 2104 1324 1024 1882 1841 1058 2173 2409 2656 2012 1739 1565 535 1467 2797 1381 1509 1516 2339 1701 1732 2124 1704 2016 1404 2288 1147 756 1603 2295 1649 2021 2614 2189 1961 1705 697 1037 1263 1257 1806 2163 1173 1046 360 2291 1692 1074 1887 1822 1572 1300 1555 2179 1139 1304 2285 1982 1332 1442 1181 1676 1378 1036 1217 1714 2384 1478 1389 2212 886 553 2006 1597 2472 1633 2133 2665 2396 963 969 1002 951 1290 2139 423 2095 2148 1517 1201 994 2322 1944 2711 1061 1984 1599 1629 1543 1486 748 1009 1926 1878 1359
2683 2673 2498 2460 2067 954 1594 1704 619 1760 2333 1443 2981 2374 1921 2047 2583 1499 1136 2374 993 2515 3523 2424 3103 1585 3671 3054 2688 1368 2401 1791 1298 1927 598 808 1856 2006 2879 1582 2583 847 935 2974 1752 2291 360 1098 2795 1275 1187 2221 2228 1591 830 2788 1348 1438 1074 3071 2723 3062 2852 2791 2866 3134 1008 1426 3048 2349 1317 2072 2373 2849 2936 1869 1744 1607 1540 1039 1688 1789 2345 1958 2984 2037 2349 707 3437 1565 1805 1663 929 931 1545 2940 667 1427 2297 2268 1834 2632 2425 1141 3084 1731
2358 2614 1760 1740 2070 1071 1032 1928 1317 2193 2328 779 2244 1814 1190 2451 2272 1378 766 2492 908 2353 3206 2273 2885 846 3366 2400 2073 1306 2494 1735 841 2290 912 664 1819 1480 2202 861 1849 788 833 2463 1358 1692 1098 360 2312 720 1297 1495 1490 869 1289 2332 838 1118 682 2592 1985 2508 2580 2425 2186 2549 479 1184 2319 1611 1663 1646 1819 2703 2610 2187 1041 1128 2045 1574 1121 1113 1944 1253 2271 2161 1755 1120 3160 1452 1072 1073 1457 612 1474 2385 856 707 2144 2086 1692 1982 2013 1338 2820 992
863 1756 1956 1642 1803 2253 1640 2259 2854 2768 1813 2427 2048 904 2181 2829 962 1769 2040 2167 2164 1404 1428 1426 1442 2099 1589 1217 948 1900 2104 1721 2695 2660 2744 2543 1737 1192 1316 1945 1853 2315 2784 561 1404 1074 2795 2312 360 2557 2140 2269 1991 2255 2566 468 1859 2968 2623 640 2013 745 1137 793 1334 907 2306 3063 1887 2062 2442 1086 890 1550 986 2520 2344 2834 2855 2720 1551 1657 855 1665 1651 2088 1018 2531 1479 1739 1911 1601 2675 2556 3385 681 2495 2280 1420 1351 1565 1135 777 2241 1274 2067
2662 2966 1714 1775 2429 1411 1306 2280 1527 2517 2685 563 2196 2031 1084 2783 2583 1736 1124 2852 1260 2695 3503 2617 3211 866 3665 2519 2239 1666 2854 2093 499 2629 1042 849 2177 1734 2298 984 1829 1116 767 2690 1673 1887 1275 720 2557 360 1649 1354 1438 770 1580 2590 1162 783 567 2833 1930 2708 2897 2716 2279 2726 823 868 2309 1535 1994 1937 2040 3044 2911 2531 865 769 2350 1859 1382 1278 2234 1354 2305 2521 1951 1404 3469 1809 1115 1325 1740 710 1187 2588 1125 656 2489 2428 2044 2118 2297 1681 3135 976
1916 1847 2391 2234 1245 621 1244 991 1132 1307 1512 1707 2823 1840 1988 1538 1814 732 941 1598 749 1695 2733 1603 2287 1628 2875 2607 2200 599 1613 966 1751 1367 1281 1246 1029 1487 2491 1518 2424 908 1539 2335 1148 1822 1187 1297 2140 1649 360 2285 2171 1733 805 2107 1079 1998 1533 2396 2601 2465 2056 2045 2485 2573 1186 2033 2821 2306 784 1431 1831 2024 2162 1255 1918 2058 1235 946 1307 1552 1651 1752 2689 1258 1864 843 2633 777 1734 1323 896 1365 2251 2351 998 1598 1478 1458 1030 2207 1732 464 2281 1752
2592 3191 816 1050 2801 2129 1487 2864 2451 3231 3007 1156 1246 1747 667 3458 2562 2175 1713 3272 1942 2843 3333 2792 3212 1031 3495 1858 1750 2180 3249 2482 1412 3282 2006 1773 2562 1662 1611 1127 962 1894 1762 2323 1849 1572 2221 1495 2269 1354 2285 360 640 989 2404 2345 1572 1538 1556 2499 988 2252 2872 2589 1586 2199 1605 1645 1404 622 2701 1941 1765 3157 2807 3158 848 1287 3127 2688 1483 1193 2170 1047 1479 2988 1620 2244 3360 2230 926 1432 2575 1658 1944 2154 1991 1154 2686 2605 2362 1568 2197 2359 3084 895
2328 2960 636 782 2604 2047 1319 2716 2439 3116 2795 1234 1122 1474 721 3326 2304 2014 1625 3077 1860 2604 3056 2558 2950 1003 3218 1596 1470 2037 3049 2297 1525 3146 2033 1788 2374 1421 1351 1036 756 1846 1835 2042 1646 1300 2228 1490 1991 1438 2171 640 360 1031 2348 2068 1452 1700 1623 2218 858 1972 2609 2319 1326 1923 1586 1810 1234 495 2594 1701 1493 2909 2538 3016 958 1468 3035 2625 1295 1005 1913 825 1260 2809 1345 2199 3087 2061 805 1252 2517 1692 2125 1874 1969 1182 2458 2375 2165 1290 1935 2254 2817 858
2437 2865 1308 1367 2387 1543 1109 2347 1822 2665 2623 572 1793 1714 692 2909 2373 1707 1152 2841 1361 2555 3254 2487 3021 523 3418 2128 1876 1677 2830 2050 874 2740 1379 1143 2135 1470 1901 693 1419 1284 1163 2368 1508 1555 1591 869 2255 770 1733 989 1031 360 1792 2302 1075 1104 952 2523 1528 2363 2692 2470 1881 2364 983 1209 1900 1136 2131 1714 1726 2896 2677 2626 545 939 2537 2078 1156 959 1997 981 1895 2528 1617 1627 3242 1773 728 1095 1962 1033 1538 2246 1366 524 2366 2294 1964 1740 2049 1793 2924 573
2361 2244 2597 2493 1637 698 1524 1236 696 1318 1897 1701 3060 2223 2097 1599 2260 1172 1094 1912 863 2126 3177 2034 2721 1733 3317 2966 2570 1035 1942 1396 1644 1467 1011 1098 1450 1856 2825 1671 2655 870 1336 2758 1541 2179 830 1289 2566 1580 805 2404 2348 1792 360 2539 1300 1840 1410 2828 2818 2876 2500 2489 2816 2973 1171 1847 3089 2479 848 1846 2217 2445 2608 1402 1969 1965 1130 645 1606 1795 2084 1988 2986 1578 2228 535 3073 1222 1903 1603 530 1238 2002 2758 814 1634 1913 1898 1474 2552 2166 724 2722 1875
756 1652 2045 1731 1723 2234 1660 2194 2835 2701 1721 2468 2151 964 2244 2753 864 1735 2043 2074 2154 1305 1347 1331 1336 2144 1510 1325 1049 1868 2011 1661 2729 2586 2747 2553 1671 1217 1422 1985 1946 2311 2801 636 1396 1139 2788 2332 468 2590 2107 2345 2068 2302 2539 360 1871 3006 2647 649 2110 837 1029 685 1440 1005 2320 3098 1992 2144 2393 1076 948 1443 880 2448 2399 2880 2798 2683 1574 1703 815 1725 1757 2008 1086 2513 1387 1699 1966 1628 2643 2572 3417 785 2491 2319 1333 1268 1510 1232 734 2206 1170 2120
1879 2177 1679 1553 1674 973 605 1655 1481 2026 1916 1125 2127 1395 1282 2247 1794 993 577 2126 797 1894 2728 1817 2412 940 2888 2070 1700 973 2116 1337 1297 2070 1254 1043 1422 1036 1905 806 1724 865 1294 2022 879 1304 1348 838 1859 1162 1079 1572 1452 1075 1300 1871 360 1581 1160 2139 1894 2090 2103 1949 1894 2152 809 1656 2149 1587 1502 1171 1396 2242 2132 1946 1253 1541 1945 1560 700 855 1469 1052 2047 1815 1362 1183 2682 1058 1014 677 1463 1064 1952 1967 1040 980 1690 1627 1261 1648 1539 1162 2342 1046
3085 3372 1962 2086 2820 1744 1728 2621 1696 2798 3081 906 2422 2436 1341 3076 3006 2132 1522 3226 1620 3110 3925 3031 3633 1242 4087 2868 2619 2049 3233 2488 644 2934 1206 1120 2571 2152 2637 1385 2095 1449 867 3095 2096 2285 1438 1118 2968 783 1998 1538 1700 1104 1840 3006 1581 360 826 3243 2160 3101 3320 3138 2615 3107 1200 469 2566 1768 2298 2360 2446 3460 3334 2850 1105 620 2602 2098 1803 1677 2656 1724 2598 2889 2348 1668 3892 2206 1472 1745 1981 993 794 2983 1400 1048 2902 2843 2450 2484 2718 2013 3558 1316
2680 2916 1900 1939 2357 1281 1347 2159 1329 2360 2619 760 2385 2114 1278 2633 2594 1671 1068 2760 1153 2667 3528 2585 3205 1015 3688 2654 2351 1585 2767 2027 594 2485 838 671 2109 1792 2442 1099 2009 985 571 2769 1680 1982 1074 682 2623 567 1533 1556 1623 952 1410 2647 1160 826 360 2903 2120 2803 2902 2747 2424 2833 741 875 2489 1727 1848 1967 2120 3017 2932 2395 1068 914 2180 1683 1433 1382 2265 1488 2471 2423 2045 1234 3482 1746 1267 1381 1563 533 1153 2681 957 809 2455 2400 1996 2244 2333 1552 3141 1142
930 1832 2155 1845 1980 2521 1920 2467 3122 2973 1949 2699 2184 1169 2432 3012 1090 2024 2319 2298 2438 1514 1249 1556 1399 2369 1399 1277 1125 2157 2231 1941 2971 2849 3023 2823 1947 1472 1435 2218 2040 2592 3064 540 1678 1332 3071 2592 640 2833 2396 2499 2218 2523 2828 649 2139 3243 2903 360 2185 710 1155 851 1457 875 2586 3338 2002 2278 2679 1359 1157 1582 964 2712 2605 3103 3078 2971 1830 1928 1105 1923 1764 2262 1272 2801 1340 1988 2173 1881 2932 2836 3661 740 2772 2554 1578 1521 1793 1316 1023 2495 1220 2331
2442 3185 584 782 2915 2504 1720 3102 2928 3533 3074 1726 625 1589 1206 3724 2453 2396 2085 3384 2321 2815 3068 2785 3064 1499 3223 1375 1428 2441 3347 2636 2009 3542 2530 2285 2706 1681 1143 1513 550 2325 2331 2005 1977 1442 2723 1985 2013 1930 2601 988 858 1528 2818 2110 1894 2160 2120 2185 360 1878 2730 2406 1118 1779 2077 2269 780 756 3025 1942 1611 3083 2621 3406 1436 1914 3475 3089 1671 1408 2083 1208 904 3147 1462 2677 3133 2432 1283 1644 2986 2191 2572 1808 2456 1680 2703 2617 2488 1239 2083 2691 2910 1355
1220 2125 1873 1573 2187 2551 1852 2632 3146 3141 2198 2554 1854 1056 2226 3210 1341 2102 2289 2551 2441 1782 1587 1808 1741 2219 1731 930 864 2227 2488 2089 2841 3039 2984 2766 2110 1416 1106 2083 1748 2575 2981 570 1695 1181 3062 2508 745 2708 2465 2252 1972 2363 2876 837 2090 3101 2803 710 1878 360 1473 1141 1130 532 2521 3202 1664 2015 2793 1394 1053 1899 1294 2899 2420 2937 3216 3051 1757 1790 1216 1744 1426 2471 1118 2824 1688 2080 1999 1798 2997 2759 3530 482 2756 2418 1806 1737 1929 1043 1144 2568 1563 2158
528 1050 2637 2328 1364 2258 1960 1904 2829 2377 1243 2819 2798 1510 2714 2355 678 1713 2214 1567 2243 806 1037 884 700 2528 1179 1993 1700 1846 1495 1474 3035 2213 2876 2731 1440 1595 2085 2359 2556 2428 3015 1263 1584 1676 2852 2580 1137 2897 2056 2872 2609 2692 2500 1029 2103 3320 2902 1155 2730 1473 360 703 2102 1646 2533 3398 2651 2705 2213 1337 1490 787 560 2090 2824 3245 2537 2563 1898 2116 1066 2199 2419 1617 1642 2528 947 1650 2407 1959 2558 2788 3695 1446 2591 2665 973 967 1386 1871 1034 2136 599 2545
440 1346 2325 2013 1510 2211 1770 2021 2804 2520 1460 2617 2463 1206 2456 2539 616 1678 2092 1808 2162 1023 1146 1067 1019 2308 1309 1650 1362 1815 1740 1522 2856 2382 2782 2612 1512 1360 1743 2142 2236 2336 2881 931 1436 1378 2791 2425 793 2716 2045 2589 2319 2470 2489 685 1949 3138 2747 851 2406 1141 703 360 1760 1313 2394 3224 2311 2407 2274 1140 1186 1120 579 2249 2587 3039 2646 2595 1696 1877 842 1935 2077 1788 1336 2490 1137 1627 2159 1755 2572 2651 3533 1106 2510 2464 1102 1056 1394 1538 781 2136 865 2306
1818 2656 1155 904 2527 2478 1656 2847 3015 3332 2624 2091 1087 1089 1650 3469 1869 2183 2112 2966 2321 2284 2346 2277 2416 1774 2496 632 768 2273 2916 2317 2394 3287 2727 2483 2368 1372 386 1692 1014 2397 2627 1281 1721 1036 2866 2186 1334 2279 2485 1586 1326 1881 2816 1440 1894 2615 2424 1457 1118 1130 2102 1760 360 1022 2240 2724 912 1328 2884 1542 1107 2496 1960 3144 1878 2407 3338 3049 1570 1440 1561 1297 677 2794 1009 2715 2430 2193 1523 1579 2967 2433 3049 1077 2564 1985 2226 2142 2152 651 1531 2588 2249 1667
1392 2296 1798 1510 2340 2643 1909 2772 3231 3280 2361 2562 1732 1120 2201 3359 1508 2216 2358 2714 2523 1950 1734 1973 1911 2227 1872 789 848 2336 2652 2226 2856 3185 3043 2818 2253 1489 996 2102 1664 2646 3019 742 1792 1217 3134 2549 907 2726 2573 2199 1923 2364 2973 1005 2152 3107 2833 875 1779 532 1646 1313 1022 360 2570 3211 1532 1952 2915 1504 1122 2071 1466 3044 2406 2930 3346 3159 1813 1812 1356 1742 1298 2624 1155 2911 1844 2199 1996 1849 3100 2801 3539 597 2826 2432 1966 1895 2064 999 1288 2677 1733 2155
2319 2535 1852 1814 1980 954 1030 1817 1213 2074 2240 898 2333 1824 1299 2333 2229 1291 686 2393 796 2287 3169 2204 2830 946 3328 2444 2102 1210 2397 1648 933 2174 847 608 1730 1477 2254 934 1935 669 846 2464 1319 1714 1008 479 2306 823 1186 1605 1586 983 1171 2320 809 1200 741 2586 2077 2521 2533 2394 2240 2570 360 1256 2400 1710 1545 1620 1828 2636 2572 2072 1159 1233 1926 1456 1124 1160 1916 1316 2340 2059 1775 1003 3116 1366 1157 1083 1339 617 1529 2398 746 823 2074 2020 1615 2023 1988 1222 2772 1092
3167 3431 2071 2196 2871 1775 1813 2650 1680 2805 3133 1008 2530 2534 1451 3086 3086 2187 1581 3267 1662 3178 4010 3097 3707 1344 4172 2976 2722 2099 3277 2541 729 2949 1201 1147 2623 2243 2745 1482 2204 1485 871 3192 2173 2384 1426 1184 3063 868 2033 1645 1810 1209 1847 3098 1656 469 875 3338 2269 3202 3398 3224 2724 3211 1256 360 2675 1877 2315 2444 2543 3527 3417 2870 1214 722 2600 2096 1891 1775 2741 1829 2708 2929 2448 1678 3973 2261 1577 1834 1981 1030 688 3083 1419 1146 2967 2910 2511 2590 2805 2042 3637 1422
2366 3184 964 956 3001 2762 1941 3261 3235 3723 3124 2107 581 1582 1594 3889 2408 2567 2356 3456 2586 2810 2890 2796 2968 1845 3035 1103 1311 2634 3411 2757 2399 3705 2872 2623 2818 1783 932 1825 840 2619 2701 1829 2117 1478 3048 2319 1887 2309 2821 1404 1234 1900 3089 1992 2149 2566 2489 2002 780 1664 2651 2311 912 1532 2400 2675 360 1158 3239 2005 1602 3039 2513 3565 1830 2325 3695 3348 1874 1654 2077 1463 598 3255 1474 2962 2979 2591 1606 1861 3252 2542 2983 1624 2766 2041 2733 2648 2597 1153 2056 2918 2802 1708
2421 3076 557 803 2731 2180 1452 2850 2564 3251 2919 1331 1022 1560 810 3461 2404 2148 1759 3205 1994 2716 3130 2673 3046 1125 3291 1600 1519 2172 3176 2427 1613 3281 2149 1906 2503 1536 1353 1168 701 1976 1938 2100 1774 1389 2349 1611 2062 1535 2306 622 495 1136 2479 2144 1587 1768 1727 2278 756 2015 2705 2407 1328 1952 1710 1877 1158 360 2729 1815 1580 3016 2626 3151 1039 1526 3170 2757 1426 1138 2015 954 1218 2939 1430 2329 3169 2194 938 1385 2649 1805 2185 1923 2095 1293 2576 2492 2293 1332 2033 2389 2908 979
2121 1843 2816 2656 1252 952 1667 767 1146 893 1489 2082 3246 2210 2401 1149 2024 1067 1348 1447 1130 1796 2882 1706 2384 2038 3009 2988 2576 971 1486 1112 2079 997 1492 1539 1133 1874 2888 1936 2848 1239 1804 2642 1526 2212 1317 1663 2442 1994 784 2701 2594 2131 848 2393 1502 2298 1848 2679 3025 2793 2213 2274 2884 2915 1545 2315 3239 2729 360 1773 2199 2081 2352 917 2316 2396 816 737 1726 1977 1946 2177 3100 1128 2249 1000 2757 1076 2155 1745 786 1674 2486 2684 1257 1987 1601 1610 1246 2600 2025 702 2415 2166
1087 1621 1794 1519 1355 1528 991 1674 2128 2172 1493 1846 2085 818 1752 2291 1018 1072 1330 1813 1439 1263 1925 1218 1668 1551 2087 1595 1182 1193 1771 1136 2077 2110 2032 1845 1186 640 1539 1381 1752 1595 2105 1273 679 886 2072 1646 1086 1937 1431 1941 1701 1714 1846 1076 1171 2360 1967 1359 1942 1394 1337 1140 1542 1504 1620 2444 2005 1815 1773 360 803 1577 1334 1967 1848 2271 2212 2017 923 1145 658 1255 1814 1615 897 1805 1894 1057 1439 983 1963 1876 2753 1279 1774 1693 1125 1040 970 1251 728 1535 1570 1571
1203 1948 1506 1200 1779 1884 1158 2117 2469 2613 1884 1902 1711 381 1655 2734 1202 1492 1598 2221 1761 1575 1932 1555 1829 1571 2095 1153 740 1601 2173 1579 2177 2553 2290 2072 1626 727 1102 1421 1430 1885 2292 1010 1043 553 2373 1819 890 2040 1831 1765 1493 1726 2217 948 1396 2446 2120 1157 1611 1053 1490 1186 1107 1122 1828 2543 1602 1580 2199 803 360 1832 1405 2410 1814 2305 2645 2415 1064 1130 838 1136 1395 2048 511 2150 1954 1487 1381 1106 2350 2069 2867 931 2066 1757 1491 1406 1412 820 831 1936 1688 1537
927 670 2969 2670 1188 2259 2147 1716 2782 2136 975 2995 3173 1853 2967 2063 993 1734 2309 1231 2286 709 1245 793 695 2735 1334 2407 2089 1852 1158 1418 3178 1945 2912 2805 1356 1855 2481 2566 2902 2477 3100 1688 1749 2006 2849 2703 1550 3044 2024 3157 2909 2896 2445 1443 2242 3460 3017 1582 3083 1899 787 1120 2496 2071 2636 3527 3039 3016 2081 1577 1832 360 981 1839 3046 3419 2333 2453 2104 2357 1364 2471 2811 1376 1981 2507 1080 1661 2652 2165 2470 2883 3804 1866 2622 2844 924 976 1393 2249 1360 2084 813 2775
494 1250 2543 2230 1531 2347 1965 2064 2931 2548 1431 2818 2670 1425 2671 2538 712 1805 2262 1762 2315 988 957 1056 816 2514 1116 1832 1569 1941 1690 1603 3050 2392 2942 2783 1579 1567 1942 2347 2452 2494 3058 1087 1613 1597 2936 2610 986 2911 2162 2807 2538 2677 2608 880 2132 3334 2932 964 2621 1294 560 579 1960 1466 2572 3417 2513 2626 2352 1334 1405 981 360 2265 2798 3242 2696 2691 1895 2088 1040 2151 2277 1794 1555 2623 924 1747 2372 1955 2677 2829 3722 1280 2663 2665 1127 1103 1496 1748 988 2248 650 2517
2068 1549 3210 3009 1098 1480 2059 664 1677 657 1228 2601 3603 2425 2868 685 1993 1370 1834 1029 1640 1644 2712 1569 2171 2515 2813 3199 2788 1339 1090 1191 2623 502 2049 2090 1153 2146 3143 2392 3220 1776 2360 2719 1807 2472 1869 2187 2520 2531 1255 3158 3016 2626 1402 2448 1946 2850 2395 2712 3406 2899 2090 2249 3144 3044 2072 2870 3565 3151 917 1967 2410 1839 2265 360 2811 2937 887 1228 2096 2375 2048 2570 3397 834 2495 1557 2558 1336 2595 2130 1313 2222 3043 2806 1810 2493 1508 1554 1358 2853 2116 1209 2249 2632
2562 3027 1227 1343 2561 1726 1265 2531 1983 2849 2794 667 1702 1800 597 3094 2505 1886 1337 3018 1545 2709 3366 2643 3157 679 3530 2136 1922 1860 3006 2226 933 2926 1523 1297 2310 1591 1900 843 1354 1463 1273 2443 1664 1633 1744 1041 2344 865 1918 848 958 545 1969 2399 1253 1105 1068 2605 1436 2420 2824 2587 1878 2406 1159 1214 1830 1039 2316 1848 1814 3046 2798 2811 360 890 2718 2255 1302 1070 2122 1042 1853 2708 1693 1801 3362 1951 793 1241 2138 1176 1535 2307 1536 695 2525 2451 2134 1770 2169 1978 3053 641
