140 2639 1627 2528 1742 940 2244 2381 1454 2251 2966 1755 2299 2732 2231 1310 1576 661 1232 1979 1105 2142 1737 2644 1662 2249 2088 1598 2776 2763 2245 1837 2527 1794 646 2381 514 1806 2454 2371 920 2426 646 2024 1326 2955 2484 2029 2119 1442 1891 405 2602 1590 3103 1088 1612 622 912 2078 2161 2033 1536 1345 664 959 2511 852 1876 775 888 1476 1128 2170 2664 1614 3182 858 2253 1181 1090 2444 1583 2254 932 2212 1617 2417 1658 1268 1529 1883 2536 1014 1068 2023 2363 1570 1277 1292 2413 2109 2004 2640 2011 916 1905 447 1951 1837 2803 1696 2890 2038 1446 659 1326 779 2090 2797 2492 2480 1384 1943 1563 2351 1282 1197 1601 2556 1929 676 1904 2191 2302 1563 2317 2507 939 2949 2615 2124 1853 2206 2694 2289 489 2462 800 1918 593 1030 2852 1946 1114 994 1725 918 1048 899 2310 2421 2243 310 1177 1455 2282 1375 1845 3191 847 1830 2649 2082 1998 781 1265 679 2164 2370 353 1935 1794 1407 2656 2953 588 2006 2965 780 2873 1924 1519 836 2056 568 1756 1180 1339 1263 1174 1844 2139 2507 995 2289 998 2297 2067 1623 1511 1001 2332 993 1434 1804 1197 2532 2670 2263 1542 2348 1597 2450 1516 1488 1369 586 2368 2561 2195 1507 1979 942 2609 731 2367 2251 1605 1072 2721 2012 3139 442 1519 1814 1173 1395 990 1775 3003 1818 1606 1295 857 2256 1456 717 3196 1075 1949 670 752 1774 1847 901 1679 774 1360 651 2266 2474 953 890 634 1850 2027 1961 767 1866 818 436 1032 2304 2670 755 1022 2152 2532 277 772 1135 2508 3252 2351 1081 777 1724 1404 1386 2667 2118 2079 2425
2739 360 1445 1984 1566 3510 2233 1180 2112 1357 1506 1251 2790 1495 944 2428 1772 3249 3277 1657 1898 1732 1368 1522 1575 2277 1048 1516 1472 1531 1685 1195 2203 1972 3100 1547 2720 1769 1121 1028 3411 730 2930 3014 1921 1328 658 2719 1220 1893 1715 2618 1420 2210 1040 2468 1755 3179 2087 962 2540 1416 2007 2340 2805 3474 1452 2801 2932 2555 2119 2150 1963 2174 458 2471 1406 3451 1567 2463 2859 2408 2844 843 3521 2114 1538 607 1556 2038 1531 1643 561 2791 2153 1415 2734 1771 1796 1890 1284 1385 1171 1509 2889 3302 1789 2563 1775 1583 1158 2688 1607 2296 1563 2795 1731 2510 1003 603 974 2058 1626 1349 2209 2081 3137 2310 2131 889 3126 3053 2851 862 1067 1595 989 2175 3512 1507 1909 1890 1151 1716 1193 2053 2649 3019 2983 1192 3170 2283 1587 1056 3709 2483 2338 2501 2563 3273 1223 1525 3148 2689 1877 1632 1020 1993 1267 1183 3445 1637 455 1314 2240 2738 1770 2834 888 3118 2797 1280 1840 1604 1756 1028 2415 1116 1520 3360 783 1794 1920 3311 958 3164 1243 2144 1664 1830 2098 3241 3016 1540 3556 840 3080 978 1020 1906 1508 2703 1279 2184 2162 1350 2136 1545 1885 879 2749 1299 2277 1944 1572 2100 2079 3179 1890 1796 2096 2511 1111 3394 1047 3082 868 1055 2458 2159 1097 1597 1442 2967 1864 1228 2648 1779 2267 2883 1116 1283 1857 2563 2290 2828 1738 3069 1427 1962 1078 3203 2649 1618 1305 3269 2067 3357 2729 2692 734 660 3333 3197 2776 2624 982 1181 3358 3011 2789 2760 3614 1019 1166 2257 3621 2937 2166 2876 2252 1870 3213 1278 2525 2172 3376 2037 2178 1693 1626 1940 1120 2231
1727 1445 360 1615 1284 2524 1591 1577 1101 1581 1765 774 2025 1561 1265 1831 785 2213 2196 994 975 1180 1019 1494 615 1626 821 1037 1593 1599 1805 901 2329 1711 2035 1810 1788 948 1208 1475 2465 1171 1856 2102 1308 1719 1390 1863 883 856 1561 1633 1424 1788 1836 1760 790 2197 1096 1040 1776 880 1566 1768 1916 2519 1353 1975 1990 1711 1102 1149 1176 2102 1496 2022 1936 2445 1728 1800 1781 1822 1838 1001 2481 1489 1101 1201 1179 967 458 1492 1403 2025 1403 1419 2011 1345 721 808 1207 1476 740 1487 1995 2224 1040 1575 1657 804 1552 1727 1729 1529 601 1717 663 1429 830 1559 1228 1624 826 738 1240 2145 2065 1243 1725 1289 2169 2129 1930 1132 1044 544 1051 2300 2462 1751 1637 1868 811 1798 1454 2088 1705 2260 2113 651 2130 1198 1691 782 2700 1732 1424 1416 1484 2367 1087 1303 2280 1682 1074 547 1017 944 1047 1924 2415 846 1430 879 2050 1654 975 1946 924 2300 1819 692 1005 823 1596 1685 1400 739 1768 2316 1613 1653 922 2242 975 2136 669 1468 810 749 1017 2247 2140 1384 2577 1261 1995 1030 1097 1531 530 1943 1597 1101 1650 1100 1060 1407 1665 1255 1742 1624 1318 2115 487 1625 1524 2148 1448 1542 2061 2001 716 2465 1351 2006 1374 989 2007 1074 1466 1560 1903 1921 859 578 1581 1181 1182 1920 1739 1024 1468 1944 1214 2036 674 1994 1951 912 728 2233 1567 776 1104 2190 1717 2361 1687 1804 1081 1379 2254 2309 1700 1720 943 694 2355 2055 1952 1707 2620 1040 1427 1232 2593 2082 1722 1861 1313 873 2421 1987 1855 1087 2359 1147 1153 613 1552 1306 1220 2289
2628 1984 1615 360 2510 3389 794 2590 1439 2675 1166 1953 1325 963 2240 3064 1365 2987 2515 989 2153 798 2227 880 1395 828 1489 2279 1018 954 2962 2049 3510 2956 2721 2912 2822 1113 1223 2443 3407 1630 2518 1720 2558 1315 2160 1399 1249 1471 2779 2614 960 3043 1784 2962 1332 3103 2178 2042 1136 1123 2821 3008 2983 3441 899 3092 1717 2838 2143 1425 2395 3327 2081 3274 1509 3274 2863 3016 2152 841 1810 1605 3208 736 2341 1809 2415 1627 1669 2704 2103 3180 2614 2577 1232 2597 1770 1656 1060 2610 1418 891 1589 2786 1004 2559 2873 1180 1335 1587 1002 1007 1842 2385 1765 2132 1557 1885 1371 463 2076 1275 1363 3338 2315 1717 2980 1463 1902 3134 1613 2066 1307 1516 1384 3480 3157 1148 496 3072 1930 2967 1227 3287 2734 1511 3180 1506 2903 1860 981 1790 3496 2916 1291 2018 1953 3373 1142 820 1759 2611 2298 1654 1366 1519 2215 1750 3184 1152 1901 1181 3293 2259 2213 3012 1653 1664 2783 1361 1106 2075 663 1602 2371 1494 1152 3051 1770 2874 1379 2873 1966 2946 1834 2699 2051 1751 1718 2084 1659 810 3451 2175 2440 1405 2137 2782 1780 3106 2652 1903 2902 2291 1690 810 565 2193 1748 2679 1363 3273 1626 2879 2774 2947 531 566 3276 3246 1544 3431 1326 2630 2282 1343 3258 1819 1335 2747 1421 2709 1393 1645 1920 2435 1898 1727 1571 2201 2719 3167 2035 1388 1538 2625 1508 1948 1682 3157 2219 1226 2279 2749 2971 3223 1854 2884 1846 2154 2800 3341 2387 1423 1948 1460 3200 1809 3063 2507 3459 1357 1240 2220 3348 1564 549 2742 2411 2011 1718 1736 1011 1809 3173 1170 1497 1700 794 770 2297 3489
1842 1566 1284 2510 360 2508 2516 1014 1928 868 2449 919 2927 2310 996 1230 1679 2359 2715 1910 1113 2089 646 2273 1537 2550 1443 616 2321 2351 934 846 1414 820 2309 1018 1711 1872 1877 1047 2362 1575 2201 2935 795 2332 1302 2738 1655 1692 636 1697 2180 1009 2216 1307 1693 2192 1314 993 2684 1747 801 1140 1741 2432 2142 1684 2805 1478 1382 1979 978 1179 1539 1271 2494 2484 899 1283 2358 2747 2595 1453 2622 2414 555 1447 475 1708 1268 572 1388 1636 1067 641 2922 576 1358 1540 1958 727 1472 2262 2844 2564 1965 1657 733 1724 2141 2541 2471 2443 1118 2100 1308 1890 1388 1796 1808 2532 921 1595 2088 1226 2650 1945 931 1805 2962 2002 2764 1069 1706 1441 1660 1385 2638 2441 2510 946 963 911 2094 1167 1665 3158 1886 1372 2296 1804 2437 1124 2734 1345 2293 1962 2094 2190 1832 2131 3132 1798 956 1338 1649 1746 694 2348 2526 1770 1624 1702 1149 2109 915 1764 1354 3176 1839 1511 1925 906 2433 2144 1588 1406 2458 2480 1949 728 1787 2519 1036 2261 1036 1005 979 1404 1700 2994 2994 2199 2541 1093 2473 1631 912 703 1150 1552 953 1652 958 602 1763 2218 2526 1055 2505 967 2167 1223 1329 895 890 2282 2350 2404 1136 1305 1354 2328 1945 2343 1114 1647 1258 1689 2052 672 2497 2126 1728 1226 2233 707 1756 2720 2224 694 651 1365 1679 2930 1513 2328 2513 1365 1221 2198 2015 1701 636 2539 879 2378 2395 1638 1287 1295 2600 2101 2072 2576 1032 1423 2392 2854 1680 1967 2618 1671 2062 1493 2688 2949 2634 1976 1341 1212 3305 2437 2776 1712 2432 2047 1956 1338 2355 2229 813 1366
1040 3510 2524 3389 2508 360 3070 3163 2310 3007 3863 2619 3028 3627 3062 1836 2467 789 1642 2867 1973 3022 2561 3537 2562 3069 2984 2414 3672 3657 2934 2689 3096 2434 1080 3096 1163 2689 3354 3177 585 3316 1264 2671 2073 3855 3333 2757 3019 2329 2595 1257 3498 2170 3998 1642 2503 691 1797 2931 2933 2931 2199 1907 1135 527 3405 1249 2535 1394 1782 2325 1934 2735 3528 2088 4083 499 2967 1715 1737 3251 2250 3145 733 3053 2420 3296 2445 2150 2426 2607 3393 1380 1801 2786 3109 2308 2176 2188 3312 2870 2903 3533 2693 1189 2784 1314 2633 2732 3703 2416 3783 2851 2334 1379 2225 1617 2983 3680 3391 3332 2245 2843 2397 2944 1792 2033 2209 3453 2529 878 2589 3043 3201 2464 3215 3082 816 3846 3484 2767 2719 2889 3594 2888 1225 3153 1045 2815 863 1893 3745 2825 599 1569 2529 1734 1825 791 3210 3313 2875 1203 2006 2355 3180 2255 2671 4089 657 2722 3526 2981 2543 1514 2107 1116 3051 3026 1074 2835 2670 2266 3537 3850 1484 2902 3861 788 3763 2603 2398 1044 2917 806 2634 1875 2206 2163 2056 2390 2797 3399 423 3130 1507 3195 2907 2306 2401 1431 3099 1881 2056 2617 2071 3423 3542 3101 2239 3111 2416 3079 2416 2124 2038 809 3235 3438 2781 1970 2873 659 3509 1204 3197 3150 2084 1955 3621 2733 4039 1041 2404 2705 1908 2177 1862 2440 3902 2646 2308 1755 1744 2973 2354 1201 4096 1974 2836 671 1537 2669 2662 1209 2299 527 2062 1230 3140 3324 1207 885 1371 2592 2890 2858 550 2498 1237 1244 471 3203 3570 1653 655 2833 3375 1030 1618 2023 3155 4151 3135 1960 596 2579 2252 2285 3556 2979 2897 2982
2344 2233 1591 794 2516 3070 360 2720 1162 2770 1583 1986 933 1358 2373 2940 1227 2653 2109 991 2021 864 2248 1263 1339 404 1628 2267 1417 1358 3025 2102 3558 2933 2376 3007 2579 1005 1501 2586 3112 1863 2176 1289 2477 1713 2356 966 1399 1282 2793 2361 1317 2973 2152 2808 1203 2805 1996 2154 711 1217 2763 2897 2749 3138 1231 2879 1282 2640 1947 1131 2277 3332 2324 3182 1923 2947 2939 2873 1770 594 1387 1792 2857 478 2330 2023 2410 1395 1615 2723 2316 2987 2481 2636 863 2562 1632 1478 1337 2683 1526 1270 1157 2411 912 2310 2889 1159 1698 1162 1425 590 1780 2051 1648 1828 1696 2179 1646 696 2013 1345 1040 3376 1906 1407 2919 1748 1468 2869 1178 2204 1526 1443 1604 3528 2799 1565 930 3099 1990 3021 1577 3320 2493 1150 2939 1585 2572 1578 1401 1880 3155 2749 907 1699 1607 3101 1372 1119 1347 2340 2191 1566 1575 1295 2262 2138 2843 1109 2161 1309 3271 1919 2124 2776 1811 1274 2516 1437 958 2018 1083 1964 2129 1604 1571 2706 2094 2885 1177 2510 2077 2624 1869 2582 1975 1600 1476 1649 1237 1151 3132 2326 2056 1617 2241 2744 1734 2920 2765 1657 2817 2325 1432 1162 1000 2337 1331 2793 1013 3337 1558 2806 2688 2621 753 970 3293 3137 1645 3143 1640 2274 2440 1543 3167 1570 1678 2788 1837 2390 1215 1692 1549 2373 1626 1294 1947 2242 2683 3029 1776 986 1411 2271 1923 1774 1774 2862 1893 1176 2323 2375 2925 2907 1455 2659 2019 2348 2422 3081 2058 991 2053 1553 2880 1374 2848 2201 3130 1574 1581 1997 3000 1143 686 2449 2219 1871 1351 2135 653 1554 2845 908 1202 1592 1196 665 2391 3521
2481 1180 1577 2590 1014 3163 2720 360 2315 563 2285 1174 3215 2220 710 1836 2002 3001 3278 2088 1687 2231 1032 2218 1814 2760 1465 1150 2211 2260 874 1045 1383 1265 2930 728 2364 2120 1789 517 3016 1385 2804 3320 1449 2123 884 3074 1706 2067 1012 2337 2114 1546 1855 1947 2003 2845 1900 926 2961 1867 1395 1745 2395 3087 2113 2332 3207 2132 1959 2364 1613 1374 1109 1788 2223 3137 756 1910 2892 2933 3040 1353 3267 2605 1124 1203 1083 2143 1614 963 980 2273 1721 743 3186 1222 1806 1969 1923 667 1556 2206 3212 3175 2186 2293 1036 1938 1940 2942 2358 2708 1529 2691 1743 2450 1396 1420 1669 2640 1429 1735 2457 1263 3186 2411 1472 1619 3383 2656 3148 884 1657 1761 1585 1356 3280 2282 2550 1097 1126 910 1942 1239 2315 3452 2537 1495 2934 2307 2331 1204 3388 1992 2640 2496 2607 2842 1818 2147 3495 2433 1568 1713 1595 2147 942 1999 3173 1993 1268 1785 1469 2679 1496 2419 1296 3507 2487 1642 2187 1407 2428 1846 2202 1477 2297 3121 1604 1063 2139 3143 1002 2904 1268 1657 1488 1852 2163 3449 3356 2191 3196 781 3045 1560 846 1279 1520 2191 465 2168 1560 950 2221 2204 2545 758 2946 480 2536 1125 1676 1489 1523 2925 2457 2435 1292 1857 1435 2981 1784 2951 690 1612 1778 2182 1864 865 2254 2756 2077 1408 2731 1350 2269 3134 1934 971 1253 1967 2226 3235 1880 2937 2244 1885 1306 2852 2584 1940 915 3148 1389 3031 2868 2293 1113 885 3211 2751 2665 2937 1028 1527 3044 3270 2331 2583 3273 1608 1911 2085 3338 3295 2750 2616 1970 1742 3624 2096 3006 2202 3082 2354 2361 1744 2317 2414 721 1411
1554 2112 1101 1439 1928 2310 1162 2315 360 2301 1990 1502 1390 1742 2006 2185 701 1912 1585 974 1289 1091 1707 1643 901 1174 1424 1672 1795 1765 2489 1631 2979 2283 1656 2522 1776 789 1600 2216 2330 1775 1452 1373 1776 2034 2112 1175 1307 607 2198 1559 1630 2267 2326 2033 717 2025 1219 1781 1175 1137 2076 2152 1946 2362 1529 2078 1253 1844 1162 411 1546 2703 2181 2449 2269 2196 2427 2105 1170 1380 1101 1631 2143 1119 1732 1865 1813 611 1062 2140 2111 2190 1727 2118 1411 1914 935 752 1495 2185 1302 1642 1277 1756 858 1508 2292 923 1926 987 1881 983 1176 1314 979 1053 1469 2166 1697 1386 1371 1139 524 2789 1416 646 2224 1791 1428 2071 1201 1869 1507 918 1559 2950 2097 1972 1535 2509 1551 2474 1800 2727 1690 1612 2137 1285 1827 783 1845 1515 2423 1967 736 944 909 2306 1435 1419 1565 1543 1475 967 1520 542 1761 2371 2111 883 2074 1228 2609 1195 1436 1974 1589 1611 1718 1194 746 1384 1601 2144 1326 1356 1985 1982 2162 2281 552 1824 1715 1868 1408 1841 1318 891 678 1508 1426 1500 2371 2000 1441 1554 1838 2082 1164 2127 2328 854 2100 1795 630 1523 1595 1995 1005 2354 600 2789 999 2102 1973 1869 1285 1496 2679 2391 1366 2356 1772 1576 2114 1482 2434 768 1864 2232 2206 1630 610 1300 934 1701 826 1179 2167 1734 2026 2261 974 1381 795 1569 2278 1014 1440 2080 1145 872 1809 1718 2247 2143 979 1857 1781 2101 1776 2282 1313 1008 1683 1291 2121 1314 2047 1427 2381 1535 1786 1198 2279 1381 1439 1665 1429 1142 1743 2406 1326 751 2096 630 433 952 1640 1028 1955 2920
2351 1357 1581 2675 868 3007 2770 563 2301 360 2429 1166 3242 2346 819 1647 2006 2868 3197 2139 1593 2294 966 2335 1829 2808 1546 1054 2342 2386 689 1040 1228 1064 2815 598 2216 2150 1908 692 2853 1521 2700 3314 1297 2276 1058 3084 1785 2055 815 2206 2233 1349 2037 1770 2011 2696 1802 992 2990 1931 1209 1557 2235 2925 2222 2161 3194 1973 1866 2352 1485 1180 1294 1587 2390 2988 571 1727 2825 2990 3010 1463 3130 2658 1014 1346 958 2110 1601 775 1156 2094 1569 587 3221 1059 1764 1936 2031 501 1622 2323 3211 3067 2225 2166 834 1975 2089 2928 2491 2739 1493 2594 1704 2369 1478 1599 1799 2717 1356 1789 2452 1089 3118 2369 1276 1760 3364 2496 3142 986 1763 1761 1696 1199 3147 2425 2645 899 1143 718 2079 1057 2172 3478 2368 1547 2805 2250 2462 1253 3237 1821 2643 2427 2547 2673 1918 2244 3498 2306 1454 1694 1701 2127 900 2180 3034 2028 1441 1857 1267 2594 1397 2257 1392 3521 2347 1697 2213 1335 2534 2015 2090 1544 2441 2989 1780 861 2135 3026 1068 2769 1275 1494 1417 1811 2120 3417 3358 2295 3038 913 2959 1669 897 1093 1497 2013 463 2105 1373 877 2181 2310 2646 881 2917 466 2531 974 1665 1301 1347 2791 2533 2532 1100 1658 1497 2815 1922 2845 850 1713 1577 2128 2009 666 2415 2634 2074 1439 2679 1215 2207 3117 2102 927 1073 1776 2149 3256 1867 2830 2411 1817 1361 2699 2499 1970 855 3041 1191 2881 2827 2136 1233 1057 3103 2581 2567 2937 1087 1586 2897 3252 2162 2471 3118 1716 2048 1986 3194 3302 2826 2485 1848 1668 3642 2275 3050 2149 2939 2368 2342 1715 2431 2467 740 1241
3066 1506 1765 1166 2449 3863 1583 2285 1990 2429 360 1924 2131 609 1971 3193 1760 3500 3189 1379 2380 1273 2174 711 1665 1622 1386 2281 555 593 2753 1966 3297 2907 3267 2648 3178 1565 940 2127 3834 1269 3066 2512 2651 557 1771 2188 1242 1903 2678 3002 726 3075 1048 3152 1725 3547 2485 1844 1934 1293 2850 3119 3315 3881 823 3380 2492 3116 2476 1998 2568 3203 1600 3332 704 3765 2639 3181 2790 1644 2540 1359 3749 1495 2331 1443 2387 2086 1856 2600 1685 3429 2795 2411 2037 2602 2067 2034 920 2413 1406 710 2379 3386 1493 2943 2760 1492 708 2326 528 1765 2001 2924 2032 2640 1430 1315 1003 1269 2198 1399 1982 3153 3000 2273 3001 1029 2684 3515 2391 1813 1117 1773 1151 3269 3711 379 1034 2922 1855 2773 715 3115 3091 2313 3513 1514 3415 2358 544 1692 4009 3131 1987 2559 2539 3756 1038 931 2564 3030 2466 1899 1167 1988 2116 976 3704 1506 1411 1255 3223 2817 2360 3345 1455 2470 3186 1433 1604 2187 863 904 2757 1446 376 3585 1144 2771 1851 3448 1784 3440 1829 2843 2199 2071 2178 2856 2460 854 3920 1876 3069 1180 1942 2778 1927 3345 2372 2344 2972 2207 2176 832 972 1908 2464 2396 2012 3041 1845 2928 2857 3446 1198 973 3135 3336 1495 3842 870 3199 1954 1178 3317 2276 780 2599 615 3207 1831 1664 2550 2507 2377 2488 840 2115 2717 3316 2481 2194 1870 3191 701 2272 1608 3591 2755 1555 2177 3349 2964 3695 2533 3204 1563 1769 3406 3704 2918 2183 1783 1459 3681 2584 3358 2991 3948 1144 748 2589 3879 2365 1342 3192 2711 2271 2521 942 1817 2274 3671 1763 2062 1965 749 1420 2096 3307
1855 1251 774 1953 919 2619 1986 1174 1502 1166 1924 360 2438 1766 891 1640 1199 2370 2506 1366 1010 1538 634 1722 1025 2023 899 717 1782 1806 1398 489 1933 1374 2242 1396 1830 1352 1344 1087 2521 1115 2087 2511 1099 1827 1096 2277 1098 1255 1186 1729 1632 1513 1803 1631 1205 2288 1207 693 2188 1190 1287 1561 1920 2583 1588 1930 2395 1676 1248 1551 1083 1734 1270 1768 2012 2562 1316 1644 2105 2213 2226 960 2642 1879 770 1048 834 1331 800 1111 1142 1939 1290 1010 2421 1041 1004 1158 1408 1063 915 1712 2406 2463 1435 1674 1280 1187 1640 2130 1930 1939 729 1959 939 1692 853 1434 1298 1978 734 1037 1648 1754 2397 1602 1441 1317 2570 2164 2339 805 1168 955 1133 1903 2638 1914 1950 1482 459 1395 1575 1700 1758 2674 2103 812 2293 1514 1895 601 2821 1630 1837 1716 1813 2388 1282 1573 2692 1804 991 899 1116 1333 636 1919 2562 1237 1272 1142 1708 1925 882 1949 855 2714 1906 952 1413 713 1875 1693 1535 852 1931 2483 1545 1281 1331 2455 661 2282 479 1308 776 1049 1358 2636 2552 1642 2665 919 2285 1105 715 1222 708 1852 1186 1386 1408 701 1413 1662 1966 901 2132 1213 1727 1710 863 1364 1297 2298 1795 1844 1684 1773 800 2506 1436 2238 1018 1107 1753 1387 1549 1163 2002 2094 1269 668 1930 952 1482 2321 1765 615 1159 1768 1466 2450 1067 2225 2030 1121 676 2312 1831 1174 696 2432 1411 2467 2058 1806 886 1085 2496 2314 1937 2132 632 865 2469 2457 1915 1895 2723 1139 1544 1385 2737 2496 2082 1992 1361 1002 2836 1999 2258 1405 2489 1562 1547 932 1801 1690 812 1902
2399 2790 2025 1325 2927 3028 933 3215 1390 3242 2131 2438 360 1919 2876 3206 1609 2598 1877 1508 2320 1419 2680 1827 1773 889 2156 2670 1977 1915 3469 2562 3981 3306 2308 3474 2696 1455 2071 3092 3115 2420 2129 831 2806 2274 2892 632 1939 1602 3202 2473 1888 3298 2723 3041 1598 2814 2237 2651 615 1748 3106 3178 2871 3126 1804 3029 906 2820 2174 1342 2577 3722 2880 3477 2474 2894 3394 3119 1652 857 1149 2334 2753 1046 2733 2571 2814 1640 2022 3139 2860 3160 2752 3084 472 2934 1957 1779 1908 3141 2044 1836 735 2267 1393 2433 3297 1638 2269 972 1967 868 2168 2034 1993 1893 2220 2749 2215 1222 2383 1855 1226 3793 1676 1521 3254 2317 1033 2936 820 2714 2085 1852 2161 3952 2682 2113 1458 3513 2460 3459 2149 3733 2618 596 3045 2085 2527 1715 1947 2372 3065 2968 1015 1748 1611 3149 1937 1692 800 2423 2506 1948 2130 1568 2713 2704 2764 1583 2722 1847 3636 1898 2463 2895 2340 702 2595 1944 1389 2394 1628 2536 2274 2119 2118 2623 2667 3289 1502 2391 2576 2594 2326 2869 2335 1916 1692 1235 728 1722 3091 2841 1907 2172 2730 3107 2138 3107 3250 1840 3130 2763 1632 1732 1524 2847 1149 3277 1156 3777 1959 3133 3004 2585 1323 1522 3693 3415 2154 3160 2214 2187 2957 2096 3462 1760 2252 3219 2386 2379 1558 2168 1494 2727 1773 976 2516 2690 3049 3273 1926 435 1774 2188 2473 2044 2272 2876 1908 1635 2769 2235 3276 2878 1326 2801 2550 2883 2267 3149 2050 809 2549 2062 2843 982 2995 2230 3068 2131 2154 2182 2898 636 1156 2486 2430 2172 782 2696 674 1739 2792 1240 1390 1953 1752 1211 2870 3931
2832 1495 1561 963 2310 3627 1358 2220 1742 2346 609 1766 1919 360 1888 3014 1520 3259 2939 1133 2174 1023 2028 462 1439 1399 1227 2122 419 401 2662 1824 3212 2770 3023 2574 2955 1318 800 2064 3604 1196 2821 2282 2475 715 1729 1958 1047 1661 2553 2774 497 2918 1183 2960 1485 3314 2265 1734 1710 1066 2692 2944 3097 3649 581 3171 2256 2907 2252 1749 2374 3089 1593 3170 928 3527 2551 2994 2540 1444 2294 1245 3506 1263 2176 1380 2238 1844 1647 2475 1653 3227 2602 2302 1831 2447 1844 1800 720 2313 1223 460 2149 3138 1244 2715 2639 1255 746 2082 528 1528 1802 2679 1813 2396 1281 1346 911 1062 2010 1186 1733 3058 2751 2025 2846 973 2449 3290 2155 1720 964 1551 1017 3183 3467 591 843 2814 1707 2677 665 3015 2868 2113 3296 1332 3173 2115 490 1546 3768 2933 1740 2313 2291 3532 847 682 2345 2798 2272 1681 1023 1745 1982 1147 3463 1265 1403 1043 3094 2570 2169 3128 1330 2261 2957 1232 1356 2001 666 1007 2528 1275 603 3342 1202 2647 1605 3201 1667 3201 1662 2658 2006 1845 1936 2617 2236 604 3684 1801 2819 1046 1833 2627 1728 3145 2300 2106 2805 2070 1933 583 795 1829 2217 2325 1763 2960 1631 2766 2686 3206 966 758 3026 3167 1326 3614 809 2952 1892 1023 3156 2035 771 2487 848 2967 1589 1486 2300 2335 2136 2248 969 1977 2565 3134 2243 1979 1639 2945 931 2048 1452 3359 2510 1318 2045 3101 2816 3459 2284 2988 1473 1724 3158 3483 2674 1944 1660 1277 3444 2347 3147 2751 3710 1003 690 2361 3636 2142 1149 2957 2495 2057 2320 1137 1609 2033 3431 1514 1813 1746 529 1176 1992 3212
2331 944 1265 2240 996 3062 2373 710 2006 819 1971 891 2876 1888 360 1866 1682 2852 3037 1742 1496 1881 860 1880 1488 2413 1115 1009 1883 1928 1142 774 1687 1388 2748 1046 2259 1783 1451 575 2938 1062 2603 3000 1390 1821 666 2744 1355 1761 1130 2195 1777 1630 1618 1930 1680 2735 1706 587 2621 1518 1435 1776 2319 3005 1770 2288 2893 2059 1755 2054 1487 1608 906 1889 1946 3020 1028 1914 2637 2584 2742 1009 3124 2257 1011 891 1008 1855 1315 1058 755 2258 1645 832 2844 1209 1536 1684 1579 811 1207 1867 2888 2979 1844 2145 1193 1597 1633 2630 2032 2368 1261 2480 1470 2220 1046 1184 1340 2290 1218 1388 2141 1543 2929 2129 1551 1301 3074 2576 2829 534 1312 1448 1243 1658 3127 1967 2202 1324 820 1164 1620 1506 2198 3113 2482 1151 2780 2046 2003 865 3276 1957 2316 2248 2345 2782 1471 1799 3169 2281 1419 1419 1250 1847 750 1757 3037 1653 1015 1435 1660 2452 1326 2345 947 3174 2361 1296 1851 1195 2084 1575 2027 1128 1983 2969 1353 1211 1824 2962 660 2760 963 1613 1272 1580 1887 3151 3030 1846 3102 464 2814 1216 537 1329 1237 2172 774 1917 1594 811 1940 1859 2199 426 2646 801 2219 1433 1374 1529 1523 2778 2106 2088 1535 1935 1087 2913 1463 2754 496 1265 1877 1919 1552 1017 1965 2588 1762 1078 2459 1260 2014 2824 1661 775 1284 2001 1993 2898 1576 2740 1966 1647 963 2750 2357 1604 764 2949 1485 2918 2582 2209 774 659 3013 2698 2456 2613 689 1180 2926 2959 2281 2399 3170 1264 1589 1890 3208 2965 2399 2468 1821 1518 3288 1850 2660 1937 2955 2025 2058 1459 1977 2067 543 1696
1410 2428 1831 3064 1230 1836 2940 1836 2185 1647 3193 1640 3206 3014 1866 360 2081 1840 2484 2435 1280 2626 1432 2956 2029 2963 2167 1295 3038 3054 1495 1631 1623 980 1915 1675 1169 2327 2613 1902 1645 2385 1897 3067 902 3106 2172 2965 2327 2018 1194 1300 2877 697 3058 582 2110 1577 1329 1835 3000 2352 802 451 1092 1719 2816 947 2920 895 1392 2230 1030 1261 2407 667 3292 1858 1552 490 2247 3172 2650 2239 2059 2863 1259 2284 1232 1933 1762 1233 2257 831 820 1458 3235 1018 1671 1823 2653 1529 2152 2948 3012 2183 2436 1299 1204 2245 2920 2682 3182 2799 1592 1858 1664 1788 2129 2651 2578 3057 1368 2207 2345 1467 2497 2059 749 2596 3027 1324 2914 1926 2436 1908 2410 1607 2103 3182 3101 1302 1723 1446 2851 1411 1181 3414 1152 2043 1806 1868 3145 1881 2076 675 2553 1917 2074 1443 2527 2774 3285 1406 1125 1770 2389 2020 1525 3183 1951 2271 2479 2343 1073 1934 1216 1101 2134 3375 1340 2146 2356 1375 3068 2965 1369 2106 3199 1956 2792 1173 2125 2089 1861 1742 1725 725 1381 1700 1874 2993 3159 2853 1852 1962 2240 2382 1767 916 1661 766 1749 1730 636 1439 1933 2876 3134 1924 2580 1754 2411 1606 1800 707 710 1767 2894 3010 1304 574 2058 1592 2716 2000 1984 2375 656 1806 2830 1344 3282 1710 2085 1890 2226 1048 1809 2820 3040 1512 949 494 1666 3186 1899 1985 3311 1533 1951 1557 1860 2198 1483 2171 841 1749 2421 1039 2119 2165 2220 1345 1827 2782 1847 2098 1777 2939 962 1649 1946 2412 2820 1405 2080 3142 3144 1520 1150 1429 3514 3267 3146 1828 1840 2400 2177 1726 3021 2704 1683 1511
1676 1772 785 1365 1679 2467 1227 2002 701 2006 1760 1199 1609 1520 1682 2081 360 2100 1897 766 1161 942 1431 1429 560 1255 1085 1424 1567 1550 2220 1327 2733 2076 1873 2234 1830 612 1303 1895 2453 1439 1675 1679 1609 1773 1773 1438 988 506 1955 1633 1393 2106 2018 1964 395 2158 1172 1455 1365 843 1896 2034 1986 2495 1299 2088 1571 1833 1139 742 1413 2484 1840 2315 2007 2366 2148 2022 1476 1462 1440 1291 2351 1143 1486 1525 1567 689 772 1890 1771 2174 1624 1838 1603 1702 771 654 1224 1898 964 1426 1569 2013 721 1576 2051 630 1644 1310 1675 1125 924 1532 780 1243 1128 1833 1385 1344 1150 811 820 2546 1740 922 2052 1473 1754 2154 1507 1538 1190 604 1235 2703 2316 1742 1428 2266 1235 2210 1523 2486 1742 1843 2184 944 2015 964 1637 1183 2609 1913 998 1176 1191 2395 1142 1206 1854 1646 1324 704 1196 602 1469 2075 2304 615 1736 920 2411 1434 1256 2015 1248 1875 1811 857 634 1157 1446 1843 1386 1015 1757 2186 1839 2044 508 2061 1386 2040 1094 1720 1109 747 779 1845 1714 1291 2525 1669 1729 1227 1519 1882 889 2101 2023 946 1949 1515 785 1316 1475 1666 1344 2050 896 2527 710 1938 1820 2047 1195 1359 2450 2274 1025 2468 1473 1813 1784 1158 2300 876 1574 1969 1952 1807 453 967 1250 1508 979 1505 1874 1445 1822 2176 1083 1616 543 1804 2018 942 1102 2206 1364 567 1523 1977 2060 2299 1317 1884 1441 1763 2038 2356 1523 1294 1355 950 2283 1639 2060 1591 2550 1212 1505 1226 2479 1656 1425 1799 1406 1014 1999 2119 1465 874 2271 728 765 724 1451 984 1645 2685
761 3249 2213 2987 2359 789 2653 3001 1912 2868 3500 2370 2598 3259 2852 1840 2100 360 1244 2490 1722 2635 2359 3166 2215 2651 2674 2220 3307 3287 2847 2456 3092 2378 650 2990 1043 2308 3016 2993 913 3021 839 2245 1936 3507 3102 2327 2682 1957 2495 1023 3134 2149 3688 1622 2135 681 1523 2696 2506 2576 2124 1891 1113 903 3038 1288 2106 1321 1490 1922 1748 2731 3278 2130 3738 656 2861 1710 1307 2829 1821 2850 632 2642 2238 3022 2278 1775 2115 2492 3152 1449 1671 2640 2680 2180 1854 1836 2959 2726 2583 3163 2264 803 2397 1069 2549 2369 3365 1987 3410 2432 2048 963 1909 1225 2681 3399 3067 2925 2002 2502 1987 2924 1376 1629 2171 3137 2107 942 2160 2809 2873 2128 2894 3074 639 3483 3087 2712 2468 2806 3250 2863 1065 2724 1136 2503 445 1506 3372 2553 871 1533 2109 1328 1406 1032 2865 2940 2450 931 1799 2033 2858 1875 2467 3769 564 2354 3255 2636 2549 1094 1886 1110 2762 2599 887 2505 2283 2025 3150 3530 1195 2592 3498 481 3465 2521 2017 663 2671 460 2365 1773 1955 1833 1682 1976 2370 3025 852 2909 1085 2877 2687 2219 2110 1469 2950 1518 2006 2426 1688 3049 3147 2883 1809 2966 2001 3036 2095 2066 1957 437 2837 3047 2764 2014 2569 976 3177 776 2988 2825 2122 1584 3286 2621 3689 654 2030 2409 1482 2013 1483 2012 3576 2439 2207 1794 1384 2543 2006 772 3750 1662 2549 738 1128 2306 2469 814 2254 649 1632 1163 2875 3092 831 1087 960 2163 2642 2542 609 2073 1261 871 837 2879 3228 1353 741 2405 2963 745 1394 1740 2729 3825 2709 1586 554 2178 1850 1964 3177 2578 2701 2985
1332 3277 2196 2515 2715 1642 2109 3278 1585 3197 3189 2506 1877 2939 3037 2484 1897 1244 360 2191 1965 2276 2606 2837 2078 2091 2608 2503 2995 2957 3275 2624 3639 2890 997 3374 1707 2011 2825 3222 1797 2969 949 1451 2367 3250 3217 1626 2524 1759 2926 1544 2838 2732 3550 2265 1923 1547 1760 2833 1862 2361 2632 2506 1850 1780 2736 2039 1337 1957 1693 1565 2121 3296 3333 2792 3485 1503 3254 2359 781 2226 1102 2811 1301 2140 2544 3031 2609 1600 2117 2898 3238 2204 2157 2977 1977 2594 1867 1748 2719 3059 2492 2839 1508 812 2063 1547 3003 2146 3151 1320 3063 1880 2137 997 1934 1188 2641 3364 2919 2431 2209 2349 1567 3454 565 1336 2728 3010 1280 1772 1417 2939 2726 2043 2773 3616 1220 3170 2639 3201 2587 3243 3023 3389 1672 1949 1946 2449 1206 1360 3029 2611 1610 2172 1586 1150 1074 1909 2660 2620 1632 1439 2121 2013 2733 1658 2697 3596 1347 2108 3254 2450 3139 965 2163 1860 2750 1795 1542 2390 1958 2231 2749 3369 1523 2531 3182 1214 3377 2980 1762 958 2784 1290 2452 2285 2149 1826 1539 1118 1580 2695 1700 3062 608 2764 2860 2697 2170 2193 3257 1480 2563 2690 1501 2716 2707 3046 1140 3279 1538 3523 2070 2605 2473 1270 2401 2635 3307 2689 2528 1861 2997 876 3164 2695 2781 1486 3089 3019 3417 1178 1805 2414 1011 2383 1385 1261 3393 2667 2664 2483 1411 1810 1899 888 3492 1754 2565 1610 1059 2091 2723 793 2793 1529 1022 1844 2918 3206 797 1952 1027 1505 2751 2469 1485 1277 2006 1195 1648 2750 3010 1584 1440 1637 2435 1364 1783 1895 1914 3631 2069 1471 1414 1786 1512 1958 2817 2146 2929 3548
2079 1657 994 989 1910 2867 991 2088 974 2139 1379 1366 1508 1133 1742 2435 766 2490 2191 360 1527 550 1634 1037 766 1031 1007 1670 1184 1159 2400 1476 2939 2345 2250 2376 2235 545 1016 1956 2858 1290 2048 1721 1931 1420 1744 1422 797 898 2185 2039 1016 2419 1741 2337 730 2561 1568 1523 1253 601 2199 2379 2389 2898 916 2486 1650 2228 1540 987 1766 2730 1742 2646 1656 2762 2311 2388 1782 1211 1609 1189 2734 878 1732 1428 1809 1077 1042 2113 1714 2565 1987 2011 1466 1980 1150 1059 890 2055 898 1035 1593 2367 499 1982 2280 552 1322 1423 1280 1003 1214 1906 1140 1626 1073 1651 1136 990 1450 713 992 2760 2012 1254 2357 1237 1847 2560 1563 1575 968 887 1038 2909 2694 1361 1032 2486 1362 2399 1193 2705 2147 1742 2588 953 2404 1344 1243 1248 3001 2293 1064 1540 1522 2802 853 811 1851 2051 1669 1025 1002 974 1639 1772 2693 525 1597 703 2684 1797 1585 2419 1192 1826 2217 806 592 1450 1040 1554 1792 976 1375 2570 1610 2278 833 2428 1446 2435 1246 2070 1423 1137 1170 1981 1718 895 2926 1699 2055 1043 1609 2165 1155 2489 2133 1346 2275 1706 1162 919 1075 1708 1521 2161 1040 2712 997 2254 2147 2440 818 956 2685 2617 1014 2873 1185 2180 1814 965 2631 1271 1266 2169 1592 2199 822 1065 1543 1811 1367 1613 1569 1621 2103 2539 1483 1539 921 2172 1664 1339 1142 2610 1737 598 1701 2330 2352 2699 1553 2285 1402 1735 2388 2762 1901 1335 1421 922 2681 1734 2458 1986 2947 1009 1182 1632 2866 1640 1087 2201 1802 1388 1928 1801 1277 1267 2666 781 1046 1074 1049 688 1760 2907
1205 1898 975 2153 1113 1973 2021 1687 1289 1593 2380 1010 2320 2174 1496 1280 1161 1722 1965 1527 360 1717 1017 2103 1127 2045 1403 900 2206 2211 1682 1094 2108 1378 1613 1770 1196 1409 1820 1653 1886 1713 1477 2248 851 2330 1739 2097 1498 1102 1346 1079 2036 1337 2403 1169 1191 1641 572 1333 2101 1477 1152 1235 1309 1945 1962 1360 2110 1096 633 1338 618 1802 1920 1525 2542 1912 1653 1222 1605 2254 1874 1543 1995 1943 939 1683 1004 1041 886 1306 1790 1414 822 1371 2339 1026 750 909 1821 1454 1346 2095 2173 1850 1518 1024 1432 1341 2158 1852 2341 1888 744 1364 747 1138 1390 2067 1825 2141 639 1347 1454 1917 1896 1230 1296 1873 2250 1536 2083 1447 1650 1004 1647 2081 1993 2366 2199 1644 1109 1655 2065 1853 1118 2540 1503 1244 1647 1067 2303 1212 2171 1128 1665 1210 1346 1770 1702 1901 2458 1154 550 866 1617 1114 1119 2504 1913 1362 1913 1490 1690 1360 558 1340 1446 2525 1259 1307 1436 662 2184 2269 891 1326 2383 1837 2159 1415 1208 1827 1311 1633 1021 921 594 780 1002 2263 2323 1985 2020 1548 1726 1623 1327 1173 818 1333 1657 913 1170 1096 1066 2009 2237 1523 1789 1678 1526 1953 907 1173 1043 1650 1982 2115 1790 1476 1289 1878 1955 1626 1631 1593 1510 965 2071 1422 2513 1453 1166 1113 1490 805 1014 2017 2329 1091 1123 1375 926 2309 979 1611 2558 642 1231 1668 1265 1289 1133 1822 1325 1818 1663 1196 1527 1729 1885 1705 1337 1921 1282 1295 1819 2147 1338 1264 2076 1641 2037 758 2087 2292 2225 1342 717 510 2661 2575 2235 988 1839 1485 1295 813 2154 1785 1357 2035
2242 1732 1180 798 2089 3022 864 2231 1091 2294 1273 1538 1419 1023 1881 2626 942 2635 2276 550 1717 360 1809 921 956 907 1129 1852 1079 1042 2565 1643 3108 2528 2386 2532 2411 696 1022 2092 3022 1361 2182 1692 2120 1346 1852 1377 896 1062 2362 2211 928 2607 1721 2526 907 2722 1751 1668 1172 723 2387 2570 2568 3060 827 2669 1641 2412 1721 1093 1957 2908 1822 2836 1577 2913 2472 2578 1878 1063 1643 1288 2872 745 1914 1519 1990 1233 1231 2288 1812 2751 2177 2177 1362 2165 1337 1236 868 2217 1035 923 1560 2485 597 2154 2456 742 1279 1440 1152 938 1404 2043 1329 1770 1198 1693 1161 803 1639 866 1070 2932 2088 1377 2545 1264 1838 2732 1546 1710 1025 1078 1102 3078 2828 1254 846 2660 1526 2566 1150 2878 2323 1646 2766 1107 2550 1490 1117 1401 3147 2482 1087 1673 1637 2973 878 707 1797 2217 1860 1216 1072 1127 1808 1733 2837 715 1662 808 2867 1927 1775 2597 1310 1752 2386 957 712 1639 875 1531 1964 1113 1266 2710 1625 2456 983 2555 1591 2585 1419 2261 1613 1321 1327 1990 1672 779 3082 1829 2159 1114 1759 2351 1343 2676 2282 1509 2464 1879 1311 800 893 1842 1562 2309 1100 2877 1187 2442 2337 2588 628 780 2861 2808 1158 3040 1178 2307 1942 1039 2821 1429 1239 2340 1504 2348 984 1232 1639 1999 1519 1618 1532 1791 2288 2729 1644 1461 1106 2301 1583 1522 1293 2773 1873 788 1871 2448 2538 2854 1621 2466 1517 1844 2504 2936 2040 1323 1569 1068 2835 1729 2641 2138 3098 1072 1146 1807 3007 1586 905 2361 1985 1576 1842 1749 1157 1422 2815 851 1160 1264 909 569 1914 3080
1837 1368 1019 2227 646 2561 2248 1032 1707 966 2174 634 2680 2028 860 1432 1431 2359 2606 1634 1017 1809 360 1989 1274 2283 1160 511 2041 2069 1149 568 1670 1104 2268 1176 1758 1607 1598 996 2439 1319 2135 2721 912 2064 1142 2505 1369 1463 912 1698 1896 1264 1985 1460 1442 2234 1230 767 2433 1464 1041 1347 1821 2506 1856 1800 2597 1564 1287 1758 987 1460 1361 1524 2236 2520 1080 1457 2224 2477 2406 1185 2629 2143 532 1212 573 1507 1018 839 1214 1783 1152 771 2669 793 1158 1333 1674 840 1186 1978 2622 2508 1696 1649 1007 1451 1874 2331 2190 2187 891 2019 1100 1778 1107 1583 1537 2251 757 1311 1862 1488 2519 1763 1188 1541 2763 2077 2548 867 1425 1188 1382 1640 2635 2165 2224 1212 680 1139 1820 1432 1697 2914 1989 1086 2288 1645 2156 842 2776 1476 2060 1827 1944 2286 1548 1845 2910 1787 920 1102 1369 1529 470 2111 2540 1499 1412 1416 1435 2007 834 1848 1083 2943 1861 1226 1664 735 2147 1897 1542 1120 2182 2477 1720 1007 1551 2482 789 2264 752 1135 817 1206 1515 2812 2771 1913 2601 933 2372 1353 715 964 905 1695 1013 1502 1179 448 1575 1932 2240 901 2313 1036 1941 1457 1082 1127 1081 2283 2068 2118 1412 1542 1068 2415 1675 2284 996 1365 1510 1522 1784 901 2233 2101 1490 942 2073 771 1604 2517 1974 447 903 1565 1555 2687 1277 2269 2255 1216 936 2250 1911 1432 477 2480 1150 2418 2221 1711 1046 1134 2543 2204 1994 2350 776 1137 2426 2652 1790 1919 2669 1391 1788 1416 2710 2720 2354 1974 1324 1071 3069 2197 2514 1543 2456 1799 1743 1116 2070 1956 702 1633
2744 1522 1494 880 2273 3537 1263 2218 1643 2335 711 1722 1827 462 1880 2956 1429 3166 2837 1037 2103 921 1989 360 1357 1304 1190 2077 520 482 2646 1788 3198 2733 2927 2566 2874 1221 789 2063 3518 1201 2725 2183 2420 811 1740 1860 991 1569 2523 2690 464 2872 1263 2895 1394 3226 2187 1714 1614 988 2645 2888 3019 3562 501 3096 2155 2833 2171 1649 2310 3063 1620 3121 1029 3435 2538 2932 2439 1359 2192 1231 3411 1165 2133 1387 2197 1751 1577 2445 1669 3157 2537 2280 1741 2403 1765 1713 675 2295 1172 373 2050 3039 1144 2631 2610 1167 814 1980 606 1428 1736 2583 1736 2302 1248 1390 918 977 1949 1116 1631 3040 2649 1927 2801 993 2349 3207 2055 1709 937 1473 999 3168 3371 692 770 2791 1670 2659 713 2995 2787 2025 3218 1280 3080 2020 567 1511 3676 2866 1637 2216 2192 3449 801 585 2250 2711 2208 1605 998 1650 1949 1236 3369 1174 1432 975 3061 2473 2106 3049 1308 2169 2872 1170 1257 1941 600 1081 2443 1230 704 3247 1259 2617 1510 3104 1645 3109 1615 2598 1942 1763 1844 2516 2139 503 3595 1798 2719 1026 1814 2585 1663 3075 2294 2015 2753 2036 1838 481 732 1823 2114 2320 1661 2948 1557 2717 2633 3114 869 674 3002 3114 1282 3529 836 2855 1893 992 3106 1943 822 2463 950 2874 1495 1434 2199 2282 2042 2146 1052 1942 2522 3074 2152 1885 1555 2848 1032 1967 1412 3272 2414 1229 2013 3002 2774 3369 2182 2910 1466 1734 3059 3402 2578 1842 1635 1225 3353 2247 3072 2660 3619 980 731 2278 3542 2046 1069 2868 2418 1982 2232 1232 1519 1940 3339 1412 1714 1668 464 1073 1974 3193
1762 1575 615 1395 1537 2562 1339 1814 901 1829 1665 1025 1773 1439 1488 2029 560 2215 2078 766 1127 956 1274 1357 360 1372 891 1288 1479 1472 2060 1149 2584 1957 2006 2061 1877 694 1161 1702 2528 1250 1814 1872 1526 1654 1572 1620 830 680 1814 1696 1304 2016 1856 1935 552 2243 1190 1261 1522 732 1799 1973 2021 2575 1219 2104 1767 1842 1174 943 1361 2353 1641 2241 1883 2469 1981 1984 1657 1571 1641 1097 2474 1240 1351 1327 1430 843 640 1746 1570 2174 1583 1673 1756 1587 767 739 1110 1728 773 1352 1759 2165 790 1637 1910 575 1509 1508 1602 1274 811 1671 744 1378 931 1645 1224 1393 1047 648 1018 2400 1928 1102 1957 1305 1953 2211 1701 1340 1027 482 1063 2555 2445 1650 1433 2122 1050 2053 1395 2343 1790 2009 2221 744 2130 1112 1563 986 2718 1895 1187 1331 1366 2453 1010 1145 2041 1725 1263 621 1024 781 1300 1924 2420 605 1542 780 2295 1585 1179 2052 1049 2054 1880 672 750 1049 1418 1687 1451 818 1665 2308 1663 1906 709 2203 1190 2148 914 1664 1018 766 920 2045 1902 1230 2618 1471 1899 1051 1329 1771 757 2096 1841 1059 1870 1355 943 1255 1470 1470 1545 1868 1093 2370 591 1850 1742 2157 1225 1348 2314 2211 825 2536 1325 1958 1587 988 2225 1005 1432 1815 1837 1921 651 771 1438 1409 1114 1704 1726 1278 1709 2134 1191 1786 568 1948 1896 969 902 2286 1508 531 1358 2130 1955 2395 1514 1914 1240 1562 2192 2405 1659 1484 1160 754 2383 1837 2078 1703 2650 1043 1373 1283 2597 1840 1486 1891 1422 993 2173 1974 1600 1010 2377 900 964 676 1397 1060 1462 2543
2349 2277 1626 828 2550 3069 404 2760 1174 2808 1622 2023 889 1399 2413 2963 1255 2651 2091 1031 2045 907 2283 1304 1372 360 1670 2300 1457 1398 3061 2139 3593 2965 2372 3045 2590 1038 1545 2627 3114 1907 2172 1252 2504 1754 2399 931 1441 1304 2827 2370 1360 3001 2195 2828 1232 2807 2015 2194 671 1259 2792 2921 2760 3139 1274 2893 1249 2656 1965 1141 2302 3365 2368 3207 1962 2945 2976 2895 1759 569 1364 1835 2851 522 2363 2066 2443 1411 1647 2758 2360 3002 2503 2673 818 2593 1656 1500 1381 2720 1567 1312 1121 2401 947 2321 2923 1196 1741 1140 1463 579 1811 2050 1674 1832 1738 2224 1691 728 2043 1385 1046 3411 1887 1412 2947 1792 1433 2876 1146 2245 1570 1475 1648 3564 2792 1604 964 3134 2028 3058 1620 3354 2504 1106 2950 1625 2570 1586 1439 1919 3151 2768 901 1701 1605 3107 1416 1163 1305 2347 2216 1595 1619 1313 2299 2180 2839 1145 2205 1351 3302 1916 2152 2787 1853 1231 2523 1477 988 2048 1121 2007 2140 1645 1610 2701 2138 2919 1198 2502 2118 2623 1905 2606 2003 1624 1490 1616 1197 1194 3132 2367 2044 1661 2280 2774 1766 2937 2805 1669 2844 2361 1445 1204 1033 2378 1312 2832 1014 3373 1589 2834 2715 2620 795 1009 3326 3162 1686 3147 1685 2268 2482 1587 3192 1582 1722 2823 1876 2390 1239 1730 1541 2402 1635 1265 1989 2279 2713 3050 1787 943 1438 2265 1962 1794 1814 2865 1894 1211 2359 2365 2955 2907 1441 2672 2061 2391 2411 3089 2057 965 2093 1593 2879 1341 2861 2204 3128 1618 1625 2011 2995 1103 706 2453 2236 1895 1307 2176 609 1566 2843 926 1211 1620 1236 707 2430 3555
