140 1807 2118 1132 2206 1140 1986 2099 1764 1943 1618 1200 1363 2213 2037 2530 2232 1833 1359 1817 1205 1584 2361 608 1541 2426 943 2345 2973 1783 2313 2686 713 2297 2199 1918 504 1232 1721 2605 1766 2343 2548 1367 449 2334 2810 2190 2506 561 1004 2146 877 3294 2377 1303 600 1751 814 805 1141 752 1591 1100 2583 744 846 913 1321 2655 986 1361 1298 1738 1095 1171 829 2573 2429 1356 1994 2232 1756 1495 2649 962 1798 2388 1085 1502 1378 569 3130 783 805 2131 2407 1924 860 478 1903 1538 2076 2189 2263 1183 851 1394 1676 2323 2182 715 1441
1907 360 2886 1298 989 2826 630 797 2439 1026 2122 2165 811 2670 649 2099 1535 1355 2612 1291 2570 1022 1271 2041 925 1748 2024 1059 1810 847 1957 2134 1721 1523 1457 1393 2264 1780 1598 1653 1696 984 1992 2609 2156 2748 1595 1337 2461 1788 1164 3016 2578 2220 1392 1624 2023 994 2578 2566 1415 1904 2276 2834 1440 1862 1749 1721 974 2101 2532 1776 957 2730 2346 1464 1376 1136 1293 1773 701 3041 712 857 1294 1770 2605 2454 1175 2439 2583 2309 2161 1652 1526 685 1565 489 2294 2177 455 690 1504 1081 816 1076 1547 1869 1385 1284 2514 2351 1331
2218 2886 360 2024 2763 2874 2845 3322 809 3424 1123 1293 2674 802 2902 1957 2210 2028 1234 2080 1421 2234 2669 1870 3060 2220 1553 2901 3062 2473 1834 2148 2713 3914 3823 3617 2221 1514 1714 2596 1631 3008 2110 1220 2111 871 3043 3748 1486 2002 2429 537 2687 3130 2556 1636 1877 2324 2445 2464 1893 1762 987 2725 2824 2797 2859 1743 2851 2140 1719 1480 2798 789 1408 1831 2221 3343 2748 1484 2784 515 2574 2961 3177 1672 687 1326 2220 976 1182 2148 2883 2749 2688 3137 2402 3007 2906 2090 2949 2857 3777 3577 3229 2276 1950 1388 3437 2600 978 1928 3217
1232 1298 2024 360 1494 2232 1368 1711 1577 1762 1286 1229 1010 1905 1427 1827 1465 1068 1673 1047 1641 831 1606 1186 1397 1667 1092 1642 2212 1069 1617 1960 1374 2249 2159 1961 1527 872 1032 1833 1107 1676 1816 1670 1387 2006 2062 2084 1942 977 812 2133 1969 2522 1610 763 1170 1000 1878 1875 490 1005 1397 2183 1828 1518 1492 791 1196 1928 1640 914 1141 1812 1412 554 724 1962 1679 909 1345 2175 1091 1296 1957 833 1718 1868 565 1517 1644 1540 2358 1360 1242 1605 1635 1428 1863 1397 1382 1198 2118 1932 1724 612 668 1002 1802 1563 1793 1511 1602
2306 989 2763 1494 360 3286 721 1254 2347 1607 2033 2247 1338 2455 726 1618 1051 1095 2716 1044 2725 1030 652 2320 1552 1222 2189 512 1194 787 1532 1604 2239 2063 2014 2002 2635 1829 1411 1040 1491 607 1478 2709 2504 2505 992 1880 2080 2099 1599 2919 3026 1595 795 1649 2304 869 2977 2970 1561 2135 2222 3264 812 2390 2297 1907 1565 1573 2765 1768 1534 2716 2493 1579 1737 943 664 1768 649 2917 818 1477 826 1931 2536 2117 1482 2450 2673 2659 1533 2183 2050 941 1001 994 2809 2518 947 1295 2094 1571 952 1383 1800 1849 2013 683 2273 2644 1956
1240 2826 2874 2232 3286 360 3035 3041 2631 2790 2578 2089 2376 3091 3082 3597 3330 2931 2002 2916 1814 2681 3455 1543 2437 3520 1882 3418 4069 2869 3380 3762 1484 3012 2921 2627 1114 2264 2798 3706 2832 3402 3630 2015 1263 3213 3900 2958 3505 1639 2052 2841 622 4394 3476 2368 1548 2847 796 782 2236 1754 2491 533 3677 1366 1508 1969 2257 3733 1514 2397 2253 2447 1855 2261 1917 3602 3521 2392 3055 2947 2829 2425 3714 2001 2596 3369 2175 2307 2052 1149 4230 1563 1673 3137 3507 2929 967 1268 2919 2520 2758 3053 3268 2269 1945 2408 2376 3419 3108 1333 2182
2086 630 2845 1368 721 3035 360 934 2407 1255 2087 2205 1032 2588 420 1900 1326 1224 2667 1162 2647 979 1009 2167 1196 1527 2098 790 1539 732 1779 1915 1951 1728 1673 1643 2433 1798 1509 1396 1602 731 1778 2662 2314 2655 1325 1543 2307 1925 1347 2987 2782 1950 1139 1628 2150 883 2760 2751 1466 2006 2258 3031 1170 2097 1992 1799 1231 1883 2642 1769 1207 2735 2416 1503 1528 958 1026 1767 446 3001 644 1126 1046 1838 2585 2318 1294 2451 2631 2469 1894 1887 1757 661 1327 638 2525 2332 586 951 1741 1251 744 1190 1652 1859 1652 1029 2419 2486 1602
2199 797 3322 1711 1254 3041 934 360 2874 764 2559 2580 1122 3106 902 2474 1900 1774 3016 1710 2961 1458 1543 2396 969 2098 2421 1253 1970 1263 2351 2485 1917 1170 1127 1172 2563 2207 2031 1930 2128 1121 2351 3014 2472 3182 1745 989 2872 2137 1487 3450 2810 2396 1689 2056 2378 1415 2848 2833 1834 2283 2709 3074 1656 2039 1906 2120 1149 2453 2895 2209 1163 3157 2742 1886 1724 1072 1538 2206 1020 3477 1135 977 1364 2174 3038 2875 1563 2864 2991 2619 2387 1838 1731 676 1890 685 2467 2496 747 927 1230 678 730 1473 1932 2302 1270 1577 2948 2691 1322
1864 2439 809 1577 2347 2631 2407 2874 360 2975 679 926 2226 821 2465 1703 1845 1614 1088 1662 1243 1792 2279 1526 2614 1894 1181 2489 2722 2036 1539 1901 2320 3466 3376 3174 1921 1070 1297 2253 1225 2588 1831 1073 1794 943 2678 3299 1350 1614 1990 940 2416 2843 2179 1186 1530 1890 2194 2209 1446 1381 547 2498 2450 2418 2465 1323 2407 1886 1510 1031 2353 789 1137 1383 1791 2922 2359 1034 2349 963 2133 2513 2776 1252 556 1189 1775 700 1023 1860 2604 2349 2278 2696 2047 2561 2576 1776 2504 2407 3332 3127 2791 1828 1522 938 2999 2211 859 1658 2783
2043 1026 3424 1762 1607 2790 1255 764 2975 360 2671 2604 1112 3261 1241 2765 2201 2005 3005 1942 2923 1640 1899 2315 768 2412 2409 1631 2364 1507 2619 2799 1685 868 793 769 2404 2274 2218 2288 2316 1509 2658 3005 2337 3349 2140 688 3112 2058 1423 3536 2578 2789 2034 2149 2297 1647 2653 2635 1893 2242 2798 2844 2034 1785 1642 2121 1001 2766 2812 2304 1040 3207 2719 1953 1667 1475 1905 2300 1339 3576 1371 844 1766 2185 3120 3094 1577 2911 2990 2471 2767 1602 1519 1060 2221 976 2195 2364 1031 927 846 622 1133 1510 1915 2396 882 1923 3119 2580 986
1718 2122 1123 1286 2033 2578 2087 2559 679 2671 360 860 1927 994 2146 1518 1567 1304 1212 1350 1321 1473 1979 1412 2321 1643 1060 2178 2451 1716 1327 1712 2117 3168 3079 2887 1835 804 989 1985 926 2273 1620 1199 1694 1105 2392 2998 1291 1436 1718 1259 2343 2606 1888 885 1411 1571 2145 2157 1157 1227 561 2463 2159 2229 2259 1104 2121 1692 1534 731 2067 1056 1146 1092 1539 2605 2060 736 2029 1278 1813 2219 2469 1039 863 1151 1489 838 1150 1789 2376 2136 2050 2377 1773 2244 2439 1682 2186 2104 3044 2816 2472 1532 1281 645 2724 1912 926 1616 2515
1300 2165 1293 1229 2247 2089 2205 2580 926 2604 860 360 1857 1383 2265 1989 1927 1584 829 1609 868 1598 2264 959 2214 2049 620 2398 2803 1860 1785 2178 1780 3069 2974 2743 1361 777 1311 2352 1291 2465 2071 822 1229 1505 2709 2916 1791 1068 1556 1350 1863 3011 2206 957 964 1741 1654 1667 1109 828 765 1968 2468 1866 1925 846 1989 2154 1039 858 1940 973 658 1064 1326 2779 2345 857 2166 1421 1921 2123 2709 780 966 1647 1390 687 787 1306 2796 1817 1760 2463 2135 2294 2009 1213 2246 2054 2906 2792 2577 1470 1057 803 2545 2203 1380 1120 2317
1463 811 2674 1010 1338 2376 1032 1122 2226 1112 1927 1857 360 2531 1072 2203 1693 1390 2273 1335 2207 997 1579 1634 759 1918 1676 1447 2171 1002 2023 2283 1279 1600 1511 1334 1822 1523 1532 1926 1627 1403 2134 2272 1722 2625 1970 1434 2459 1375 728 2784 2127 2558 1661 1403 1616 1081 2129 2117 1141 1525 2047 2383 1781 1425 1322 1380 621 2249 2133 1557 574 2456 1993 1203 962 1586 1623 1553 1068 2825 899 654 1718 1440 2369 2417 826 2160 2253 1872 2461 1215 1085 1130 1787 921 1853 1744 905 559 1485 1296 1261 758 1181 1648 1217 1569 2401 1932 1067
2313 2670 802 1905 2455 3091 2588 3106 821 3261 994 1383 2531 360 2642 1531 1847 1733 1513 1792 1683 2008 2324 1981 2929 1826 1631 2583 2666 2219 1429 1718 2744 3764 3679 3501 2381 1438 1440 2207 1345 2703 1691 1498 2252 482 2666 3589 1043 2049 2346 977 2877 2707 2198 1502 1984 2065 2655 2670 1780 1824 981 2957 2459 2850 2887 1732 2740 1712 1962 1356 2685 1118 1596 1715 2173 3038 2400 1362 2518 914 2336 2825 2839 1664 888 884 2111 1149 1450 2321 2457 2766 2683 2888 2025 2783 3029 2235 2722 2697 3655 3384 2967 2144 1915 1276 3348 2255 554 2119 3144
2137 649 2902 1427 726 3082 420 902 2465 1241 2146 2265 1072 2642 360 1934 1360 1275 2727 1213 2707 1039 1017 2224 1210 1556 2158 773 1525 789 1819 1943 1991 1704 1652 1636 2486 1859 1563 1406 1656 696 1809 2722 2368 2707 1308 1520 2351 1981 1396 3045 2829 1940 1155 1688 2206 939 2811 2801 1526 2065 2317 3080 1165 2136 2028 1859 1260 1911 2701 1829 1240 2795 2476 1563 1582 902 1027 1827 486 3058 704 1146 1009 1898 2643 2366 1350 2511 2692 2523 1894 1926 1797 613 1350 629 2566 2386 586 978 1728 1220 686 1246 1710 1918 1656 1043 2472 2543 1618
2630 2099 1957 1827 1618 3597 1900 2474 1703 2765 1518 1989 2203 1531 1934 360 934 1176 2369 1228 2477 1567 1378 2421 2566 766 2113 1694 1533 1622 577 557 2841 3260 3196 3114 2845 1699 1171 1114 1126 1840 535 2356 2695 1518 1584 3074 913 2331 2228 2135 3342 1536 1220 1590 2414 1497 3188 3193 1770 2205 1700 3510 1425 2985 2956 1989 2463 544 2666 1568 2412 2132 2287 1727 2191 2144 1430 1572 1814 2083 1758 2464 1860 1956 1887 1028 1985 1984 2307 2823 1286 2823 2700 2181 1003 2166 3313 2693 2106 2286 3237 2791 2209 1947 2048 1575 3048 1318 1341 2693 2910
2332 1535 2210 1465 1051 3330 1326 1900 1845 2201 1567 1927 1693 1847 1360 934 360 759 2375 779 2436 1085 847 2208 2030 584 1966 1144 1245 1073 844 961 2440 2690 2629 2561 2602 1543 976 785 1008 1284 817 2365 2454 1877 1194 2504 1395 2054 1791 2380 3068 1455 711 1382 2196 971 2954 2955 1454 1994 1768 3269 973 2591 2537 1756 1954 927 2558 1434 1907 2259 2215 1434 1815 1604 917 1436 1240 2357 1205 1932 1360 1748 2042 1448 1574 2037 2320 2599 1264 2408 2277 1607 568 1596 2962 2459 1536 1748 2678 2217 1638 1510 1745 1485 2514 779 1655 2517 2397
1933 1355 2028 1068 1095 2931 1224 1774 1614 2005 1304 1584 1390 1733 1275 1176 759 360 2047 423 2087 753 1044 1815 1764 959 1591 1235 1586 871 993 1277 2060 2511 2438 2326 2203 1179 676 1157 756 1340 1128 2038 2056 1793 1484 2326 1467 1655 1424 2184 2668 1843 982 1007 1803 721 2556 2556 1055 1603 1498 2870 1243 2209 2165 1363 1648 1243 2185 1087 1597 1996 1860 1037 1424 1676 1126 1087 1150 2182 1002 1660 1524 1360 1806 1461 1193 1743 1997 2202 1662 2033 1905 1526 945 1449 2570 2062 1387 1488 2459 2075 1596 1141 1345 1154 2242 981 1558 2127 2096
1459 2612 1234 1673 2716 2002 2667 3016 1088 3005 1212 829 2273 1513 2727 2369 2375 2047 360 2075 547 2065 2729 1130 2603 2479 957 2868 3257 2327 2179 2564 2013 3448 3351 3101 1390 1247 1761 2800 1729 2934 2472 374 1307 1628 3170 3306 2074 1347 1942 1202 1825 3445 2666 1426 1144 2210 1577 1598 1562 1129 1032 1850 2930 2063 2154 1256 2373 2544 848 1320 2328 805 649 1523 1699 3245 2811 1320 2631 1306 2383 2520 3178 1202 986 1914 1814 755 424 1308 3220 2068 2043 2917 2583 2741 2090 1281 2695 2472 3264 3208 3034 1903 1452 1255 2884 2667 1586 1082 2649
1917 1291 2080 1047 1044 2916 1162 1710 1662 1942 1350 1609 1335 1792 1213 1228 779 423 2075 360 2109 698 1014 1814 1705 989 1603 1187 1574 807 1051 1322 2026 2448 2375 2265 2195 1199 726 1158 811 1287 1172 2067 2049 1854 1461 2263 1531 1645 1383 2235 2653 1847 965 1023 1801 657 2548 2547 1045 1604 1541 2860 1220 2176 2127 1364 1594 1287 2197 1114 1543 2038 1880 1032 1396 1622 1095 1114 1088 2235 939 1602 1482 1366 1852 1525 1158 1780 2026 2197 1673 1996 1867 1463 952 1385 2543 2056 1323 1428 2397 2011 1535 1100 1333 1186 2184 953 1619 2130 2042
1305 2570 1421 1641 2725 1814 2647 2961 1243 2923 1321 868 2207 1683 2707 2477 2436 2087 547 2109 360 2062 2761 998 2517 2556 908 2877 3310 2322 2279 2669 1870 3351 3253 2995 1213 1270 1819 2860 1799 2933 2569 560 1141 1800 3210 3215 2216 1236 1862 1389 1638 3519 2709 1447 1014 2216 1390 1410 1541 1043 1160 1663 2969 1909 2008 1211 2285 2647 660 1364 2243 992 592 1511 1616 3235 2842 1362 2618 1493 2366 2439 3191 1168 1162 2060 1760 903 599 1129 3302 1929 1915 2884 2643 2700 1914 1114 2658 2407 3158 3137 3005 1855 1389 1311 2771 2702 1743 903 2534
1684 1022 2234 831 1030 2681 979 1458 1792 1640 1473 1598 997 2008 1039 1567 1085 753 2065 698 2062 360 1138 1656 1375 1307 1521 1181 1749 622 1386 1656 1724 2148 2071 1941 1993 1185 939 1398 1038 1231 1507 2059 1856 2086 1593 1966 1840 1447 1068 2372 2418 2079 1157 1010 1640 529 2342 2338 890 1466 1640 2642 1361 1876 1815 1237 1255 1622 2095 1149 1204 2115 1829 911 1127 1540 1209 1147 931 2390 700 1270 1496 1262 1967 1814 871 1833 2026 2010 1935 1687 1555 1263 1219 1136 2263 1867 1077 1103 2079 1739 1362 793 1139 1239 1850 1099 1853 1980 1703
2461 1271 2669 1606 652 3455 1009 1543 2279 1899 1979 2264 1579 2324 1017 1378 847 1044 2729 1014 2761 1138 360 2423 1828 972 2245 681 974 958 1327 1338 2450 2353 2306 2292 2772 1851 1351 748 1414 829 1223 2721 2633 2360 818 2171 1877 2224 1795 2834 3193 1340 519 1673 2408 969 3121 3116 1646 2224 2176 3420 582 2602 2520 1987 1820 1310 2836 1768 1784 2674 2531 1650 1898 1127 441 1769 930 2819 1040 1747 874 1998 2474 1936 1639 2427 2680 2786 1252 2401 2266 1229 737 1285 3010 2644 1236 1562 2386 1860 1224 1548 1913 1838 2297 429 2135 2746 2228
708 2041 1870 1186 2320 1543 2167 2396 1526 2315 1412 959 1634 1981 2224 2421 2208 1815 1130 1814 998 1656 2423 360 1907 2379 713 2468 3019 1894 2205 2592 1243 2724 2626 2362 789 1083 1636 2611 1660 2495 2465 1136 643 2103 2881 2596 2328 619 1271 1897 1297 3299 2410 1202 378 1824 1126 1132 1137 577 1360 1448 2644 1302 1385 812 1674 2564 859 1215 1637 1491 853 1141 1032 2765 2498 1211 2156 1983 1903 1837 2783 828 1550 2198 1234 1253 1142 761 3112 1297 1278 2365 2401 2168 1409 635 2134 1830 2525 2542 2493 1337 880 1225 2135 2375 1965 684 1898
1641 925 3060 1397 1552 2437 1196 969 2614 768 2321 2214 759 2929 1210 2566 2030 1764 2603 1705 2517 1375 1828 1907 360 2252 2010 1623 2375 1318 2397 2630 1315 1217 1124 935 2005 1905 1928 2203 2024 1537 2482 2604 1932 3024 2158 1063 2850 1649 1021 3164 2211 2786 1938 1796 1889 1429 2267 2250 1527 1837 2432 2477 2004 1432 1297 1728 592 2596 2403 1949 635 2822 2317 1591 1264 1617 1856 1945 1263 3210 1189 466 1837 1793 2749 2813 1200 2527 2590 2069 2721 1234 1135 1140 2094 961 1858 1958 986 641 1085 1008 1257 1148 1519 2039 843 1835 2801 2172 767
2526 1748 2220 1667 1222 3520 1527 2098 1894 2412 1643 2049 1918 1826 1556 766 584 959 2479 989 2556 1307 972 2379 2252 360 2115 1290 1201 1294 760 747 2656 2896 2837 2778 2783 1688 1112 741 1118 1437 615 2468 2634 1838 1208 2710 1290 2241 2010 2395 3259 1325 814 1540 2368 1196 3135 3136 1645 2163 1842 3452 1027 2806 2756 1928 2179 715 2701 1569 2132 2319 2343 1618 2023 1738 1023 1572 1441 2360 1425 2156 1456 1913 2089 1374 1788 2121 2421 2775 1107 2625 2495 1796 597 1801 3169 2637 1743 1971 2892 2416 1815 1728 1936 1607 2736 914 1632 2679 2621
1043 2024 1553 1092 2189 1882 2098 2421 1181 2409 1060 620 1676 1631 2158 2113 1966 1591 957 1603 908 1521 2245 713 2010 2115 360 2340 2817 1779 1900 2292 1520 2859 2763 2521 1135 787 1363 2384 1368 2390 2173 956 994 1752 2700 2713 1983 810 1348 1603 1644 3061 2209 945 715 1679 1454 1463 995 569 1009 1774 2459 1605 1666 663 1781 2266 954 911 1734 1213 681 969 1107 2688 2325 907 2071 1678 1818 1925 2655 620 1227 1849 1218 941 940 1092 2860 1559 1508 2336 2168 2154 1757 982 2110 1875 2684 2611 2456 1310 855 898 2314 2190 1611 940 2082
2445 1059 2901 1642 512 3418 790 1253 2489 1631 2178 2398 1447 2583 773 1694 1144 1235 2868 1187 2877 1181 681 2468 1623 1290 2340 360 1112 934 1628 1659 2359 2061 2020 2034 2777 1981 1552 1049 1630 508 1543 2861 2648 2629 895 1882 2179 2245 1728 3059 3161 1528 839 1801 2452 1021 3117 3110 1712 2285 2368 3401 764 2508 2409 2058 1659 1631 2916 1919 1633 2863 2645 1731 1876 821 652 1918 739 3054 949 1556 675 2083 2680 2227 1624 2599 2824 2804 1496 2299 2167 937 1057 1037 2931 2663 1000 1381 2114 1563 912 1523 1948 1999 2068 736 2399 2793 2030
3073 1810 3062 2212 1194 4069 1539 1970 2722 2364 2451 2803 2171 2666 1525 1533 1245 1586 3257 1574 3310 1749 974 3019 2375 1201 2817 1112 360 1570 1597 1394 3060 2757 2729 2772 3380 2405 1855 828 1893 1216 1358 3247 3239 2672 584 2588 2087 2830 2407 3236 3807 786 969 2233 3005 1582 3730 3726 2242 2814 2652 4032 755 3211 3124 2575 2399 1382 3411 2306 2369 3141 3085 2239 2512 1332 913 2307 1478 3202 1639 2305 986 2580 2918 2194 2254 2922 3203 3391 841 3008 2873 1664 1038 1787 3623 3249 1751 2127 2841 2261 1603 2163 2518 2363 2818 1010 2471 3339 2782
1883 847 2473 1069 787 2869 732 1263 2036 1507 1716 1860 1002 2219 789 1622 1073 871 2327 807 2322 622 958 1894 1318 1294 1779 934 1570 360 1471 1673 1852 2009 1940 1852 2209 1447 1139 1285 1234 971 1527 2321 2077 2289 1391 1823 1975 1672 1197 2616 2608 1934 1022 1271 1878 514 2552 2545 1145 1713 1890 2843 1175 2004 1924 1490 1258 1639 2346 1407 1215 2371 2090 1170 1314 1278 1017 1405 674 2629 496 1221 1248 1519 2215 1972 1058 2092 2288 2232 1822 1803 1668 1029 1146 937 2412 2091 875 1036 1975 1564 1116 960 1374 1495 1801 937 2054 2219 1692
2413 1957 1834 1617 1532 3380 1779 2351 1539 2619 1327 1785 2023 1429 1819 577 844 993 2179 1051 2279 1386 1327 2205 2397 760 1900 1628 1597 1471 360 753 2632 3120 3052 2954 2629 1484 955 1142 909 1768 654 2167 2478 1437 1609 2934 911 2114 2027 2010 3125 1666 1179 1373 2198 1336 2972 2977 1556 1989 1516 3294 1418 2775 2748 1772 2281 729 2460 1353 2229 1968 2083 1512 1981 2088 1391 1357 1695 1969 1608 2293 1833 1740 1729 976 1781 1800 2117 2607 1425 2615 2494 2070 979 2035 3098 2476 1973 2119 3083 2663 2112 1748 1832 1364 2875 1260 1234 2480 2728
2786 2134 2148 1960 1604 3762 1915 2485 1901 2799 1712 2178 2283 1718 1943 557 961 1277 2564 1322 2669 1656 1338 2592 2630 747 2292 1659 1394 1673 753 360 2970 3283 3225 3162 3013 1873 1325 1018 1292 1807 509 2552 2862 1698 1473 3098 1073 2489 2341 2326 3505 1353 1179 1754 2584 1564 3359 3363 1914 2376 1896 3680 1345 3117 3079 2153 2544 394 2853 1743 2495 2329 2476 1876 2324 2093 1377 1747 1829 2271 1806 2531 1787 2125 2084 1205 2105 2180 2502 2994 1101 2947 2820 2181 963 2189 3458 2861 2131 2348 3279 2803 2195 2058 2198 1757 3113 1287 1531 2871 2990
813 1721 2713 1374 2239 1484 1951 1917 2320 1685 2117 1780 1279 2744 1991 2841 2440 2060 2013 2026 1870 1724 2450 1243 1315 2656 1520 2359 3060 1852 2632 2970 360 1982 1885 1595 1135 1684 2043 2757 2112 2322 2823 2019 1121 2860 2870 1894 2925 1071 1019 2761 1256 3424 2504 1688 1230 1871 1333 1313 1446 1311 2136 1522 2665 512 505 1373 1134 2937 1660 1794 1133 2362 1736 1500 1011 2494 2506 1789 1983 2839 1783 1300 2637 1440 2386 2830 1227 2102 2025 1217 3296 443 554 2022 2583 1815 934 1150 1811 1404 1748 1945 2151 1291 1210 1853 1346 2428 2680 1387 1119
2397 1523 3914 2249 2063 3012 1728 1170 3466 868 3168 3069 1600 3764 1704 3260 2690 2511 3448 2448 3351 2148 2353 2724 1217 2896 2859 2061 2757 2009 3120 3283 1982 360 458 748 2747 2760 2726 2740 2824 1924 3145 3449 2703 3854 2534 546 3618 2475 1873 4020 2832 3183 2498 2643 2707 2151 2949 2928 2380 2678 3286 3094 2463 2046 1900 2583 1440 3251 3210 2798 1488 3678 3159 2442 2111 1805 2348 2794 1815 4065 1873 1313 2135 2649 3605 3602 2056 3384 3438 2823 3190 1900 1852 1486 2694 1454 2405 2731 1514 1427 620 858 1518 1998 2372 2889 1001 2385 3625 2959 1222
2299 1457 3823 2159 2014 2921 1673 1127 3376 793 3079 2974 1511 3679 1652 3196 2629 2438 3351 2375 3253 2071 2306 2626 1124 2837 2763 2020 2729 1940 3052 3225 1885 458 360 654 2649 2669 2646 2694 2744 1888 3086 3352 2604 3769 2505 502 3545 2377 1778 3928 2738 3156 2448 2554 2608 2080 2853 2832 2290 2581 3196 3001 2424 1950 1804 2488 1344 3192 3111 2709 1394 3584 3062 2352 2015 1788 2305 2705 1759 3973 1804 1222 2112 2554 3513 3525 1964 3290 3341 2724 3154 1803 1753 1443 2641 1396 2314 2633 1454 1343 545 829 1486 1908 2277 2799 906 2336 3542 2861 1125
2018 1393 3617 1961 2002 2627 1643 1172 3174 769 2887 2743 1334 3501 1636 3114 2561 2326 3101 2265 2995 1941 2292 2362 935 2778 2521 2034 2772 1852 2954 3162 1595 748 654 360 2364 2463 2502 2679 2598 1916 3018 3104 2326 3598 2548 711 3421 2119 1551 3712 2443 3197 2422 2363 2345 1979 2561 2539 2090 2332 2990 2706 2437 1657 1511 2258 1126 3129 2840 2515 1180 3356 2812 2155 1777 1879 2303 2511 1725 3764 1717 1041 2175 2326 3301 3387 1759 3065 3095 2442 3169 1514 1472 1468 2599 1367 2020 2354 1416 1198 523 950 1542 1717 2046 2603 612 2312 3375 2585 838
604 2264 2221 1527 2635 1114 2433 2563 1921 2404 1835 1361 1822 2381 2486 2845 2602 2203 1390 2195 1213 1993 2772 789 2005 2783 1135 2777 3380 2209 2629 3013 1135 2747 2649 2364 360 1510 2050 2992 2081 2784 2882 1400 510 2504 3226 2645 2757 910 1460 2221 868 3682 2776 1618 794 2163 712 713 1509 1000 1767 1029 2994 1121 1248 1220 1785 2983 941 1643 1762 1811 1172 1527 1265 3025 2843 1638 2436 2317 2193 1959 3086 1248 1917 2625 1513 1618 1424 449 3505 1213 1257 2589 2787 2382 1060 514 2359 2001 2519 2653 2720 1615 1224 1654 2118 2729 2380 670 1886
1332 1780 1514 872 1829 2264 1798 2207 1070 2274 804 777 1523 1438 1859 1699 1543 1179 1247 1199 1270 1185 1851 1083 1905 1688 787 1981 2405 1447 1484 1873 1684 2760 2669 2463 1510 360 936 1964 944 2049 1750 1240 1361 1549 2300 2596 1634 1034 1281 1621 2014 2637 1801 540 1076 1324 1849 1856 741 869 887 2172 2059 1802 1823 682 1696 1846 1375 492 1643 1310 1041 682 1095 2365 1932 488 1756 1664 1514 1807 2291 630 1206 1521 1065 1018 1204 1484 2433 1698 1608 2066 1747 1908 2048 1356 1856 1710 2622 2440 2175 1124 839 529 2290 1792 1358 1359 2077
1821 1598 1714 1032 1411 2798 1509 2031 1297 2218 989 1311 1532 1440 1563 1171 976 676 1761 726 1819 939 1351 1636 1928 1112 1363 1552 1855 1139 955 1325 2043 2726 2646 2502 2050 936 360 1401 458 1654 1191 1752 1900 1511 1776 2545 1292 1523 1464 1868 2540 2065 1270 793 1626 985 2399 2402 961 1418 1185 2719 1539 2184 2164 1190 1774 1295 1950 820 1720 1682 1600 916 1392 1989 1433 822 1440 1869 1257 1822 1840 1167 1489 1245 1212 1438 1708 2035 1857 2032 1914 1808 1183 1706 2503 1901 1645 1669 2646 2318 1889 1198 1237 868 2387 1285 1276 1929 2214
2705 1653 2596 1833 1040 3706 1396 1930 2253 2288 1985 2352 1926 2207 1406 1114 785 1157 2800 1158 2860 1398 748 2611 2203 741 2384 1049 828 1285 1142 1018 2757 2740 2694 2679 2992 1964 1401 360 1432 1195 940 2790 2847 2219 831 2559 1660 2441 2097 2769 3443 1049 625 1798 2598 1245 3344 3343 1842 2400 2186 3655 688 2909 2839 2160 2177 996 2977 1857 2137 2673 2639 1830 2162 1449 756 1859 1315 2737 1390 2117 1130 2157 2450 1752 1909 2458 2745 2995 899 2714 2580 1615 577 1673 3301 2854 1622 1931 2775 2245 1601 1830 2128 1910 2677 729 2012 2925 2598
1866 1696 1631 1107 1491 2832 1602 2128 1225 2316 926 1291 1627 1345 1656 1126 1008 756 1729 811 1799 1038 1414 1660 2024 1118 1368 1630 1893 1234 909 1292 2112 2824 2744 2598 2081 944 458 1432 360 1736 1166 1718 1930 1414 1826 2643 1202 1565 1547 1789 2576 2080 1322 824 1651 1080 2426 2430 1026 1443 1126 2747 1592 2250 2236 1223 1867 1264 1946 817 1812 1622 1585 975 1462 2072 1495 821 1533 1785 1354 1918 1911 1192 1419 1150 1294 1389 1673 2061 1865 2103 1989 1902 1216 1803 2557 1929 1742 1766 2743 2416 1981 1286 1290 849 2480 1346 1180 1943 2305
2443 984 3008 1676 607 3402 731 1121 2588 1509 2273 2465 1403 2703 696 1840 1284 1340 2934 1287 2933 1231 829 2495 1537 1437 2390 508 1216 971 1768 1807 2322 1924 1888 1916 2784 2049 1654 1195 1736 360 1690 2927 2660 2752 993 1748 2318 2262 1711 3162 3148 1640 987 1870 2478 1084 3118 3109 1756 2321 2459 3394 898 2468 2363 2100 1597 1779 2955 1996 1576 2951 2701 1782 1879 696 799 1995 708 3162 953 1479 674 2130 2776 2360 1634 2681 2893 2815 1626 2259 2128 809 1205 938 2896 2676 911 1313 1989 1426 769 1530 1975 2080 1965 883 2520 2818 1944
2648 1992 2110 1816 1478 3630 1778 2351 1831 2658 1620 2071 2134 1691 1809 535 817 1128 2472 1172 2569 1507 1223 2465 2482 615 2173 1543 1358 1527 654 509 2823 3145 3086 3018 2882 1750 1191 940 1166 1690 360 2460 2732 1684 1409 2960 1088 2354 2193 2287 3371 1381 1064 1624 2456 1416 3230 3233 1774 2248 1810 3550 1256 2971 2931 2022 2395 475 2742 1622 2346 2261 2369 1737 2179 1986 1270 1626 1692 2240 1661 2383 1694 1996 2020 1198 1958 2095 2411 2865 1135 2799 2673 2050 846 2051 3316 2732 1992 2201 3136 2669 2070 1909 2059 1642 2966 1167 1499 2750 2841
1467 2609 1220 1670 2709 2015 2662 3014 1073 3005 1199 822 2272 1498 2722 2356 2365 2038 374 2067 560 2059 2721 1136 2604 2468 956 2861 3247 2321 2167 2552 2019 3449 3352 3104 1400 1240 1752 2790 1718 2927 2460 360 1316 1613 3162 3306 2060 1350 1943 1190 1837 3434 2657 1420 1150 2204 1590 1610 1558 1131 1019 1864 2922 2070 2161 1254 2373 2532 861 1312 2328 791 652 1519 1700 3240 2803 1312 2626 1293 2378 2520 3171 1199 972 1900 1812 741 410 1319 3209 2074 2048 2913 2573 2738 2100 1290 2692 2471 3267 3208 3030 1901 1452 1246 2887 2659 1571 1093 2652
549 2156 2111 1387 2504 1263 2314 2472 1794 2337 1694 1229 1722 2252 2368 2695 2454 2056 1307 2049 1141 1856 2633 643 1932 2634 994 2648 3239 2077 2478 2862 1121 2703 2604 2326 510 1361 1900 2847 1930 2660 2732 1316 360 2374 3089 2592 2611 769 1355 2122 1014 3536 2634 1468 646 2025 860 862 1364 851 1634 1179 2855 1137 1249 1070 1707 2833 902 1493 1679 1712 1066 1380 1145 2909 2705 1489 2314 2215 2067 1879 2959 1098 1801 2482 1386 1501 1335 515 3358 1191 1213 2482 2641 2277 1155 389 2251 1907 2484 2580 2613 1489 1081 1507 2084 2590 2243 626 1849
2434 2748 871 2006 2505 3213 2655 3182 943 3349 1105 1505 2625 482 2707 1518 1877 1793 1628 1854 1800 2086 2360 2103 3024 1838 1752 2629 2672 2289 1437 1698 2860 3854 3769 3598 2504 1549 1511 2219 1414 2752 1684 1613 2374 360 2684 3677 999 2167 2451 1036 2999 2691 2228 1605 2106 2134 2776 2792 1883 1944 1103 3077 2484 2967 3002 1847 2838 1695 2081 1462 2783 1223 1717 1818 2282 3087 2433 1467 2582 957 2408 2919 2875 1780 1002 853 2212 1269 1566 2443 2440 2881 2796 2955 2046 2857 3150 2357 2796 2786 3750 3465 3030 2242 2027 1385 3449 2291 595 2241 3247
2910 1595 3043 2062 992 3900 1325 1745 2678 2140 2392 2709 1970 2666 1308 1584 1194 1484 3170 1461 3210 1593 818 2881 2158 1208 2700 895 584 1391 1609 1473 2870 2534 2505 2548 3226 2300 1776 831 1826 993 1409 3162 3089 2684 360 2363 2131 2680 2224 3213 3639 1010 865 2124 2866 1423 3574 3569 2104 2682 2592 3870 601 3021 2929 2444 2192 1455 3292 2211 2163 3087 2981 2108 2344 1117 743 2211 1269 3188 1447 2092 768 2455 2875 2222 2086 2853 3119 3242 1039 2815 2681 1439 1002 1567 3438 3100 1533 1916 2616 2037 1379 1991 2370 2276 2597 870 2472 3204 2566
2290 1337 3748 2084 1880 2958 1543 989 3299 688 2998 2916 1434 3589 1520 3074 2504 2326 3306 2263 3215 1966 2171 2596 1063 2710 2713 1882 2588 1823 2934 3098 1894 546 502 711 2645 2596 2545 2559 2643 1748 2960 3306 2592 3677 2363 360 3434 2342 1725 3858 2765 3014 2314 2474 2578 1967 2867 2846 2215 2538 3121 3030 2285 1971 1825 2431 1293 3065 3087 2630 1338 3523 3018 2277 1966 1645 2167 2625 1629 3900 1688 1154 1969 2496 3442 3419 1895 3228 3293 2718 3014 1811 1749 1305 2510 1268 2352 2620 1328 1254 659 686 1345 1832 2222 2721 946 2202 3448 2844 1140
2606 2461 1486 1942 2080 3505 2307 2872 1350 3112 1291 1791 2459 1043 2351 913 1395 1467 2074 1531 2216 1840 1877 2328 2850 1290 1983 2179 2087 1975 911 1073 2925 3618 3545 3421 2757 1634 1292 1660 1202 2318 1088 2060 2611 999 2131 3434 360 2308 2388 1661 3265 2064 1727 1597 2325 1828 3075 3085 1847 2128 1418 3393 1957 3055 3055 1955 2705 1076 2456 1507 2651 1749 2068 1788 2285 2639 1940 1513 2225 1592 2109 2745 2381 1903 1501 525 2135 1680 2009 2715 1812 2924 2816 2604 1521 2550 3321 2602 2488 2583 3559 3179 2653 2129 2078 1472 3316 1811 881 2547 3146
661 1788 2002 977 2099 1639 1925 2137 1614 2058 1436 1068 1375 2049 1981 2331 2054 1655 1347 1645 1236 1447 2224 619 1649 2241 810 2245 2830 1672 2114 2489 1071 2475 2377 2119 910 1034 1523 2441 1565 2262 2354 1350 769 2167 2680 2342 2308 360 1011 2053 1378 3131 2225 1101 601 1617 1263 1262 960 600 1433 1575 2446 1163 1216 712 1417 2459 1119 1161 1379 1659 1058 982 774 2523 2296 1156 1919 2129 1669 1578 2557 765 1675 2193 990 1391 1348 922 2957 1109 1064 2113 2237 1913 1374 780 1881 1571 2282 2283 2242 1094 673 1198 1898 2180 2002 923 1662
1104 1164 2429 812 1599 2052 1347 1487 1990 1423 1718 1556 728 2346 1396 2228 1791 1424 1942 1383 1862 1068 1795 1271 1021 2010 1348 1728 2407 1197 2027 2341 1019 1873 1778 1551 1460 1281 1464 2097 1547 1711 2193 1943 1355 2451 2224 1725 2388 1011 360 2522 1796 2766 1845 1206 1253 1212 1777 1766 928 1179 1804 2044 2012 1171 1107 1070 793 2307 1770 1349 746 2167 1656 993 605 1929 1854 1344 1363 2575 1140 938 2022 1137 2111 2319 613 1875 1928 1506 2637 978 846 1489 1927 1282 1575 1376 1259 920 1712 1636 1620 643 859 1432 1369 1770 2241 1564 1157
2246 3016 537 2133 2919 2841 2987 3450 940 3536 1259 1350 2784 977 3045 2135 2380 2184 1202 2235 1389 2372 2834 1897 3164 2395 1603 3059 3236 2616 2010 2326 2761 4020 3928 3712 2221 1621 1868 2769 1789 3162 2287 1190 2122 1036 3213 3858 1661 2053 2522 360 2667 3308 2724 1756 1907 2469 2420 2440 2003 1813 1101 2686 2992 2836 2907 1822 2949 2318 1689 1602 2897 770 1416 1942 2304 3497 2913 1605 2928 473 2713 3066 3339 1751 775 1502 2324 1023 1159 2143 3060 2803 2751 3276 2573 3139 2916 2098 3083 2971 3873 3697 3371 2385 2032 1509 3524 2764 1155 1919 3300
977 2578 2687 1969 3026 622 2782 2810 2416 2578 2343 1863 2127 2877 2829 3342 3068 2668 1825 2653 1638 2418 3193 1297 2211 3259 1644 3161 3807 2608 3125 3505 1256 2832 2738 2443 868 2014 2540 3443 2576 3148 3371 1837 1014 2999 3639 2765 3265 1378 1796 2667 360 4131 3214 2111 1301 2585 617 592 1974 1504 2268 626 3415 1155 1300 1713 2021 3475 1339 2146 2014 2265 1649 2000 1655 3354 3260 2142 2799 2770 2571 2192 3458 1748 2396 3133 1914 2101 1870 917 3967 1337 1439 2892 3244 2684 815 1022 2672 2278 2582 2839 3024 2008 1683 2161 2191 3157 2883 1122 1984
3394 2220 3130 2522 1595 4394 1950 2396 2843 2789 2606 3011 2558 2707 1940 1536 1455 1843 3445 1847 3519 2079 1340 3299 2786 1325 3061 1528 786 1934 1666 1353 3424 3183 3156 3197 3682 2637 2065 1049 2080 1640 1381 3434 3536 2691 1010 3014 2064 3131 2766 3308 4131 360 1283 2478 3286 1919 4034 4033 2532 3086 2803 4344 1142 3577 3499 2847 2796 1356 3653 2525 2762 3272 3304 2519 2846 1752 1296 2527 1883 3259 2020 2712 1409 2842 3035 2198 2590 3084 3387 3684 612 3378 3243 2088 1258 2206 3978 3543 2167 2530 3267 2688 2030 2507 2818 2568 3236 1357 2517 3610 3191
2477 1392 2556 1610 795 3476 1139 1689 2179 2034 1888 2206 1661 2198 1155 1220 711 982 2666 965 2709 1157 519 2410 1938 814 2209 839 969 1022 1179 1179 2504 2498 2448 2422 2776 1801 1270 625 1322 987 1064 2657 2634 2228 865 2314 1727 2225 1845 2724 3214 1283 360 1627 2397 996 3127 3125 1634 2205 2088 3433 630 2657 2582 1965 1911 1151 2803 1708 1872 2584 2482 1630 1924 1284 572 1708 1057 2704 1124 1852 1014 1970 2375 1792 1668 2348 2614 2785 1159 2459 2325 1377 578 1418 3055 2643 1365 1665 2521 2007 1379 1584 1912 1771 2413 472 2006 2729 2332
1403 1624 1636 763 1649 2368 1628 2056 1186 2149 885 957 1403 1502 1688 1590 1382 1007 1426 1023 1447 1010 1673 1202 1796 1540 945 1801 2233 1271 1373 1754 1688 2643 2554 2363 1618 540 793 1798 824 1870 1624 1420 1468 1605 2124 2474 1597 1101 1206 1756 2111 2478 1627 360 1192 1146 1965 1969 638 985 1014 2286 1883 1818 1821 758 1599 1725 1539 515 1544 1469 1217 573 1058 2188 1754 511 1582 1789 1344 1693 2111 733 1342 1503 968 1183 1383 1602 2280 1691 1588 1901 1583 1750 2102 1467 1696 1581 2519 2302 2007 1007 842 607 2205 1615 1395 1499 2002
700 2023 1877 1170 2304 1548 2150 2378 1530 2297 1411 964 1616 1984 2206 2414 2196 1803 1144 1801 1014 1640 2408 378 1889 2368 715 2452 3005 1878 2198 2584 1230 2707 2608 2345 794 1076 1626 2598 1651 2478 2456 1150 646 2106 2866 2578 2325 601 1253 1907 1301 3286 2397 1192 360 1809 1134 1139 1123 568 1363 1456 2629 1291 1372 800 1656 2555 877 1209 1619 1501 866 1128 1014 2748 2484 1204 2139 1992 1886 1819 2766 819 1557 2196 1216 1261 1155 769 3100 1283 1262 2347 2388 2150 1405 640 2116 1812 2508 2524 2475 1320 864 1220 2118 2361 1966 700 1881
1851 994 2324 1000 869 2847 883 1415 1890 1647 1571 1741 1081 2065 939 1497 971 721 2210 657 2216 529 969 1824 1429 1196 1679 1021 1582 514 1336 1564 1871 2151 2080 1979 2163 1324 985 1245 1080 1084 1416 2204 2025 2134 1423 1967 1828 1617 1212 2469 2585 1919 996 1146 1809 360 2511 2507 1055 1632 1748 2810 1192 2024 1955 1401 1342 1530 2258 1273 1295 2234 1983 1070 1291 1405 1040 1272 819 2480 642 1328 1336 1423 2072 1821 1033 1959 2168 2179 1784 1830 1696 1182 1079 1090 2419 2037 1028 1148 2107 1714 1266 948 1309 1359 1912 932 1899 2148 1786
914 2578 2445 1878 2977 796 2760 2848 2194 2653 2145 1654 2129 2655 2811 3188 2954 2556 1577 2548 1390 2342 3121 1126 2267 3135 1454 3117 3730 2552 2972 3359 1333 2949 2853 2561 712 1849 2399 3344 2426 3118 3230 1590 860 2776 3574 2867 3075 1263 1777 2420 617 4034 3127 1965 1134 2511 360 386 1862 1343 2055 682 3343 1266 1410 1569 2060 3330 1090 1982 2044 2020 1419 1880 1601 3346 3191 1977 2769 2524 2530 2234 3423 1593 2162 2937 1854 1871 1625 725 3858 1416 1494 2899 3140 2691 1018 858 2673 2297 2708 2909 3031 1954 1576 1986 2309 3079 2672 896 2089
905 2566 2464 1875 2970 782 2751 2833 2209 2635 2157 1667 2117 2670 2801 3193 2955 2556 1598 2547 1410 2338 3116 1132 2250 3136 1463 3110 3726 2545 2977 3363 1313 2928 2832 2539 713 1856 2402 3343 2430 3109 3233 1610 862 2792 3569 2846 3085 1262 1766 2440 592 4033 3125 1969 1139 2507 386 360 1862 1348 2069 677 3339 1244 1389 1572 2044 3334 1110 1988 2030 2040 1436 1880 1593 3336 3186 1984 2760 2544 2522 2218 3415 1598 2179 2948 1847 1888 1644 732 3858 1396 1476 2887 3139 2679 991 861 2661 2283 2686 2891 3019 1947 1575 1994 2287 3076 2685 911 2068
1241 1415 1893 490 1561 2236 1466 1834 1446 1893 1157 1109 1141 1780 1526 1770 1454 1055 1562 1045 1541 890 1646 1137 1527 1645 995 1712 2242 1145 1556 1914 1446 2380 2290 2090 1509 741 961 1842 1026 1756 1774 1558 1364 1883 2104 2215 1847 960 928 2003 1974 2532 1634 638 1123 1055 1862 1862 360 938 1266 2175 1866 1584 1571 706 1324 1883 1564 785 1270 1685 1310 425 798 2054 1722 780 1436 2044 1184 1427 2027 734 1587 1764 692 1390 1530 1512 2357 1440 1329 1715 1637 1545 1904 1371 1496 1328 2248 2060 1831 742 650 872 1928 1597 1672 1459 1724
852 1904 1762 1005 2135 1754 2006 2283 1381 2242 1227 828 1525 1824 2065 2205 1994 1603 1129 1604 1043 1466 2224 577 1837 2163 569 2285 2814 1713 1989 2376 1311 2678 2581 2332 1000 869 1418 2400 1443 2321 2248 1131 851 1944 2682 2538 2128 600 1179 1813 1504 3086 2205 985 568 1632 1343 1348 938 360 1203 1664 2443 1398 1457 599 1605 2347 996 1002 1562 1419 840 935 934 2603 2300 997 1988 1888 1734 1757 2601 611 1435 2004 1088 1151 1123 978 2897 1350 1301 2223 2188 2033 1572 847 1994 1725 2495 2454 2348 1188 717 1018 2119 2173 1790 885 1885
1691 2276 987 1397 2222 2491 2258 2709 547 2798 561 765 2047 981 2317 1700 1768 1498 1032 1541 1160 1640 2176 1360 2432 1842 1009 2368 2652 1890 1516 1896 2136 3286 3196 2990 1767 887 1185 2186 1126 2459 1810 1019 1634 1103 2592 3121 1418 1433 1804 1101 2268 2803 2088 1014 1363 1748 2055 2069 1266 1203 360 2365 2358 2236 2281 1135 2223 1877 1400 860 2170 857 1014 1204 1603 2790 2258 863 2204 1138 1980 2333 2663 1065 688 1265 1593 644 968 1711 2571 2164 2091 2542 1974 2400 2407 1618 2345 2232 3149 2956 2642 1649 1334 767 2813 2110 976 1519 2596
1200 2834 2725 2183 3264 533 3031 3074 2498 2844 2463 1968 2383 2957 3080 3510 3269 2870 1850 2860 1663 2642 3420 1448 2477 3452 1774 3401 4032 2843 3294 3680 1522 3094 3001 2706 1029 2172 2719 3655 2747 3394 3550 1864 1179 3077 3870 3030 3393 1575 2044 2686 626 4344 3433 2286 1456 2810 682 677 2175 1664 2365 360 3642 1421 1567 1889 2284 3651 1366 2304 2276 2296 1721 2195 1888 3608 3489 2299 3045 2793 2812 2456 3703 1915 2454 3253 2145 2169 1903 1047 4172 1604 1703 3150 3452 2942 1060 1178 2928 2538 2843 3105 3282 2242 1887 2308 2454 3381 2982 1207 2250
2683 1440 2824 1828 812 3677 1170 1656 2450 2034 2159 2468 1781 2459 1165 1425 973 1243 2930 1220 2969 1361 582 2644 2004 1027 2459 764 755 1175 1418 1345 2665 2463 2424 2437 2994 2059 1539 688 1592 898 1256 2922 2855 2484 601 2285 1957 2446 2012 2992 3415 1142 630 1883 2629 1192 3343 3339 1866 2443 2358 3642 360 2816 2731 2205 2014 1321 3052 1970 1982 2855 2740 1868 2119 1123 518 1971 1101 2971 1246 1929 802 2215 2646 2035 1861 2617 2880 3008 1092 2613 2479 1341 800 1434 3227 2866 1391 1747 2519 1965 1308 1769 2135 2036 2461 629 2266 2966 2409
844 1862 2797 1518 2390 1366 2097 2039 2418 1785 2229 1866 1425 2850 2136 2985 2591 2209 2063 2176 1909 1876 2602 1302 1432 2806 1605 2508 3211 2004 2775 3117 512 2046 1950 1657 1121 1802 2184 2909 2250 2468 2971 2070 1137 2967 3021 1971 3055 1163 1171 2836 1155 3577 2657 1818 1291 2024 1266 1244 1584 1398 2236 1421 2816 360 506 1485 1265 3084 1678 1917 1270 2432 1795 1636 1154 2633 2658 1912 2131 2918 1934 1427 2783 1550 2472 2956 1377 2182 2081 1208 3448 569 700 2158 2735 1953 792 1166 1952 1541 1802 2047 2287 1443 1337 1971 1404 2580 2794 1401 1191
946 1749 2859 1492 2297 1508 1992 1906 2465 1642 2259 1925 1322 2887 2028 2956 2537 2165 2154 2127 2008 1815 2520 1385 1297 2756 1666 2409 3124 1924 2748 3079 505 1900 1804 1511 1248 1823 2164 2839 2236 2363 2931 2161 1249 3002 2929 1825 3055 1216 1107 2907 1300 3499 2582 1821 1372 1955 1410 1389 1571 1457 2281 1567 2731 506 360 1515 1142 3045 1790 1931 1152 2507 1879 1627 1133 2514 2572 1925 2030 2984 1845 1298 2677 1582 2532 2964 1333 2247 2168 1334 3379 492 620 2037 2673 1834 921 1278 1836 1423 1657 1904 2164 1387 1347 1992 1259 2501 2821 1515 1044
1013 1721 1743 791 1907 1969 1799 2120 1323 2121 1104 846 1380 1732 1859 1989 1756 1363 1256 1364 1211 1237 1987 812 1728 1928 663 2058 2575 1490 1772 2153 1373 2583 2488 2258 1220 682 1190 2160 1223 2100 2022 1254 1070 1847 2444 2431 1955 712 1070 1822 1713 2847 1965 758 800 1401 1569 1572 706 599 1135 1889 2205 1485 1515 360 1503 2124 1217 808 1454 1458 984 696 842 2392 2064 803 1775 1883 1521 1638 2374 431 1418 1843 918 1167 1233 1207 2660 1393 1315 2033 1949 1851 1726 1071 1807 1578 2420 2316 2154 1008 571 849 2063 1935 1669 1125 1838
1421 974 2851 1196 1565 2257 1231 1149 2407 1001 2121 1989 621 2740 1260 2463 1954 1648 2373 1594 2285 1255 1820 1674 592 2179 1781 1659 2399 1258 2281 2544 1134 1440 1344 1126 1785 1696 1774 2177 1867 1597 2395 2373 1707 2838 2192 1293 2705 1417 793 2949 2021 2796 1911 1599 1656 1342 2060 2044 1324 1605 2223 2284 2014 1265 1142 1503 360 2510 2171 1750 415 2600 2085 1389 1033 1731 1859 1745 1282 2998 1146 534 1909 1570 2536 2656 992 2306 2360 1847 2708 1058 943 1254 2044 1052 1698 1732 1057 644 1285 1233 1382 957 1292 1837 974 1816 2620 1943 807
2755 2101 2140 1928 1573 3733 1883 2453 1886 2766 1692 2154 2249 1712 1911 544 927 1243 2544 1287 2647 1622 1310 2564 2596 715 2266 1631 1382 1639 729 394 2937 3251 3192 3129 2983 1846 1295 996 1264 1779 475 2532 2833 1695 1455 3065 1076 2459 2307 2318 3475 1356 1151 1725 2555 1530 3330 3334 1883 2347 1877 3651 1321 3084 3045 2124 2510 360 2828 1716 2461 2315 2452 1845 2291 2066 1350 1720 1796 2265 1772 2497 1763 2096 2070 1203 2072 2162 2482 2965 1105 2913 2787 2150 934 2156 3426 2833 2098 2314 3245 2771 2165 2024 2167 1731 3079 1257 1524 2844 2955
1086 2532 1719 1640 2765 1514 2642 2895 1510 2812 1534 1039 2133 1962 2701 2666 2558 2185 848 2197 660 2095 2836 859 2403 2701 954 2916 3411 2346 2460 2853 1660 3210 3111 2840 941 1375 1950 2977 1946 2955 2742 861 902 2081 3292 3087 2456 1119 1770 1689 1339 3653 2803 1539 877 2258 1090 1110 1564 996 1400 1366 3052 1678 1790 1217 2171 2828 360 1491 2135 1292 748 1549 1530 3239 2915 1488 2624 1794 2370 2336 3232 1198 1450 2305 1718 1173 897 853 3447 1728 1735 2854 2761 2660 1635 872 2623 2329 3001 3041 2980 1820 1350 1460 2605 2782 2006 638 2368
1461 1776 1480 914 1768 2397 1769 2209 1031 2304 731 858 1557 1356 1829 1568 1434 1087 1320 1114 1364 1149 1768 1215 1949 1569 911 1919 2306 1407 1353 1743 1794 2798 2709 2515 1643 492 820 1857 817 1996 1622 1312 1493 1462 2211 2630 1507 1161 1349 1602 2146 2525 1708 515 1209 1273 1982 1988 785 1002 860 2304 1970 1917 1931 808 1750 1716 1491 360 1695 1325 1141 720 1184 2319 1850 365 1720 1634 1488 1847 2225 760 1188 1399 1117 1045 1272 1616 2316 1803 1708 2048 1640 1901 2174 1489 1846 1737 2672 2457 2151 1161 943 452 2353 1707 1260 1488 2147
