140 603 2278 763 2452 704 2330 1787 2180 1261 2339 1079 1062 1756 653 1842 1783 3001 2297 1036 984 3151 2479 1539 1978 2083 1821 2419 2442 604 2315 1989 2601 1622 1758 2071 1988 2618 2461 2029 580 610 357 2308 539 1516 2165 838 2378 2310 2105 1342 2417 2563 2106 852 1035 843 827 803 2059 2489 2094 2431 1633 854 2415 2120 2142 2557 1488 1086 1113 2051 748 2335 1697 1000 3247 1537 1919 964 2100 992 1071 1609 2932 847 1870 1940 910 2208 1213 1650 1332 2334 1644 871 1703 1819 2427
703 360 2063 524 2264 1255 2090 1767 2084 1191 2311 1642 1625 1521 495 1919 1712 2758 2284 1583 879 2907 2503 1663 1954 1917 1667 2331 2450 550 2106 1961 2384 1716 1870 1857 1749 2384 2224 1817 807 771 921 2093 922 1298 1929 1400 2140 2170 2024 1103 2437 2354 2165 1333 820 693 1230 1319 1853 2246 1892 2218 1585 659 2208 1920 1989 2314 1422 1048 929 2043 1109 2265 1453 1294 3004 1601 1816 1479 1857 1555 1231 1668 2690 1337 1646 1814 1474 1970 1132 1447 1156 2194 1414 646 1485 1582 2326
2378 2063 360 1901 2109 2850 819 2660 1295 2258 2982 3289 3254 962 1986 3026 1403 1582 3020 3130 2126 1602 3309 2943 1626 2105 2082 1422 3214 2038 1844 1610 1874 2919 3068 1704 1318 1615 1464 610 2467 2150 2587 1760 2397 1656 1417 3065 754 1042 2591 1533 3243 1957 3157 3034 1606 2055 2570 3022 1786 1236 1825 516 2476 1784 532 1856 922 1269 1491 2291 1912 1723 2444 1494 1203 2407 1732 1906 2386 2958 1190 3179 2700 1901 1585 3040 784 1116 3121 748 2215 993 1330 2398 1520 1777 1620 1385 2687
863 524 1901 360 2161 1405 1928 1765 1963 1182 2297 1802 1783 1357 515 1958 1604 2605 2278 1728 875 2750 2511 1725 1863 1831 1592 2211 2451 607 1988 1868 2257 1765 1923 1736 1603 2243 2079 1656 946 839 1081 1969 1035 1179 1787 1562 1976 2031 1988 960 2444 2234 2192 1493 664 689 1330 1482 1740 2092 1780 2056 1574 532 2048 1810 1846 2160 1323 1067 857 1958 1201 2153 1297 1353 2849 1554 1770 1612 1705 1712 1322 1618 2539 1498 1483 1683 1633 1806 1121 1289 1012 2122 1282 491 1362 1440 2275
2552 2264 2109 2161 360 3113 1682 1516 2915 1644 1481 3406 3416 1760 2316 1905 2798 1534 1558 3444 1841 1747 1821 2049 3099 763 1025 3107 1717 2408 626 3091 745 1950 2028 838 1198 1036 1080 2068 2344 2639 2753 709 2826 1347 1055 3161 1772 2744 1175 1613 1772 621 1872 2861 2108 1969 3129 2933 798 1342 752 2194 1469 2219 2257 718 2569 1358 2670 1817 1701 3213 3002 3141 1513 3141 1750 3087 1129 3372 1286 3358 2163 3125 1433 2886 1921 2630 3255 1721 1665 2086 2219 775 1293 2144 1180 1242 1057
804 1255 2850 1405 3113 360 2951 2372 2595 1890 2918 810 765 2370 1270 2356 2188 3650 2865 692 1635 3793 3015 2031 2318 2738 2474 2815 2992 1195 2979 2333 3266 2134 2248 2736 2644 3278 3119 2600 1164 1061 720 2973 819 2180 2824 653 2991 2776 2720 1998 2958 3227 2625 1009 1639 1506 825 888 2723 3136 2758 2998 2239 1457 2972 2783 2630 3204 1910 1710 1777 2366 869 2713 2341 1096 3893 1811 2548 667 2750 690 1581 1881 3584 982 2461 2401 657 2823 1849 2217 1881 2977 2306 1493 2368 2477 3049
2430 2090 819 1928 1682 2951 360 2382 1738 2073 2636 3367 3343 941 2045 2772 1779 1180 2684 3257 2014 1253 2973 2740 2036 1737 1766 1880 2874 2116 1423 2022 1421 2697 2836 1324 972 1156 1008 902 2436 2276 2647 1336 2522 1441 1010 3129 453 1500 2250 1419 2910 1510 2868 3023 1671 1993 2743 3034 1410 777 1444 875 2217 1854 943 1470 1364 814 1796 2146 1790 2140 2610 1946 1035 2624 1375 2236 2064 3106 812 3271 2573 2244 1163 3035 905 1519 3198 497 2041 1181 1500 2006 1279 1822 1345 1098 2302
1887 1767 2660 1765 1516 2372 2382 360 3161 943 912 2535 2568 2092 1883 767 2887 2594 877 2676 1253 2803 1108 909 3180 1149 991 3400 1045 1957 1580 3181 1862 799 874 1491 1772 2077 2023 2497 1578 2174 2039 1642 2260 1372 1798 2315 2472 3111 768 1579 1040 1755 858 1922 1920 1443 2568 2026 1411 2226 1403 2796 561 1913 2832 1397 2911 2274 2649 1082 1316 3287 2470 3381 1820 2689 2837 2950 749 2673 1937 2527 1183 3010 2495 1953 2294 2851 2415 2341 1004 2295 2217 1167 1499 1837 1405 1651 1095
2280 2084 1295 1963 2915 2595 1738 3161 360 2636 3594 3043 2986 1526 1959 3458 766 2516 3610 2794 2394 2521 3886 3283 766 2805 2698 608 3803 1962 2651 746 2746 3298 3457 2456 2076 2519 2353 1224 2531 1946 2452 2577 2150 2183 2232 2867 1686 666 3213 1943 3817 2811 3648 2993 1685 2248 2191 2937 2523 2152 2569 1327 2960 1794 1251 2604 734 2193 1054 2592 2239 830 2099 588 1802 1950 2652 1244 2986 2591 2003 2914 2919 1201 2521 2987 1354 669 2892 1634 2578 1240 1335 3125 2111 1838 2238 2064 3387
1361 1191 2258 1182 1644 1890 2073 943 2636 360 1480 2135 2153 1659 1302 1182 2335 2489 1456 2213 672 2681 1689 1045 2621 1245 979 2880 1629 1378 1582 2623 1888 1032 1189 1387 1513 2008 1898 2060 1089 1601 1536 1607 1709 992 1616 1895 2153 2621 1206 1095 1621 1815 1388 1577 1351 861 2022 1651 1339 2034 1357 2407 754 1332 2429 1371 2421 2094 2084 541 757 2725 1915 2849 1424 2121 2744 2369 1019 2177 1674 2099 908 2430 2399 1602 1855 2330 1992 1999 422 1799 1669 1451 1156 1256 1119 1350 1525
2439 2311 2982 2297 1481 2918 2636 912 3594 1480 360 3055 3094 2465 2422 1032 3355 2653 454 3215 1793 2866 705 1334 3655 1262 1268 3824 601 2499 1654 3654 1866 1211 1182 1674 2034 2144 2146 2857 2129 2720 2589 1736 2812 1770 1995 2845 2729 3508 751 2022 651 1742 847 2434 2421 1982 3120 2545 1587 2389 1558 3103 1085 2435 3151 1537 3311 2422 3136 1631 1823 3765 3022 3820 2182 3238 2871 3465 969 3221 2185 3057 1709 3522 2551 2466 2664 3285 2945 2625 1540 2715 2688 1065 1857 2357 1738 1959 806
1179 1642 3289 1802 3406 810 3367 2535 3043 2135 3055 360 439 2790 1682 2434 2636 4036 2990 701 1930 4189 3097 2104 2755 3015 2747 3260 3091 1617 3300 2771 3596 2221 2305 3067 3018 3638 3487 3039 1422 1507 1081 3303 1269 2524 3189 608 3412 3226 2916 2375 3048 3546 2698 983 2062 1836 1235 870 3044 3526 3074 3438 2435 1878 3415 3096 3081 3594 2360 1956 2106 2798 1307 3155 2736 1505 4284 2240 2772 892 3136 493 1712 2307 3965 951 2892 2852 529 3242 2105 2656 2322 3221 2664 1905 2710 2846 3251
1162 1625 3254 1783 3416 765 3343 2568 2986 2153 3094 439 360 2764 1657 2480 2581 4023 3031 622 1936 4173 3144 2150 2693 3029 2761 3202 3135 1588 3304 2709 3598 2265 2354 3068 3008 3633 3480 3003 1432 1466 1064 3305 1225 2522 3182 617 3386 3175 2945 2364 3094 3551 2746 1030 2034 1835 1170 910 3047 3512 3079 3402 2463 1851 3377 3102 3033 3580 2307 1972 2106 2733 1248 3094 2719 1438 4269 2176 2796 816 3122 434 1747 2242 3953 997 2861 2802 521 3217 2120 2620 2285 3242 2658 1881 2709 2838 3279
1856 1521 962 1357 1760 2370 941 2092 1526 1659 2465 2790 2764 360 1467 2443 1404 1704 2492 2675 1526 1814 2777 2345 1702 1641 1557 1738 2686 1536 1502 1693 1647 2325 2477 1292 926 1490 1309 766 1893 1695 2072 1435 1940 1079 1106 2554 981 1404 2076 931 2709 1689 2590 2474 1090 1466 2167 2474 1357 1207 1404 1114 1901 1273 1131 1438 1210 1270 1324 1689 1310 1815 2034 1755 643 2062 1927 1767 1857 2526 901 2691 2100 1790 1661 2482 562 1232 2621 812 1614 695 946 1959 968 1245 1087 898 2226
753 495 1986 515 2316 1270 2045 1883 1959 1302 2422 1682 1657 1467 360 2049 1582 2743 2399 1587 990 2883 2623 1796 1820 1984 1742 2205 2568 451 2144 1828 2411 1847 2002 1891 1749 2391 2226 1737 933 685 965 2124 882 1335 1936 1448 2089 2056 2124 1110 2557 2390 2291 1429 742 801 1174 1402 1895 2229 1936 2139 1697 561 2125 1966 1878 2297 1291 1169 1004 1909 1045 2137 1433 1203 2984 1467 1910 1463 1845 1585 1367 1534 2679 1430 1576 1695 1513 1920 1242 1359 1051 2272 1435 584 1517 1588 2418
1942 1919 3026 1958 1905 2356 2772 767 3458 1182 1032 2434 2480 2443 2049 360 3154 3001 949 2629 1451 3210 1024 689 3436 1552 1395 3702 1019 2108 1985 3439 2261 582 509 1897 2166 2483 2430 2849 1622 2300 2060 2048 2337 1729 2201 2241 2861 3436 1106 1900 974 2151 629 1810 2165 1630 2628 1929 1818 2631 1810 3167 915 2122 3199 1804 3235 2679 2896 1253 1580 3538 2549 3672 2182 2790 3243 3151 1151 2663 2332 2451 1140 3216 2901 1843 2644 3152 2339 2723 1241 2613 2491 1529 1871 2053 1787 2035 1384
1883 1712 1403 1604 2798 2188 1779 2887 766 2335 3355 2636 2581 1404 1582 3154 360 2596 3361 2392 2070 2639 3627 2955 665 2629 2485 996 3551 1576 2544 661 2688 2980 3140 2322 1971 2503 2326 1237 2155 1544 2050 2479 1744 1960 2150 2461 1751 985 2987 1694 3558 2734 3361 2595 1351 1909 1789 2536 2379 2166 2426 1489 2685 1432 1426 2462 911 2218 655 2270 1939 778 1694 915 1646 1555 2768 893 2756 2190 1936 2509 2567 871 2582 2588 1285 660 2485 1652 2275 1072 1030 2954 1921 1486 2049 1918 3195
3101 2758 1582 2605 1534 3650 1180 2594 2516 2489 2653 4036 4023 1704 2743 3001 2596 360 2727 3970 2541 572 2996 3070 2842 1813 1979 2620 2891 2824 1381 2827 1150 2993 3103 1482 1383 879 951 1719 3026 3012 3318 1313 3250 1911 1238 3790 1205 2245 2322 2020 2945 1275 3014 3610 2396 2579 3499 3644 1552 873 1553 1560 2485 2569 1639 1557 2144 805 2614 2616 2328 2942 3364 2706 1669 3406 614 3056 2213 3839 1260 3953 3035 3065 462 3627 1717 2326 3869 1313 2479 1989 2289 1948 1752 2521 1743 1558 2231
2397 2284 3020 2278 1558 2865 2684 877 3610 1456 454 2990 3031 2492 2399 949 3361 2727 360 3158 1768 2940 649 1259 3659 1318 1300 3842 554 2473 1721 3659 1942 1137 1097 1727 2078 2215 2210 2888 2083 2691 2541 1801 2774 1788 2049 2784 2778 3532 794 2031 586 1819 753 2368 2415 1958 3081 2481 1640 2449 1614 3144 1063 2421 3190 1594 3334 2484 3136 1599 1813 3768 2985 3834 2210 3206 2948 3455 996 3169 2232 2995 1650 3513 2625 2400 2693 3300 2883 2669 1517 2732 2692 1142 1883 2343 1768 1995 895
1136 1583 3130 1728 3444 692 3257 2676 2794 2213 3215 701 622 2675 1587 2629 2392 3970 3158 360 1965 4109 3292 2300 2481 3068 2803 3001 3276 1507 3311 2498 3598 2409 2511 3068 2970 3607 3446 2882 1484 1345 1051 3305 1097 2512 3152 761 3292 3000 3035 2325 3239 3559 2897 1206 1947 1838 963 1078 3055 3457 3090 3274 2552 1767 3244 3116 2869 3525 2130 2032 2110 2515 1064 2888 2660 1217 4212 1958 2869 570 3072 589 1868 2022 3906 1174 2754 2629 676 3127 2174 2500 2161 3303 2636 1809 2699 2805 3366
1084 879 2126 875 1841 1635 2014 1253 2394 672 1793 1930 1936 1526 990 1451 2070 2541 1768 1965 360 2718 1996 1248 2346 1462 1198 2642 1939 1066 1730 2350 2029 1270 1430 1502 1523 2097 1963 1906 869 1290 1276 1737 1411 990 1666 1683 2085 2410 1508 962 1929 1976 1678 1433 1078 549 1724 1481 1475 2053 1504 2280 1067 1032 2292 1526 2213 2118 1806 560 584 2447 1612 2600 1340 1812 2795 2068 1307 1908 1669 1877 934 2131 2459 1452 1706 2095 1775 1920 613 1600 1419 1710 1150 961 1165 1348 1817
3251 2907 1602 2750 1747 3793 1253 2803 2521 2681 2866 4189 4173 1814 2883 3210 2639 572 2940 4109 2718 360 3208 3272 2868 2024 2184 2603 3104 2962 1593 2852 1362 3198 3310 1684 1554 1090 1149 1771 3194 3140 3469 1523 3382 2089 1425 3945 1256 2237 2534 2178 3157 1487 3226 3781 2526 2746 3620 3810 1757 1027 1760 1554 2690 2703 1630 1765 2156 960 2683 2801 2501 2964 3486 2698 1813 3513 491 3120 2423 3970 1418 4102 3224 3123 675 3797 1798 2357 4021 1391 2668 2075 2389 2161 1927 2660 1927 1729 2443
2579 2503 3309 2511 1821 3015 2973 1108 3886 1689 705 3097 3144 2777 2623 1024 3627 2996 649 3292 1996 3208 360 1354 3923 1604 1588 4120 464 2693 1999 3923 2207 1243 1153 2015 2368 2488 2491 3174 2259 2903 2709 2081 2966 2068 2337 2906 3067 3815 1083 2304 429 2082 759 2474 2668 2185 3266 2594 1928 2733 1900 3434 1308 2661 3479 1880 3617 2766 3395 1815 2064 4031 3178 4109 2495 3409 3211 3699 1284 3322 2522 3115 1794 3759 2893 2507 2978 3576 3004 2958 1751 3010 2957 1407 2169 2585 2055 2284 1133
1639 1663 2943 1725 2049 2031 2740 909 3283 1045 1334 2104 2150 2345 1796 689 2955 3070 1259 2300 1248 3272 1354 360 3225 1663 1453 3530 1346 1846 2081 3230 2376 483 579 1948 2156 2562 2483 2745 1322 2022 1745 2131 2037 1663 2226 1911 2824 3290 1313 1779 1303 2277 957 1481 1965 1406 2320 1600 1878 2656 1880 3091 950 1895 3114 1882 3091 2711 2684 1051 1420 3322 2248 3489 2106 2495 3319 2904 1281 2338 2322 2121 828 2971 2973 1513 2540 2983 2009 2675 1091 2472 2308 1716 1821 1833 1762 2005 1628
2078 1954 1626 1863 3099 2318 2036 3180 766 2621 3655 2755 2693 1702 1820 3436 665 2842 3659 2481 2346 2868 3923 3225 360 2934 2789 898 3848 1801 2844 380 2979 3256 3416 2625 2268 2783 2609 1495 2387 1729 2229 2777 1898 2264 2444 2602 1998 1068 3289 1996 3854 3029 3649 2784 1630 2178 1884 2713 2682 2435 2730 1686 2978 1691 1616 2765 1078 2484 901 2547 2228 473 1809 773 1949 1625 2999 886 3059 2273 2226 2624 2821 829 2836 2774 1569 876 2614 1916 2560 1373 1327 3259 2226 1752 2354 2221 3500
2183 1917 2105 1831 763 2738 1737 1149 2805 1245 1262 3015 3029 1641 1984 1552 2629 1813 1318 3068 1462 2024 1604 1663 2934 360 627 3019 1502 2075 793 2930 1074 1571 1663 773 1147 1294 1262 2007 1956 2310 2378 861 2479 1061 1093 2772 1830 2678 887 1343 1544 973 1565 2462 1828 1605 2788 2536 686 1492 656 2216 1075 1913 2269 636 2488 1530 2461 1421 1348 3048 2665 3034 1363 2823 2051 2852 761 3007 1289 2972 1759 2898 1712 2487 1829 2504 2867 1735 1270 1936 2001 684 1068 1835 940 1106 947
1921 1667 2082 1592 1025 2474 1766 991 2698 979 1268 2747 2761 1557 1742 1395 2485 1979 1300 2803 1198 2184 1588 1453 2789 627 360 2923 1494 1831 993 2786 1296 1374 1486 863 1154 1468 1398 1949 1689 2066 2114 1038 2226 885 1167 2504 1858 2601 879 1160 1521 1210 1463 2196 1621 1348 2537 2269 787 1595 787 2208 865 1688 2252 789 2405 1643 2292 1153 1099 2901 2416 2925 1274 2585 2227 2663 664 2746 1316 2705 1503 2713 1882 2221 1756 2390 2600 1738 1002 1818 1833 889 950 1608 830 1056 1076
2519 2331 1422 2211 3107 2815 1880 3400 608 2880 3824 3260 3202 1738 2205 3702 996 2620 3842 3001 2642 2603 4120 3530 898 3019 2923 360 4036 2206 2842 878 2916 3544 3703 2657 2272 2673 2514 1400 2778 2181 2687 2764 2377 2414 2417 3092 1816 740 3440 2180 4051 2988 3889 3232 1933 2496 2399 3173 2728 2297 2774 1419 3199 2041 1341 2807 898 2331 1290 2839 2483 913 2313 495 2018 2148 2734 1419 3215 2795 2186 3131 3167 1366 2635 3225 1553 910 3113 1789 2823 1470 1583 3336 2334 2086 2459 2274 3604
2542 2450 3214 2451 1717 2992 2874 1045 3803 1629 601 3091 3135 2686 2568 1019 3551 2891 554 3276 1939 3104 464 1346 3848 1502 1494 4036 360 2640 1895 3848 2102 1230 1157 1914 2270 2383 2387 3082 2224 2853 2678 1977 2926 1982 2236 2893 2967 3727 984 2223 429 1978 768 2467 2598 2128 3228 2585 1827 2630 1799 3337 1240 2598 3383 1778 3529 2663 3322 1762 1995 3956 3137 4027 2405 3364 3107 3634 1191 3298 2423 3104 1771 3694 2789 2500 2887 3493 2992 2861 1690 2926 2881 1303 2078 2521 1963 2189 1030
704 550 2038 607 2408 1195 2116 1957 1962 1378 2499 1617 1588 1536 451 2108 1576 2824 2473 1507 1066 2962 2693 1846 1801 2075 1831 2206 2640 360 2235 1809 2502 1902 2055 1982 1835 2478 2312 1789 946 595 909 2214 793 1426 2024 1387 2157 2074 2207 1199 2627 2481 2354 1402 805 878 1083 1365 1986 2310 2027 2190 1773 622 2173 2057 1902 2378 1281 1238 1092 1885 954 2131 1514 1116 3064 1422 1995 1378 1928 1515 1405 1491 2762 1400 1636 1708 1448 1989 1319 1408 1087 2361 1525 662 1609 1676 2503
2415 2106 1844 1988 626 2979 1423 1580 2651 1582 1654 3300 3304 1502 2144 1985 2544 1381 1721 3311 1730 1593 1999 2081 2844 793 993 2842 1895 2235 360 2836 666 1994 2093 614 937 862 853 1802 2239 2462 2622 447 2662 1169 788 3052 1514 2478 1304 1412 1944 608 1993 2786 1903 1834 2958 2846 616 1106 586 1931 1490 2028 1994 570 2304 1132 2427 1740 1562 2957 2827 2877 1266 2949 1618 2852 1194 3224 1019 3242 2123 2887 1280 2808 1658 2369 3143 1456 1590 1831 1984 966 1083 1957 986 999 1265
2089 1961 1610 1868 3091 2333 2022 3181 746 2623 3654 2771 2709 1693 1828 3439 661 2827 3659 2498 2350 2852 3923 3230 380 2930 2786 878 3848 1809 2836 360 2969 3260 3420 2618 2260 2771 2597 1481 2396 1741 2241 2768 1911 2261 2435 2617 1983 1048 3287 1994 3854 3019 3651 2796 1633 2183 1900 2726 2676 2422 2723 1669 2979 1696 1598 2758 1061 2470 906 2550 2229 481 1825 754 1943 1642 2982 904 3057 2290 2216 2640 2828 848 2821 2786 1558 862 2630 1902 2562 1365 1326 3254 2221 1756 2350 2214 3496
2701 2384 1874 2257 745 3266 1421 1862 2746 1888 1866 3596 3598 1647 2411 2261 2688 1150 1942 3598 2029 1362 2207 2376 2979 1074 1296 2916 2102 2502 666 2969 360 2285 2376 890 1095 670 773 1882 2538 2723 2911 653 2933 1446 903 3348 1502 2541 1550 1666 2157 485 2247 3090 2143 2124 3222 3148 915 1030 891 1934 1786 2282 2004 876 2383 1028 2604 2046 1853 3091 3090 2966 1453 3197 1366 3040 1472 3503 1113 3535 2430 3069 1048 3112 1771 2483 3438 1490 1896 1982 2180 1160 1337 2214 1259 1210 1441
1722 1716 2919 1765 1950 2134 2697 799 3298 1032 1211 2221 2265 2325 1847 582 2980 2993 1137 2409 1270 3198 1243 483 3256 1571 1374 3544 1230 1902 1994 3260 2285 360 519 1874 2103 2482 2411 2728 1402 2089 1838 2048 2118 1628 2161 2024 2782 3292 1198 1766 1190 2183 851 1597 1989 1440 2407 1714 1801 2592 1800 3064 868 1932 3091 1800 3092 2645 2715 1070 1422 3356 2329 3507 2077 2572 3241 2953 1180 2441 2269 2234 917 3019 2896 1630 2523 2994 2122 2637 1085 2470 2325 1605 1780 1866 1712 1959 1508
1858 1870 3068 1923 2028 2248 2836 874 3457 1189 1182 2305 2354 2477 2002 509 3140 3103 1097 2511 1430 3310 1153 579 3416 1663 1486 3703 1157 2055 2093 3420 2376 519 360 1989 2236 2587 2525 2882 1541 2237 1965 2152 2256 1774 2285 2119 2923 3450 1242 1921 1108 2269 754 1683 2149 1598 2540 1805 1913 2716 1909 3213 987 2091 3241 1905 3250 2767 2874 1230 1581 3515 2467 3667 2226 2713 3347 3109 1264 2555 2403 2327 1048 3175 3004 1716 2676 3154 2216 2780 1243 2628 2484 1662 1924 2025 1850 2097 1529
2171 1857 1704 1736 838 2736 1324 1491 2456 1387 1674 3067 3068 1292 1891 1897 2322 1482 1727 3068 1502 1684 2015 1948 2625 773 863 2657 1914 1982 614 2618 890 1874 1989 360 750 983 896 1627 2011 2208 2380 597 2411 919 682 2818 1418 2304 1294 1158 1954 858 1947 2569 1649 1594 2705 2623 447 1097 481 1810 1366 1774 1865 512 2121 1143 2191 1533 1322 2738 2574 2683 1036 2695 1733 2610 1130 2976 879 3005 1935 2647 1386 2591 1464 2164 2908 1327 1387 1612 1742 1054 829 1703 733 764 1344
2088 1749 1318 1603 1198 2644 972 1772 2076 1513 2034 3018 3008 926 1749 2166 1971 1383 2078 2970 1523 1554 2368 2156 2268 1147 1154 2272 2270 1835 937 2260 1095 2103 2236 750 360 1005 837 1238 2002 2042 2304 868 2268 897 558 2771 1064 1915 1645 1005 2304 1126 2256 2587 1438 1556 2540 2620 829 890 870 1430 1612 1594 1482 902 1735 955 1870 1616 1306 2382 2405 2303 719 2488 1636 2305 1453 2853 526 2940 2044 2335 1307 2604 1082 1791 2852 951 1491 1259 1444 1443 733 1535 755 535 1730
2718 2384 1615 2243 1036 3278 1156 2077 2519 2008 2144 3638 3633 1490 2391 2483 2503 879 2215 3607 2097 1090 2488 2562 2783 1294 1468 2673 2383 2478 862 2771 670 2482 2587 983 1005 360 540 1659 2598 2687 2932 795 2912 1476 815 3390 1229 2294 1804 1642 2435 790 2496 3171 2082 2162 3185 3216 1044 743 1041 1659 1973 2239 1732 1042 2149 728 2453 2148 1897 2892 3051 2733 1353 3130 1120 2897 1694 3495 952 3566 2556 2919 778 3190 1578 2274 3475 1246 2005 1818 2059 1442 1334 2180 1293 1162 1732
2561 2224 1464 2079 1080 3119 1008 2023 2353 1898 2146 3487 3480 1309 2226 2430 2326 951 2210 3446 1963 1149 2491 2483 2609 1262 1398 2514 2387 2312 853 2597 773 2411 2525 896 837 540 360 1490 2457 2518 2777 769 2745 1334 659 3240 1089 2137 1787 1481 2434 871 2465 3036 1909 2016 3014 3076 972 623 981 1520 1902 2070 1591 991 1985 640 2273 2028 1756 2718 2880 2570 1177 2955 1205 2716 1651 3330 773 3412 2445 2739 860 3054 1401 2102 3323 1085 1890 1638 1879 1459 1184 2012 1159 1002 1757
2129 1817 610 1656 2068 2600 902 2497 1224 2060 2857 3039 3003 766 1737 2849 1237 1719 2888 2882 1906 1771 3174 2745 1495 2007 1949 1400 3082 1789 1802 1481 1882 2728 2882 1627 1238 1659 1490 360 2227 1901 2338 1724 2148 1485 1376 2815 876 1037 2467 1326 3107 1949 2996 2789 1358 1824 2326 2775 1702 1301 1746 762 2307 1535 753 1779 863 1348 1278 2079 1698 1601 2199 1444 1039 2170 1898 1709 2251 2711 1145 2929 2479 1712 1705 2794 565 980 2871 780 2013 743 1080 2316 1366 1530 1479 1264 2594
680 807 2467 946 2344 1164 2436 1578 2531 1089 2129 1422 1432 1893 933 1622 2155 3026 2083 1484 869 3194 2259 1322 2387 1956 1689 2778 2224 946 2239 2396 2538 1402 1541 2011 2002 2598 2457 2227 360 1077 820 2246 1076 1483 2158 1176 2496 2615 1916 1384 2198 2484 1886 949 1250 808 1367 979 1984 2526 2013 2623 1436 1104 2620 2035 2431 2593 1863 908 1061 2472 1287 2710 1767 1532 3278 1996 1745 1458 2136 1375 855 2067 2947 963 2043 2261 1271 2326 1052 1870 1597 2180 1634 1077 1665 1827 2244
710 771 2150 839 2639 1061 2276 2174 1946 1601 2720 1507 1466 1695 685 2300 1544 3012 2691 1345 1290 3140 2903 2022 1729 2310 2066 2181 2853 595 2462 1741 2723 2089 2237 2208 2042 2687 2518 1901 1077 360 866 2438 607 1655 2234 1300 2309 2098 2436 1417 2838 2706 2554 1416 976 1105 859 1351 2215 2499 2257 2297 1995 808 2271 2287 1942 2567 1252 1452 1327 1801 726 2092 1708 883 3247 1291 2227 1190 2124 1392 1565 1363 2954 1407 1769 1724 1343 2144 1543 1518 1180 2596 1746 869 1835 1889 2736
457 921 2587 1081 2753 720 2647 2039 2452 1536 2589 1081 1064 2072 965 2060 2050 3318 2541 1051 1276 3469 2709 1745 2229 2378 2114 2687 2678 909 2622 2241 2911 1838 1965 2380 2304 2932 2777 2338 820 866 360 2617 714 1827 2480 842 2693 2595 2373 1659 2649 2870 2327 918 1347 1147 942 846 2366 2807 2400 2740 1895 1165 2722 2425 2433 2875 1757 1357 1419 2295 896 2598 2015 1158 3565 1764 2196 1001 2417 995 1280 1836 3249 906 2182 2223 912 2523 1493 1957 1634 2620 1958 1186 2015 2135 2699
2408 2093 1760 1969 709 2973 1336 1642 2577 1607 1736 3303 3305 1435 2124 2048 2479 1313 1801 3305 1737 1523 2081 2131 2777 861 1038 2764 1977 2214 447 2768 653 2048 2152 597 868 795 769 1724 2246 2438 2617 360 2644 1154 707 3055 1427 2398 1380 1383 2025 632 2065 2801 1868 1831 2936 2857 629 1019 613 1845 1541 2000 1909 608 2226 1047 2370 1760 1559 2890 2805 2802 1208 2919 1555 2799 1259 3212 939 3242 2153 2832 1213 2823 1584 2297 3145 1372 1612 1767 1932 1053 1052 1931 968 948 1352
639 922 2397 1035 2826 819 2522 2260 2150 1709 2812 1269 1225 1940 882 2337 1744 3250 2774 1097 1411 3382 2966 2037 1898 2479 2226 2377 2926 793 2662 1911 2933 2118 2256 2411 2268 2912 2745 2148 1076 607 714 2644 360 1853 2457 1078 2556 2320 2556 1633 2903 2909 2599 1267 1216 1240 673 1182 2411 2736 2451 2543 2095 1041 2515 2480 2171 2804 1459 1544 1491 1958 571 2280 1942 820 3487 1418 2358 948 2358 1150 1569 1489 3190 1252 2016 1945 1109 2391 1656 1765 1427 2751 1957 1093 2037 2110 2868
1616 1298 1656 1179 1347 2180 1441 1372 2183 992 1770 2524 2522 1079 1335 1729 1960 1911 1788 2512 990 2089 2068 1663 2264 1061 885 2414 1982 1426 1169 2261 1446 1628 1774 919 897 1476 1334 1485 1483 1655 1827 1154 1853 360 1036 2276 1522 2107 1391 642 2000 1416 1871 2061 1130 1047 2149 2102 920 1427 961 1799 1182 1232 1829 992 1908 1491 1770 1081 782 2376 2020 2409 812 2153 2165 2152 1163 2417 1051 2456 1509 2199 1829 2079 1282 1874 2362 1371 963 1304 1310 1379 526 1156 547 725 1598
2265 1929 1417 1787 1055 2824 1010 1798 2232 1616 1995 3189 3182 1106 1936 2201 2150 1238 2049 3152 1666 1425 2337 2226 2444 1093 1167 2417 2236 2024 788 2435 903 2161 2285 682 558 815 659 1376 2158 2234 2480 707 2457 1036 360 2941 1103 2050 1616 1187 2276 944 2264 2738 1633 1717 2732 2777 769 791 797 1509 1658 1787 1570 821 1879 845 2061 1738 1457 2556 2598 2456 917 2685 1493 2498 1448 3040 591 3114 2159 2526 1153 2756 1242 1956 3024 1030 1603 1441 1641 1355 885 1726 864 707 1652
938 1400 3065 1562 3161 653 3129 2315 2867 1895 2845 608 617 2554 1448 2241 2461 3790 2784 761 1683 3945 2906 1911 2602 2772 2504 3092 2893 1387 3052 2617 3348 2024 2119 2818 2771 3390 3240 2815 1176 1300 842 3055 1078 2276 2941 360 3176 3035 2689 2129 2854 3298 2509 805 1829 1588 1117 678 2796 3281 2827 3216 2206 1646 3196 2849 2882 3348 2177 1715 1858 2654 1159 2993 2492 1390 4038 2101 2538 873 2890 571 1496 2171 3718 773 2663 2661 459 3006 1863 2433 2104 2984 2416 1668 2462 2599 3023
2478 2140 754 1976 1772 2991 453 2472 1686 2153 2729 3412 3386 981 2089 2861 1751 1205 2778 3292 2085 1256 3067 2824 1998 1830 1858 1816 2967 2157 1514 1983 1502 2782 2923 1418 1064 1229 1089 876 2496 2309 2693 1427 2556 1522 1103 3176 360 1436 2343 1486 3004 1595 2959 3082 1711 2056 2768 3089 1504 846 1537 791 2305 1894 863 1563 1311 875 1787 2222 1861 2100 2637 1888 1105 2639 1382 2223 2157 3137 905 3312 2648 2228 1198 3093 914 1481 3242 530 2120 1189 1518 2099 1363 1867 1433 1185 2396
2410 2170 1042 2031 2744 2776 1500 3111 666 2621 3508 3226 3175 1404 2056 3436 985 2245 3532 3000 2410 2237 3815 3290 1068 2678 2601 740 3727 2074 2478 1048 2541 3292 3450 2304 1915 2294 2137 1037 2615 2098 2595 2398 2320 2107 2050 3035 1436 360 3120 1897 3747 2616 3607 3117 1734 2284 2400 3073 2378 1917 2422 1045 2914 1871 967 2455 560 1951 1229 2602 2231 1136 2296 821 1687 2175 2368 1508 2899 2803 1819 3102 2961 1474 2258 3114 1209 734 3069 1412 2567 1182 1380 2990 2011 1901 2132 1932 3265
2205 2024 2591 1988 1175 2720 2250 768 3213 1206 751 2916 2945 2076 2124 1106 2987 2322 794 3035 1508 2534 1083 1313 3289 887 879 3440 984 2207 1304 3287 1550 1198 1242 1294 1645 1804 1787 2467 1916 2436 2373 1380 2556 1391 1616 2689 2343 3120 360 1653 1020 1432 1057 2313 2078 1691 2869 2410 1206 2020 1182 2713 843 2112 2760 1163 2924 2057 2779 1379 1496 3400 2760 3440 1793 2959 2552 3126 590 3014 1798 2899 1571 3180 2220 2342 2275 2905 2788 2236 1259 2333 2325 782 1469 2032 1349 1568 695
1442 1103 1533 960 1613 1998 1419 1579 1943 1095 2022 2375 2364 931 1110 1900 1694 2020 2031 2325 962 2178 2304 1779 1996 1343 1160 2180 2223 1199 1412 1994 1666 1766 1921 1158 1005 1642 1481 1326 1384 1417 1659 1383 1633 642 1187 2129 1486 1897 1653 360 2235 1653 2071 1974 855 937 1916 1995 1176 1512 1221 1685 1380 977 1702 1254 1696 1580 1492 1118 741 2107 1784 2165 745 1897 2269 1870 1422 2212 1121 2295 1533 1917 1949 1987 1121 1633 2209 1320 1047 1076 1034 1662 690 908 793 839 1876
2517 2437 3243 2444 1772 2958 2910 1040 3817 1621 651 3048 3094 2709 2557 974 3558 2945 586 3239 1929 3157 429 1303 3854 1544 1521 4051 429 2627 1944 3854 2157 1190 1108 1954 2304 2435 2434 3107 2198 2838 2649 2025 2903 2000 2276 2854 3004 3747 1020 2235 360 2033 715 2424 2599 2118 3204 2543 1866 2675 1840 3368 1239 2593 3413 1820 3548 2709 3326 1748 1995 3962 3115 4040 2428 3345 3162 3630 1217 3265 2458 3064 1737 3691 2842 2457 2910 3507 2952 2894 1683 2942 2888 1357 2101 2517 1988 2218 1090
2663 2354 1957 2234 621 3227 1510 1755 2811 1815 1742 3546 3551 1689 2390 2151 2734 1275 1819 3559 1976 1487 2082 2277 3029 973 1210 2988 1978 2481 608 3019 485 2183 2269 858 1126 790 871 1949 2484 2706 2870 632 2909 1416 944 3298 1595 2616 1432 1653 2033 360 2129 3025 2140 2082 3203 3088 864 1134 831 2025 1689 2270 2094 809 2452 1138 2635 1979 1810 3141 3072 3033 1475 3190 1489 3066 1366 3472 1168 3489 2351 3098 1173 3049 1826 2540 3390 1570 1828 2023 2201 1037 1322 2200 1232 1219 1315
2206 2165 3157 2192 1872 2625 2868 858 3648 1388 847 2698 2746 2590 2291 629 3361 3014 753 2897 1678 3226 759 957 3649 1565 1463 3889 768 2354 1993 3651 2247 851 754 1947 2256 2496 2465 2996 1886 2554 2327 2065 2599 1871 2264 2509 2959 3607 1057 2071 715 2129 360 2075 2380 1862 2893 2196 1863 2685 1847 3292 1052 2351 3329 1834 3406 2728 3112 1485 1781 3753 2811 3866 2319 3049 3247 3386 1177 2932 2419 2717 1408 3449 2913 2108 2793 3339 2606 2833 1449 2788 2693 1468 1997 2279 1899 2143 1264
952 1333 3034 1493 2861 1009 3023 1922 2993 1577 2434 983 1030 2474 1429 1810 2595 3610 2368 1206 1433 3781 2474 1481 2784 2462 2196 3232 2467 1402 2786 2796 3090 1597 1683 2569 2587 3171 3036 2789 949 1416 918 2801 1267 2061 2738 805 3082 3117 2313 1974 2424 3025 2075 360 1794 1398 1433 488 2534 3114 2559 3189 1837 1626 3181 2577 2944 3180 2301 1407 1642 2852 1425 3147 2357 1684 3863 2322 2185 1294 2725 1006 1101 2394 3530 392 2614 2749 897 2912 1558 2420 2120 2640 2217 1620 2238 2412 2647
1135 820 1606 664 2108 1639 1671 1920 1685 1351 2421 2062 2034 1090 742 2165 1351 2396 2415 1947 1078 2526 2668 1965 1630 1828 1621 1933 2598 805 1903 1633 2143 1989 2149 1649 1438 2082 1909 1358 1250 976 1347 1868 1216 1130 1633 1829 1711 1734 2078 855 2599 2140 2380 1794 360 923 1467 1777 1671 1883 1716 1760 1719 543 1748 1750 1545 1950 1092 1279 964 1733 1332 1885 1094 1414 2631 1408 1850 1804 1510 1961 1595 1463 2338 1798 1194 1394 1892 1543 1290 986 715 2141 1180 534 1288 1295 2333
943 693 2055 689 1969 1506 1993 1443 2248 861 1982 1836 1835 1466 801 1630 1909 2579 1958 1838 549 2746 2185 1406 2178 1605 1348 2496 2128 878 1834 2183 2124 1440 1598 1594 1556 2162 2016 1824 808 1105 1147 1831 1240 1047 1717 1588 2056 2284 1691 937 2118 2082 1862 1398 923 360 1553 1425 1578 2078 1612 2211 1256 853 2215 1637 2090 2145 1637 737 632 2277 1436 2448 1321 1628 2831 1883 1483 1763 1688 1771 1036 1947 2502 1412 1631 1955 1675 1887 801 1492 1275 1871 1192 786 1234 1381 1994
927 1230 2570 1330 3129 825 2743 2568 2191 2022 3120 1235 1170 2167 1174 2628 1789 3499 3081 963 1724 3620 3266 2320 1884 2788 2537 2399 3228 1083 2958 1900 3222 2407 2540 2705 2540 3185 3014 2326 1367 859 942 2936 673 2149 2732 1117 2768 2400 2869 1916 3204 3203 2893 1433 1467 1553 360 1323 2710 2988 2750 2708 2406 1305 2672 2780 2274 3055 1531 1855 1800 1923 494 2288 2202 633 3730 1365 2671 762 2618 1102 1852 1432 3444 1410 2217 2031 1107 2608 1969 1952 1613 3063 2245 1368 2331 2388 3182
903 1319 3022 1482 2933 888 3034 2026 2937 1651 2545 870 910 2474 1402 1929 2536 3644 2481 1078 1481 3810 2594 1600 2713 2536 2269 3173 2585 1365 2846 2726 3148 1714 1805 2623 2620 3216 3076 2775 979 1351 846 2857 1182 2102 2777 678 3089 3073 2410 1995 2543 3088 2196 488 1777 1425 1323 360 2592 3143 2619 3177 1931 1602 3165 2639 2906 3210 2243 1476 1680 2777 1325 3084 2374 1581 3896 2240 2274 1167 2752 882 1202 2311 3566 457 2606 2702 772 2918 1627 2401 2091 2727 2254 1605 2283 2445 2745
2159 1853 1786 1740 798 2723 1410 1411 2523 1339 1587 3044 3047 1357 1895 1818 2379 1552 1640 3055 1475 1757 1928 1878 2682 686 787 2728 1827 1986 616 2676 915 1801 1913 447 829 1044 972 1702 1984 2215 2366 629 2411 920 769 2796 1504 2378 1206 1176 1866 864 1863 2534 1671 1578 2710 2592 360 1181 407 1894 1292 1788 1948 443 2193 1225 2238 1492 1306 2796 2580 2751 1093 2710 1801 2651 1046 2970 964 2985 1884 2690 1455 2556 1534 2229 2887 1412 1343 1671 1784 974 854 1714 744 822 1261
2589 2246 1236 2092 1342 3136 777 2226 2152 2034 2389 3526 3512 1207 2229 2631 2166 873 2449 3457 2053 1027 2733 2656 2435 1492 1595 2297 2630 2310 1106 2422 1030 2592 2716 1097 890 743 623 1301 2526 2499 2807 1019 2736 1427 791 3281 846 1917 2020 1512 2675 1134 2685 3114 1883 2078 2988 3143 1181 360 1200 1275 2089 2055 1348 1216 1779 428 2148 2145 1835 2542 2853 2362 1156 2902 1117 2593 1867 3325 751 3442 2571 2608 817 3130 1251 1921 3358 881 2017 1513 1793 1712 1263 2007 1275 1064 2011
2194 1892 1825 1780 752 2758 1444 1403 2569 1357 1558 3074 3079 1404 1936 1810 2426 1553 1614 3090 1504 1760 1900 1880 2730 656 787 2774 1799 2027 586 2723 891 1800 1909 481 870 1041 981 1746 2013 2257 2400 613 2451 961 797 2827 1537 2422 1182 1221 1840 831 1847 2559 1716 1612 2750 2619 407 1200 360 1931 1292 1831 1986 395 2238 1241 2285 1514 1340 2843 2621 2797 1140 2753 1800 2698 1031 3007 1000 3018 1901 2737 1455 2581 1580 2275 2918 1449 1365 1718 1832 933 901 1757 788 869 1223
2531 2218 516 2056 2194 2998 875 2796 1327 2407 3103 3438 3402 1114 2139 3167 1489 1560 3144 3274 2280 1554 3434 3091 1686 2216 2208 1419 3337 2190 1931 1669 1934 3064 3213 1810 1430 1659 1520 762 2623 2297 2740 1845 2543 1799 1509 3216 791 1045 2713 1685 3368 2025 3292 3189 1760 2211 2708 3177 1894 1275 1931 360 2616 1937 438 1960 968 1298 1606 2443 2065 1777 2584 1506 1347 2537 1685 2006 2512 3099 1291 3327 2854 1996 1577 3195 940 1192 3271 842 2364 1143 1476 2501 1658 1932 1753 1513 2794
1733 1585 2476 1574 1469 2239 2217 561 2960 754 1085 2435 2463 1901 1697 915 2685 2485 1063 2552 1067 2690 1308 950 2978 1075 865 3199 1240 1773 1490 2979 1786 868 987 1366 1612 1973 1902 2307 1436 1995 1895 1541 2095 1182 1658 2206 2305 2914 843 1380 1239 1689 1052 1837 1719 1256 2406 1931 1292 2089 1292 2616 360 1718 2649 1292 2714 2140 2447 911 1115 3085 2302 3180 1634 2514 2733 2753 717 2535 1779 2416 1099 2813 2387 1866 2103 2651 2306 2168 814 2096 2015 1174 1318 1641 1232 1480 1176
954 659 1784 532 2219 1457 1854 1913 1794 1332 2435 1878 1851 1273 561 2122 1432 2569 2421 1767 1032 2703 2661 1895 1691 1913 1688 2041 2598 622 2028 1696 2282 1932 2091 1774 1594 2239 2070 1535 1104 808 1165 2000 1041 1232 1787 1646 1894 1871 2112 977 2593 2270 2351 1626 543 853 1305 1602 1788 2055 1831 1937 1718 360 1923 1863 1689 2123 1151 1229 976 1787 1171 1981 1262 1281 2807 1397 1889 1629 1678 1778 1494 1459 2509 1628 1376 1517 1709 1726 1270 1158 857 2216 1308 440 1404 1442 2387
2515 2208 532 2048 2257 2972 943 2832 1251 2429 3151 3415 3377 1131 2125 3199 1426 1639 3190 3244 2292 1630 3479 3114 1616 2269 2252 1341 3383 2173 1994 1598 2004 3091 3241 1865 1482 1732 1591 753 2620 2271 2722 1909 2515 1829 1570 3196 863 967 2760 1702 3413 2094 3329 3181 1748 2215 2672 3165 1948 1348 1986 438 2649 1923 360 2016 897 1373 1555 2459 2079 1704 2550 1429 1376 2495 1762 1948 2556 3066 1347 3303 2866 1935 1655 3186 946 1127 3248 899 2385 1125 1452 2558 1693 1921 1792 1555 2849
2220 1920 1856 1810 718 2783 1470 1397 2604 1371 1537 3096 3102 1438 1966 1804 2462 1557 1594 3116 1526 1765 1880 1882 2765 636 789 2807 1778 2057 570 2758 876 1800 1905 512 902 1042 991 1779 2035 2287 2425 608 2480 992 821 2849 1563 2455 1163 1254 1820 809 1834 2577 1750 1637 2780 2639 443 1216 395 1960 1292 1863 2016 360 2271 1255 2321 1531 1366 2879 2651 2832 1175 2785 1802 2733 1020 3035 1029 3041 1913 2773 1458 2600 1614 2310 2941 1478 1381 1753 1867 902 935 1789 821 904 1194
2242 1989 922 1846 2569 2630 1364 2911 734 2421 3311 3081 3033 1210 1878 3235 911 2144 3334 2869 2213 2156 3617 3091 1078 2488 2405 898 3529 1902 2304 1061 2383 3092 3250 2121 1735 2149 1985 863 2431 1942 2433 2226 2171 1908 1879 2882 1311 560 2924 1696 3548 2452 3406 2944 1545 2090 2274 2906 2193 1779 2238 968 2714 1689 897 2271 360 1819 1106 2404 2032 1168 2164 944 1493 2064 2288 1444 2702 2676 1648 2959 2767 1422 2147 2943 1019 615 2921 1262 2367 982 1194 2803 1815 1715 1937 1742 3075
2657 2314 1269 2160 1358 3204 814 2274 2193 2094 2422 3594 3580 1270 2297 2679 2218 805 2484 3525 2118 960 2766 2711 2484 1530 1643 2331 2663 2378 1132 2470 1028 2645 2767 1143 955 728 640 1348 2593 2567 2875 1047 2804 1491 845 3348 875 1951 2057 1580 2709 1138 2728 3180 1950 2145 3055 3210 1225 428 1241 1298 2140 2123 1373 1255 1819 360 2206 2207 1900 2590 2920 2400 1224 2967 1050 2651 1911 3393 818 3510 2633 2665 751 3196 1308 1968 3426 928 2078 1572 1856 1738 1328 2075 1336 1129 2037
1588 1422 1491 1323 2670 1910 1796 2649 1054 2084 3136 2360 2307 1324 1291 2896 655 2614 3136 2130 1806 2683 3395 2684 901 2461 2292 1290 3322 1281 2427 906 2604 2715 2874 2191 1870 2453 2273 1278 1863 1252 1757 2370 1459 1770 2061 2177 1787 1229 2779 1492 3326 2635 3112 2301 1092 1637 1531 2243 2238 2148 2285 1606 2447 1151 1555 2321 1106 2206 360 2006 1693 1001 1426 1210 1522 1319 2808 805 2549 1934 1866 2234 2284 826 2587 2294 1259 859 2205 1660 2022 996 820 2784 1757 1210 1883 1789 3008
1186 1048 2291 1067 1817 1710 2146 1082 2592 541 1631 1956 1972 1689 1169 1253 2270 2616 1599 2032 560 2801 1815 1051 2547 1421 1153 2839 1762 1238 1740 2550 2046 1070 1230 1533 1616 2148 2028 2079 908 1452 1357 1760 1544 1081 1738 1715 2222 2602 1379 1118 1748 1979 1485 1407 1279 737 1855 1476 1492 2145 1514 2443 911 1229 2459 1531 2404 2207 2006 360 740 2647 1752 2799 1480 1967 2871 2261 1198 1998 1772 1918 789 2325 2528 1431 1876 2292 1811 2061 511 1787 1617 1632 1247 1159 1233 1446 1702
1213 929 1912 857 1701 1777 1790 1316 2239 757 1823 2106 2106 1310 1004 1580 1939 2328 1813 2110 584 2501 2064 1420 2228 1348 1099 2483 1995 1092 1562 2229 1853 1422 1581 1322 1306 1897 1756 1698 1061 1327 1419 1559 1491 782 1457 1858 1861 2231 1496 741 1995 1810 1781 1642 964 632 1800 1680 1306 1835 1340 2065 1115 976 2079 1366 2032 1900 1693 740 360 2333 1677 2452 1116 1848 2581 2002 1275 2030 1448 2042 1152 2060 2248 1659 1495 1933 1946 1696 699 1411 1272 1628 935 896 965 1131 1778
2151 2043 1723 1958 3213 2366 2140 3287 830 2725 3765 2798 2733 1815 1909 3538 778 2942 3768 2515 2447 2964 4031 3322 473 3048 2901 913 3956 1885 2957 481 3091 3356 3515 2738 2382 2892 2718 1601 2472 1801 2295 2890 1958 2376 2556 2654 2100 1136 3400 2107 3962 3141 3753 2852 1733 2277 1923 2777 2796 2542 2843 1777 3085 1787 1704 2879 1168 2590 1001 2647 2333 360 1857 779 2063 1658 3094 917 3169 2305 2338 2665 2913 852 2938 2841 1680 981 2661 2022 2664 1486 1436 3372 2339 1850 2468 2335 3612
848 1109 2444 1201 3002 869 2610 2470 2099 1915 3022 1307 1248 2034 1045 2549 1694 3364 2985 1064 1612 3486 3178 2248 1809 2665 2416 2313 3137 954 2827 1825 3090 2329 2467 2574 2405 3051 2880 2199 1287 726 896 2805 571 2020 2598 1159 2637 2296 2760 1784 3115 3072 2811 1425 1332 1436 494 1325 2580 2853 2621 2584 2302 1171 2550 2651 2164 2920 1426 1752 1677 1857 360 2207 2067 622 3596 1302 2558 876 2483 1177 1779 1371 3309 1405 2087 1925 1165 2476 1860 1823 1484 2944 2113 1235 2201 2254 3069
2435 2265 1494 2153 3141 2713 1946 3381 588 2849 3820 3155 3094 1755 2137 3672 915 2706 3834 2888 2600 2698 4109 3489 773 3034 2925 495 4027 2131 2877 754 2966 3507 3667 2683 2303 2733 2570 1444 2710 2092 2598 2802 2280 2409 2456 2993 1888 821 3440 2165 4040 3033 3866 3147 1885 2448 2288 3084 2751 2362 2797 1506 3180 1981 1429 2832 944 2400 1210 2799 2452 779 2207 360 2030 2033 2829 1298 3212 2681 2227 3024 3113 1242 2716 3139 1580 894 3010 1847 2791 1466 1542 3354 2339 2030 2466 2293 3616
1797 1453 1203 1297 1513 2341 1035 1820 1802 1424 2182 2736 2719 643 1433 2182 1646 1669 2210 2660 1340 1813 2495 2106 1949 1363 1274 2018 2405 1514 1266 1943 1453 2077 2226 1036 719 1353 1177 1039 1767 1708 2015 1208 1942 812 917 2492 1105 1687 1793 745 2428 1475 2319 2357 1094 1321 2202 2374 1093 1156 1140 1347 1634 1262 1376 1175 1493 1224 1522 1480 1116 2063 2067 2030 360 2137 1912 1951 1574 2531 776 2648 1904 1983 1607 2369 842 1502 2568 941 1386 938 1087 1684 686 1212 804 631 1946
1100 1294 2407 1353 3141 1096 2624 2689 1950 2121 3238 1505 1438 2062 1203 2790 1555 3406 3206 1217 1812 3513 3409 2495 1625 2823 2585 2148 3364 1116 2949 1642 3197 2572 2713 2695 2488 3130 2955 2170 1532 883 1158 2919 820 2153 2685 1390 2639 2175 2959 1897 3345 3190 3049 1684 1414 1628 633 1581 2710 2902 2753 2537 2514 1281 2495 2785 2064 2967 1319 1967 1848 1658 622 2033 2137 360 3628 1101 2750 1008 2548 1372 2028 1165 3359 1663 2085 1814 1380 2487 2064 1811 1483 3115 2227 1356 2326 2349 3259
3347 3004 1732 2849 1750 3893 1375 2837 2652 2744 2871 4284 4269 1927 2984 3243 2768 614 2948 4212 2795 491 3211 3319 2999 2051 2227 2734 3107 3064 1618 2982 1366 3241 3347 1733 1636 1120 1205 1898 3278 3247 3565 1555 3487 2165 1493 4038 1382 2368 2552 2269 3162 1489 3247 3863 2631 2831 3730 3896 1801 1117 1800 1685 2733 2807 1762 1802 2288 1050 2808 2871 2581 3094 3596 2829 1912 3628 360 3246 2453 4076 1508 4199 3290 3250 706 3880 1919 2487 4116 1512 2734 2195 2506 2166 2006 2762 1998 1811 2441
1637 1601 1906 1554 3087 1811 2236 2950 1244 2369 3465 2240 2176 1767 1467 3151 893 3056 3455 1958 2068 3120 3699 2904 886 2852 2663 1419 3634 1422 2852 904 3040 2953 3109 2610 2305 2897 2716 1709 1996 1291 1764 2799 1418 2152 2498 2101 2223 1508 3126 1870 3630 3066 3386 2322 1408 1883 1365 2240 2651 2593 2698 2006 2753 1397 1948 2733 1444 2651 805 2261 2002 917 1302 1298 1951 1101 3246 360 2898 1749 2307 2108 2467 432 3031 2309 1703 1190 2105 2102 2307 1441 1228 3172 2161 1473 2284 2213 3378
2019 1816 2386 1770 1129 2548 2064 749 2986 1019 969 2772 2796 1857 1910 1151 2756 2213 996 2869 1307 2423 1284 1281 3059 761 664 3215 1191 1995 1194 3057 1472 1180 1264 1130 1453 1694 1651 2251 1745 2227 2196 1259 2358 1163 1448 2538 2157 2899 590 1422 1217 1366 1177 2185 1850 1483 2671 2274 1046 1867 1031 2512 717 1889 2556 1020 2702 1911 2549 1198 1275 3169 2558 3212 1574 2750 2453 2898 360 2836 1612 2746 1452 2952 2112 2213 2057 2677 2637 2040 1065 2106 2095 818 1248 1809 1132 1360 870
