140 1511 2212 2296 1731 2364 2401 1063 1241 1270 1083 2303 1202 1134 320 1052 1939 1023 899 1946 2738 1738 1777 740 2617 2407 1678 1857 2207 605 1173 1877 1598 785 2138 1202 1736 2431 2477 2104 1521 2669 2735 1796 1798 2559 528 380 1123 1262 2498 2236 1658 1906 597 1885 3217 1334 1497 2220 520 1153 2580 1694 2355 420 1470 1148 2763 1632 1990 2285 2612 453 1998 2249 1718 1982 945 1583 2147 2582 934 1158 1529 2845 1170 1062 2195 2211 2053 360 2186 2143 2296 2256 1575 2744 2260 909 879 1049 1040 904 522 2259 1660 719 2094 2475 2091 1299 886 1721 752 1387 709 3240 1839 2532 2608 656 2233 1900 2935 2205 1297 1732 1718 1412 1528 2253 1997 1090 707 2502 509 919 2278 810 1376 3047 1799 1516 2628 2441 1916 1874 1796 2993 2411 1809 1249 1537 840 2227 1771 1002 2562 2074 2376 549 1437 1888 1484 1949 2836 1961 2228 2309 1779 1304 2297 3265 2412 1698 634 2015 1547 2078 2614 2515 2247 2159 1693 3201 1812 2424 2181 435 1378 668 967 1865 2596 748 2600 1286 2399 2269 1668 1662 1444 1411 1231 2188 2212 2259 1884 1143 2083 1056 2014 2215 1516 1325 330 611 3045 2932 2282 1120 1053 1919 1728 1856 1165 1038 1263 1495 1790 1457 841 3091 2052 2222 1534 616 2156 1515 966 2307 1814 2198 2131 1156 1355 1525 2090 2831 2014 1829 644 2452 1058 418 941 2453 2007 950 2077 533 1483 2428 1979 1665 693 500 2573 973 2129 1158 1583 971 699 1796 2269 2303 2760 2176 1951 2012 989 2204 2158 2052 549 1019 2558 887 1603 1857 2240 1354 2162 1853 917 1753 429 847 732 1374 899 1209 2213
1611 360 1083 1479 1913 1255 1674 807 1534 1985 1701 2198 702 1425 1552 2506 806 935 1056 1079 1602 2010 1182 1608 1471 1465 1682 1012 1287 1990 1431 925 1601 1348 1039 1856 722 1570 1449 1100 1995 1611 1682 2011 652 1566 1434 1733 2594 1036 1404 1496 588 757 1279 2016 2070 1947 470 1905 1589 1444 1468 1299 1952 1521 409 870 1614 1815 1107 1638 1464 1605 898 2040 639 2020 2095 1298 1195 1663 1141 1504 1642 1693 1519 834 1526 1823 928 1808 1035 1919 1794 1804 1633 1626 1397 2158 1143 1717 983 976 1887 1628 1502 1607 2183 2382 1380 1569 1131 572 2138 1206 1654 2089 1592 1394 1463 1556 1832 1191 1791 1129 1881 1385 958 1106 811 1526 1426 788 1950 1374 1923 1802 1406 1061 523 1897 649 569 1541 1401 1366 1392 793 1853 2128 1682 851 1772 2269 1188 1484 2058 1410 926 2189 1992 1087 1694 1524 1206 1690 1958 2036 2054 2113 896 1968 2114 2142 559 2068 1254 713 1071 1509 1375 1445 1532 1117 2050 1984 1347 1977 1660 543 1253 2399 1732 1520 2152 1627 730 1672 1927 1065 1078 1551 524 881 1630 1237 1616 1980 1586 1121 914 1731 1991 1030 921 1540 1336 1895 1827 1142 1585 1001 1763 1098 1551 1931 898 791 1489 1396 1973 1051 1946 2218 1394 403 1449 1944 456 2435 1251 1047 1383 2217 922 571 1618 1565 1683 1838 1650 1776 2225 1192 1560 2194 2273 865 2224 1532 1834 1247 2181 830 1585 1813 1730 1423 2434 1175 2629 673 2411 1599 1877 1430 1202 1610 1045 1562 1687 2455 1320 2112 959 1921 875 1510 1412 1532 1386 1337 615 2016 711 1705 653 1781 1725 1847 736 2205 1639 1687
2312 1083 360 1570 2479 947 1791 1517 2191 2668 2393 2217 1425 2101 2256 3217 810 1572 1779 930 1074 2281 1247 2328 783 965 1910 1310 900 2655 1887 1165 2163 1958 907 2328 861 1579 1256 710 2631 931 1001 2574 851 970 2155 2448 3287 1691 1078 1227 914 763 1975 2214 1373 2384 1075 1856 2311 2117 1064 1778 2246 2237 1130 1463 932 2396 910 1835 894 2325 586 2029 855 2520 2817 1528 1246 1572 1857 1967 2232 1048 1977 1557 1318 1745 518 2517 573 1929 1636 2098 2208 1166 1030 2881 1864 2414 1587 1667 2606 1840 1706 2329 2320 2775 1611 2215 1852 874 2796 1812 2264 1419 1699 904 771 2181 1742 1509 1088 549 2322 1859 1372 1703 1364 1689 1749 1508 2673 652 2638 2362 1024 1763 1242 1212 825 1182 1189 775 1349 1787 1090 1279 2460 2176 1386 2090 2985 1097 1612 2628 786 556 2157 2704 1422 2155 2116 1103 994 2450 2037 2007 2392 1552 1892 1437 2478 884 2745 1495 1072 1114 792 668 1563 1777 1570 1368 2537 674 2377 2327 1255 1973 3115 1859 1200 2870 1470 1307 1790 2262 1528 1238 2157 1227 1565 1482 1230 1396 2168 2056 789 1542 2141 1982 1316 1565 2241 2003 1216 1106 752 2064 1590 2226 1526 1636 2625 1546 1480 1788 1841 2621 1733 1341 2391 1505 1074 2093 1955 1058 3127 646 1054 1514 2345 1485 1283 2207 1471 1083 2277 2128 2406 2161 1723 2278 2917 2229 584 2947 1435 2555 1542 2525 641 1801 2536 2388 845 3143 810 3321 1018 3082 2321 2415 1077 948 997 399 1579 2085 3144 964 2563 912 2639 1598 854 1980 1775 1425 1383 1221 2051 826 2415 968 2498 2442 2570 1238 2836 2086 1545
2396 1479 1570 360 1652 1050 581 1755 1673 2130 1953 3272 1568 1677 2343 3143 1205 1979 1767 2005 1342 3129 2231 2104 1607 2175 2797 843 2084 2849 2534 916 1411 2364 1023 2937 1692 503 819 1868 1941 2069 2127 1722 1313 2168 2134 2428 3319 1397 1023 2393 1593 1297 2150 3131 1998 3040 1584 2944 2224 1675 1129 1044 1082 2244 1477 1957 1657 1620 2008 651 1381 2274 1610 3099 1591 1561 2514 2405 690 679 1723 2603 1520 1605 2619 1675 2464 2846 1542 2540 1357 2983 2774 953 1467 1238 2218 2631 1776 1993 2048 1928 2531 667 2610 2117 3289 1652 590 1655 1769 1426 3002 1320 2640 1913 2679 1255 1615 2531 2850 756 1828 1752 2976 1064 957 1260 1164 509 766 1690 2488 1695 2596 2829 2215 1957 1480 1834 1355 1309 1053 1974 2395 897 1048 1530 1307 1286 1962 2891 2892 837 2573 3061 1459 1411 3242 2680 2203 1216 1446 2178 1739 1493 3099 3098 3232 1357 2996 1955 1327 1471 2891 641 1802 833 1870 1620 410 662 968 1929 1672 1859 1301 2548 1456 1990 3008 2829 1003 2763 764 1840 580 1132 988 2153 1509 1432 1436 2609 699 2551 3093 2679 1935 1970 1125 3050 2137 1333 2348 2269 1809 2079 1206 2674 2074 1270 929 2630 2144 1935 1429 2608 1005 1967 2004 1649 3331 445 1436 2407 3009 1564 3177 1856 2053 461 3322 2018 1461 1499 2569 1503 1272 1226 2723 3265 2279 2265 2661 3323 1453 2699 2533 2455 2363 1376 1388 2697 2332 2633 1389 3095 1975 3354 1746 3223 2122 1544 2263 1014 1498 1547 2616 1067 3210 2143 1525 1036 2559 1710 2027 2460 2646 2440 546 1729 3091 1273 2074 1218 2455 2142 2345 1856 3120 2737 2672
1831 1913 2479 1652 360 2194 1590 1778 874 996 1022 3604 1677 1008 1828 2229 2030 2003 1517 2632 2568 3206 2690 1355 2710 2994 2992 1563 2830 2272 2539 1698 677 2183 2034 2782 2274 1782 2078 2628 705 3051 3120 457 2008 3065 1607 1759 2479 1255 2239 3048 2138 2079 1832 3293 3216 2914 2004 3377 1571 984 2351 1074 1211 1689 1871 2078 2807 469 2660 1434 2548 1638 2382 3480 2181 624 1512 2695 1779 1958 1376 2573 637 2801 2590 1650 3072 3314 2366 1876 2313 3357 3316 1204 639 2490 2947 1652 1432 1063 2083 1840 1765 1405 2869 1376 3495 1114 1440 814 1437 2044 2397 1067 2321 3157 3012 2423 2712 2224 3329 1404 2996 2603 2860 1005 1471 1167 1493 1518 1251 1715 1616 2718 1844 2548 2955 1780 1776 3039 2045 1722 2310 2878 2877 1138 1750 2790 1151 726 2157 2963 2008 1956 2909 2685 2582 2283 3628 1921 2469 802 751 2752 2895 632 3469 3512 3280 1384 3448 3196 1143 2065 2253 1482 2232 1835 2891 2672 1611 1359 1276 3158 444 2792 927 2095 1746 1597 2088 3115 2261 1896 2056 2075 1589 1101 1314 2569 737 1754 1424 3159 1842 3160 3273 2610 2662 2019 924 3434 2469 1356 1854 1984 3020 3172 2260 2593 2116 763 1326 2992 1068 1970 1508 2774 1045 760 1875 2909 3492 1634 1891 2111 3379 2001 2378 2730 2589 1606 3533 2140 1724 658 3082 2721 812 786 2315 3682 2289 1677 1668 3714 2271 1706 3053 1688 2608 1140 2204 2925 1496 2177 2536 2217 2715 2509 2212 2506 1394 480 2981 2134 2691 2443 3036 970 2422 2869 810 1981 1778 1647 2971 2317 2859 2873 1746 2025 3428 2019 1199 1881 1751 1281 1482 2155 2571 2683 3211
2464 1255 947 1050 2194 360 1260 1680 2042 2533 2293 2784 1522 1990 2404 3322 812 1831 1843 1483 758 2777 1772 2329 917 1537 2414 1009 1487 2871 2285 905 1899 2244 586 2723 1270 1023 670 1289 2419 1385 1440 2279 971 1502 2245 2554 3444 1600 515 1813 1232 882 2149 2734 1382 2801 1319 2430 2378 1999 576 1486 1769 2346 1283 1757 984 2133 1472 1339 714 2410 1074 2599 1197 2168 2801 2016 783 989 1867 2362 1991 967 2375 1661 1901 2321 985 2646 748 2494 2220 1632 1952 740 1617 2893 1898 2324 1875 1860 2692 1351 2211 2336 2861 2331 1166 2047 1888 1084 3021 1640 2550 1337 2235 588 925 2452 2320 1150 1167 1136 2736 1549 1137 1539 1250 1191 1342 1640 2709 1010 2741 2694 1610 1930 1357 1205 990 1208 650 1315 1903 1425 940 1009 1992 1846 1716 2562 3075 600 2138 2952 772 856 2732 2818 1861 1800 1888 1661 1070 2098 2605 2583 2886 1489 2470 1374 2012 1126 2940 1084 1451 724 1182 931 1060 1315 1301 1329 2234 1196 1957 2543 1350 2069 3202 2394 641 2950 883 1605 1259 1808 1279 1731 1942 1317 1539 2062 733 1981 2692 2449 1366 1809 1747 2551 1767 1485 2398 2224 1187 1392 555 2451 1890 1866 1248 2176 2516 1793 1481 2260 1510 2427 1937 1121 2922 1008 1221 2342 2520 1296 3288 1218 1577 1026 2889 1802 1371 1967 2044 895 1894 1789 2670 2740 2069 2379 2927 2807 929 2962 2008 2627 2005 2061 892 2306 2557 2618 709 3259 1393 3479 1388 3285 2334 2105 1663 425 857 937 2134 1687 3313 1551 2169 671 2724 1705 1353 2303 2269 1968 874 1493 2612 910 2364 977 2595 2412 2583 1575 3098 2493 2126
2501 1674 1791 581 1590 1260 360 1913 1698 2124 1978 3483 1727 1724 2452 3203 1424 2147 1888 2223 1519 3322 2443 2168 1812 2396 2996 1024 2306 2961 2713 1118 1392 2518 1245 3104 1905 613 1000 2089 1904 2284 2340 1647 1527 2387 2234 2516 3395 1500 1215 2614 1801 1515 2280 3330 2168 3212 1781 3159 2308 1719 1315 1086 903 2344 1667 2135 1852 1576 2228 515 1577 2362 1831 3312 1803 1458 2546 2607 912 757 1827 2779 1503 1789 2795 1822 2684 3062 1764 2632 1578 3196 2993 798 1447 1403 2439 2670 1884 2020 2219 2080 2606 545 2812 2183 3493 1477 678 1670 1879 1636 3112 1388 2783 2071 2887 1454 1821 2674 3067 884 2016 1973 3148 1079 1114 1349 1319 514 775 1845 2544 1909 2675 2980 2437 2099 1659 2010 1569 1492 1222 2194 2610 912 1251 1684 1126 1230 2148 3081 2954 1056 2781 3204 1664 1633 3456 2759 2401 1148 1450 2395 1932 1394 3312 3313 3423 1485 3213 2114 1147 1680 2994 789 2006 1053 2082 1832 598 616 1072 2094 1595 2078 1161 2671 1633 2103 3065 3035 1174 2826 881 2026 361 973 1105 2361 1512 1611 1566 2828 920 2772 3294 2852 2157 2140 1031 3263 2339 1457 2460 2407 1983 2280 1423 2846 2246 1189 1046 2840 2151 2103 1573 2803 1016 1939 2154 1800 3532 656 1631 2548 3222 1762 3258 2077 2268 657 3526 2198 1634 1486 2786 1680 1168 1172 2856 3481 2453 2360 2698 3538 1674 2737 2751 2528 2561 1195 1609 2898 2389 2758 1589 3161 2197 3430 1952 3319 2190 1474 2484 1229 1684 1769 2829 980 3294 2365 1392 1258 2633 1855 2244 2621 2845 2652 767 1919 3302 1489 2115 1425 2538 2188 2398 2050 3239 2913 2890
1163 807 1517 1755 1778 1680 1913 360 1307 1683 1394 2187 546 1175 1104 2061 1242 608 677 1356 2042 1845 1310 1221 1916 1801 1586 1274 1605 1550 1189 1247 1501 969 1456 1553 1070 1871 1833 1460 1766 2010 2079 1872 1096 1931 1001 1291 2146 911 1822 1729 970 1203 833 1902 2516 1665 802 1963 1163 1198 1896 1341 2057 1080 768 660 2061 1670 1395 1837 1911 1171 1312 2062 1031 1948 1698 1277 1531 1996 809 1246 1502 2141 1263 488 1724 1907 1359 1362 1483 1939 1928 1922 1515 2058 1689 1744 781 1398 689 541 1449 1819 1452 1216 2097 2382 1596 1358 770 1018 1700 1115 1256 2537 1594 1835 1908 1150 1923 1390 2235 1532 1602 1415 1160 1057 954 1758 1573 432 1529 1809 1481 1435 1703 613 683 2344 1096 845 1956 1787 1492 1491 1141 2295 2191 1647 742 1597 1828 1573 1492 1674 1858 1371 2210 1547 1053 1689 1397 1421 2135 1897 2050 2095 1934 831 2036 2562 2200 997 1624 1487 919 1434 1932 1816 1711 1715 1230 2498 1859 1753 1999 1222 692 823 1958 1698 1930 1713 1986 684 1911 2004 1186 1183 1400 725 757 1781 1588 1807 1877 1310 1457 614 1768 2016 1065 866 1092 905 2342 2251 1584 1301 721 1748 1240 1575 1610 567 712 1370 1451 1729 620 2391 2106 1671 832 1032 1961 818 1987 1644 1260 1653 2134 723 675 1483 1695 2130 1838 1634 1359 2264 923 1121 1781 2295 1307 1808 1669 1401 1190 2232 1277 1513 1404 1297 1870 1988 1508 2181 934 1968 1204 1777 1710 1622 2057 1480 1627 1740 2008 1620 2079 1372 1482 495 1903 1067 1448 1472 1652 692 2010 1153 1352 1063 1341 1354 1441 779 1781 1376 1826
1341 1534 2191 1673 874 2042 1698 1307 360 851 640 3116 1242 497 1327 1881 1765 1514 1019 2238 2438 2696 2249 887 2492 2640 2496 1396 2460 1796 2031 1499 727 1669 1842 2267 1894 1817 2014 2274 825 2756 2826 957 1700 2735 1100 1289 2098 863 2126 2641 1762 1790 1317 2789 3050 2399 1607 2909 1087 472 2233 988 1511 1190 1487 1601 2610 767 2270 1554 2377 1153 2052 3001 1814 1107 1207 2219 1675 1992 875 2062 648 2635 2080 1183 2651 2855 2056 1410 2060 2880 2873 1438 696 2389 2566 1333 927 682 1592 1344 1330 1525 2385 907 2994 1597 1443 420 933 1703 1931 761 1809 3018 2535 2262 2490 1711 2871 1315 2801 2283 2346 979 1265 866 1194 1577 1286 1253 1226 2460 1407 2036 2576 1275 1378 2869 1729 1376 2225 2560 2434 1148 1502 2682 1539 944 1690 2455 1638 1826 2436 2183 2382 2000 3148 1489 1998 1030 625 2336 2697 1081 2989 3039 2769 1004 2982 3054 1538 1714 1792 1424 1814 1681 2621 2431 1624 1441 1116 3005 959 2490 1306 1592 1353 1082 1740 2629 2181 1513 2057 1622 1697 1415 1127 2124 572 1370 1013 2721 1745 2737 2771 2097 2296 1534 1167 2957 2011 987 1350 1469 2856 2924 2056 2080 1624 1050 1169 2520 839 1485 1103 2278 1042 799 1371 2799 2986 1624 1522 1597 2901 1609 1977 2409 2172 1595 3032 1660 1327 645 2638 2575 1142 975 1811 3206 1787 1183 1360 3233 1970 1399 2611 1249 2129 1551 1910 2435 1079 1676 2355 1849 2349 2131 1805 2076 922 920 2595 1976 2529 2153 2574 1180 2017 2490 1279 1771 1350 1172 2663 1803 2368 2419 1699 1591 2944 1726 785 1585 1292 864 1080 1711 2095 2170 2769
1370 1985 2668 2130 996 2533 2124 1683 851 360 648 3405 1665 926 1408 1602 2250 1843 1366 2663 2929 2912 2631 921 2980 3085 2771 1886 2898 1757 2274 1991 1092 1877 2334 2414 2335 2272 2495 2724 669 3226 3297 1013 2176 3192 1238 1263 1861 1337 2615 3050 2209 2270 1525 3033 3541 2548 2045 3241 1129 911 2722 1454 1829 1277 1936 1952 3100 948 2699 1972 2868 1189 2516 3312 2264 1255 885 2551 2161 2450 1236 2287 981 3126 2303 1575 3047 3201 2528 1364 2545 3195 3240 1796 1038 2878 2996 1024 1262 646 1911 1664 1216 1942 2692 940 3242 1723 1901 848 1273 2168 1861 1253 1923 3510 2857 2753 2978 1845 3220 1793 3291 2748 2504 1426 1756 1357 1680 2020 1729 1644 1033 2942 1291 2143 3008 1570 1823 3361 2203 1846 2711 3023 2808 1594 1992 3172 1788 1277 2051 2685 1393 2315 2765 2225 2872 2479 3454 1357 2344 1368 1044 2742 3187 1269 3296 3359 2968 1475 3317 3545 1780 2174 1712 1898 2228 2171 3099 2916 2083 1872 1601 3496 1052 2960 1560 1660 1802 1318 1461 2928 2666 1290 2525 2007 2123 1721 1616 2504 982 1823 1468 3099 2230 3129 3022 2300 2738 1869 1508 3271 2377 1463 1439 1660 3347 3406 2547 2280 1940 1357 1655 2852 464 1824 1556 2561 1486 603 1665 3289 3218 2089 1979 1756 3213 2051 1773 2873 2580 2060 3280 2000 1774 998 3009 3067 1428 1328 1874 3519 2064 1248 1038 3537 2444 1075 2986 1149 2454 1776 2387 2727 953 1730 2846 1596 2791 1890 2229 1922 960 1107 3021 2468 3021 2629 2921 1540 1819 2922 1439 2262 1219 1551 3130 2009 2660 2780 2175 1999 3243 2206 735 2066 1237 787 924 2102 2046 2372 3140
1183 1701 2393 1953 1022 2293 1978 1394 640 648 360 3136 1378 663 1196 1615 1985 1560 1078 2375 2691 2664 2343 703 2719 2799 2504 1655 2611 1613 2014 1748 981 1625 2086 2188 2049 2096 2283 2439 806 2947 3018 1078 1903 2908 996 1100 1844 1069 2385 2761 1923 2000 1268 2776 3289 2323 1759 2962 924 654 2490 1268 1766 1058 1653 1666 2843 934 2411 1833 2620 990 2236 3038 1979 1283 928 2271 1942 2271 947 2033 882 2877 2049 1286 2759 2919 2250 1215 2279 2919 2955 1704 938 2649 2707 1056 975 404 1630 1381 1104 1803 2417 724 2985 1776 1722 670 985 1889 1736 1020 1707 3265 2579 2509 2716 1619 2937 1588 3033 2468 2275 1259 1519 1115 1420 1857 1567 1355 970 2671 1183 1932 2719 1292 1539 3109 1928 1571 2490 2742 2522 1428 1736 2939 1769 1194 1765 2432 1377 2085 2485 2044 2616 2208 3181 1261 2061 1284 895 2453 2928 1275 3022 3082 2726 1203 3037 3300 1765 1893 1590 1700 1940 1937 2826 2649 1903 1721 1384 3248 1099 2681 1534 1460 1518 1048 1473 2656 2447 1257 2333 1719 1976 1664 1390 2216 835 1540 1189 2812 2012 2841 2763 2053 2452 1586 1424 2996 2091 1195 1225 1411 3097 3135 2293 2034 1660 1293 1436 2572 591 1540 1276 2291 1322 747 1387 3054 2965 1902 1697 1520 2938 1765 1732 2591 2291 1873 3023 1717 1490 888 2723 2824 1379 1233 1680 3244 1794 1037 1082 3265 2169 1121 2699 1026 2174 1772 2114 2456 837 1538 2595 1589 2505 1876 1941 1848 744 1105 2733 2228 2773 2354 2638 1444 1774 2634 1466 2011 1119 1262 2849 1759 2388 2495 1973 1711 2971 1936 536 1798 1089 619 828 1814 1911 2126 2854
2403 2198 2217 3272 3604 2784 3483 2187 3116 3405 3136 360 2311 2980 2423 3132 2437 1963 2457 1661 2910 1010 1400 2853 2526 1766 995 2839 1707 2408 1501 2727 3327 1904 2664 1565 1939 3331 3081 1867 3556 2134 2150 3697 2318 1918 2537 2639 3015 2730 2928 1394 2042 2344 2243 819 2915 1475 2088 730 2675 3004 2922 3112 3790 2525 2220 1887 2641 3495 1673 3467 2729 2633 2072 552 2040 3773 3203 1279 2950 3374 2601 1505 3329 2791 1492 2316 1286 846 2160 2606 2397 651 998 3642 3342 3017 1602 3172 2552 3125 1884 2133 2783 3459 1094 2837 668 4188 3209 3171 2544 2207 2457 2934 1982 3039 967 2760 2509 2010 856 3027 2690 2040 1470 3195 2797 2860 2636 3344 3265 2252 2968 2329 2754 1845 1618 2210 2272 2836 2277 2404 3045 2000 1245 3225 2596 3067 3959 3461 1815 1137 3015 2865 1076 1990 2605 2290 493 2760 1506 3491 3224 1483 2650 3720 540 600 1048 2625 722 3033 3971 2162 2525 3081 1848 2808 2272 2411 3246 3367 2948 2962 3686 2099 3792 2247 2304 2448 3115 848 3053 2968 3293 1914 3482 3760 2896 1485 3227 2312 2565 1115 2968 1231 801 1522 1788 1944 3550 595 1534 2659 2390 2119 2858 2438 2591 1546 1852 3555 2934 1007 3312 1994 2495 1204 3216 3509 2113 3090 776 3190 2237 2055 624 2103 2886 2008 1583 3186 654 1824 2316 3311 1107 2872 3640 3440 2114 573 1702 2565 3203 528 2225 3209 1142 2795 1357 4009 2276 1042 2923 2226 2681 3043 1772 3036 1897 2716 2818 3604 1561 2768 2788 2217 1017 3511 2870 1643 3896 2620 2807 2317 2059 1783 1109 1192 3102 1993 542 2360 3032 2418 2691 2996 2966 1853 2346 1462 1057
1302 702 1425 1568 1677 1522 1727 546 1242 1665 1378 2311 360 1120 1242 2180 1099 783 714 1360 1896 2007 1374 1265 1804 1781 1729 1088 1593 1712 1362 1066 1383 1156 1296 1737 1032 1685 1658 1424 1708 1951 2021 1773 967 1895 1101 1406 2284 784 1660 1758 910 1075 989 2053 2401 1848 742 2063 1251 1142 1739 1178 1888 1194 654 801 1945 1572 1394 1654 1775 1271 1239 2174 969 1826 1753 1392 1349 1812 802 1422 1400 2014 1439 500 1769 1997 1271 1490 1362 2052 2000 1750 1404 1902 1691 1816 801 1390 860 723 1555 1636 1580 1265 2241 2240 1410 1286 789 911 1864 985 1439 2411 1708 1691 1797 1332 2011 1205 2125 1468 1784 1256 974 910 768 1573 1394 484 1609 1715 1596 1621 1703 773 544 2226 976 675 1791 1736 1561 1318 966 2151 2032 1509 856 1760 1939 1400 1602 1858 1733 1261 2324 1668 1164 1543 1287 1453 2023 1770 2165 2202 2100 675 2133 2439 2042 902 1778 1301 931 1257 1852 1713 1525 1533 1052 2377 1755 1687 1849 1388 538 920 2068 1825 1763 1819 1805 760 1726 1840 1006 1252 1301 571 615 1845 1407 1855 2025 1490 1434 781 1612 2127 1154 709 1235 1080 2222 2170 1442 1482 890 1605 1058 1682 1604 739 545 1516 1287 1678 801 2251 2258 1484 712 1211 2074 750 2128 1588 1289 1466 2278 868 513 1379 1766 1993 1692 1490 1537 2373 1097 1231 1852 2409 1205 1882 1737 1498 1314 2076 1164 1648 1471 1467 1737 2111 1487 2319 925 2122 1256 1662 1718 1462 1925 1386 1720 1580 2151 1617 1944 1211 1588 544 1848 1253 1585 1556 1467 710 2131 1018 1368 910 1452 1385 1504 838 1954 1554 1895
1234 1425 2101 1677 1008 1990 1724 1175 497 926 663 2980 1120 360 1213 1838 1686 1378 883 2120 2389 2560 2121 811 2418 2530 2358 1355 2347 1696 1894 1445 823 1535 1783 2135 1781 1820 1987 2166 952 2660 2731 1093 1609 2631 983 1198 2040 771 2084 2519 1652 1704 1185 2652 2986 2267 1493 2775 990 384 2188 999 1589 1078 1377 1467 2541 899 2154 1587 2317 1054 1952 2866 1705 1232 1199 2085 1645 1993 739 1926 764 2574 1943 1053 2526 2722 1961 1319 1980 2745 2742 1503 804 2348 2450 1313 790 694 1455 1207 1258 1559 2248 829 2856 1717 1449 555 796 1604 1835 724 1683 2962 2400 2206 2416 1583 2738 1300 2732 2184 2213 1008 1217 813 1118 1594 1309 1123 1179 2376 1332 1910 2461 1137 1266 2806 1636 1280 2191 2460 2304 1172 1434 2637 1637 1035 1557 2318 1590 1785 2301 2065 2314 1913 3012 1416 1865 1115 709 2213 2627 1201 2853 2903 2633 909 2848 2997 1637 1611 1699 1415 1692 1635 2533 2351 1627 1469 1091 2945 1092 2394 1406 1475 1243 949 1700 2493 2148 1463 2048 1493 1723 1498 1093 1995 672 1262 905 2593 1715 2611 2634 1962 2184 1398 1245 2821 1880 897 1234 1337 2794 2840 1990 1945 1487 1145 1142 2386 890 1349 994 2141 1072 918 1234 2751 2849 1620 1417 1467 2765 1496 1911 2309 2049 1592 2894 1525 1215 756 2508 2521 1239 1057 1692 3070 1650 1076 1343 3097 1878 1382 2482 1177 1993 1653 1820 2298 1026 1561 2292 1799 2238 2074 1685 1996 840 1045 2478 1925 2470 2062 2441 1250 1949 2375 1399 1708 1281 1039 2565 1669 2231 2288 1684 1467 2808 1640 757 1501 1207 825 1034 1583 1993 2034 2639
420 1552 2256 2343 1828 2404 2452 1104 1327 1408 1196 2423 1242 1213 360 1323 1980 1077 941 2004 2778 1881 1848 855 2660 2465 1792 1900 2264 869 1284 1918 1676 884 2178 1366 1784 2477 2518 2156 1641 2720 2786 1898 1839 2614 591 589 1403 1312 2538 2306 1703 1946 645 2017 3260 1500 1541 2321 638 1233 2620 1751 2422 499 1511 1203 2805 1727 2048 2338 2652 580 2044 2359 1764 2074 1141 1668 2189 2627 984 1278 1614 2886 1292 1102 2269 2306 2097 622 2228 2250 2384 2319 1657 2784 2322 1126 927 1167 1101 950 753 2313 1759 835 2228 2565 2140 1387 934 1763 1020 1445 875 3281 1936 2572 2651 799 2328 1947 2979 2254 1457 1792 1762 1464 1570 2303 2051 1130 911 2547 759 1098 2339 853 1417 3089 1841 1556 2668 2492 1994 1930 1836 3033 2487 1885 1307 1668 1102 2267 1863 1217 2603 2116 2490 812 1511 1960 1561 2014 2879 2049 2339 2416 1929 1348 2398 3307 2489 1741 910 2061 1598 2119 2661 2559 2294 2212 1742 3243 1911 2472 2259 626 1418 712 1231 1973 2637 1001 2643 1337 2450 2338 1716 1730 1525 1451 1274 2270 2254 2335 2013 1275 2137 1110 2083 2323 1584 1370 393 686 3087 2979 2323 1253 1116 1995 1775 1949 1305 1089 1304 1600 1849 1579 889 3131 2192 2268 1575 729 2264 1559 1245 2357 1875 2244 2265 1216 1395 1607 2172 2872 2091 1901 846 2564 1142 520 1159 2569 2050 1174 2157 741 1568 2506 2021 1771 863 709 2613 1246 2184 1438 1632 1249 814 1886 2333 2343 2801 2220 2041 2079 1269 2264 2247 2092 784 1059 2609 1000 1707 1938 2284 1401 2276 1894 1041 1793 645 980 905 1427 1155 1343 2297
1152 2506 3217 3143 2229 3322 3203 2061 1881 1602 1615 3132 2180 1838 1323 360 2918 2035 1840 2954 3709 2502 2767 1398 3617 3415 2552 2757 3215 1086 2083 2805 2236 1750 3097 1931 2747 3284 3396 3117 1911 3681 3747 2255 2786 3569 1440 1134 644 2125 3446 3225 2665 2894 1608 2679 4216 2036 2502 3122 1305 1845 3536 2476 3020 1346 2462 2159 3760 2164 2998 3065 3594 1272 3007 3117 2726 2493 1078 2542 3054 3451 1821 2044 2136 3834 2051 2040 3174 3133 3059 1061 3179 3026 3239 2958 2194 3701 3263 938 1785 1570 2049 1913 990 3037 2582 1385 2874 2965 2919 1921 1795 2718 1043 2183 1540 4231 2760 3506 3609 1554 3157 2752 3936 3217 2028 2486 2612 2244 2447 3069 2787 2078 1019 3509 943 1647 3281 1814 2361 4043 2791 2483 3569 3453 2891 2651 2743 3964 3011 2449 2260 2358 611 3160 2709 1536 3553 3072 3227 874 2424 2540 2145 2947 3836 2500 3093 3187 2505 2208 3197 4258 3006 2699 968 2869 2559 3007 3625 3518 3092 2947 2538 4196 2291 3436 2778 1328 2358 1619 502 2753 3534 739 3490 2299 3201 2918 2527 2657 2088 2391 2148 3149 3123 3231 2692 1997 3094 2068 2680 3091 2511 2220 1341 1614 4040 3943 3260 1974 2060 2546 2582 2788 1521 2050 2201 2405 2550 1845 1852 4068 2806 3079 2525 1578 3034 2519 650 3319 2818 3052 2907 2165 2333 2144 3049 3812 2630 2489 1390 3309 2034 1308 924 3295 3008 888 3041 1058 2447 3007 2976 2566 1173 1310 3557 449 3140 664 2595 860 1380 2332 3269 3258 3745 3181 2894 2698 689 3210 2677 3012 958 1996 3570 1816 2511 2823 3123 2365 3020 2838 1456 2726 1088 1378 1164 2387 1194 2045 3165
2039 806 810 1205 2030 812 1424 1242 1765 2250 1985 2437 1099 1686 1980 2918 360 1380 1441 1159 1160 2360 1399 1964 1094 1376 2007 866 1256 2432 1839 721 1715 1793 610 2275 863 1254 1041 1037 2193 1381 1449 2124 519 1413 1838 2145 3023 1276 964 1553 795 453 1715 2335 1678 2357 867 2102 1982 1699 1022 1327 1829 1934 837 1305 1224 1949 1163 1439 1035 2007 773 2260 772 2070 2448 1607 877 1303 1490 1916 1786 1279 1930 1240 1620 2001 721 2229 654 2147 1928 1678 1760 1180 1388 2527 1510 2010 1423 1418 2291 1439 1809 1967 2478 2340 1196 1784 1499 636 2581 1375 2100 1676 1857 953 1090 2002 2005 1069 1411 956 2292 1408 921 1266 931 1300 1316 1209 2330 1056 2335 2242 1389 1495 922 1499 543 799 1101 1220 1555 1342 640 1413 2035 1726 1266 2137 2676 795 1754 2500 1003 615 2401 2408 1432 1707 1671 1332 1307 2001 2262 2256 2468 1143 2152 1706 2053 680 2506 1073 1018 733 1224 1025 1187 1364 1119 1647 2087 1125 1938 2102 921 1659 2805 2012 1084 2554 1240 1153 1423 1835 1078 1334 1715 888 1172 1763 890 1708 2295 2002 1098 1357 1698 2211 1347 1150 1971 1781 1492 1520 703 2003 1438 1778 1075 1803 2216 1343 1098 1838 1391 2186 1494 1512 2530 1128 773 1895 2173 844 2865 1078 1213 1130 2509 1350 946 1761 1724 1253 1831 1678 2222 2422 1618 1970 2562 2481 624 2595 1688 2232 1584 2098 554 1901 2184 2175 999 2850 1142 3058 955 2850 1962 1964 1432 763 1186 775 1780 1643 2888 1311 2117 546 2324 1283 1304 1851 1858 1605 1028 1040 2259 458 2027 554 2190 2063 2214 1128 2651 2048 1826
1123 935 1572 1979 2003 1831 2147 608 1514 1843 1560 1963 783 1378 1077 2035 1380 360 855 1289 2168 1597 1167 1330 1989 1749 1350 1496 1548 1443 941 1451 1736 773 1615 1318 1080 2089 2016 1441 1961 2006 2072 2095 1223 1897 1053 1294 2081 1155 1980 1614 1021 1323 794 1660 2585 1425 882 1763 1218 1402 2043 1589 2305 1099 911 487 2138 1894 1332 2077 2021 1206 1350 1848 1078 2184 1776 1071 1734 2204 999 999 1730 2235 1016 731 1591 1718 1415 1338 1581 1727 1759 2169 1747 2200 1611 1800 954 1557 442 539 1460 2059 1230 1321 1857 2625 1831 1568 946 1121 1585 1359 1079 2622 1384 1961 1979 984 1736 1626 2301 1548 1361 1663 1392 1304 1188 1992 1817 680 1579 1858 1475 1230 1628 639 866 2421 1211 1040 2116 1778 1334 1738 1333 2415 2439 1891 593 1349 1819 1754 1287 1483 1953 1458 1994 1529 861 1934 1629 1313 2205 2135 1835 1887 1686 1080 1838 2644 2448 1088 1533 1718 884 1625 1959 1880 1937 1956 1474 2576 2085 1764 2246 1115 886 903 1948 1475 2095 1717 2183 627 2145 2252 1429 1041 1627 914 1005 1623 1786 1667 1636 1067 1420 393 2016 1804 903 1114 1055 792 2423 2274 1710 1059 475 1993 1482 1373 1760 403 959 1132 1699 1918 558 2503 1863 1894 972 884 1747 903 1920 1646 1165 1878 1895 519 879 1713 1530 2238 2084 1879 1206 2053 675 1144 1836 2079 1384 1858 1509 1428 977 2479 1370 1282 1476 1176 1977 1955 1467 2114 924 1870 1304 2009 1625 1778 2160 1538 1438 1988 1935 1550 2320 1533 1493 721 1895 846 1216 1299 1864 715 1790 1283 1488 1223 1349 1473 1517 711 1638 1131 1661
999 1056 1779 1767 1517 1843 1888 677 1019 1366 1078 2457 714 883 941 1840 1441 855 360 1670 2228 2052 1624 915 2156 2110 1837 1319 1916 1443 1384 1340 1271 1057 1617 1671 1368 1898 1939 1761 1466 2299 2369 1607 1316 2233 762 1071 1965 758 1970 2046 1255 1424 756 2135 2751 1797 1084 2256 901 907 2058 1220 1928 864 1008 951 2295 1408 1709 1785 2115 928 1590 2344 1315 1715 1401 1565 1608 2046 504 1423 1251 2360 1440 586 2041 2208 1624 1166 1712 2223 2238 1808 1274 2222 2004 1462 463 1081 932 684 1211 1762 1725 913 2338 2177 1572 1075 453 1265 1596 935 1273 2757 1879 2025 2149 1164 2225 1374 2477 1818 1738 1277 1181 921 989 1736 1502 648 1255 2070 1258 1487 2017 626 897 2575 1328 1003 2097 2082 1803 1393 1266 2483 2030 1449 1047 1807 1596 1692 1781 1688 2080 1614 2490 1335 1348 1506 1158 1738 2374 1672 2330 2383 2131 769 2331 2786 2036 1255 1491 1486 1233 1542 2205 2066 1719 1659 1176 2725 1601 2037 1819 1143 888 590 1724 1970 2064 1473 2061 1002 1886 1858 1144 1497 1148 919 693 2093 1673 2123 2115 1468 1764 877 1608 2300 1373 793 943 896 2570 2523 1781 1454 964 1557 1204 1867 1292 829 726 1619 1326 1425 719 2587 2334 1690 1066 1038 2243 1096 1812 1935 1577 1667 2375 1005 861 1235 2005 2333 1651 1448 1331 2549 1132 896 1498 2575 1559 1528 1981 1150 1472 2062 1517 1775 1117 1229 2080 1776 1816 2000 1243 1830 904 1534 2026 1780 2267 1740 1927 1591 1840 1934 1863 1532 1244 552 2195 1185 1708 1779 1702 1004 2285 1365 1036 1247 1112 1042 1151 1097 1713 1540 2136
2046 1079 930 2005 2632 1483 2223 1356 2238 2663 2375 1661 1360 2120 2004 2954 1159 1289 1670 360 1643 1720 684 2216 1305 820 1347 1622 620 2312 1411 1490 2320 1590 1370 1835 721 2048 1780 601 2702 1122 1179 2730 1070 977 1970 2223 2974 1750 1628 780 856 1067 1723 1644 1828 1870 992 1311 2136 2141 1628 2001 2600 2026 1121 1161 1444 2534 404 2231 1462 2130 771 1477 822 2735 2687 984 1676 2078 1789 1487 2361 1581 1494 1450 827 1206 858 2264 1097 1371 1129 2449 2353 1736 693 2721 1772 2383 1265 1441 2389 2228 1145 2210 1750 3074 1980 2277 1761 984 2438 1925 1874 1910 1128 1474 1289 1811 1208 1825 1554 778 1812 2087 1621 1825 1517 2096 2074 1383 2502 1117 2404 1923 707 1548 1222 1696 1026 1276 1748 897 781 2068 1369 1836 2795 2393 1057 1544 2745 1571 1043 2185 1347 989 1613 2454 944 2397 2243 538 1482 2670 1482 1465 1830 1612 1357 1919 2810 949 2415 1853 797 1532 1142 1181 1985 2146 1805 1846 2704 932 2667 2003 1250 1804 2873 1289 1754 2645 1993 1044 2222 2592 1754 713 2269 1239 1587 964 1684 917 1598 1575 534 1256 2420 1429 836 1638 1981 1700 1709 1426 1291 1588 1254 2468 1776 1065 2598 1282 1498 1249 2090 2676 1484 1884 1820 1927 1103 1752 1397 993 2815 808 514 1928 1775 1149 1275 2337 928 1637 2537 2357 2028 1628 1316 2071 2758 1690 926 2781 892 2356 1022 2853 982 1239 2388 2045 1413 2872 560 3006 794 2734 2197 2595 718 1467 1550 923 1012 2372 2823 624 2817 1334 2422 1478 1009 1572 1220 854 1826 1026 1489 1098 2346 1192 2278 2350 2428 948 2441 1590 1026
2838 1602 1074 1342 2568 758 1519 2042 2438 2929 2691 2910 1896 2389 2778 3709 1160 2168 2228 1643 360 2995 1961 2725 772 1548 2624 1403 1565 3231 2569 1303 2281 2577 975 3011 1528 1265 882 1413 2807 1279 1314 2649 1309 1455 2629 2937 3821 1998 689 1888 1527 1206 2515 2928 1017 3077 1646 2543 2766 2397 577 1869 2058 2727 1636 2080 732 2512 1620 1631 542 2796 1277 2719 1480 2521 3198 2239 1149 1156 2260 2648 2377 633 2659 2037 1990 2428 1186 3026 963 2626 2302 1934 2335 497 1678 3289 2288 2723 2203 2217 3079 1649 2420 2731 3030 2631 1506 2442 2277 1407 3380 2037 2886 949 2412 567 788 2792 2423 1526 865 1234 3014 1926 1534 1937 1647 1491 1692 2009 3102 957 3126 3013 1666 2296 1722 852 1317 1586 658 1303 2058 1791 1334 615 2282 2211 2024 2800 3463 977 2326 3275 665 1093 2839 3201 2117 2158 2277 1812 796 2451 2729 2690 3106 1884 2570 988 2303 1441 3307 1446 1731 1117 1076 868 1366 1636 1692 952 2603 1188 2281 2901 1719 2451 3591 2572 705 3339 1023 1923 1518 2114 1673 1949 2333 1686 1932 2160 1086 2058 2882 2737 1491 2143 2089 2674 2015 1881 2770 2578 827 1166 819 2742 2214 2220 1638 2348 2913 2134 1870 2497 1882 2817 2293 723 3103 1324 1572 2689 2652 1624 3664 1264 1768 1348 3054 2117 1743 2353 2163 521 2237 2153 3014 2834 2376 2762 3323 2907 1173 3358 2129 3016 2247 2352 1167 2515 2951 2972 591 3643 1501 3856 1669 3650 2728 2473 1723 824 540 1087 2285 2030 3687 1629 2503 1058 3112 2080 1292 2622 2488 2137 1196 1817 2750 1250 2762 1345 2980 2809 2978 1877 3445 2773 2221
1838 2010 2281 3129 3206 2777 3322 1845 2696 2912 2664 1010 2007 2560 1881 2502 2360 1597 2052 1720 2995 360 1396 2350 2664 2009 732 2657 1876 1786 1028 2574 2961 1399 2609 931 1867 3216 3040 1960 3103 2388 2424 3293 2213 2185 2034 2079 2371 2392 2931 1647 1926 2273 1757 553 3156 829 1906 1147 2151 2584 2952 2824 3536 2000 2014 1567 2801 3097 1750 3274 2816 2100 2084 1057 1948 3407 2643 1121 2836 3295 2191 994 2943 2941 977 1968 1541 1221 2176 2028 2414 1016 1387 3396 2966 3077 1819 2596 2133 2645 1515 1736 2209 3260 935 2332 732 3860 3019 2755 2128 2092 1820 2594 1394 3254 985 2813 2648 1445 1245 2820 2896 2139 833 2900 2581 2542 2391 3171 3033 1917 2404 2474 2169 1224 1839 1786 2029 3041 2179 2191 3061 2200 1339 2965 2442 3196 3676 3125 1536 608 2403 2794 1045 1344 2705 2289 1125 2165 1291 3172 2850 1569 2833 3362 1029 1137 470 2315 1201 3259 3685 2046 1900 2896 1704 2702 2471 2541 3095 3160 2694 3185 3290 2269 3483 1669 2058 1984 2495 848 3057 2368 3240 1656 3320 3487 2646 1410 2840 2076 2242 1406 2869 1535 585 971 1887 1591 3254 1051 1373 2350 1848 1613 3057 2708 2600 992 1483 3229 2694 1052 2813 1638 2191 883 2934 3049 1693 3244 674 3044 2052 1517 1009 1926 2247 2153 1587 3033 766 1501 2062 2927 1336 2997 3321 3116 1507 1211 1287 2035 2623 1178 2212 2626 1357 2232 1136 3717 2244 840 2382 1633 2766 2414 1894 2391 1766 2071 2312 3226 1791 2744 2911 2267 1153 3225 2229 1825 3551 2545 2229 1956 2290 1265 868 1247 2982 1762 950 2268 2537 2282 2127 2488 2424 1633 1701 900 1378
1877 1182 1247 2231 2690 1772 2443 1310 2249 2631 2343 1400 1374 2121 1848 2767 1399 1167 1624 684 1961 1396 360 2136 1629 1060 1024 1805 883 2089 1128 1688 2390 1378 1633 1532 899 2292 2057 925 2713 1412 1462 2787 1277 1236 1857 2075 2757 1795 1922 819 1005 1306 1582 1328 2145 1558 1075 1084 2021 2144 1932 2119 2770 1895 1212 1046 1769 2586 717 2431 1781 2004 1061 1229 1000 2824 2581 667 1910 2340 1759 1200 2413 1906 1204 1427 785 1000 1153 2097 1394 1112 986 2620 2415 2049 880 2598 1728 2345 1118 1341 2241 2425 820 2127 1448 3203 2174 2296 1718 1167 2203 1989 1633 2232 823 1785 1614 1587 1010 1999 1875 1103 1502 2205 1775 1900 1632 2306 2241 1358 2377 1442 2244 1651 900 1445 1286 2018 1236 1392 2048 1199 547 2214 1558 2159 2950 2493 942 1220 2575 1830 727 1906 1669 1276 1375 2285 702 2511 2299 562 1805 2765 1228 1235 1507 1670 1146 2240 2964 1123 2199 2046 831 1768 1457 1506 2206 2334 1940 2167 2767 1249 2799 1800 1317 1710 2698 982 2049 2485 2266 988 2442 2749 1888 487 2315 1318 1625 832 1929 861 1284 1285 855 1136 2553 1180 625 1701 1820 1526 2032 1726 1586 1300 1097 2579 1920 765 2554 1176 1543 929 2218 2678 1363 2209 1511 2149 1218 1549 1138 1086 2601 1128 555 2146 1477 1009 1336 2392 751 1961 2657 2465 1791 1406 1093 1940 2633 1458 1204 2653 722 2219 723 3004 1248 915 2281 1829 1732 2681 870 2788 870 2500 2111 2669 875 1748 1874 1235 746 2510 2605 850 2927 1584 2272 1445 1303 1332 896 569 2062 1025 1220 1320 2287 1380 2131 2277 2322 898 2186 1291 880
840 1608 2328 2104 1355 2329 2168 1221 887 921 703 2853 1265 811 855 1398 1964 1330 915 2216 2725 2350 2136 360 2692 2662 2218 1731 2466 1278 1716 1794 1255 1317 2109 1856 1923 2246 2372 2316 1145 2855 2925 1417 1853 2788 677 765 1590 1099 2441 2576 1811 1959 970 2473 3282 1991 1640 2706 580 823 2538 1441 2035 720 1559 1450 2827 1259 2255 2034 2629 646 2144 2767 1871 1610 848 2022 2029 2413 834 1726 1173 2880 1742 1142 2560 2674 2175 885 2247 2652 2726 1954 1223 2702 2549 924 824 671 1389 1154 807 2006 2150 381 2683 2104 1881 941 836 1813 1407 1144 1370 3276 2320 2529 2687 1287 2693 1715 3012 2373 1945 1457 1587 1207 1439 2032 1752 1203 746 2617 881 1594 2563 1051 1446 3103 1870 1526 2558 2637 2305 1618 1750 2979 2067 1471 1555 2125 1148 2147 2233 1701 2607 2157 2907 965 1827 1556 1148 2270 2908 1594 2750 2817 2407 1200 2783 3307 2066 1807 1266 1831 1780 1995 2757 2608 2054 1914 1501 3250 1434 2592 1833 1118 1433 787 1264 2382 2520 1019 2456 1535 2166 1941 1491 2010 1099 1461 1154 2593 2099 2637 2463 1739 2317 1360 1690 2728 1874 1206 885 1100 3095 3074 2295 1718 1415 1578 1546 2320 823 1320 1225 2011 1520 1083 1139 3088 2657 2041 1614 1195 2669 1651 1459 2491 2113 2014 2721 1489 1405 1172 2500 2843 1670 1500 1337 2974 1518 695 959 2989 2106 993 2479 726 1923 2077 2060 2179 590 1194 2598 1354 2368 1623 1794 1549 401 1426 2568 2264 2783 2289 2397 1699 1498 2480 1790 2027 829 1107 2750 1448 2112 2267 2089 1553 2694 1897 547 1769 764 504 613 1632 1577 1810 2630
2717 1471 783 1607 2710 917 1812 1916 2492 2980 2719 2526 1804 2418 2660 3617 1094 1989 2156 1305 772 2664 1629 2692 360 1141 2292 1507 1181 3073 2306 1374 2404 2380 1036 2745 1285 1567 1184 1064 2905 871 913 2800 1199 1043 2544 2844 3698 2009 966 1494 1329 1093 2382 2580 959 2796 1481 2156 2695 2431 888 1996 2327 2632 1515 1884 509 2640 1274 1897 616 2714 1010 2334 1271 2708 3179 1925 1333 1498 2218 2385 2486 636 2395 1942 1600 2041 935 2918 805 2247 1906 2190 2453 903 1285 3253 2233 2744 2007 2075 2998 1909 2090 2695 2665 2889 1719 2508 2221 1259 3215 2096 2687 995 2060 722 377 2603 2033 1678 681 886 2735 2067 1609 1988 1660 1749 1889 1899 3051 557 3035 2785 1271 2167 1620 791 1188 1526 1015 897 1700 1960 1350 901 2550 2376 1808 2487 3380 1151 1983 3051 508 904 2448 3103 1838 2338 2376 1459 579 2637 2346 2300 2775 1878 2179 1015 2570 1279 3160 1628 1495 1243 665 483 1618 1872 1796 946 2758 788 2511 2744 1627 2362 3510 2218 1049 3262 1372 1726 1811 2366 1764 1640 2425 1596 1905 1771 1289 1662 2533 2475 1137 1960 2294 2291 1730 1884 2647 2419 794 835 810 2483 2012 2406 1745 1994 2949 1962 1828 2188 2035 2904 2144 939 2745 1565 1453 2512 2273 1462 3538 881 1446 1583 2687 1907 1654 2462 1784 706 2440 2321 2827 2439 2146 2671 3289 2513 970 3320 1751 2943 1949 2619 1000 2184 2908 2806 588 3544 1135 3732 1440 3499 2689 2630 1328 963 623 813 1921 2235 3556 1244 2719 1091 3031 1984 880 2403 2165 1785 1432 1636 2372 1154 2761 1286 2892 2796 2940 1661 3258 2502 1831
2507 1465 965 2175 2994 1537 2396 1801 2640 3085 2799 1766 1781 2530 2465 3415 1376 1749 2110 820 1548 2009 1060 2662 1141 360 1650 1882 560 2765 1829 1738 2677 2044 1511 2229 1109 2183 1847 727 3099 741 776 3091 1353 538 2426 2683 3430 2140 1652 737 1238 1303 2183 1890 1521 2244 1400 1396 2591 2549 1611 2321 2841 2485 1513 1621 1242 2902 777 2437 1374 2588 977 1574 1186 3066 3138 1360 1849 2167 2221 1901 2731 1393 1905 1885 848 1280 1015 2725 1178 1501 1133 2691 2716 1670 550 3177 2209 2811 1726 1898 2849 2440 1467 2657 1940 3356 2206 2674 2197 1310 2887 2297 2319 1636 1383 1437 1124 2263 1269 2086 1284 785 2192 2405 1919 2191 1860 2291 2332 1821 2958 951 2864 2350 530 2005 1623 1430 1313 1636 1743 604 1037 2355 1641 1673 3050 2721 1517 1879 3206 1702 1334 2606 1247 1132 1679 2915 1380 2711 2613 858 1245 2999 1590 1533 2115 1999 1410 1633 3068 1291 2870 2086 1243 1714 867 1040 2167 2373 2115 1561 3060 720 2953 2460 1647 2256 3334 1529 1764 3106 2058 1499 2395 2851 2068 1140 2645 1630 1986 1014 1835 894 1842 1985 707 1715 2712 1534 1279 2020 2442 2161 1452 1059 1348 2001 1714 2782 2076 1316 3026 1741 1897 1611 2396 3079 1943 1686 2031 2109 1478 2208 1525 1394 3271 680 959 2116 1957 1610 1674 2707 1051 1484 2841 2678 2476 1663 1765 2529 3213 1738 1112 3238 1023 2814 1424 3114 1183 1552 2841 2499 1331 3332 654 3461 1227 3184 2645 2944 578 1547 1404 987 1219 2658 3278 571 3126 1509 2882 1917 654 2017 1554 1132 1988 1468 1625 1355 2784 1483 2738 2793 2880 1404 2881 1989 1069
