140 2009 779 1893 2078 1532 2506 448 639 1000 701 2147 1934 1613 2112 1860 1400 1672 2248 2572 889 2057 1018 750 1845 2681 2007 1196 2084 2389 1826 701 2192 2538 237 1302 1885 2335 2339 2737 2357 1159 1861 2238 1821 676 2137 1903 935 952 1911 3035 889 2342 775 914 2305 2209 1646 1508 2342 917 2413 991 2593 1213 844 2173 768 1324 1894 1745 2211 1051 1679 599 2369 1494 2020 1149 2164 1766 1035 2947 1946 1224 832 1620 1809 1924 1885 1215 2131 2005 2713 1904 1437 1695 834 1689 2025 537 2158 2024 2148 2150 1202 1477 1795 934 2705 1612 2341 535 2782 1416 1128 1789 2267 1445 907 2359 1858 2362 933 1517 1320 774
2109 360 1590 3321 3197 2710 1364 2334 2259 2529 2610 662 2301 1342 1814 929 1130 721 831 1913 2007 2516 1350 2145 905 1760 907 1258 3260 1473 2071 2588 2225 1630 2202 2695 2495 2529 1237 2622 943 1443 876 3384 591 1746 2349 2424 2314 1807 2932 2573 1638 1279 1832 2148 1952 1360 2421 1092 917 2291 2185 2673 1373 1162 2203 1020 2304 1751 2733 1467 701 1369 1577 2092 2590 2225 2208 2852 653 1608 1334 2544 3307 2974 2325 1650 1165 1980 3300 1622 3282 1828 2656 559 1162 1155 1855 2688 1480 1859 2837 1371 2631 2695 1666 1275 2638 2080 2652 805 1026 1834 2036 2163 1351 861 2841 989 2864 2090 652 1062 1704 1265 2309 2422
879 1590 360 2366 2419 1859 2153 1121 1120 1465 1400 1735 1948 1333 1920 1482 1039 1255 1848 2327 1047 2121 599 1072 1468 2381 1624 833 2451 2072 1776 1385 2115 2233 972 1719 1991 2328 1983 2657 1958 902 1480 2600 1406 594 2117 1974 1301 940 2197 2869 732 1993 809 1176 2119 1890 1793 1153 1945 1267 2274 1551 2231 798 1175 1798 1210 1230 2099 1497 1799 689 1472 953 2373 1595 1977 1737 1753 1561 616 2793 2391 1836 1247 1446 1477 1821 2352 1071 2489 1836 2650 1488 1095 1368 881 1945 1754 648 2319 1726 2230 2257 1073 1180 1991 1131 2643 1202 1958 605 2528 1509 789 1404 2395 1046 1638 2203 1449 1977 836 1218 1520 1297
1993 3321 2366 360 855 988 3238 2174 2444 1273 2180 3293 1781 2424 2422 2874 3029 2968 3719 2879 1715 1680 2535 1654 3418 3154 3002 2831 778 3006 1917 2223 2134 3069 2055 1009 1519 2006 3124 2463 3362 2898 3422 878 3229 2132 1949 1618 2737 1898 997 2951 2664 3097 1941 2755 2515 2886 1401 3141 3819 1460 2437 1267 3350 2722 2673 3089 2561 1951 1241 2398 3346 2693 2264 1785 1987 1531 1963 2660 3576 2295 2551 2844 475 1137 1484 2165 2675 2091 387 3021 825 2305 2396 3141 3093 3367 1888 1107 2612 2111 1437 2694 1662 1591 2015 3186 1261 1632 2388 3088 3871 2234 3061 1564 2362 3343 1578 2986 1734 2456 3315 3280 2014 3224 1381 2506
2178 3197 2419 855 360 922 2955 2408 2664 1443 2473 3120 1429 2238 2100 2695 3035 2863 3629 2517 1732 1281 2544 1742 3381 2814 2806 2853 454 2709 1612 2511 1752 2747 2250 1140 1163 1573 2862 2011 3144 2961 3379 548 3142 2189 1558 1262 2963 1873 628 2509 2760 2829 1971 2952 2159 2613 1144 3142 3727 1545 2044 1524 3067 2708 2881 2864 2789 1807 870 2172 3166 2729 2039 1896 1545 1331 1605 2980 3472 2050 2558 2403 742 1507 1610 1947 2473 1776 832 3117 448 1994 1940 3005 3106 3374 1902 870 2342 2206 981 2437 1234 1155 1912 3219 939 1648 1932 3033 3798 2342 2682 1395 2310 3302 1111 2962 2086 2079 3239 3043 1994 3255 1282 2758
1632 2710 1859 988 922 360 2616 1879 2126 922 1979 2670 1226 1796 1822 2249 2487 2363 3123 2297 1173 1190 1993 1181 2849 2556 2375 2300 952 2389 1320 2012 1589 2462 1707 649 997 1536 2499 2008 2734 2402 2849 1100 2633 1628 1425 1082 2425 1327 742 2461 2197 2472 1412 2403 1936 2263 809 2596 3223 986 1892 1057 2728 2165 2336 2461 2253 1327 813 1770 2721 2173 1636 1337 1536 905 1402 2494 2974 1670 2007 2355 959 1163 1060 1537 2047 1495 964 2555 990 1701 1953 2526 2556 2826 1345 583 1990 1644 1093 2069 1219 1175 1404 2665 760 1089 1944 2507 3283 1781 2490 936 1779 2771 1233 2423 1657 1896 2724 2651 1447 2701 760 2232
2606 1364 2153 3238 2955 2616 360 2891 2912 2682 3164 1064 1895 1287 1228 1042 2008 1412 1755 1024 2200 2082 1960 2392 1904 776 921 2047 3039 616 1703 3157 1647 683 2704 2724 2155 1940 529 1846 815 2271 1877 3125 1550 2189 1830 2058 3058 2018 2692 1651 2372 524 2144 2907 1245 714 2202 2015 1805 2454 1463 2872 472 1859 2934 744 2995 1740 2445 1230 1041 2094 1356 2419 1998 2071 1734 3530 1590 1308 1951 1649 3186 3158 2533 1454 1059 1540 3213 2487 3043 1323 1901 1253 2066 2135 2120 2501 985 2329 2431 914 2173 2254 1768 2206 2380 2239 1901 1695 1944 2374 1076 2050 1742 1851 2378 1837 3260 1378 1644 667 1975 2207 2259 3089
548 2334 1121 2174 2408 1879 2891 360 631 1325 639 2496 2334 2011 2519 2233 1668 2013 2531 2977 1292 2451 1353 1139 2112 3079 2378 1475 2406 2783 2232 626 2598 2935 573 1628 2274 2736 2723 3142 2719 1389 2131 2559 2133 1066 2540 2297 923 1361 2261 3444 1120 2728 1182 954 2713 2602 2032 1768 2622 1286 2821 1269 2975 1532 864 2549 746 1732 2265 2148 2559 1339 2084 997 2768 1889 2425 1061 2464 2172 1368 3355 2240 1448 1189 2027 2198 2332 2170 1390 2454 2413 3117 2246 1692 1930 1243 2052 2426 926 2535 2420 2539 2537 1609 1705 2169 1331 3109 1917 2606 881 3186 1813 1508 2064 2649 1740 997 2767 2157 2733 1339 1743 1704 713
739 2259 1120 2444 2664 2126 2912 631 360 1581 783 2452 2515 2078 2630 2237 1538 1965 2401 3065 1473 2647 1321 1348 1970 3138 2376 1366 2665 2830 2391 743 2754 2990 779 1885 2480 2915 2743 3301 2695 1233 1992 2819 2044 1148 2713 2493 659 1501 2507 3570 986 2753 1318 686 2828 2648 2243 1628 2486 1516 2956 1537 2988 1470 593 2553 488 1866 2494 2231 2515 1250 2185 1194 2951 2084 2589 977 2353 2274 1333 3487 2507 1719 1428 2140 2236 2475 2439 1185 2713 2532 3282 2196 1548 1762 1389 2288 2499 1021 2757 2479 2742 2746 1728 1535 2395 1526 3274 1822 2456 923 3271 2004 1544 1932 2864 1639 1241 2895 2051 2727 1453 1571 1919 537
1100 2529 1465 1273 1443 922 2682 1325 1581 360 1416 2561 1586 1769 2022 2173 2139 2167 2885 2518 884 1632 1653 759 2549 2722 2316 1936 1445 2492 1580 1449 1924 2603 1169 663 1436 1963 2537 2421 2690 1989 2555 1598 2403 1234 1803 1491 1881 1087 1303 2819 1752 2523 1070 1874 2181 2335 1191 2252 2985 600 2206 562 2788 1850 1800 2442 1706 1302 1346 1814 2620 1794 1696 875 1979 1134 1730 1933 2758 1761 1670 2718 1314 836 577 1603 2021 1734 1262 2108 1492 1898 2377 2368 2198 2473 1035 1118 2084 1200 1627 2131 1694 1670 1291 2284 1265 820 2369 2237 3021 1321 2726 1095 1538 2477 1757 2115 1135 2183 2476 2641 1184 2322 895 1677
801 2610 1400 2180 2473 1979 3164 639 783 1416 360 2775 2527 2275 2762 2511 1928 2291 2793 3229 1502 2624 1632 1326 2368 3343 2656 1741 2459 3051 2444 407 2811 3200 824 1705 2439 2926 2997 3349 2998 1636 2389 2609 2406 1335 2738 2473 992 1599 2358 3673 1374 3001 1428 1087 2953 2870 2192 2025 2882 1437 3048 1309 3250 1809 988 2826 839 1968 2395 2405 2838 1609 2335 1206 2954 2070 2631 877 2732 2421 1646 3582 2259 1413 1330 2272 2469 2556 2180 1607 2510 2652 3319 2524 1947 2173 1481 2171 2686 1195 2673 2685 2705 2694 1855 1946 2306 1527 3311 2188 2860 1160 3439 2000 1783 2324 2795 2009 857 2999 2426 3011 1592 1983 1865 733
2247 662 1735 3293 3120 2670 1064 2496 2452 2561 2775 360 2160 1242 1606 785 1387 847 1072 1641 2038 2372 1503 2198 1207 1467 691 1481 3190 1193 1932 2757 2035 1342 2343 2692 2377 2343 946 2388 644 1686 1178 3304 871 1853 2177 2297 2539 1835 2852 2300 1850 991 1896 2377 1721 1102 2336 1367 1138 2321 1957 2723 1070 1341 2422 745 2511 1702 2636 1325 423 1569 1451 2170 2404 2154 2045 3059 898 1461 1489 2278 3268 3024 2370 1537 1013 1817 3271 1882 3207 1641 2428 618 1430 1452 1904 2619 1269 1980 2707 1156 2482 2553 1650 1555 2547 2102 2425 1057 1268 1979 1750 2102 1417 1161 2695 1228 2980 1862 951 760 1748 1549 2272 2622
2034 2301 1948 1781 1429 1226 1895 2334 2515 1586 2527 2160 360 1324 1032 1747 2379 2022 2766 1459 1404 574 1956 1562 2617 1746 1830 2249 1518 1645 590 2546 722 1678 2124 1451 627 761 1816 1196 2132 2427 2606 1592 2309 1781 577 527 2786 1393 1176 1606 2319 1779 1570 2706 1097 1564 783 2467 2857 1464 1026 1781 2007 2051 2671 1852 2640 1085 921 1198 2196 2169 1084 1697 796 821 542 3028 2593 1059 1964 1502 1707 1981 1575 1019 1509 718 1754 2635 1516 932 1157 2102 2457 2690 1494 1040 1301 1876 910 1406 690 754 1242 2598 880 1364 1149 2264 2953 2005 1639 886 1640 2537 899 2255 2353 1036 2419 2014 1476 2625 1052 2667
1713 1342 1333 2424 2238 1796 1287 2011 2078 1769 2275 1242 1324 360 986 816 1504 1061 1803 1354 1274 1538 1210 1465 1669 1428 938 1430 2308 1138 1094 2273 1308 1285 1811 1848 1513 1593 1133 1796 1302 1646 1656 2423 1347 1306 1396 1441 2274 1091 1970 1922 1641 1123 1225 2145 1179 961 1455 1572 1895 1535 1371 1953 1388 1214 2148 1038 2178 842 1759 542 1289 1405 603 1496 1651 1272 1250 2685 1631 660 1209 1856 2393 2245 1609 667 615 1028 2401 1873 2325 938 1809 1144 1581 1779 1196 1737 781 1445 1854 770 1654 1716 843 1731 1668 1317 1803 1324 1989 1517 1555 1223 905 1590 1863 1354 2336 1286 1458 1236 1055 1751 1405 2254
2212 1814 1920 2422 2100 1822 1228 2519 2630 2022 2762 1606 1032 986 360 1248 2124 1622 2284 856 1643 1213 1827 1839 2239 1093 1281 2057 2187 974 865 2769 797 1009 2308 1985 1297 1103 1167 1186 1516 2272 2221 2265 1888 1842 966 1198 2854 1522 1842 1308 2253 1125 1697 2736 559 917 1382 2184 2365 1829 750 2224 1338 1840 2729 1249 2741 1155 1590 804 1629 2028 808 1925 1164 1296 866 3215 2105 719 1828 1235 2359 2478 1929 852 1026 691 2396 2499 2188 485 1209 1623 2200 2381 1641 1675 697 1972 1563 810 1305 1386 1270 2351 1536 1647 1205 1913 2480 2069 1065 1304 1508 2164 1513 1967 2719 661 2002 1382 1542 2369 1521 2802
1960 929 1482 2874 2695 2249 1042 2233 2237 2173 2511 785 1747 816 1248 360 1360 775 1400 1416 1655 1961 1280 1829 1369 1346 509 1373 2765 1027 1517 2499 1656 1198 2057 2283 1957 1960 873 2065 880 1599 1348 2879 1008 1546 1782 1878 2376 1456 2426 2064 1690 893 1544 2225 1397 867 1911 1388 1485 1933 1627 2344 1111 1179 2252 676 2316 1284 2211 909 832 1412 1029 1823 2021 1729 1644 2855 1222 1048 1270 2023 2847 2643 1992 1113 598 1415 2852 1821 2782 1259 2095 735 1426 1549 1538 2194 919 1683 2290 817 2073 2141 1246 1574 2122 1712 2091 1079 1594 1712 1574 1678 1093 1299 2286 1189 2656 1532 1121 862 1383 1582 1854 2414
1500 1130 1039 3029 3035 2487 2008 1668 1538 2139 1928 1387 2379 1504 2124 1360 360 957 1225 2401 1680 2580 855 1741 805 2346 1451 568 3078 2028 2168 1898 2442 2199 1586 2379 2492 2709 1849 2940 1666 678 823 3221 900 1265 2501 2450 1554 1521 2795 3029 914 1878 1448 1386 2308 1865 2336 473 1314 1930 2513 2231 2051 693 1449 1625 1564 1673 2657 1684 1442 715 1730 1632 2763 2128 2353 2104 1177 1801 840 2975 3045 2515 1921 1753 1497 2150 3014 854 3111 2082 2953 1138 438 699 1506 2539 1850 1324 2838 1774 2697 2741 1528 587 2550 1765 2947 690 1301 1242 2571 2046 1110 756 2887 531 2266 2425 881 1747 1401 608 2114 1688
1772 721 1255 2968 2863 2363 1412 2013 1965 2167 2291 847 2022 1061 1622 775 957 360 1126 1831 1646 2235 1019 1783 977 1753 854 1009 2923 1437 1793 2272 1998 1607 1867 2338 2194 2290 1252 2448 1100 1226 960 3051 647 1393 2097 2129 2059 1447 2602 2476 1367 1281 1471 1899 1788 1282 2097 974 1223 1930 2010 2311 1458 855 1940 1028 2026 1416 2415 1217 909 1085 1305 1733 2350 1896 1951 2573 970 1354 1005 2431 2958 2613 1963 1362 958 1728 2948 1437 2948 1609 2471 593 1017 1135 1493 2353 1311 1512 2540 1220 2352 2411 1319 1162 2316 1720 2467 664 1301 1500 1989 1828 990 901 2558 785 2518 1917 757 1160 1343 1168 1963 2135
2348 831 1848 3719 3629 3123 1755 2531 2401 2885 2793 1072 2766 1803 2284 1400 1225 1126 360 2354 2376 2981 1618 2488 796 2168 1369 1417 3688 1905 2536 2764 2697 2050 2437 3080 2952 3000 1655 3087 1302 1529 770 3817 850 2045 2819 2883 2387 2184 3368 3012 1779 1701 2174 2220 2417 1811 2863 1133 460 2654 2652 3008 1737 1414 2293 1457 2418 2183 3180 1936 1079 1558 2042 2410 3061 2662 2678 2947 539 2076 1601 2990 3715 3305 2672 2110 1636 2450 3700 1639 3713 2300 3123 1028 1213 1050 2211 3119 1948 2135 3296 1839 3096 3159 2081 1256 3082 2455 3120 1012 557 2078 2458 2595 1718 829 3306 1164 3116 2556 768 1448 2071 1228 2725 2544
2672 1913 2327 2879 2517 2297 1024 2977 3065 2518 3229 1641 1459 1354 856 1416 2401 1831 2354 360 2129 1598 2195 2326 2416 683 1375 2377 2609 812 1339 3232 1127 702 2769 2475 1726 1370 1068 1190 1449 2602 2392 2667 2050 2282 1322 1625 3268 1993 2273 1019 2629 1020 2160 3138 723 917 1850 2439 2417 2324 861 2720 1104 2164 3142 1257 3169 1636 2017 1194 1639 2377 1254 2402 1422 1785 1278 3665 2179 1168 2192 998 2807 2973 2423 1321 1268 1165 2852 2830 2602 981 1251 1753 2471 2605 2111 2133 936 2418 1931 990 1664 1747 1734 2622 1979 2138 1251 2136 2550 2502 571 1797 1899 2349 1848 2232 3210 803 2159 1295 1998 2632 2014 3240
989 2007 1047 1715 1732 1173 2200 1292 1473 884 1502 2038 1404 1274 1643 1655 1680 1646 2376 2129 360 1534 1185 558 2063 2290 1801 1489 1766 2032 1303 1515 1670 2159 1080 1067 1372 1806 2048 2212 2175 1589 2066 1913 1890 821 1608 1381 1752 562 1512 2534 1397 2038 598 1689 1827 1864 1146 1791 2476 644 1908 1048 2302 1367 1642 1935 1599 853 1431 1351 2097 1359 1250 656 1840 973 1494 1990 2243 1328 1200 2441 1726 1348 697 1170 1519 1416 1698 1752 1803 1527 2185 1844 1747 2019 534 1262 1633 866 1672 1662 1631 1641 792 1852 1325 444 2177 1736 2520 1005 2340 891 1020 1988 1767 1631 1444 1862 1968 2134 665 1888 842 1622
2157 2516 2121 1680 1281 1190 2082 2451 2647 1632 2624 2372 574 1538 1213 1961 2580 2235 2981 1598 1534 360 2145 1672 2827 1901 2041 2443 1373 1828 804 2647 831 1846 2244 1450 558 705 2012 1178 2337 2615 2817 1429 2523 1941 637 513 2926 1551 1049 1640 2493 1973 1722 2856 1244 1760 801 2670 3072 1548 1124 1817 2192 2250 2815 2058 2774 1273 798 1412 2407 2358 1298 1817 710 923 707 3134 2807 1272 2154 1533 1595 1983 1657 1232 1723 920 1653 2818 1364 1126 1123 2317 2658 2895 1644 978 1502 2025 709 1610 477 541 1428 2797 798 1482 1114 2474 3167 2158 1761 1003 1835 2747 685 2460 2407 1158 2632 2215 1645 2825 1121 2792
1118 1350 599 2535 2544 1993 1960 1353 1321 1653 1632 1503 1956 1210 1827 1280 855 1019 1618 2195 1185 2145 360 1254 1256 2218 1415 671 2584 1902 1762 1613 2076 2068 1212 1885 2038 2315 1790 2604 1736 831 1264 2728 1167 788 2104 2007 1460 1030 2308 2771 793 1805 954 1315 2024 1722 1864 966 1716 1438 2200 1758 2031 563 1335 1593 1396 1232 2181 1387 1566 573 1390 1157 2366 1658 1959 1937 1517 1474 377 2703 2550 2051 1436 1385 1310 1778 2520 1046 2619 1758 2605 1252 923 1194 1010 2052 1619 878 2378 1575 2260 2296 1077 1037 2074 1269 2599 968 1737 844 2389 1574 687 1187 2439 824 1877 2121 1215 1765 911 1071 1625 1496
850 2145 1072 1654 1742 1181 2392 1139 1348 759 1326 2198 1562 1465 1839 1829 1741 1783 2488 2326 558 1672 1254 360 2149 2488 1976 1540 1763 2228 1481 1344 1847 2356 935 1009 1496 1962 2237 2383 2349 1606 2156 1915 2010 838 1772 1518 1639 736 1548 2720 1384 2228 674 1596 2021 2058 1256 1855 2588 559 2094 888 2492 1450 1539 2116 1477 1052 1509 1547 2258 1400 1448 518 1992 1110 1665 1826 2365 1527 1270 2626 1681 1190 543 1368 1705 1603 1640 1742 1805 1722 2353 1992 1802 2077 653 1313 1830 827 1769 1858 1760 1760 985 1892 1408 561 2345 1839 2622 960 2538 1036 1153 2078 1876 1715 1246 2052 2079 2315 809 1930 930 1483
1945 905 1468 3418 3381 2849 1904 2112 1970 2549 2368 1207 2617 1669 2239 1369 805 977 796 2416 2063 2827 1256 2149 360 2292 1402 1009 3431 1992 2392 2337 2613 2155 2032 2770 2768 2903 1768 3064 1488 1096 391 3569 725 1683 2706 2712 1951 1885 3129 3070 1354 1808 1842 1784 2401 1858 2643 703 877 2328 2626 2654 1917 1059 1857 1545 1983 1960 2966 1832 1245 1156 1913 2052 2961 2436 2559 2510 801 1967 1239 3032 3426 2944 2332 1961 1573 2338 3401 1204 3461 2226 3088 1026 781 632 1891 2874 1923 1756 3117 1826 2945 2999 1834 821 2863 2146 3084 714 856 1683 2555 2361 1431 440 3147 793 2711 2532 620 1607 1766 795 2460 2110
2781 1760 2381 3154 2814 2556 776 3079 3138 2722 3343 1467 1746 1428 1093 1346 2346 1753 2168 683 2290 1901 2218 2488 2292 360 1263 2355 2903 680 1598 3341 1434 510 2879 2710 2014 1690 884 1502 1230 2582 2265 2969 1930 2374 1628 1913 3314 2132 2563 1244 2647 843 2284 3174 1016 856 2115 2367 2220 2512 1182 2921 826 2152 3188 1107 3232 1799 2308 1304 1450 2379 1399 2544 1743 2025 1568 3749 2000 1325 2212 1253 3088 3188 2604 1484 1268 1423 3128 2806 2899 1215 1566 1628 2410 2508 2245 2406 1020 2513 2240 1019 1973 2057 1870 2556 2262 2311 1567 2051 2358 2581 665 2025 1953 2233 2163 2174 3373 1118 2031 1080 2116 2561 2243 3315
2107 907 1624 3002 2806 2375 921 2378 2376 2316 2656 691 1830 938 1281 509 1451 854 1369 1375 1801 2041 1415 1976 1402 1263 360 1485 2879 952 1603 2644 1706 1120 2204 2420 2052 2013 758 2078 734 1709 1378 2989 1037 1694 1846 1969 2506 1602 2537 2032 1817 787 1693 2352 1407 818 2022 1466 1446 2077 1642 2490 979 1300 2383 540 2452 1416 2315 999 725 1536 1129 1972 2074 1847 1714 2993 1190 1133 1405 2000 2971 2788 2138 1219 692 1486 2979 1926 2894 1311 2113 737 1511 1606 1687 2310 943 1830 2378 831 2151 2223 1387 1655 2230 1857 2110 1148 1566 1857 1514 1801 1241 1338 2364 1279 2805 1547 1144 715 1532 1659 1983 2552
1296 1258 833 2831 2853 2300 2047 1475 1366 1936 1741 1481 2249 1430 2057 1373 568 1009 1417 2377 1489 2443 671 1540 1009 2355 1485 360 2892 2035 2047 1713 2342 2205 1383 2182 2342 2596 1882 2858 1747 586 1025 3038 1038 1062 2386 2308 1419 1341 2618 2985 741 1905 1253 1255 2248 1863 2173 680 1509 1731 2440 2024 2101 576 1305 1665 1406 1530 2492 1612 1541 507 1639 1427 2648 1967 2239 1953 1351 1717 658 2923 2851 2307 1719 1649 1469 2046 2816 813 2928 2002 2865 1224 622 896 1315 2363 1809 1116 2685 1746 2559 2598 1378 726 2385 1574 2858 817 1505 1035 2558 1883 968 953 2742 632 2063 2356 1046 1809 1222 761 1936 1525
2184 3260 2451 778 454 952 3039 2406 2665 1445 2459 3190 1518 2308 2187 2765 3078 2923 3688 2609 1766 1373 2584 1763 3431 2903 2879 2892 360 2794 1696 2497 1844 2835 2254 1142 1251 1668 2944 2105 3221 2994 3430 513 3200 2220 1651 1351 2965 1916 707 2604 2785 2911 2005 2959 2249 2696 1217 3186 3787 1564 2137 1511 3152 2753 2885 2941 2789 1869 957 2248 3237 2766 2114 1915 1640 1398 1695 2960 3533 2127 2599 2498 662 1470 1623 2021 2546 1862 756 3144 412 2080 2034 3070 3147 3417 1938 933 2423 2230 1075 2517 1328 1249 1968 3258 1019 1681 2027 3086 3854 2364 2775 1457 2360 3353 1205 3009 2056 2171 3295 3121 2036 3293 1331 2753
2489 1473 2072 3006 2709 2389 616 2783 2830 2492 3051 1193 1645 1138 974 1027 2028 1437 1905 812 2032 1828 1902 2228 1992 680 952 2035 2794 360 1459 3047 1391 531 2587 2513 1907 1684 616 1609 999 2261 1967 2876 1627 2077 1574 1809 3000 1861 2447 1467 2329 567 2003 2858 991 542 1966 2052 1966 2271 1212 2687 724 1832 2874 813 2922 1553 2198 1042 1188 2060 1156 2271 1742 1845 1481 3444 1731 1096 1896 1450 2950 2966 2357 1250 955 1292 2980 2486 2797 1074 1661 1326 2093 2199 1970 2264 769 2217 2177 730 1918 1999 1603 2239 2137 2062 1660 1738 2100 2278 923 1831 1646 1930 2122 1856 3108 1125 1732 846 1833 2246 2045 3008
1926 2071 1776 1917 1612 1320 1703 2232 2391 1580 2444 1932 590 1094 865 1517 2168 1793 2536 1339 1303 804 1762 1481 2392 1598 1603 2047 1696 1459 360 2459 727 1512 2018 1501 818 913 1611 1271 1913 2233 2381 1784 2081 1630 702 728 2650 1251 1349 1607 2143 1577 1434 2559 980 1361 877 2252 2627 1420 987 1781 1815 1844 2531 1633 2513 906 1103 968 1969 1976 853 1599 963 814 561 2932 2363 830 1769 1510 1855 2012 1528 791 1280 535 1891 2447 1700 748 1250 1872 2246 2473 1362 1170 1092 1737 1135 1191 920 984 1063 2390 1038 1279 1242 2040 2723 1859 1535 845 1440 2312 1130 2039 2322 964 2191 1801 1318 2416 1052 2551
801 2588 1385 2223 2511 2012 3157 626 743 1449 407 2757 2546 2273 2769 2499 1898 2272 2764 3232 1515 2647 1613 1344 2337 3341 2644 1713 2497 3047 2459 360 2826 3198 823 1740 2463 2946 2989 3365 2983 1603 2358 2648 2382 1330 2756 2495 945 1606 2392 3684 1344 2994 1432 1042 2961 2866 2217 1994 2852 1462 3059 1347 3241 1787 943 2815 794 1976 2424 2406 2820 1584 2339 1219 2974 2091 2647 848 2705 2426 1627 3593 2301 1458 1356 2278 2463 2568 2223 1568 2548 2660 3337 2506 1915 2139 1488 2202 2686 1190 2701 2683 2729 2720 1860 1912 2335 1544 3329 2163 2827 1147 3443 2020 1774 2294 2822 1983 904 3009 2400 2999 1594 1948 1889 686
2292 2225 2115 2134 1752 1589 1647 2598 2754 1924 2811 2035 722 1308 797 1656 2442 1998 2697 1127 1670 831 2076 1847 2613 1434 1706 2342 1844 1391 727 2826 360 1389 2385 1809 974 667 1600 907 1953 2542 2598 1900 2276 1984 554 876 3007 1612 1513 1255 2475 1557 1795 2911 778 1353 1144 2516 2781 1778 664 2123 1754 2131 2887 1685 2874 1254 1258 1140 2060 2287 1072 1967 729 1149 553 3299 2518 1007 2080 1154 2055 2335 1888 1053 1422 657 2106 2762 1835 757 895 2030 2520 2727 1725 1400 1127 2096 1166 1240 900 983 1405 2668 1233 1646 887 2272 2891 2215 1292 1196 1748 2535 1095 2298 2679 687 2390 1819 1671 2691 1389 2915
2638 1630 2233 3069 2747 2462 683 2935 2990 2603 3200 1342 1678 1285 1009 1198 2199 1607 2050 702 2159 1846 2068 2356 2155 510 1120 2205 2835 531 1512 3198 1389 360 2736 2604 1944 1664 756 1530 1123 2432 2130 2909 1792 2229 1579 1845 3165 1996 2491 1332 2497 711 2145 3024 971 706 2028 2222 2107 2388 1168 2800 762 2002 3039 971 3084 1672 2238 1169 1331 2229 1271 2408 1720 1925 1504 3602 1879 1201 2062 1326 3008 3072 2478 1360 1118 1339 3043 2657 2834 1124 1588 1490 2263 2367 2108 2323 886 2369 2191 874 1926 2009 1735 2410 2186 2184 1588 1907 2243 2434 767 1919 1805 2095 2123 2027 3241 1091 1895 970 1976 2416 2136 3167
337 2202 972 2055 2250 1707 2704 573 779 1169 824 2343 2124 1811 2308 2057 1586 1867 2437 2769 1080 2244 1212 935 2032 2879 2204 1383 2254 2587 2018 823 2385 2736 360 1472 2071 2525 2537 2929 2554 1339 2048 2408 2013 874 2328 2091 1077 1148 2087 3230 1069 2540 971 1065 2501 2406 1831 1694 2531 1096 2608 1151 2791 1405 991 2371 908 1519 2075 1943 2406 1239 1875 787 2558 1681 2212 1275 2355 1963 1228 3141 2111 1375 1008 1816 2007 2118 2048 1388 2301 2201 2905 2099 1622 1877 1030 1868 2223 735 2341 2221 2335 2336 1398 1659 1977 1122 2896 1803 2528 728 2979 1604 1325 1977 2451 1634 1039 2554 2049 2559 1130 1698 1504 907
1402 2695 1719 1009 1140 649 2724 1628 1885 663 1705 2692 1451 1848 1985 2283 2379 2338 3080 2475 1067 1450 1885 1009 2770 2710 2420 2182 1142 2513 1501 1740 1809 2604 1472 360 1252 1794 2593 2264 2789 2255 2774 1295 2591 1485 1662 1326 2184 1255 1015 2698 2029 2572 1291 2177 2121 2371 1029 2491 3180 811 2107 770 2834 2073 2103 2526 2009 1366 1100 1857 2747 2045 1728 1149 1800 1050 1617 2218 2941 1778 1901 2593 1032 893 849 1630 2104 1670 994 2388 1189 1860 2212 2521 2443 2717 1239 868 2105 1472 1381 2170 1492 1454 1402 2539 1038 986 2204 2443 3227 1601 2676 1045 1721 2696 1520 2337 1368 2099 2673 2723 1369 2576 828 1978
1985 2495 1991 1519 1163 997 2155 2274 2480 1436 2439 2377 627 1513 1297 1957 2492 2194 2952 1726 1372 558 2038 1496 2768 2014 2052 2342 1251 1907 818 2463 974 1944 2071 1252 360 901 2069 1373 2370 2501 2760 1329 2481 1798 794 460 2764 1413 908 1825 2362 2033 1574 2701 1363 1818 607 2587 3046 1362 1278 1619 2267 2158 2655 2090 2607 1178 653 1413 2417 2247 1287 1646 908 761 807 2951 2783 1279 2048 1718 1442 1785 1469 1206 1723 974 1492 2697 1250 1192 1320 2298 2568 2816 1495 792 1550 1873 708 1650 625 629 1324 2703 619 1313 1311 2413 3133 2009 1902 847 1741 2687 763 2383 2211 1297 2587 2259 1515 2733 934 2619
2435 2529 2328 2006 1573 1536 1940 2736 2915 1963 2926 2343 761 1593 1103 1960 2709 2290 3000 1370 1806 705 2315 1962 2903 1690 2013 2596 1668 1684 913 2946 667 1664 2525 1794 901 360 1902 832 2259 2786 2889 1699 2572 2172 571 833 3183 1786 1368 1305 2696 1857 1966 3100 1056 1657 1134 2788 3085 1859 869 2152 2043 2390 3067 1993 3039 1457 1130 1433 2368 2528 1351 2098 421 1217 717 3429 2822 1296 2321 1198 1914 2327 1969 1316 1724 925 1979 3000 1650 1062 778 2332 2787 3005 1890 1322 1435 2272 955 1548 704 779 1615 2933 1142 1765 769 2558 3193 2399 1502 1286 1991 2824 847 2572 2736 934 2685 2123 1863 2957 1438 3068
2439 1237 1983 3124 2862 2499 529 2723 2743 2537 2997 946 1816 1133 1167 873 1849 1252 1655 1068 2048 2012 1790 2237 1768 884 758 1882 2944 616 1611 2989 1600 756 2537 2593 2069 1902 360 1860 743 2106 1742 3036 1409 2023 1773 1975 2888 1862 2596 1720 2204 408 1983 2738 1222 612 2097 1861 1713 2307 1452 2725 616 1691 2764 587 2825 1598 2354 1095 936 1926 1226 2259 1962 1953 1665 3360 1483 1188 1781 1706 3077 3014 2382 1325 896 1458 3099 2324 2950 1246 1909 1107 1909 1990 1962 2395 880 2162 2361 790 2109 2188 1616 2051 2284 2089 1907 1542 1848 2206 1163 1927 1574 1711 2318 1678 3101 1361 1508 592 1814 2053 2132 2920
2837 2622 2657 2463 2011 2008 1846 3142 3301 2421 3349 2388 1196 1796 1186 2065 2940 2448 3087 1190 2212 1178 2604 2383 3064 1502 2078 2858 2105 1609 1271 3365 907 1530 2929 2264 1373 832 1860 360 2242 3065 3046 2116 2711 2531 978 1298 3555 2159 1826 865 3013 1811 2342 3457 1030 1649 1599 3005 3162 2299 798 2614 1933 2643 3435 2008 3422 1801 1596 1616 2399 2813 1579 2508 838 1657 1078 3842 2908 1501 2607 763 2367 2797 2409 1579 1851 1196 2436 3288 2081 1218 437 2437 3017 3206 2272 1794 1506 2644 1391 1611 1166 1232 1951 3168 1613 2182 442 2739 3284 2762 1239 1716 2277 2989 1260 2788 3189 893 2824 2092 2218 3187 1888 3461
2457 943 1958 3362 3144 2734 815 2719 2695 2690 2998 644 2132 1302 1516 880 1666 1100 1302 1449 2175 2337 1736 2349 1488 1230 734 1747 3221 999 1913 2983 1953 1123 2554 2789 2370 2259 743 2242 360 1958 1458 3324 1156 2050 2115 2282 2799 1976 2876 2095 2107 792 2062 2639 1595 965 2364 1650 1350 2452 1828 2864 798 1591 2679 640 2761 1783 2645 1333 603 1824 1468 2341 2320 2199 1996 3308 1141 1455 1723 2086 3327 3162 2512 1563 1048 1776 3339 2159 3233 1577 2289 887 1712 1736 2059 2657 1195 2183 2682 1086 2441 2516 1761 1839 2565 2231 2288 1337 1489 2198 1527 2158 1600 1444 2653 1503 3169 1735 1234 513 1903 1834 2347 2868
1259 1443 902 2898 2961 2402 2271 1389 1233 1989 1636 1686 2427 1646 2272 1599 678 1226 1529 2602 1589 2615 831 1606 1096 2582 1709 586 2994 2261 2233 1603 2542 2432 1339 2255 2501 2786 2106 3065 1958 360 1119 3142 1215 1134 2575 2474 1236 1468 2738 3205 631 2130 1351 1068 2465 2089 2318 756 1613 1804 2652 2051 2323 798 1132 1887 1250 1702 2630 1827 1744 617 1846 1474 2837 2115 2429 1786 1493 1927 824 3142 2928 2319 1775 1849 1695 2245 2886 588 3032 2212 3069 1431 676 902 1421 2485 2032 1149 2838 1972 2728 2762 1546 679 2523 1673 3062 998 1584 1036 2784 2029 1155 1061 2904 818 2009 2570 1199 2027 1355 718 2058 1376
1961 876 1480 3422 3379 2849 1877 2131 1992 2555 2389 1178 2606 1656 2221 1348 823 960 770 2392 2066 2817 1264 2156 391 2265 1378 1025 3430 1967 2381 2358 2598 2130 2048 2774 2760 2889 1742 3046 1458 1119 360 3567 702 1692 2693 2703 1977 1887 3126 3047 1374 1781 1848 1809 2382 1835 2638 724 854 2334 2607 2663 1889 1065 1882 1518 2007 1954 2961 1817 1215 1170 1899 2061 2948 2432 2546 2536 770 1953 1247 3010 3428 2954 2339 1949 1555 2325 3404 1231 3460 2210 3071 1001 803 663 1895 2872 1903 1768 3109 1805 2935 2989 1831 849 2858 2149 3066 708 840 1697 2530 2357 1430 438 3137 800 2727 2513 594 1578 1768 824 2459 2134
2338 3384 2600 878 548 1100 3125 2559 2819 1598 2609 3304 1592 2423 2265 2879 3221 3051 3817 2667 1913 1429 2728 1915 3569 2969 2989 3038 513 2876 1784 2648 1900 2909 2408 1295 1329 1699 3036 2116 3324 3142 3567 360 3331 2369 1705 1427 3118 2059 813 2619 2936 3001 2152 3112 2313 2786 1328 3328 3915 1716 2185 1662 3237 2895 3039 3044 2943 1995 1041 2353 3350 2912 2221 2067 1665 1518 1764 3108 3659 2229 2743 2515 764 1609 1776 2130 2656 1944 861 3295 470 2162 2043 3191 3291 3559 2085 1058 2516 2381 1105 2613 1369 1287 2100 3403 1119 1829 2035 3221 3986 2516 2825 1583 2497 3490 1219 3149 2200 2226 3427 3220 2179 3439 1469 2905
1921 591 1406 3229 3142 2633 1550 2133 2044 2403 2406 871 2309 1347 1888 1008 900 647 850 2050 1890 2523 1167 2010 725 1930 1037 1038 3200 1627 2081 2382 2276 1792 2013 2591 2481 2572 1409 2711 1156 1215 702 3331 360 1582 2381 2417 2088 1696 2883 2705 1419 1446 1695 1922 2044 1493 2381 862 949 2170 2272 2534 1572 968 1979 1183 2084 1698 2700 1498 919 1158 1591 1941 2632 2178 2236 2630 715 1636 1150 2668 3225 2833 2192 1650 1222 2011 3210 1391 3226 1883 2738 662 931 945 1728 2632 1566 1685 2828 1466 2639 2698 1592 1047 2600 1968 2733 581 1016 1646 2190 2109 1230 662 2846 766 2684 2177 474 1261 1585 1039 2235 2203
776 1746 594 2132 2189 1628 2189 1066 1148 1234 1335 1853 1781 1306 1842 1546 1265 1393 2045 2282 821 1941 788 838 1683 2374 1694 1062 2220 2077 1630 1330 1984 2229 874 1485 1798 2172 2023 2531 2050 1134 1692 2369 1582 360 1964 1790 1384 749 1973 2783 937 2026 587 1288 2039 1896 1588 1379 2143 1033 2172 1330 2277 991 1263 1859 1260 1090 1886 1449 1916 921 1397 729 2214 1397 1831 1742 1936 1486 806 2701 2156 1622 1016 1352 1493 1698 2118 1290 2258 1745 2517 1620 1324 1599 665 1723 1723 499 2116 1714 2046 2067 944 1414 1779 902 2510 1393 2166 591 2490 1311 813 1615 2200 1253 1487 2108 1639 2049 672 1452 1300 1320
2237 2349 2117 1949 1558 1425 1830 2540 2713 1803 2738 2177 577 1396 966 1782 2501 2097 2819 1322 1608 637 2104 1772 2706 1628 1846 2386 1651 1574 702 2756 554 1579 2328 1662 794 571 1773 978 2115 2575 2693 1705 2381 1964 360 702 2979 1580 1324 1397 2485 1731 1760 2893 972 1522 992 2583 2906 1681 848 1998 1938 2181 2862 1842 2837 1247 1070 1244 2207 2317 1153 1903 622 1038 508 3236 2642 1104 2110 1291 1867 2193 1791 1111 1544 729 1922 2789 1641 899 942 2151 2580 2801 1686 1226 1280 2066 972 1392 707 790 1404 2725 1053 1572 933 2358 3010 2192 1484 1099 1781 2626 908 2367 2571 880 2493 1986 1654 2750 1270 2868
2003 2424 1974 1618 1262 1082 2058 2297 2493 1491 2473 2297 527 1441 1198 1878 2450 2129 2883 1625 1381 513 2007 1518 2712 1913 1969 2308 1351 1809 728 2495 876 1845 2091 1326 460 833 1975 1298 2282 2474 2703 1427 2417 1790 702 360 2773 1401 1009 1738 2346 1938 1570 2704 1263 1723 661 2543 2976 1397 1181 1679 2170 2118 2662 2001 2620 1138 754 1331 2335 2218 1209 1663 848 769 707 2981 2713 1196 2016 1632 1542 1859 1507 1133 1643 878 1591 2674 1349 1095 1250 2225 2527 2770 1492 884 1457 1872 772 1559 616 650 1289 2664 717 1328 1241 2358 3067 2007 1802 849 1702 2632 797 2335 2265 1198 2525 2168 1497 2693 971 2638
1035 2314 1301 2737 2963 2425 3058 923 659 1881 992 2539 2786 2274 2854 2376 1554 2059 2387 3268 1752 2926 1460 1639 1951 3314 2506 1419 2965 3000 2650 945 3007 3165 1077 2184 2764 3183 2888 3555 2799 1236 1977 3118 2088 1384 2979 2773 360 1759 2805 3801 1052 2904 1578 527 3053 2819 2530 1624 2464 1812 3194 1832 3125 1569 486 2686 536 2114 2788 2437 2599 1334 2406 1483 3222 2365 2850 921 2365 2495 1468 3721 2803 2001 1726 2370 2406 2722 2733 1112 3013 2763 3540 2281 1544 1712 1652 2584 2695 1273 3048 2663 3024 3031 1968 1493 2687 1810 3532 1869 2414 1153 3469 2283 1730 1927 3152 1685 1485 3128 2075 2847 1697 1524 2208 619
1052 1807 940 1898 1873 1327 2018 1361 1501 1087 1599 1835 1393 1091 1522 1456 1521 1447 2184 1993 562 1551 1030 736 1885 2132 1602 1341 1916 1861 1251 1606 1612 1996 1148 1255 1413 1786 1862 2159 1976 1468 1887 2059 1696 749 1580 1401 1759 360 1637 2442 1310 1854 543 1673 1714 1689 1212 1629 2284 847 1821 1249 2118 1197 1641 1740 1622 731 1521 1187 1895 1224 1101 772 1827 1015 1451 2061 2047 1185 1044 2355 1901 1549 897 1033 1328 1335 1880 1651 1949 1413 2141 1642 1592 1860 478 1381 1471 846 1738 1490 1658 1680 622 1708 1414 633 2133 1550 2333 972 2205 928 825 1808 1816 1457 1606 1766 1778 1939 480 1742 955 1664
2011 2932 2197 997 628 742 2692 2261 2507 1303 2358 2852 1176 1970 1842 2426 2795 2602 3368 2273 1512 1049 2308 1548 3129 2563 2537 2618 707 2447 1349 2392 1513 2491 2087 1015 908 1368 2596 1826 2876 2738 3126 813 2883 1973 1324 1009 2805 1637 360 2314 2548 2563 1749 2779 1912 2348 875 2900 3466 1359 1812 1424 2804 2465 2714 2596 2634 1545 615 1903 2897 2499 1770 1706 1350 1066 1356 2872 3209 1781 2321 2207 906 1477 1439 1678 2204 1515 970 2904 717 1733 1760 2739 2867 3132 1677 616 2076 2003 808 2170 1024 954 1656 2985 672 1430 1752 2779 3539 2141 2445 1133 2060 3050 953 2715 2016 1840 2981 2775 1756 3020 1042 2615
3135 2573 2869 2951 2509 2461 1651 3444 3570 2819 3673 2300 1606 1922 1308 2064 3029 2476 3012 1019 2534 1640 2771 2720 3070 1244 2032 2985 2604 1467 1607 3684 1255 1332 3230 2698 1825 1305 1720 865 2095 3205 3047 2619 2705 2783 1397 1738 3801 2442 2314 360 3200 1673 2623 3685 1109 1574 2028 3076 3074 2667 985 3018 1710 2768 3676 1916 3684 2071 2074 1744 2295 2967 1756 2827 1325 2045 1449 4144 2838 1668 2771 466 2858 3227 2776 1791 1893 1478 2924 3433 2582 1398 940 2410 3102 3252 2560 2256 1539 2909 1888 1618 1649 1721 2203 3253 2078 2520 947 2780 3207 3013 939 2089 2455 3002 1761 2864 3570 1036 2815 1942 2477 3267 2284 3740
989 1638 732 2664 2760 2197 2372 1120 986 1752 1374 1850 2319 1641 2253 1690 914 1367 1779 2629 1397 2493 793 1384 1354 2647 1817 741 2785 2329 2143 1344 2475 2497 1069 2029 2362 2696 2204 3013 2107 631 1374 2936 1419 937 2485 2346 1052 1310 2548 3200 360 2222 1164 895 2451 2150 2160 1010 1867 1584 2619 1799 2436 878 932 1997 1026 1598 2462 1817 1911 642 1810 1240 2743 1965 2344 1573 1726 1896 797 3129 2700 2059 1542 1795 1741 2179 2653 718 2826 2178 3009 1592 933 1173 1241 2300 2052 917 2688 2008 2603 2629 1441 951 2355 1478 3002 1198 1847 790 2822 1879 1105 1310 2766 1013 1737 2543 1424 2155 1208 990 1878 1144
2442 1279 1993 3097 2829 2472 524 2728 2753 2523 3001 991 1779 1123 1125 893 1878 1281 1701 1020 2038 1973 1805 2228 1808 843 787 1905 2911 567 1577 2994 1557 711 2540 2572 2033 1857 408 1811 792 2130 1781 3001 1446 2026 1731 1938 2904 1854 2563 1673 2222 360 1979 2756 1175 575 2066 1892 1760 2293 1404 2711 625 1712 2780 623 2838 1581 2320 1074 982 1945 1204 2255 1917 1927 1626 3371 1529 1162 1796 1658 3048 2999 2371 1302 894 1421 3072 2350 2917 1207 1861 1144 1939 2026 1956 2365 847 2166 2322 764 2069 2148 1605 2082 2251 2077 1859 1574 1895 2213 1119 1902 1580 1749 2278 1706 3096 1314 1547 640 1810 2086 2109 2931
875 1832 809 1941 1971 1412 2144 1182 1318 1070 1428 1896 1570 1225 1697 1544 1448 1471 2174 2160 598 1722 954 674 1842 2284 1693 1253 2005 2003 1434 1432 1795 2145 971 1291 1574 1966 1983 2342 2062 1351 1848 2152 1695 587 1760 1570 1578 543 1749 2623 1164 1979 360 1496 1890 1826 1360 1560 2274 845 2003 1201 2239 1143 1461 1843 1439 912 1658 1341 1958 1122 1266 639 2005 1172 1633 1881 2050 1353 969 2536 1957 1502 857 1205 1446 1518 1925 1516 2042 1591 2324 1683 1513 1786 438 1497 1624 665 1889 1633 1825 1843 787 1615 1551 683 2316 1527 2311 796 2371 1087 843 1770 1975 1409 1478 1946 1766 2040 529 1652 1073 1481
1014 2148 1176 2755 2952 2403 2907 954 686 1874 1087 2377 2706 2145 2736 2225 1386 1899 2220 3138 1689 2856 1315 1596 1784 3174 2352 1255 2959 2858 2559 1042 2911 3024 1065 2177 2701 3100 2738 3457 2639 1068 1809 3112 1922 1288 2893 2704 527 1673 2779 3685 895 2756 1496 360 2935 2677 2474 1456 2297 1780 3086 1848 2972 1413 459 2532 609 2017 2744 2312 2436 1177 2288 1438 3141 2300 2760 1087 2198 2377 1322 3608 2815 2042 1703 2258 2265 2621 2750 947 3005 2650 3445 2119 1376 1547 1573 2550 2563 1191 2998 2527 2957 2970 1866 1326 2642 1753 3438 1703 2249 1061 3337 2216 1599 1759 3096 1519 1564 3016 1908 2691 1600 1358 2158 732
2405 1952 2119 2515 2159 1936 1245 2713 2828 2181 2953 1721 1097 1179 559 1397 2308 1788 2417 723 1827 1244 2024 2021 2401 1016 1407 2248 2249 991 980 2961 778 971 2501 2121 1363 1056 1222 1030 1595 2465 2382 2313 2044 2039 972 1263 3053 1714 1912 1109 2451 1175 1890 2935 360 991 1488 2364 2493 1999 596 2384 1348 2031 2928 1346 2939 1344 1656 998 1736 2223 1007 2112 1113 1432 916 3411 2238 918 2024 1038 2444 2627 2102 1048 1190 811 2489 2692 2244 660 1066 1768 2383 2555 1833 1770 838 2168 1585 941 1318 1402 1465 2535 1616 1825 1063 2085 2614 2268 915 1451 1706 2328 1512 2148 2895 501 2158 1450 1738 2551 1665 2999
2309 1360 1890 2886 2613 2263 714 2602 2648 2335 2870 1102 1564 961 917 867 1865 1282 1811 917 1864 1760 1722 2058 1858 856 818 1863 2696 542 1361 2866 1353 706 2406 2371 1818 1657 612 1649 965 2089 1835 2786 1493 1896 1522 1723 2819 1689 2348 1574 2150 575 1826 2677 991 360 1853 1895 1881 2110 1226 2527 825 1657 2693 719 2740 1392 2104 880 1110 1883 1003 2096 1717 1717 1413 3262 1634 954 1716 1543 2836 2810 2192 1101 773 1206 2860 2315 2701 994 1692 1195 1932 2053 1796 2151 633 2036 2109 563 1858 1936 1433 2081 2036 1897 1690 1585 2008 2096 1067 1696 1464 1793 2067 1694 2935 1132 1601 826 1656 2089 1905 2826
1746 2421 1793 1401 1144 809 2202 2032 2243 1191 2192 2336 783 1455 1382 1911 2336 2097 2863 1850 1146 801 1864 1256 2643 2115 2022 2173 1217 1966 877 2217 1144 2028 1831 1029 607 1134 2097 1599 2364 2318 2638 1328 2381 1588 992 661 2530 1212 875 2028 2160 2066 1360 2474 1488 1853 360 2436 2959 1115 1446 1378 2315 2002 2424 2085 2371 1044 682 1390 2382 2068 1256 1408 1148 567 955 2705 2700 1273 1875 1923 1344 1561 1222 1163 1689 1052 1375 2504 1231 1263 1551 2226 2411 2667 1282 658 1579 1651 888 1667 872 865 1172 2538 580 1080 1542 2290 3037 1789 2041 650 1588 2563 982 2241 1966 1447 2482 2267 1323 2570 688 2379
1608 1092 1153 3141 3142 2596 2015 1768 1628 2252 2025 1367 2467 1572 2184 1388 473 974 1133 2439 1791 2670 966 1855 703 2367 1466 680 3186 2052 2252 1994 2516 2222 1694 2491 2587 2788 1861 3005 1650 756 724 3328 862 1379 2583 2543 1624 1629 2900 3076 1010 1892 1560 1456 2364 1895 2436 360 1218 2043 2574 2344 2050 795 1525 1634 1646 1768 2758 1749 1419 828 1803 1745 2844 2228 2434 2179 1101 1871 951 3025 3157 2628 2035 1832 1543 2226 3126 895 3219 2149 3020 1129 440 591 1617 2644 1899 1437 2934 1817 2787 2833 1626 550 2652 1875 3015 679 1197 1353 2602 2147 1209 665 2979 577 2372 2485 821 1742 1509 554 2221 1772
2442 917 1945 3819 3727 3223 1805 2622 2486 2985 2882 1138 2857 1895 2365 1485 1314 1223 460 2417 2476 3072 1716 2588 877 2220 1446 1509 3787 1966 2627 2852 2781 2107 2531 3180 3046 3085 1713 3162 1350 1613 854 3915 949 2143 2906 2976 2464 2284 3466 3074 1867 1760 2274 2297 2493 1881 2959 1218 360 2754 2728 3108 1780 1512 2373 1524 2500 2280 3276 2025 1138 1652 2133 2509 3146 2760 2766 3025 624 2165 1699 3055 3815 3404 2772 2203 1722 2538 3800 1713 3811 2384 3200 1116 1297 1117 2311 3217 2028 2232 3389 1917 3187 3251 2180 1331 3179 2555 3196 1111 503 2174 2514 2692 1818 917 3397 1260 3210 2633 868 1500 2171 1301 2824 2627
1017 2291 1267 1460 1545 986 2454 1286 1516 600 1437 2321 1464 1535 1829 1933 1930 1930 2654 2324 644 1548 1438 559 2328 2512 2077 1731 1564 2271 1420 1462 1778 2388 1096 811 1362 1859 2307 2299 2452 1804 2334 1716 2170 1033 1681 1397 1812 847 1359 2667 1584 2293 845 1780 1999 2110 1115 2043 2754 360 2045 778 2559 1629 1717 2205 1644 1078 1339 1590 2380 1594 1477 711 1882 1003 1589 1950 2524 1547 1454 2569 1483 1071 470 1388 1785 1561 1445 1942 1607 1707 2262 2129 1993 2267 802 1132 1865 1026 1608 1907 1627 1618 1054 2087 1243 580 2254 2009 2794 1160 2534 943 1302 2256 1724 1895 1262 2013 2246 2405 947 2124 787 1638
2513 2185 2274 2437 2044 1892 1463 2821 2956 2206 3048 1957 1026 1371 750 1627 2513 2010 2652 861 1908 1124 2200 2094 2626 1182 1642 2440 2137 1212 987 3059 664 1168 2608 2107 1278 869 1452 798 1828 2652 2607 2185 2272 2172 848 1181 3194 1821 1812 985 2619 1404 2003 3086 596 1226 1446 2574 2728 2045 360 2407 1560 2224 3071 1582 3072 1451 1558 1189 1972 2405 1170 2202 920 1434 851 3522 2472 1086 2202 893 2356 2629 2153 1187 1412 852 2409 2878 2126 801 831 1999 2589 2771 1938 1705 1067 2294 1442 1173 1176 1258 1588 2740 1537 1894 828 2303 2849 2403 1000 1471 1876 2551 1350 2357 2948 455 2385 1682 1862 2759 1674 3123
1091 2673 1551 1267 1524 1057 2872 1269 1537 562 1309 2723 1781 1953 2224 2344 2231 2311 3008 2720 1048 1817 1758 888 2654 2921 2490 2024 1511 2687 1781 1347 2123 2800 1151 770 1619 2152 2725 2614 2864 2051 2663 1662 2534 1330 1998 1679 1832 1249 1424 3018 1799 2711 1201 1848 2384 2527 1378 2344 3108 778 2407 360 2977 1960 1766 2621 1656 1494 1502 2007 2783 1878 1891 961 2166 1334 1929 1816 2889 1958 1776 2917 1330 662 712 1800 2202 1936 1262 2147 1561 2099 2569 2520 2285 2557 1180 1270 2279 1269 1785 2324 1872 1843 1471 2357 1430 996 2560 2357 3135 1374 2928 1296 1682 2586 1920 2223 961 2385 2600 2821 1335 2396 1094 1608
