140 2422 2354 1477 1664 1327 2425 2336 1650 962 1464 1088 2457 839 1228 2467 638 839 2179 2423 918 1985 2062 1992 849 625 972 2461 2798 888 2212 1091 1955 2310 788 2766 1076 696 2235 1019 332 508 1966 1783 850 2445 2818 2690 1388 2256 1917 1909 795 1467 552 1758 2555 1068 1305 1947 2307 2446 1091 2114 1927 2538 1018 686 1383 449 985 1060 2129 1493 883 1656 2502 2415 2245 1635 1267 1402 2015 1945 1825 1619 1153 1297 2453 917 1304 1235 1564 1897 2093 1673 2323 1759 1013 2174 1751 1427 3172 1842 714 2409 2590 2333 964 1173 1790 2066 848 1443 969 1636 2883 1224 2073 2139 1907 600 798 878 1482 1857 2801 1223 716 2481 2105 313 1488 1715 965 1053 2384 951 895 2115 1592 2175 838 1100 2599 2532 2474 1905 2541 563 1959 521 1362 400 991 2762 1627 2472 1502 1714 2441 2017 586 1305 2260 711 1923 1871 2700 1043 2207 2193 1583 2347 1722 1245 952 1900 900 1865 1634 368 1434 982 1297 2022 1893 1784 1121 1112 1623 2757 737 2188 370 2365 2010 1845 2653 519
2522 360 2089 1944 2147 1494 390 2830 1172 2074 1901 2221 2794 2499 2360 2730 2285 2704 1440 1038 3115 1964 813 859 2573 3005 1809 1819 887 2414 1057 1692 2060 1607 2569 1048 1709 2114 1151 2124 2590 2363 1118 2172 3043 1280 1247 1299 1566 1681 1504 881 3110 2798 2333 2772 852 1905 1497 2122 1436 1701 1942 846 1691 531 2421 2176 1747 2355 2647 2961 1406 2600 1905 1125 514 2132 1683 2309 2641 2164 1255 2128 2593 1249 2796 1953 567 2891 1522 2332 1287 2054 725 1909 2112 2166 2498 1332 1205 1465 1170 2442 2425 2251 544 1306 3343 3544 2166 1775 2831 1392 1868 2745 904 2167 2306 1936 2404 2876 1984 1979 1302 1104 1176 1623 2074 1437 902 2589 1298 1655 2162 1781 737 1861 3204 667 1342 1365 3218 2734 624 500 2779 938 898 2514 1204 2283 1899 2397 1792 750 1296 1056 2164 1203 1730 1552 2890 1713 1668 2936 2432 1157 935 2606 2274 589 2000 2639 1278 2603 2154 1153 3208 2408 1886 2590 2634 1905 2605 1920 1114 1748 1664 1942 2760 890 3118 878 2594 2618 2024 1294 1021 2316
2454 2089 360 2880 1080 1762 2117 3989 2126 2605 1258 1642 4025 2901 1574 3988 2554 2135 2896 1457 3232 3208 1720 2174 2959 2856 2073 3329 1951 2869 2589 1994 3264 851 2916 2777 2089 2099 1298 1694 2423 2527 2466 3251 2532 1232 2969 2991 2405 3130 2793 2021 2715 3488 2163 3644 1715 2502 2116 794 2958 812 1650 1639 2958 2254 2963 2054 1401 2287 3096 3307 1051 3382 2188 1926 2005 3545 765 1187 3271 3014 2638 799 3568 1621 1980 2758 1916 2270 2191 3038 1655 3227 1832 2981 407 996 1835 1118 1497 2301 2775 3477 2037 3629 2098 1161 3047 3167 3251 743 2257 2186 1884 3557 2581 1503 3505 3268 1019 2914 2153 1915 1888 2342 2901 2256 2130 1097 1578 2600 1867 1103 1749 2273 2407 1940 3189 1977 1522 2832 2956 3221 2347 2217 4023 2160 2604 2722 1319 2232 2756 2448 2048 2087 1535 1464 1241 1548 781 951 2570 2507 781 2509 3514 2419 1770 1891 3550 2003 2998 3870 2408 1729 1761 1416 3194 1058 1088 2396 3369 2399 1689 3194 1467 2917 1965 2592 3558 2614 2943 1577 2644 3864 3267 2544 2739 2208
1577 1944 2880 360 2427 1480 1929 1472 1224 879 2102 2030 1526 1150 2236 1504 1199 2160 1179 2334 1799 869 1835 1450 1208 1938 1266 1361 2458 1055 1394 1292 853 2581 1239 1953 1197 1486 2254 1890 1735 1328 1209 745 2285 2489 1923 1755 843 1176 926 1493 2222 1220 1660 1204 2318 835 1124 2618 1303 2727 1781 1933 851 1972 982 1595 1898 1564 1207 1520 2325 1016 1205 1401 2084 1301 2578 2503 1094 585 1141 2619 1066 1647 2428 544 2085 2299 1049 797 1602 797 1784 556 2872 2508 2166 2315 1798 958 2467 957 1891 1309 2126 2423 2296 2513 747 2500 2224 1076 1502 1164 2202 2100 1033 1022 2747 1694 1308 1553 1369 1199 1935 988 1416 2603 1967 1563 1390 2141 1875 1026 1704 1440 1966 1704 1728 1208 2178 1248 1989 1988 1531 1383 1771 1339 2039 1533 498 1454 1283 2334 1724 2379 2316 1742 2741 2326 2023 734 2580 2146 995 1150 2449 2251 1134 1761 488 1380 1028 2393 1856 1935 1968 2721 2234 1761 1055 961 2431 905 1894 701 1312 754 1177 2027 2035 2037 1528 1384 899 1028 1834 1596
1764 2147 1080 2427 360 1350 2168 3531 1847 2054 690 937 3594 2282 853 3570 1934 1414 2660 1703 2541 2838 1699 2027 2332 2144 1535 3081 2221 2267 2436 1495 2872 1247 2283 2783 1590 1464 1481 1017 1723 1884 2249 2812 1813 1570 2941 2910 1996 2864 2492 1867 1994 2904 1482 3104 1946 1987 1702 649 2751 1332 1034 1662 2626 2317 2375 1397 903 1614 2475 2651 1229 2831 1629 1673 2122 3227 1143 529 2684 2516 2403 646 3067 1369 1281 2275 2037 1554 1773 2491 1370 2827 1802 2566 1042 455 1114 1312 1330 1917 2938 3003 1328 3288 2228 1453 2326 2448 2814 928 1538 1820 1310 3005 2690 799 3092 2932 682 2222 1564 1303 1557 2109 2886 1806 1510 1511 1611 1919 1539 851 1066 1768 2365 1372 2483 1925 1249 2610 2237 2601 2409 2287 3598 1980 2572 2072 1311 1569 2291 1786 1514 2297 1286 1734 523 1355 1313 1048 1852 2060 1166 1788 3054 2177 2055 1174 3166 1981 2554 3447 2114 1028 1081 1354 2488 663 623 1694 2805 1869 996 2839 1394 2549 1475 2081 3001 2663 2228 1656 1967 3448 2891 2268 2713 1535
1427 1494 1762 1480 1350 360 1503 2592 889 1240 1020 1150 2638 1607 1331 2607 1297 1578 1688 1471 2114 1853 1098 1161 1677 1912 754 2099 1832 1551 1520 637 1895 1512 1649 1978 714 996 1305 1028 1474 1332 1301 1858 1908 1534 2092 2020 1018 1880 1504 1028 1980 2123 1204 2250 1588 1113 722 1506 1789 1661 848 1146 1635 1633 1618 1045 806 1245 1794 2064 1276 1995 878 769 1553 2236 1488 1460 1915 1613 1438 1508 2166 654 1709 1356 1496 1763 795 1654 597 1852 1143 1596 1752 1420 1404 1293 799 929 2288 2076 1292 2299 1648 1436 2232 2425 1858 1386 1701 829 735 2170 2004 1145 2125 1942 1672 1832 910 846 598 1160 2052 854 971 1605 1138 1518 588 1020 1054 889 1557 738 2158 1193 658 1644 2109 1911 1708 1619 2639 1088 1749 1516 1035 1172 1354 1324 728 1806 680 1520 1274 754 1668 1233 1763 1106 1494 1802 2116 1218 1733 1512 2187 1270 1602 2486 1133 1557 1042 956 2162 1653 1127 1470 1991 1027 1574 1852 938 1562 601 1199 2173 1914 2023 1221 1536 2484 1909 1290 1883 1195
2525 390 2117 1929 2168 1503 360 2807 1167 2068 1919 2235 2770 2492 2376 2706 2283 2714 1414 1068 3111 1942 832 848 2567 3007 1812 1791 909 2407 1031 1696 2038 1636 2564 1019 1710 2119 1179 2137 2594 2362 1098 2153 3051 1310 1217 1269 1558 1655 1483 880 3116 2784 2339 2755 881 1899 1495 2146 1408 1731 1954 869 1669 508 2412 2182 1763 2359 2639 2954 1433 2585 1906 1128 540 2105 1711 2330 2629 2150 1233 2153 2574 1262 2810 1941 596 2901 1519 2320 1299 2033 740 1891 2140 2189 2511 1360 1222 1457 1155 2423 2434 2225 557 1335 3346 3549 2146 1801 2841 1387 1875 2730 885 2183 2284 1912 2428 2875 1986 1987 1306 1090 1147 1619 2078 1467 926 2590 1303 1677 2174 1778 708 1867 3203 671 1357 1340 3221 2725 600 481 2754 929 868 2511 1228 2287 1887 2398 1795 765 1311 1086 2184 1218 1759 1578 2895 1704 1696 2943 2412 1140 962 2619 2250 593 1983 2615 1264 2619 2165 1174 3206 2431 1907 2595 2620 1901 2621 1897 1135 1728 1668 1934 2744 864 3120 905 2594 2594 2002 1276 991 2321
2436 2830 3989 1472 3531 2592 2807 360 2273 1872 3209 3094 532 1860 3297 601 2113 3111 1774 3349 2278 1227 2852 2397 1866 2637 2358 1543 3356 1808 2147 2398 1136 3668 1925 2553 2302 2519 3307 2959 2621 2226 2086 1098 3120 3534 2419 2232 1944 1564 1692 2491 2991 1327 2644 991 3279 1906 2233 3729 1825 3813 2871 2955 1503 2798 1677 2622 3008 2520 1755 1905 3410 1214 2276 2468 2984 1192 3674 3596 1463 1381 1935 3731 870 2742 3410 1616 3012 3212 2159 1473 2701 1154 2778 1374 3982 3615 3185 3391 2886 2051 3093 889 2885 1062 2994 3482 2936 3129 1098 3608 3142 2168 2590 1112 2894 3180 885 1268 3849 2358 2363 2624 2467 2148 2469 2101 2453 3662 2998 2391 2488 3252 2935 2122 2496 2527 2494 2666 2831 1845 2846 1681 2778 2826 565 2356 2463 2134 3117 2514 1603 2365 2377 3197 2823 3390 3412 2831 3828 3426 2841 1846 3674 2987 837 2076 3392 3256 933 2703 1351 590 2015 3423 2916 3012 2493 3820 3345 2655 1285 2029 3466 1270 2967 1478 2420 1814 1134 2704 2698 3059 2339 627 1166 1930 2455 2575
1750 1172 2126 1224 1847 889 1167 2273 360 1263 1525 1674 2285 1687 1859 2240 1479 2053 1173 1469 2304 1448 971 702 1762 2224 1054 1597 1641 1604 996 957 1514 1761 1757 1495 940 1383 1397 1545 1838 1566 772 1544 2339 1629 1584 1498 774 1384 1028 656 2372 2036 1611 2067 1468 1094 704 1957 1266 1903 1370 1069 1192 1261 1619 1466 1315 1604 1841 2152 1502 1857 1127 560 1286 1780 1777 1972 1860 1423 916 1961 1926 870 2219 1183 1265 2234 715 1556 849 1484 931 1263 2128 1906 1914 1479 990 660 1882 1800 1757 1862 1353 1571 2574 2783 1541 1745 2166 580 1189 2018 1593 1674 1763 1501 2163 2075 1222 1297 655 630 1552 813 1329 1751 1102 1802 670 1436 1564 976 1096 1158 2401 881 983 1123 2448 1933 1314 1261 2279 615 1266 1707 1208 1536 1143 1616 1043 1550 959 1514 1790 938 1920 1541 2149 922 1775 2218 1816 691 1606 2021 1791 953 1316 2127 642 2082 1549 1102 2405 2149 1601 1845 1878 1094 2100 1430 1055 1164 939 1138 2028 1468 2337 1173 1801 2118 1509 786 1390 1580
1062 2074 2605 879 2054 1240 2068 1872 1263 360 1749 1584 1962 784 1785 1956 685 1648 1601 2290 1421 1388 1827 1587 859 1455 893 1860 2538 701 1698 976 1368 2393 857 2270 887 1008 2157 1451 1216 813 1464 1219 1767 2392 2289 2143 883 1658 1335 1559 1713 1246 1154 1411 2343 529 979 2283 1730 2541 1380 1910 1328 2151 741 1112 1570 1048 943 1249 2155 1141 785 1364 2189 1820 2365 2101 1034 856 1472 2283 1383 1494 1926 697 2165 1781 929 797 1438 1310 1816 1074 2589 2143 1680 2168 1654 971 2734 1345 1391 1825 2257 2303 1818 2036 1225 2245 1707 1045 1104 1315 2451 1675 1517 1539 2362 1241 856 1120 1245 1386 2284 825 941 2478 1925 1057 1262 1867 1424 714 1937 1043 1548 1784 1535 1607 1696 1047 2193 2156 1973 1501 2059 864 1901 1024 760 935 917 2454 1548 2339 1922 1601 2548 2110 1508 754 2372 1628 1411 1376 2486 1758 1637 1856 994 1832 1222 1915 1405 1809 1551 2330 1903 1242 1123 573 1957 1423 1780 1183 1009 521 1314 2299 1560 2006 1028 1843 1418 1312 2153 1087
1564 1901 1258 2102 690 1020 1919 3209 1525 1749 360 804 3268 2011 853 3243 1663 1352 2337 1556 2340 2508 1447 1726 2067 1990 1221 2755 2052 1986 2127 1171 2543 1242 2022 2506 1267 1202 1333 812 1543 1630 1931 2486 1754 1479 2653 2611 1666 2537 2164 1569 1905 2616 1272 2801 1775 1671 1372 893 2431 1364 753 1430 2295 2066 2088 1156 573 1391 2206 2409 1128 2530 1324 1358 1898 2896 1160 808 2397 2199 2081 894 2752 1066 1321 1953 1817 1522 1442 2187 1059 2497 1542 2237 1232 767 1068 1198 1058 1586 2706 2683 1179 2957 2003 1358 2222 2371 2488 966 1487 1490 1007 2705 2445 685 2764 2601 1013 2024 1272 1022 1232 1790 2602 1478 1236 1464 1386 1706 1215 673 869 1448 2083 1067 2311 1652 949 2288 2119 2332 2155 2040 3272 1673 2288 1824 1107 1335 1967 1550 1199 2099 991 1596 633 1072 1355 970 1730 1733 1178 1698 2732 1856 1899 1160 2837 1715 2228 3121 1787 1092 878 1120 2316 993 530 1519 2509 1556 1083 2508 1150 2218 1150 1765 2703 2400 2085 1445 1748 3121 2561 1943 2429 1313
1188 2221 1642 2030 937 1150 2235 3094 1674 1584 804 360 3178 1744 566 3165 1403 909 2444 1971 1963 2496 1778 1948 1788 1574 1131 2832 2444 1742 2309 1146 2510 1685 1734 2761 1224 943 1753 501 1146 1335 2083 2409 1310 1915 2881 2810 1675 2611 2230 1806 1462 2383 912 2613 2171 1559 1415 1223 2555 1804 663 1784 2327 2376 1861 854 851 1048 1932 2086 1567 2336 1185 1557 2245 2913 1601 915 2164 2074 2207 1220 2606 1334 934 1858 2171 1084 1470 2007 1302 2458 1856 2196 1608 1031 642 1633 1388 1630 3031 2565 754 2953 2348 1795 1784 1928 2413 1399 1045 1564 901 2505 2755 499 2703 2614 1188 1645 1091 836 1388 1943 2840 1464 1004 1907 1750 1346 1379 1112 519 1370 2337 958 1908 1941 1240 2409 1685 2058 2460 2356 3186 1878 2534 1514 1503 1012 1891 1224 1119 2469 1285 2014 774 1381 1793 1414 1296 1694 1619 1255 2628 1995 2304 747 2800 2012 2158 3040 1891 768 538 1491 1913 1149 955 1117 2300 1433 789 2509 1509 2222 1144 1649 2498 2684 1662 1820 1395 3047 2541 2048 2670 970
2557 2794 4025 1526 3594 2638 2770 532 2285 1962 3268 3178 360 1987 3382 443 2221 3222 1722 3340 2433 1208 2847 2381 1998 2777 2428 1447 3317 1929 2102 2459 1131 3686 2056 2473 2364 2610 3310 3040 2740 2338 2064 1142 3249 3533 2328 2143 1982 1497 1672 2485 3127 1482 2746 1149 3255 1981 2276 3781 1759 3829 2943 2951 1484 2750 1799 2714 3063 2627 1894 2060 3427 1353 2354 2483 2949 1090 3698 3667 1605 1466 1905 3783 1000 2768 3517 1684 2982 3331 2202 1584 2730 1161 2768 1403 4020 3675 3282 3404 2908 2083 3008 980 2986 957 2952 3487 3084 3280 1140 3642 3259 2198 2662 1266 2822 3257 881 1218 3914 2498 2447 2703 2497 2139 2382 2152 2542 3665 2996 2515 2518 3294 3020 2189 2448 2600 2647 2649 2863 1795 2991 1827 2724 2780 394 2347 2399 2258 3133 2616 1662 2477 2446 3152 2852 3379 3481 2853 3846 3454 2971 1897 3697 3114 911 2064 3363 3357 880 2680 1400 518 2017 3518 3000 3027 2646 3887 3398 2772 1427 2106 3560 1242 2980 1481 2479 1890 1289 2633 2842 3053 2464 536 1146 1918 2380 2677
939 2499 2901 1150 2282 1607 2492 1860 1687 784 2011 1744 1987 360 1925 2003 708 1630 1954 2692 1018 1622 2242 2010 434 1180 1221 2146 2959 456 2099 1330 1569 2742 449 2672 1256 1177 2546 1632 1128 772 1872 1369 1622 2778 2674 2518 1302 1966 1691 1983 1508 1006 1213 1280 2758 953 1392 2539 2082 2888 1619 2321 1640 2574 555 1251 1862 1076 555 828 2518 1014 1095 1781 2613 2032 2702 2295 794 1001 1861 2538 1350 1882 1940 1009 2587 1716 1348 789 1824 1512 2236 1335 2878 2376 1756 2539 2039 1395 3149 1383 1444 2004 2681 2683 1525 1739 1378 2560 1647 1469 1377 1160 2868 1862 1642 1785 2567 915 1109 1349 1650 1804 2675 1244 1135 2852 2332 891 1665 2183 1591 1111 2354 1324 1176 2208 1906 1972 1414 680 2614 2580 2006 1925 2467 635 2281 1095 1082 900 1247 2878 1925 2741 2132 1988 2892 2451 1343 1165 2712 1487 1467 1788 2902 1807 1788 2281 1222 1886 1636 1996 1573 2196 1178 2530 2177 1163 956 971 2045 1670 2171 1490 1365 926 1148 2711 1266 2414 838 1907 1633 1710 2553 1146
1328 2360 1574 2236 853 1331 2376 3297 1859 1785 853 566 3382 1925 360 3370 1590 921 2640 2050 2090 2702 1910 2119 1964 1668 1337 3033 2543 1929 2491 1349 2716 1694 1908 2926 1429 1140 1827 707 1273 1512 2271 2615 1321 1965 3054 2990 1879 2811 2431 1972 1501 2568 1076 2806 2267 1764 1614 1141 2749 1797 854 1905 2530 2520 2050 1044 972 1215 2109 2242 1613 2530 1391 1730 2371 3119 1599 776 2350 2277 2399 1136 2806 1484 829 2063 2293 1065 1671 2204 1459 2664 1995 2403 1535 938 621 1687 1516 1831 3170 2768 874 3159 2476 1844 1834 1955 2619 1387 1046 1760 1106 2696 2900 553 2909 2820 1041 1775 1295 1043 1569 2129 3010 1669 1204 1937 1865 1493 1557 1164 722 1576 2501 1164 2013 2091 1380 2603 1747 2233 2606 2497 3391 2052 2701 1683 1596 1189 2097 1393 1325 2583 1425 2089 698 1517 1782 1446 1365 1900 1620 1295 2831 2184 2392 686 3006 2160 2364 3245 2085 604 741 1600 2019 999 962 1241 2491 1638 607 2715 1625 2427 1345 1854 2689 2839 1746 1929 1546 3253 2748 2243 2839 1140
2567 2730 3988 1504 3570 2607 2706 601 2240 1956 3243 3165 443 2003 3370 360 2224 3225 1655 3285 2468 1156 2794 2325 2017 2801 2409 1369 3251 1940 2036 2435 1086 3642 2075 2397 2341 2601 3259 3026 2748 2344 2007 1119 3264 3481 2249 2065 1949 1426 1616 2433 3147 1522 2745 1192 3195 1966 2245 3752 1688 3783 2924 2898 1429 2683 1812 2707 3037 2628 1918 2097 3383 1380 2339 2439 2885 1011 3656 3647 1632 1459 1845 3754 1025 2729 3517 1667 2920 3338 2171 1591 2692 1120 2713 1370 3984 3650 3277 3357 2866 2048 2931 984 2984 878 2886 3438 3113 3312 1116 3605 3266 2161 2644 1305 2748 3241 842 1154 3891 2523 2435 2689 2459 2085 2304 2125 2533 3615 2945 2527 2480 3260 3008 2169 2380 2582 2682 2592 2825 1728 3018 1857 2655 2713 413 2293 2327 2271 3088 2614 1641 2482 2426 3085 2813 3323 3460 2812 3801 3413 2986 1870 3654 3128 907 2009 3300 3353 820 2621 1376 484 1969 3511 2988 2982 2681 3865 3370 2780 1456 2092 3552 1186 2935 1436 2454 1876 1329 2559 2869 3000 2477 483 1094 1865 2305 2676
738 2285 2554 1199 1934 1297 2283 2113 1479 685 1663 1403 2221 708 1590 2224 360 1361 1917 2403 1194 1707 1980 1819 765 1142 903 2185 2712 699 1985 1022 1680 2411 724 2551 964 829 2243 1287 899 489 1743 1515 1446 2471 2585 2447 1154 1983 1653 1763 1388 1339 895 1581 2493 808 1148 2190 2046 2556 1270 2050 1652 2381 820 909 1517 767 903 1132 2194 1304 779 1533 2384 2138 2366 1951 1120 1137 1772 2189 1606 1585 1657 1019 2348 1479 1124 1000 1526 1622 1989 1395 2531 2028 1442 2221 1737 1216 2991 1600 1135 2136 2462 2370 1505 1722 1522 2218 1406 1260 1034 1468 2704 1517 1809 1861 2222 957 769 1000 1381 1649 2575 1027 786 2535 2054 733 1393 1842 1248 864 2193 984 1282 1982 1594 1919 1381 1029 2432 2381 2235 1731 2332 589 1972 768 1084 621 929 2649 1618 2453 1786 1689 2558 2118 1184 1050 2377 1307 1676 1650 2639 1505 1939 2059 1307 2102 1498 1682 1229 1893 1285 2186 1829 927 1262 752 1729 1744 1874 1508 1058 840 1459 2562 1251 2137 709 2117 1734 1605 2436 826
939 2704 2135 2160 1414 1578 2714 3111 2053 1648 1352 909 3222 1630 921 3225 1361 360 2741 2513 1615 2664 2277 2367 1647 1151 1386 3083 2972 1667 2680 1460 2653 2230 1586 3183 1502 1067 2297 956 867 1244 2439 2506 764 2465 3278 3181 1930 2867 2497 2244 940 2266 861 2551 2703 1695 1737 1701 2862 2343 1129 2297 2552 2849 1798 964 1386 960 1785 1838 2116 2281 1371 1982 2745 3096 2141 1324 2063 2134 2532 1697 2602 1818 675 1976 2678 546 1769 1999 1777 2596 2343 2349 2096 1499 660 2182 1900 1924 3505 2602 657 3110 2846 2344 1275 1394 2513 1933 495 1892 1225 2431 3222 1031 2803 2805 1572 1319 1256 1116 1801 2307 3246 1725 1136 2456 2269 1113 1797 1661 909 1580 2768 1255 1502 2408 1742 2720 1195 1899 2926 2833 3237 2288 2953 1357 2040 986 2029 1105 1388 2982 1786 2557 1257 1883 2330 1962 829 1897 2161 737 2678 2344 2838 617 2925 2484 2280 3103 2215 820 915 2018 1507 1527 1494 831 2227 1578 873 2691 2030 2423 1475 1767 2418 3130 1212 2343 1170 3118 2699 2362 3082 923
2279 1440 2896 1179 2660 1688 1414 1774 1173 1601 2337 2444 1722 1954 2640 1655 1917 2741 360 2037 2611 934 1578 1096 2018 2697 1719 793 1957 1858 743 1666 1039 2481 2043 1182 1606 2034 2054 2307 2410 2039 790 1214 2956 2254 1114 938 1172 606 626 1238 2935 1982 2252 1850 1917 1472 1390 2763 489 2610 2146 1678 713 1388 1798 2137 2126 2197 2026 2340 2229 1760 1731 1356 1594 1056 2519 2784 1896 1386 621 2768 1634 1672 2954 1305 1635 2908 1342 1613 1658 1054 1480 1033 2904 2720 2657 2185 1767 1182 1723 1468 2446 1171 1591 2233 3060 3278 1205 2522 2835 1240 1918 1862 1494 2464 1262 866 2976 2476 1846 2011 1464 920 1137 1376 1966 2401 1733 2290 1481 2240 2316 1525 1086 1871 2768 1343 1789 434 2937 2066 1364 1418 1704 1096 1054 2103 1941 2145 1232 2140 1720 1790 1760 2071 2600 1721 2633 2305 2720 1234 2513 2822 1434 846 2014 2759 1204 1357 1155 1570 916 2849 2299 1841 2770 2962 2414 2428 1819 1560 2874 878 1790 848 1663 1440 1883 1305 2801 1772 2267 1546 986 758 1071 2202
2523 1038 1457 2334 1703 1471 1068 3349 1469 2290 1556 1971 3340 2692 2050 3285 2403 2513 2037 360 3225 2491 861 1320 2765 3002 1863 2449 883 2624 1671 1742 2574 966 2744 1716 1801 2087 583 1919 2551 2443 1640 2638 2899 603 1921 1976 1871 2284 2028 1219 3015 3128 2267 3176 621 2133 1672 1590 2061 1036 1762 760 2216 1187 2669 2110 1487 2335 2870 3158 840 2960 1984 1305 924 2732 1060 1872 2939 2530 1808 1597 3033 1179 2518 2283 840 2694 1730 2645 1237 2555 932 2359 1487 1691 2251 755 1034 1753 1679 2901 2279 2840 1009 656 3299 3477 2635 1207 2648 1643 1814 3124 1488 1875 2827 2499 1893 2941 2022 1909 1404 1562 1848 1830 2073 761 730 2624 1388 1249 1971 1942 1402 1835 3266 1056 1191 1964 3182 2977 1275 1148 3329 1353 1575 2625 835 2262 2249 2432 1838 994 1157 409 1774 1076 1066 1020 2811 2014 1041 2818 2910 1636 711 2350 2825 1041 2422 3182 1699 2287 1970 883 3270 1908 1473 2540 2976 2084 2274 2458 893 2232 1706 2199 3133 1539 3111 656 2645 3166 2554 1781 1698 2274
1018 3115 3232 1799 2541 2114 3111 2278 2304 1421 2340 1963 2433 1018 2090 2468 1194 1615 2611 3225 360 2241 2814 2639 953 846 1723 2779 3547 1115 2754 1845 2175 3170 932 3327 1796 1531 3054 1898 1179 1142 2524 1959 1398 3275 3333 3177 1943 2611 2349 2593 1202 1311 1428 1647 3325 1586 1981 2825 2738 3310 1960 2882 2290 3203 1177 1550 2246 1310 966 733 2976 1457 1605 2368 3218 2627 3111 2503 1210 1623 2519 2822 1808 2406 1917 1667 3183 1608 1952 1392 2348 2120 2824 1975 3201 2635 1854 3013 2553 2025 3796 1897 1578 2579 3294 3168 1036 1214 1969 2938 1561 2084 1796 1526 3512 2101 2196 2405 2772 678 1564 1723 2215 2447 3334 1851 1527 3325 2883 995 2226 2580 1843 1695 2998 1762 577 2814 2402 2630 974 983 3249 3205 2458 2552 3119 965 2779 1372 1740 1169 1747 3483 2431 3274 2378 2509 3307 2876 1165 1814 3125 1304 1985 2437 3471 1859 2352 2890 1857 2366 2284 2067 1831 2708 575 2729 2510 1210 1378 1570 2120 2295 2693 2140 1880 1575 1504 3360 846 2967 958 2395 2243 2366 3209 1388
2085 1964 3208 869 2838 1853 1942 1227 1448 1388 2508 2496 1208 1622 2702 1156 1707 2664 934 2491 2241 360 1999 1534 1669 2431 1724 905 2491 1532 1289 1723 465 2849 1710 1752 1636 1978 2463 2354 2245 1837 1220 672 2794 2685 1659 1472 1201 787 826 1637 2727 1474 2163 1293 2413 1329 1495 2998 1017 2989 2226 2102 637 1938 1435 2087 2296 2071 1635 1920 2590 1251 1684 1648 2117 792 2866 2932 1436 982 1068 3000 1067 1946 2924 1052 2145 2806 1425 1210 1913 495 1919 674 3207 2912 2653 2562 2078 1284 2295 900 2389 817 2130 2641 2784 3000 662 2825 2732 1391 1956 1322 2069 2551 702 523 3161 2176 1794 2022 1684 1290 1693 1401 1907 2818 2149 2068 1704 2492 2346 1487 1638 1897 2426 1802 2048 999 2670 1640 1925 1965 1198 1498 1628 1837 2295 2037 995 1964 1736 2335 2032 2531 2744 2024 3007 2627 2530 1161 2864 2655 860 1215 2525 2743 703 1837 764 1050 1173 2874 2327 2189 2427 3139 2621 2270 1321 1451 2909 422 2141 652 1735 1256 1345 1880 2524 2205 2031 1035 422 1070 1643 2100
2162 813 1720 1835 1699 1098 832 2852 971 1827 1447 1778 2847 2242 1910 2794 1980 2277 1578 861 2814 1999 360 843 2316 2647 1460 2003 1097 2168 1238 1338 2078 1272 2302 1454 1378 1734 835 1689 2213 2038 1161 2138 2632 1046 1629 1633 1380 1822 1539 721 2716 2642 1942 2678 875 1665 1210 1694 1621 1395 1509 463 1725 980 2201 1782 1297 1983 2411 2711 1031 2467 1572 824 828 2263 1324 1859 2459 2035 1333 1700 2532 821 2352 1791 761 2464 1259 2160 869 2057 472 1858 1736 1723 2057 976 753 1262 1621 2400 2008 2365 930 1015 2970 3163 2134 1373 2408 1158 1472 2629 1357 1718 2332 2016 1966 2549 1631 1580 959 1069 1567 1362 1705 1186 514 2244 948 1208 1730 1493 1054 1476 2878 616 898 1508 2848 2513 1070 953 2838 861 1258 2208 776 1909 1754 2050 1439 1069 853 905 1711 757 1418 1146 2500 1525 1313 2533 2409 1145 1020 2164 2336 651 1921 2689 1199 2154 1723 707 2882 1968 1436 2209 2487 1631 2154 1969 664 1734 1305 1723 2639 1324 2759 566 2257 2674 2061 1289 1397 1934
2092 859 2174 1450 2027 1161 848 2397 702 1587 1726 1948 2381 2010 2119 2325 1819 2367 1096 1320 2639 1534 843 360 2085 2567 1391 1524 1367 1923 779 1287 1620 1746 2084 1177 1279 1715 1318 1829 2178 1908 680 1705 2669 1525 1295 1244 1071 1339 1069 520 2710 2300 1943 2287 1246 1418 1047 2084 1146 1874 1648 944 1257 924 1925 1794 1532 1942 2153 2469 1497 2105 1468 751 993 1780 1789 2170 2142 1668 851 2089 2118 1020 2510 1454 996 2551 1056 1833 1029 1605 750 1433 2184 2071 2205 1450 1072 975 1539 1974 2074 1884 1043 1498 2916 3125 1700 1807 2485 918 1503 2254 1251 1927 1873 1540 2326 2415 1562 1614 927 616 1252 1151 1665 1668 997 2145 934 1565 1855 1317 761 1480 2741 628 1139 1027 2790 2237 973 929 2370 447 948 2045 1215 1874 1401 1959 1378 1249 1100 1358 1999 1037 1897 1585 2487 1217 1781 2551 1973 682 1368 2313 1865 673 1515 2223 782 2352 1843 1119 2744 2319 1767 2183 2137 1430 2365 1499 1068 1287 1264 1449 2268 1130 2680 1041 2144 2207 1596 828 1082 1915
949 2573 2959 1208 2332 1677 2567 1866 1762 859 2067 1788 1998 434 1964 2017 765 1647 2018 2765 953 1669 2316 2085 360 1150 1289 2198 3034 524 2169 1400 1612 2808 421 2742 1328 1229 2618 1680 1140 812 1943 1407 1614 2849 2742 2584 1376 2023 1755 2058 1490 979 1249 1271 2832 1028 1466 2593 2145 2954 1674 2395 1699 2648 594 1298 1922 1110 504 754 2586 1013 1163 1855 2688 2073 2767 2341 778 1047 1930 2592 1359 1954 1959 1074 2662 1723 1423 825 1896 1555 2310 1390 2937 2427 1786 2609 2110 1469 3222 1403 1475 2041 2756 2753 1486 1698 1416 2622 1656 1544 1438 1148 2941 1908 1672 1833 2613 878 1171 1405 1724 1877 2744 1319 1190 2922 2406 898 1739 2246 1637 1185 2427 1387 1120 2282 1976 2037 1379 630 2688 2654 2018 2000 2538 650 2352 1136 1146 932 1315 2953 1996 2814 2181 2060 2957 2517 1335 1238 2777 1482 1488 1860 2976 1833 1821 2355 1274 1902 1708 2026 1619 2267 1121 2576 2234 1176 949 1045 2075 1719 2243 1549 1435 999 1134 2783 1229 2488 842 1925 1677 1780 2623 1184
725 3005 2856 1938 2144 1912 3007 2637 2224 1455 1990 1574 2777 1180 1668 2801 1142 1151 2697 3002 846 2431 2647 2567 1150 360 1556 2939 3383 1263 2764 1675 2385 2858 1097 3326 1656 1277 2810 1538 816 1030 2520 2189 913 3015 3366 3229 1933 2747 2431 2489 729 1691 1102 2017 3139 1591 1880 2434 2826 2988 1641 2698 2416 3117 1375 1253 1936 1028 1243 1153 2691 1784 1461 2239 3087 2849 2786 2085 1533 1816 2554 2430 2137 2203 1442 1772 3038 1125 1873 1610 2148 2327 2678 2132 2822 2236 1417 2740 2332 1986 3746 2192 1179 2824 3174 2901 723 940 2198 2596 1083 2012 1549 1893 3458 1713 2461 2592 2346 638 1381 1453 2066 2419 3354 1786 1301 3043 2689 782 2072 2262 1481 1616 2955 1534 710 2697 2172 2700 600 1319 3177 3113 2799 2479 3104 959 2535 1101 1842 968 1575 3347 2208 3050 1981 2296 2982 2568 686 1833 2802 819 2278 2426 3284 1405 2608 2776 2027 2688 2275 1611 1472 2479 715 2302 2155 834 1711 1526 1665 2476 2474 2268 1706 1616 1873 3326 473 2771 793 2712 2447 2387 3212 1088
1072 1809 2073 1266 1535 754 1812 2358 1054 893 1221 1131 2428 1221 1337 2409 903 1386 1719 1863 1723 1724 1460 1391 1289 1556 360 2081 2198 1172 1661 482 1740 1882 1258 2188 477 690 1699 989 1147 942 1417 1650 1647 1927 2265 2159 917 1861 1484 1298 1678 1775 919 1940 1966 812 717 1753 1838 2029 875 1521 1563 1927 1254 783 1037 911 1412 1672 1657 1673 485 1043 1891 2144 1846 1599 1559 1340 1506 1754 1892 1043 1597 1103 1845 1559 743 1328 985 1688 1484 1427 2056 1622 1306 1680 1193 898 2567 1829 1089 2182 1978 1827 1894 2098 1653 1716 1488 870 595 1848 2278 1193 1940 1845 1851 1449 534 660 870 1291 2239 706 634 1994 1520 1145 877 1337 982 601 1790 534 1778 1502 1050 1695 1769 1532 1991 1920 2434 1305 1959 1122 1428 842 1128 951 386 2152 1074 1912 1414 1147 2033 1593 1456 923 1855 1524 1883 1322 2111 1405 2031 1580 1395 2285 1189 1515 963 1350 1782 1822 1372 1152 1656 694 1547 1739 1331 1453 517 905 1847 2161 1669 1604 1157 2290 1770 1336 2081 885
2561 1819 3329 1361 3081 2099 1791 1543 1597 1860 2755 2832 1447 2146 3033 1369 2185 3083 793 2449 2779 905 2003 1524 2198 2939 2081 360 2314 2053 1137 2046 991 2911 2235 1392 1975 2378 2478 2693 2708 2313 1223 1213 3259 2672 1240 1055 1524 581 962 1670 3213 2012 2584 1800 2308 1763 1778 3193 747 3038 2540 2102 895 1737 1965 2485 2542 2512 2174 2465 2660 1792 2073 1785 1971 717 2951 3199 1982 1515 1053 3197 1565 2101 3317 1529 2023 3240 1722 1747 2085 1037 1902 1170 3337 3143 3028 2614 2199 1561 1922 1402 2795 850 1950 2657 3298 3515 1203 2955 3166 1637 2296 1847 1749 2863 1111 747 3399 2695 2188 2381 1884 1351 1295 1736 2307 2822 2158 2556 1902 2670 2695 1865 1445 2244 2958 1762 2218 857 3180 2184 1693 1772 1422 1529 1349 2340 2374 2468 1461 2429 2087 2135 2190 2479 3014 2154 3061 2738 3007 1546 2944 3122 1338 1276 2392 3126 989 1767 1284 1316 1327 3231 2678 2274 2960 3384 2839 2730 1864 1870 3259 847 2223 1036 2048 1709 1871 1563 3037 2193 2524 1283 920 1172 1307 2528
2898 887 1951 2458 2221 1832 909 3356 1641 2538 2052 2444 3317 2959 2543 3251 2712 2972 1957 883 3547 2491 1097 1367 3034 3383 2198 2314 360 2880 1574 2075 2587 1467 3024 1397 2113 2468 1100 2375 2945 2775 1644 2698 3343 1080 1611 1719 2052 2194 2031 1346 3439 3304 2670 3293 636 2371 1931 2113 1940 1507 2205 1047 2218 937 2900 2511 1953 2717 3120 3427 1363 3112 2308 1541 737 2641 1570 2391 3138 2675 1782 2121 3118 1544 3006 2452 736 3156 1971 2831 1597 2581 1084 2433 1986 2214 2726 1278 1436 1942 1205 2968 2717 2764 726 1168 3702 3892 2692 1729 3105 1853 2202 3262 1082 2360 2833 2459 2417 3286 2369 2307 1693 1621 1534 2075 2441 1217 1065 2982 1683 1754 2422 2217 1234 2210 3615 1122 1597 1883 3581 3214 988 902 3300 1437 1337 2941 1306 2644 2404 2788 2176 551 1555 860 2284 1460 1539 1543 3227 2201 1549 3250 2960 1678 541 2829 2797 1058 2521 3163 1790 2784 2418 1314 3619 2432 1984 2940 3142 2352 2774 2446 1302 2274 2042 2419 3275 1199 3495 988 2995 3141 2551 1818 1423 2666
988 2414 2869 1055 2267 1551 2407 1808 1604 701 1986 1742 1929 456 1929 1940 699 1667 1858 2624 1115 1532 2168 1923 524 1263 1172 2053 2880 360 2004 1276 1482 2694 545 2577 1197 1165 2484 1625 1172 789 1779 1287 1684 2718 2578 2422 1213 1872 1594 1900 1581 1000 1227 1249 2683 869 1317 2518 1985 2841 1597 2249 1545 2486 491 1248 1828 1093 605 907 2465 975 1049 1704 2530 1946 2658 2289 781 913 1766 2517 1298 1819 1973 913 2507 1764 1270 714 1762 1424 2158 1242 2849 2360 1774 2484 1978 1309 3057 1317 1464 1922 2597 2624 1612 1828 1296 2522 1693 1387 1345 1133 2777 1855 1565 1694 2559 1004 1076 1326 1580 1713 2580 1166 1116 2796 2262 946 1596 2144 1586 1042 2262 1289 1272 2125 1849 1876 1499 720 2525 2493 1946 1839 2373 690 2222 1103 985 925 1198 2795 1867 2673 2121 1926 2846 2406 1407 1074 2667 1548 1399 1695 2827 1831 1708 2197 1131 1822 1544 2014 1568 2134 1274 2523 2150 1206 927 899 2062 1579 2108 1395 1311 835 1123 2618 1352 2344 897 1841 1545 1615 2459 1158
2312 1057 2589 1394 2436 1520 1031 2147 996 1698 2127 2309 2102 2099 2491 2036 1985 2680 743 1671 2754 1289 1238 779 2169 2764 1661 1137 1574 2004 360 1579 1390 2150 2182 933 1543 1991 1708 2181 2420 2094 606 1534 2944 1896 967 863 1190 985 857 939 2956 2247 2219 2162 1537 1542 1305 2502 750 2272 2006 1333 1028 1010 1972 2083 1926 2192 2206 2527 1906 2032 1708 1130 1211 1436 2199 2575 2127 1618 614 2507 1960 1427 2854 1467 1254 2857 1282 1825 1428 1393 1132 1302 2601 2484 2550 1854 1490 1145 1432 1800 2382 1554 1209 1885 3124 3339 1526 2226 2787 1150 1820 2156 1172 2304 1628 1244 2740 2575 1816 1925 1282 732 950 1351 1931 2046 1390 2343 1294 1982 2200 1520 709 1785 2887 988 1547 668 2998 2267 996 1039 2085 816 737 2196 1630 2130 1399 2172 1655 1410 1511 1702 2399 1453 2296 2002 2734 1304 2190 2818 1778 702 1631 2657 1583 990 1412 1949 849 2717 2185 1537 2890 2732 2179 2432 2081 1597 2734 1239 1486 1120 1565 1540 2174 993 2874 1420 2330 1926 1347 748 815 2180
1191 1692 1994 1292 1495 637 1696 2398 957 976 1171 1146 2459 1330 1349 2435 1022 1460 1666 1742 1845 1723 1338 1287 1400 1675 482 2046 2075 1276 1579 360 1747 1780 1372 2092 456 789 1581 1006 1259 1064 1338 1677 1743 1811 2178 2080 890 1825 1444 1186 1786 1863 1016 2010 1843 869 639 1695 1782 1927 864 1399 1541 1814 1349 869 972 1023 1519 1786 1549 1748 602 927 1771 2132 1749 1574 1650 1391 1441 1696 1946 922 1649 1143 1724 1639 685 1403 864 1699 1363 1437 1980 1577 1350 1569 1074 846 2458 1872 1163 2179 1859 1713 2010 2212 1679 1629 1570 794 611 1923 2169 1189 1960 1833 1815 1572 654 708 751 1206 2149 682 742 1882 1398 1267 756 1252 1010 641 1687 567 1901 1385 935 1637 1886 1636 1880 1806 2463 1202 1863 1243 1312 952 1156 1073 461 2031 957 1791 1386 1027 1933 1494 1564 928 1756 1624 1921 1245 1988 1453 2041 1463 1419 2312 1122 1545 993 1231 1905 1789 1310 1261 1737 766 1573 1732 1211 1442 395 960 1924 2057 1788 1481 1279 2314 1772 1275 1988 989
2055 2060 3264 853 2872 1895 2038 1136 1514 1368 2543 2510 1131 1569 2716 1086 1680 2653 1039 2574 2175 465 2078 1620 1612 2385 1740 991 2587 1482 1390 1747 360 2916 1656 1858 1657 1978 2539 2369 2220 1809 1310 583 2766 2763 1763 1576 1237 889 917 1717 2690 1381 2154 1190 2503 1326 1534 3041 1122 3058 2248 2182 729 2038 1378 2087 2333 2056 1568 1845 2657 1160 1690 1713 2212 823 2929 2961 1356 929 1164 3044 963 2003 2921 1036 2237 2790 1461 1148 1968 418 2002 673 3261 2949 2656 2632 2140 1329 2400 795 2384 817 2228 2716 2734 2948 572 2881 2715 1440 1974 1223 2173 2571 613 604 3195 2125 1797 2034 1736 1372 1798 1428 1906 2894 2227 2034 1757 2541 2357 1499 1739 1914 2364 1889 2102 1103 2622 1565 2027 2064 1125 1580 1732 1796 2362 2026 987 1940 1753 2433 2089 2615 2773 2086 3075 2688 2498 1179 2928 2627 754 1299 2617 2743 654 1926 734 973 1245 2881 2338 2256 2365 3172 2662 2247 1232 1450 2917 526 2209 710 1762 1247 1246 1985 2475 2285 1994 963 431 1153 1749 2089
2410 1607 851 2581 1247 1512 1636 3668 1761 2393 1242 1685 3686 2742 1694 3642 2411 2230 2481 966 3170 2849 1272 1746 2808 2858 1882 2911 1467 2694 2150 1780 2916 360 2774 2295 1865 1999 817 1686 2404 2413 2055 2933 2633 747 2492 2525 2097 2722 2410 1604 2787 3276 2122 3389 1225 2263 1830 1052 2531 508 1579 1180 2586 1770 2769 1984 1286 2224 2934 3183 619 3143 2006 1563 1516 3153 471 1406 3067 2742 2229 1059 3285 1294 2154 2484 1428 2393 1902 2804 1341 2885 1380 2654 881 1204 1937 656 1143 1983 2285 3176 2058 3247 1608 670 3103 3253 2931 679 2363 1865 1744 3316 2091 1559 3165 2890 1354 2862 2002 1807 1571 1943 2423 1984 2011 637 1121 2538 1550 955 1743 2041 1940 1788 3165 1525 1224 2413 2998 3054 1861 1732 3681 1747 2132 2608 913 2159 2469 2362 1856 1597 1220 974 1367 1198 520 654 2610 2218 447 2581 3202 2021 1286 2019 3191 1542 2690 3529 2035 1904 1749 1019 3170 1378 1096 2384 3141 2179 1877 2828 1067 2565 1746 2347 3320 2128 2957 1106 2572 3519 2910 2156 2263 2151
888 2569 2916 1239 2283 1649 2564 1925 1757 857 2022 1734 2056 449 1908 2075 724 1586 2043 2744 932 1710 2302 2084 421 1097 1258 2235 3024 545 2182 1372 1656 2774 360 2756 1303 1181 2593 1628 1079 759 1954 1454 1555 2823 2761 2605 1379 2056 1779 2051 1433 1040 1193 1332 2817 1026 1453 2546 2170 2919 1628 2378 1730 2649 639 1247 1881 1054 562 774 2554 1073 1132 1843 2681 2119 2730 2288 839 1089 1946 2545 1417 1930 1898 1097 2653 1662 1413 873 1871 1599 2299 1425 2892 2377 1728 2579 2085 1468 3229 1458 1417 2089 2751 2725 1438 1651 1464 2582 1595 1538 1398 1210 2947 1856 1724 1873 2561 829 1133 1360 1706 1882 2761 1310 1145 2893 2387 836 1720 2207 1584 1169 2433 1349 1087 2276 1947 2060 1329 685 2690 2653 2076 1998 2549 590 2325 1082 1170 875 1284 2946 1969 2793 2130 2036 2922 2482 1276 1245 2741 1422 1544 1868 2962 1774 1871 2349 1312 1959 1716 1967 1567 2242 1089 2523 2189 1115 1010 1031 2017 1759 2219 1580 1408 1005 1195 2792 1180 2470 781 1981 1721 1794 2637 1128
2866 1048 2777 1953 2783 1978 1019 2553 1495 2270 2506 2761 2473 2672 2926 2397 2551 3183 1182 1716 3327 1752 1454 1177 2742 3326 2188 1392 1397 2577 933 2092 1858 2295 2756 360 2072 2518 1839 2645 2965 2656 1168 2037 3475 1960 574 708 1757 1352 1392 1315 3501 2792 2747 2673 1496 2112 1833 2788 1097 2387 2463 1514 1531 888 2543 2602 2326 2733 2777 3097 2091 2572 2250 1568 1153 1748 2371 2937 2686 2173 1176 2794 2456 1806 3327 2037 1236 3365 1823 2388 1827 1876 1345 1838 2799 2813 3021 2019 1813 1700 903 2290 2888 1880 1081 1993 3684 3897 2028 2455 3299 1685 2317 2682 724 2733 2065 1658 3060 3144 2352 2428 1745 1268 497 1902 2462 2117 1573 2904 1751 2297 2672 2073 785 2292 3458 1217 1919 1128 3558 2834 801 928 2450 1255 589 2765 1868 2667 1968 2727 2178 1206 1876 1728 2778 1794 2416 2230 3279 1876 2356 3353 2252 1260 1527 3130 1980 1164 1956 2333 1413 3163 2660 1801 3461 3059 2519 2974 2627 2161 3173 1693 1756 1651 2073 2113 2702 559 3437 1562 2894 2303 1800 1321 479 2713
1176 1709 2089 1197 1590 714 1710 2302 940 887 1267 1224 2364 1256 1429 2341 964 1502 1606 1801 1796 1636 1378 1279 1328 1656 477 1975 2113 1197 1543 456 1657 1865 1303 2072 360 807 1650 1083 1258 1022 1299 1582 1763 1882 2148 2042 812 1754 1375 1193 1791 1773 1036 1915 1889 773 600 1791 1724 2013 951 1445 1462 1821 1264 901 1069 1023 1442 1718 1630 1654 557 944 1796 2049 1837 1666 1562 1294 1390 1792 1850 986 1708 1046 1754 1676 626 1310 928 1608 1393 1346 2075 1673 1414 1646 1142 783 2458 1775 1205 2092 1880 1787 2000 2206 1585 1722 1606 753 683 1829 2169 1275 1866 1750 1910 1534 642 766 779 1173 2122 600 750 1958 1449 1240 789 1346 1082 545 1676 629 1864 1402 1012 1580 1874 1557 1883 1816 2368 1193 1844 1191 1385 956 1061 1048 474 2059 1029 1851 1479 1092 2020 1582 1569 837 1844 1640 1825 1204 2034 1514 1950 1480 1325 2218 1072 1617 1064 1299 1868 1883 1407 1264 1645 675 1647 1647 1276 1358 483 864 1831 2048 1769 1533 1247 2220 1684 1220 1965 1000
796 2114 2099 1486 1464 996 2119 2519 1383 1008 1202 943 2610 1177 1140 2601 829 1067 2034 2087 1531 1978 1734 1715 1229 1277 690 2378 2468 1165 1991 789 1978 1999 1181 2518 807 360 1900 819 838 788 1746 1855 1317 2113 2595 2488 1222 2160 1789 1613 1358 1805 589 2029 2221 1011 1047 1724 2156 2140 808 1782 1849 2240 1280 469 1079 609 1371 1567 1805 1752 664 1353 2184 2407 1943 1483 1586 1503 1830 1723 2026 1286 1307 1306 2131 1234 1070 1424 1231 1923 1773 1667 2074 1558 1039 1845 1415 1220 2886 1993 776 2431 2275 2003 1595 1792 1860 1779 1162 1201 633 1922 2598 1050 2152 2112 1753 1227 549 552 1172 1621 2569 1018 431 2156 1771 904 1175 1412 785 872 2116 618 1544 1807 1256 2014 1473 1497 2308 2231 2620 1631 2288 983 1624 536 1350 722 699 2440 1291 2135 1316 1379 2138 1705 1136 1194 1956 1196 2059 1651 2366 1125 2261 1885 1612 2477 1516 1270 765 1564 1548 1717 1371 836 1718 887 1310 2001 1557 1725 813 1094 1916 2486 1388 1853 934 2487 2018 1659 2411 562
2335 1151 1298 2254 1481 1305 1179 3307 1397 2157 1333 1753 3310 2546 1827 3259 2243 2297 2054 583 3054 2463 835 1318 2618 2810 1699 2478 1100 2484 1708 1581 2539 817 2593 1839 1650 1900 360 1706 2356 2274 1636 2581 2686 597 2035 2068 1778 2298 2009 1190 2808 3016 2071 3089 827 2008 1549 1383 2094 926 1554 736 2192 1316 2539 1916 1272 2146 2729 3007 631 2860 1823 1213 1069 2738 892 1651 2820 2439 1809 1390 2960 1024 2295 2185 980 2477 1613 2535 1082 2514 936 2300 1322 1474 2031 549 867 1659 1864 2837 2070 2839 1167 539 3098 3272 2578 1008 2433 1545 1627 3028 1650 1653 2791 2488 1683 2763 1850 1717 1278 1537 1965 1709 1892 715 681 2442 1259 1025 1759 1804 1483 1654 3084 1079 1012 1983 2983 2841 1408 1279 3302 1333 1674 2460 636 2074 2158 2252 1674 1190 985 622 1550 918 951 805 2608 1914 877 2609 2854 1615 934 2129 2803 1088 2352 3151 1653 2064 1758 710 3088 1696 1249 2343 2870 1947 2050 2436 737 2190 1546 2081 3036 1676 2917 651 2467 3139 2525 1756 1806 2082
1119 2124 1694 1890 1017 1028 2137 2959 1545 1451 812 501 3040 1632 707 3026 1287 956 2307 1919 1898 2354 1689 1829 1680 1538 989 2693 2375 1625 2181 1006 2369 1686 1628 2645 1083 819 1706 360 1092 1229 1952 2270 1340 1884 2759 2683 1534 2471 2091 1692 1470 2265 830 2487 2106 1420 1278 1291 2419 1813 543 1703 2186 2275 1740 741 794 958 1823 1994 1542 2210 1047 1437 2157 2772 1609 1024 2045 1938 2072 1289 2474 1235 1041 1719 2087 1140 1331 1878 1198 2317 1760 2055 1663 1112 737 1602 1305 1491 2931 2430 733 2811 2259 1765 1778 1937 2274 1418 1090 1428 759 2380 2653 590 2563 2473 1294 1580 955 697 1264 1813 2720 1323 876 1890 1674 1268 1256 1095 417 1229 2222 817 1860 1837 1150 2273 1672 1949 2356 2257 3048 1756 2416 1415 1445 912 1751 1129 978 2389 1195 1964 861 1292 1805 1402 1285 1553 1627 1267 2491 1863 2242 846 2659 1910 2018 2902 1755 901 427 1421 1865 1258 978 1068 2177 1294 926 2368 1434 2080 1005 1511 2375 2574 1634 1747 1314 2909 2400 1911 2551 879
432 2590 2423 1735 1723 1474 2594 2621 1838 1216 1543 1146 2740 1128 1273 2748 899 867 2410 2551 1179 2245 2213 2178 1140 816 1147 2708 2945 1172 2420 1259 2220 2404 1079 2965 1258 838 2356 1092 360 771 2174 2054 911 2559 3028 2907 1607 2500 2151 2084 895 1759 645 2048 2695 1306 1495 2009 2537 2536 1185 2258 2173 2713 1304 800 1480 595 1278 1346 2234 1781 1075 1827 2662 2676 2334 1684 1558 1674 2235 2006 2111 1761 1181 1553 2609 951 1502 1516 1708 2162 2252 1931 2390 1817 1049 2283 1884 1636 3355 2123 759 2675 2753 2444 1117 1314 2061 2148 880 1640 1103 1927 3066 1284 2346 2396 1954 862 976 1002 1648 2059 3008 1429 876 2587 2245 606 1651 1808 1036 1262 2575 1096 1128 2283 1723 2402 995 1392 2778 2705 2756 2091 2738 853 2081 666 1615 641 1162 2919 1760 2599 1560 1851 2530 2113 674 1537 2350 774 2202 2078 2839 1073 2478 2361 1846 2627 1933 1277 1025 2029 1133 1912 1710 396 1724 1210 1329 2280 2025 2033 1286 1360 1914 2947 921 2327 663 2645 2272 2063 2855 639
