140 1363 503 2409 2407 1723 2254 1391 2407 1019 956 2063 1032 1643 1692 903 946 2104 1931 2209 2333 1483 2124 1964 2054 1368 1045 1619 2021 1352 1792 637 2312 2037 2145 1957 939 1691 954 2123 1063 1831 1641 1977 2583 2477 1417 1592 1963 421 1494 2439 3005 2683 2331 377 1849 1719 1594 1397 1946 1197 1099 2094 1269 409 1627 474 1985 933 2242 2524 1196 2404 1810 1725 2644 695 1617 1447 2691 2111 2160 2399 2365 2223 820 2905 563 2561 1150 1565 3142 2044 2442 1733 693 1750 1115 1224 2620 734 1510 1475 2267 2078 1957 1790 2376 2807 1675 2315 881 1276 456 2692 1491 2660 2045 977 2469 2103 1394 2026 710
1463 360 1611 1553 1584 1769 1534 1286 1884 1879 2277 1891 1322 1742 799 1990 1274 1829 1696 1277 1566 1462 1972 1257 1196 1545 2038 727 1683 1143 1076 1184 1356 1475 1179 1179 1040 1150 2144 1351 665 1989 1078 994 1582 1475 882 1507 1954 1316 685 2497 2078 1975 1335 1470 1111 767 1716 407 1040 853 1462 1131 1546 1564 947 1532 1126 1435 1289 1676 1149 1468 847 840 1744 1699 1028 1244 1721 1156 1440 1433 1484 1287 1541 1960 1187 1558 1305 1271 2215 1299 1869 2200 1890 2156 2047 1667 1633 991 725 1016 1286 2347 1358 787 1488 1864 1008 1742 1963 1455 1646 1763 488 1911 2295 1226 1986 1857 999 1043 1230
603 1611 360 2532 2518 2173 2337 1400 2428 1471 1095 2502 1014 2096 1992 1317 1383 2533 2361 2373 2685 1456 2566 2060 2375 1819 1474 1801 2018 1757 2140 1038 2487 2088 2425 2298 1332 1767 899 2228 1306 2290 1728 2245 2797 2695 1773 2027 2414 706 1668 2898 3311 3054 2542 839 1962 2000 1524 1636 2109 1323 1553 2280 1723 455 1974 937 2128 1388 2418 2856 1609 2564 2088 2029 2959 552 1980 1860 2970 2292 2519 2578 2684 2519 1283 3201 934 2797 1586 1973 3448 2395 2836 2195 638 2214 1552 1125 2815 1035 1675 1851 2462 2542 2023 2028 2693 3103 1785 2354 765 1723 896 2995 1735 3022 2508 995 2478 2074 1479 2294 783
2509 1553 2532 360 452 2868 695 1606 1123 3065 3266 2875 1949 2860 1625 3147 2467 2765 2683 694 2092 1684 2953 853 1760 2706 3214 1195 1335 2277 1922 2333 731 997 1466 1884 2232 1157 2981 679 1767 3098 1176 1381 1083 1072 1977 2601 3006 2348 1295 3518 2042 2449 982 2573 930 1513 1874 1505 873 1577 2653 866 2723 2526 1907 2659 794 2628 749 2002 2322 626 1472 1640 1913 2530 2015 2354 1637 830 2090 764 1826 1597 2725 1895 2301 1239 2487 2336 2136 1985 2544 3367 2780 3315 3231 2140 955 2097 1271 2090 873 3460 969 1266 1811 1837 1107 991 2758 2626 2753 1834 1455 2338 3406 1921 1233 1505 1419 1379 2111
2507 1584 2518 452 360 2921 618 1567 1032 3087 3253 2940 1921 2911 1684 3159 2496 2832 2746 767 2174 1635 3018 822 1836 2749 3231 1221 1259 2324 1987 2348 818 929 1547 1956 2260 1125 2955 649 1783 3151 1152 1453 1175 1164 2026 2654 3065 2346 1311 3581 2134 2535 1071 2579 919 1572 1815 1536 912 1571 2687 933 2763 2516 1965 2667 818 2656 829 2089 2362 718 1536 1701 2003 2507 2073 2404 1729 898 2167 856 1911 1679 2747 1987 2311 1331 2525 2391 2228 2059 2624 3411 2761 3360 3251 2097 1045 2108 1283 2142 958 3513 916 1323 1897 1929 1094 902 2730 2667 2758 1925 1493 2425 3460 1898 1141 1425 1400 1454 2099
1823 1769 2173 2868 2921 360 2922 2563 3293 1358 2405 750 2393 447 1606 1657 1158 864 738 2542 1610 2728 787 2660 1638 714 1546 2119 3072 987 1357 1524 2566 2885 1931 1473 1299 2552 2614 2732 1759 590 2479 1906 2571 2474 1263 627 600 1862 2095 1123 2406 1744 2411 1706 2515 1717 2947 1812 2375 2129 984 2370 817 2078 1326 1636 2484 1152 2515 1871 1032 2699 1771 1598 2064 2359 1218 886 2308 2404 1451 2607 1839 1889 1296 2382 1640 2443 967 892 2520 1445 1400 977 2368 894 1471 2719 2698 1675 2134 1140 2442 951 2767 1961 1861 2303 2417 3150 2564 812 1739 2172 1819 1791 898 2289 3396 3232 2344 1930 2090
2354 1534 2337 695 618 2922 360 1347 827 2992 3072 2979 1716 2903 1719 3038 2425 2884 2783 902 2294 1396 3059 655 1933 2719 3123 1169 1001 2306 2038 2237 997 675 1668 2034 2187 930 2749 552 1684 3148 973 1542 1394 1365 2019 2655 3084 2196 1226 3614 2339 2675 1246 2444 793 1608 1565 1487 928 1421 2628 1034 2720 2344 1991 2539 809 2579 983 2240 2324 932 1591 1742 2174 2310 2096 2397 1925 1002 2265 1059 2050 1809 2653 2191 2187 1535 2478 2399 2440 2145 2729 3374 2568 3331 3151 1864 1280 1990 1192 2144 1120 3509 684 1360 2038 2126 949 678 2522 2629 2621 2108 1465 2570 3456 1706 943 1170 1223 1553 1927
1491 1286 1400 1606 1567 2563 1347 360 1388 2280 2121 2762 748 2513 1707 2241 1852 2722 2574 1559 2470 536 2841 1113 2084 2262 2363 1165 990 1956 2002 1541 1689 1064 1969 2095 1644 812 1766 1287 1170 2756 814 1777 2081 2000 1767 2325 2780 1360 1059 3323 2850 2883 1839 1636 1070 1642 792 1268 1332 808 2075 1539 2217 1429 1871 1748 1290 1965 1629 2539 1891 1720 1695 1748 2564 1340 1943 2072 2444 1534 2358 1783 2337 2106 1972 2713 1449 2146 1987 2134 2978 2217 2795 2845 1602 2828 2415 898 2041 1305 1033 1898 1723 3089 1022 1508 2336 2624 925 1317 1537 2157 1794 2551 1336 2809 3043 775 1441 1086 669 1818 1041
2507 1884 2428 1123 1032 3293 827 1388 360 3237 3145 3386 1775 3266 2138 3239 2718 3301 3189 1370 2753 1356 3466 1005 2384 3058 3345 1541 796 2667 2463 2476 1461 772 2129 2475 2484 1128 2758 998 1965 3513 1197 1994 1845 1825 2396 3030 3472 2363 1559 4010 2799 3139 1712 2631 1145 2031 1427 1841 1368 1635 2933 1497 3044 2456 2398 2738 1247 2860 1450 2706 2661 1383 2025 2166 2641 2359 2500 2767 2388 1466 2714 1516 2515 2272 2908 2651 2405 1994 2801 2785 2897 2590 3181 3699 2620 3664 3386 1812 1717 2225 1520 2527 1587 3870 886 1790 2504 2589 1239 514 2529 2962 2799 2574 1841 3035 3819 1800 476 866 1405 2009 2057
1119 1879 1471 3065 3087 1358 2992 2280 3237 360 1446 1748 1966 1271 2008 661 985 1847 1692 2796 2398 2402 1783 2697 2253 1079 562 2229 2896 1373 1940 1121 2869 2837 2459 2108 1203 2475 1760 2828 1668 1363 2412 2345 3031 2923 1617 1375 1567 1302 2137 1930 3175 2646 2807 1031 2560 2085 2548 1925 2557 1962 888 2645 968 1383 1810 916 2631 821 2804 2641 1234 2986 2172 2026 2807 1659 1742 1397 2960 2672 2216 2941 2538 2484 700 3112 1195 2956 1070 1511 3305 2145 2331 1121 1562 1163 531 2199 3114 1373 2167 1587 2784 1510 2738 2258 2555 3020 2406 3123 1783 1053 935 2890 1991 2664 1489 1889 3316 3007 2192 2387 1623
1056 2277 1095 3266 3253 2405 3072 2121 3145 1446 360 2784 1733 2318 2604 1155 1742 2858 2690 3095 3213 2154 2831 2796 2956 2074 1317 2513 2723 2189 2681 1524 3204 2818 3059 2850 1812 2502 857 2964 1974 2442 2464 2893 3492 3387 2306 2348 2630 1321 2382 3017 3911 3539 3239 1212 2696 2634 2169 2310 2831 2052 1813 2991 1960 1101 2519 1209 2857 1656 3135 3417 2027 3288 2726 2636 3547 1146 2496 2265 3605 3006 3035 3294 3267 3135 1486 3815 1473 3475 1931 2388 4048 2928 3269 2191 887 2243 1414 1747 3523 1650 2394 2346 3169 2591 2757 2704 3279 3718 2520 3079 1036 2007 1081 3600 2405 3528 2572 1728 3186 2755 2214 2942 1515
2163 1891 2502 2875 2940 750 2979 2762 3386 1748 2784 360 2644 836 1621 2045 1479 517 557 2541 1386 2935 440 2742 1528 1071 1936 2206 3214 1174 1313 1832 2542 2988 1841 1374 1568 2681 2968 2787 1954 841 2609 1864 2473 2386 1370 837 602 2175 2210 1003 2150 1426 2352 2051 2601 1733 3169 1928 2414 2315 1340 2369 1184 2409 1349 1992 2530 1507 2500 1640 1281 2675 1763 1600 1839 2682 1246 1057 2123 2405 1262 2568 1657 1765 1664 2150 1945 2325 1276 988 2252 1306 1072 1289 2715 1198 1861 2984 2616 1943 2250 1236 2407 1091 2869 1983 1679 2082 2530 3236 2901 1151 2102 1957 1910 1492 1044 2537 3495 3388 2511 1877 2367
1132 1322 1014 1949 1921 2393 1716 748 1775 1966 1733 2644 360 2332 1761 1893 1625 2629 2468 1849 2525 811 2719 1459 2158 2064 2026 1349 1365 1830 2010 1276 1974 1447 2109 2133 1453 1155 1394 1633 1093 2564 1132 1915 2337 2245 1708 2180 2623 1025 1217 3156 3011 2930 2085 1301 1386 1724 945 1323 1598 856 1843 1794 2000 1049 1858 1416 1585 1711 1909 2637 1731 2027 1796 1803 2694 955 1907 1947 2626 1797 2389 2069 2442 2232 1684 2883 1167 2375 1791 2031 3145 2250 2790 2592 1216 2587 2087 712 2321 1078 1207 1826 1982 2875 1395 1657 2445 2789 1217 1705 1169 1957 1443 2701 1414 2871 2832 467 1823 1432 901 1961 704
1743 1742 2096 2860 2911 447 2903 2513 3266 1271 2318 836 2332 360 1606 1570 1086 945 809 2538 1660 2677 874 2637 1664 637 1461 2097 3033 958 1373 1453 2567 2856 1950 1499 1240 2518 2531 2714 1713 607 2445 1915 2588 2489 1246 625 681 1789 2066 1184 2458 1813 2420 1626 2491 1715 2892 1785 2362 2083 903 2366 735 2000 1328 1554 2469 1071 2514 1921 984 2699 1773 1600 2111 2282 1222 867 2345 2400 1496 2611 1879 1916 1211 2429 1569 2465 901 893 2574 1480 1472 933 2287 855 1387 2654 2711 1613 2105 1130 2446 965 2739 1955 1900 2349 2387 3124 2484 740 1654 2217 1798 1855 913 2229 3367 3190 2302 1941 2024
1792 799 1992 1625 1684 1606 1719 1707 2138 2008 2604 1621 1761 1606 360 2185 1386 1525 1425 1297 1128 1882 1700 1493 758 1488 2194 981 2020 1056 687 1448 1321 1753 823 747 1200 1487 2532 1527 1065 1837 1421 698 1390 1284 761 1342 1741 1668 1031 2259 1678 1539 1189 1759 1358 472 2139 805 1152 1290 1510 1124 1532 1932 641 1793 1270 1547 1268 1242 1150 1453 532 401 1327 2102 749 1109 1363 1158 1011 1367 1056 891 1695 1574 1491 1307 1325 1074 1816 870 1459 2141 2269 2080 2180 2107 1491 1326 1067 843 1201 2198 1635 722 1063 1476 1321 1985 2367 1427 1919 1363 731 1472 2144 1663 2250 2207 1406 738 1643
1003 1990 1317 3147 3159 1657 3038 2241 3239 661 1155 2045 1893 1570 2185 360 1170 2140 1981 2901 2644 2343 2083 2743 2466 1361 532 2317 2870 1602 2159 1174 2986 2852 2645 2330 1347 2495 1512 2887 1740 1664 2437 2515 3185 3077 1812 1655 1868 1241 2211 2225 3406 2915 2951 967 2614 2249 2457 2034 2650 1982 1138 2761 1247 1241 2017 862 2712 1025 2918 2879 1450 3095 2340 2207 3037 1491 1961 1645 3165 2785 2462 3063 2762 2685 855 3334 1210 3126 1304 1764 3539 2380 2609 1396 1347 1447 627 2077 3255 1411 2236 1804 2913 1795 2762 2395 2778 3240 2449 3136 1570 1321 809 3112 2111 2925 1777 1832 3308 2960 2201 2559 1561
1046 1274 1383 2467 2496 1158 2425 1852 2718 985 1742 1479 1625 1086 1386 1170 360 1518 1345 2185 1854 2003 1543 2135 1656 809 1168 1635 2424 811 1351 726 2252 2308 1841 1523 598 1950 1857 2251 1113 1304 1880 1721 2406 2297 1003 1006 1398 1064 1559 1907 2600 2159 2183 938 1993 1460 2199 1321 1954 1459 583 2029 735 1290 1207 899 2038 524 2188 2079 650 2372 1548 1405 2230 1565 1154 883 2355 2057 1672 2321 1954 1876 674 2525 843 2333 564 1006 2734 1580 1887 1355 1599 1336 1156 1935 2489 912 1593 997 2162 1610 2200 1635 1970 2430 1853 2591 1782 705 1023 2303 1378 2155 1567 1526 2808 2562 1691 1764 1304
2204 1829 2533 2765 2832 864 2884 2722 3301 1847 2858 517 2629 945 1525 2140 1518 360 532 2430 1233 2897 568 2656 1397 1145 2041 2127 3149 1163 1207 1856 2424 2909 1710 1249 1577 2613 3015 2692 1921 990 2542 1747 2337 2253 1317 874 756 2198 2141 1130 1992 1271 2227 2096 2517 1635 3137 1862 2316 2274 1405 2259 1261 2442 1264 2046 2434 1566 2385 1485 1290 2557 1658 1501 1683 2707 1167 1048 1972 2295 1116 2445 1508 1627 1732 1994 1966 2185 1314 957 2094 1171 918 1437 2758 1346 1970 2974 2483 1943 2181 1184 2287 1249 2790 1884 1530 1927 2457 3150 2936 1211 2161 1802 1836 1335 1202 2521 3411 3326 2460 1757 2368
2031 1696 2361 2683 2746 738 2783 2574 3189 1692 2690 557 2468 809 1425 1981 1345 532 360 2350 1257 2747 637 2544 1354 981 1889 2009 3019 998 1122 1684 2354 2791 1663 1195 1407 2485 2843 2591 1768 911 2413 1677 2300 2210 1176 703 716 2026 2014 1194 2043 1366 2170 1923 2403 1538 2984 1732 2218 2126 1236 2177 1097 2270 1152 1874 2334 1396 2310 1517 1119 2487 1571 1406 1713 2535 1049 881 1979 2213 1113 2382 1510 1597 1563 2029 1795 2158 1141 800 2153 1138 1023 1345 2585 1258 1821 2811 2439 1776 2053 1042 2220 1221 2672 1788 1531 1956 2333 3039 2763 1042 1990 1827 1713 1415 1170 2360 3297 3193 2319 1692 2201
2309 1277 2373 694 767 2542 902 1559 1370 2796 3095 2541 1849 2538 1297 2901 2185 2430 2350 360 1771 1675 2618 867 1429 2395 2955 951 1465 1963 1588 2088 490 1114 1142 1550 1954 1116 2857 754 1527 2773 1104 1046 902 846 1661 2277 2676 2148 1074 3184 1809 2140 709 2351 851 1185 1901 1231 623 1411 2359 533 2419 2354 1578 2427 628 2348 444 1700 2019 555 1140 1309 1631 2398 1686 2034 1391 498 1760 583 1514 1278 2458 1661 2071 1014 2188 2010 1917 1652 2218 3056 2636 3000 2965 2095 842 1867 1061 1768 579 3134 1036 943 1502 1591 998 1220 2643 2319 2531 1567 1166 2032 3081 1800 1486 1655 1308 1046 1950
2433 1566 2685 2092 2174 1610 2294 2470 2753 2398 3213 1386 2525 1660 1128 2644 1854 1233 1257 1771 360 2643 1441 2137 750 1708 2600 1701 2719 1405 904 2058 1723 2413 988 754 1762 2205 3221 2115 1809 1807 2145 1123 1530 1465 1276 1433 1606 2343 1779 1982 1159 773 1486 2364 2024 1188 2901 1573 1751 2058 1871 1621 1804 2612 1071 2365 1869 1981 1704 621 1564 1847 1145 1087 816 2818 1077 1361 1101 1654 542 1716 655 856 2157 1133 2133 1363 1700 1246 1279 650 821 2228 2954 2143 2555 2873 1689 2010 1811 1227 1580 2112 2301 1366 676 1059 2033 2598 3078 1708 2494 931 1495 705 2062 2425 2869 2912 2165 1104 2378
1583 1462 1456 1684 1635 2728 1396 536 1356 2402 2154 2935 811 2677 1882 2343 2003 2897 2747 1675 2643 360 3013 1199 2256 2421 2472 1326 928 2126 2178 1679 1805 1091 2132 2269 1802 919 1762 1367 1340 2918 939 1941 2208 2132 1942 2493 2947 1467 1227 3490 3004 3056 1973 1745 1183 1814 618 1443 1464 983 2226 1673 2372 1498 2047 1859 1409 2109 1750 2707 2056 1824 1864 1922 2726 1367 2119 2242 2595 1664 2533 1898 2504 2270 2105 2865 1580 2284 2146 2307 3131 2392 2971 2992 1627 2978 2529 831 2156 1451 1199 2073 1852 3247 1078 1671 2502 2778 1058 1311 1533 2316 1893 2709 1510 2980 3201 873 1392 981 838 1981 1143
2224 1972 2566 2953 3018 787 3059 2841 3466 1783 2831 440 2719 874 1700 2083 1543 568 637 2618 1441 3013 360 2822 1599 1124 1968 2287 3295 1251 1390 1899 2617 3069 1912 1447 1640 2761 3026 2866 2032 840 2689 1940 2542 2456 1451 906 596 2242 2291 928 2193 1454 2426 2111 2681 1812 3247 2008 2493 2394 1395 2446 1235 2473 1429 2048 2610 1562 2576 1691 1353 2751 1841 1679 1890 2747 1326 1133 2180 2482 1325 2642 1717 1833 1716 2199 2013 2392 1340 1068 2291 1375 1102 1284 2775 1192 1889 3058 2686 2015 2330 1316 2482 1053 2950 2062 1739 2134 2611 3316 2964 1209 2156 2009 1990 1527 1008 2612 3575 3468 2591 1952 2439
2064 1257 2060 853 822 2660 655 1113 1005 2697 2796 2742 1459 2637 1493 2743 2135 2656 2544 867 2137 1199 2822 360 1758 2442 2828 901 970 2038 1819 1942 993 636 1528 1838 1897 664 2493 534 1390 2883 691 1373 1409 1351 1759 2394 2832 1906 940 3368 2297 2535 1204 2150 505 1387 1407 1212 749 1128 2341 927 2438 2062 1753 2245 640 2287 950 2119 2045 990 1386 1522 2083 2046 1855 2133 1877 904 2084 1080 1920 1674 2359 2150 1892 1516 2195 2145 2411 1956 2551 3094 2300 3053 2856 1648 1334 1694 904 1887 1074 3242 534 1150 1912 2074 654 854 2268 2350 2328 2035 1202 2437 3191 1437 1116 1164 941 1395 1644
2154 1196 2375 1760 1836 1638 1933 2084 2384 2253 2956 1528 2158 1664 758 2466 1656 1397 1354 1429 750 2256 1599 1758 360 1630 2450 1310 2332 1242 675 1792 1403 2032 673 525 1514 1815 2915 1748 1461 1861 1754 750 1306 1217 1020 1404 1706 2043 1390 2167 1315 1163 1191 2105 1640 802 2514 1197 1376 1681 1728 1267 1703 2310 810 2123 1496 1805 1372 844 1381 1533 754 717 950 2493 871 1243 1069 1302 692 1415 670 611 1971 1229 1850 1167 1543 1156 1451 588 1157 2234 2650 2160 2420 2502 1447 1702 1421 1025 1262 2203 1918 978 682 1134 1643 2229 2757 1599 2252 1009 1114 1084 2150 2061 2499 2525 1777 742 2038
1468 1545 1819 2706 2749 714 2719 2262 3058 1079 2074 1071 2064 637 1488 1361 809 1145 981 2395 1708 2421 1124 2442 1630 360 1279 1910 2802 794 1318 1176 2438 2646 1886 1470 979 2299 2263 2534 1475 860 2227 1818 2508 2404 1096 655 955 1511 1863 1458 2502 1930 2317 1352 2296 1589 2630 1591 2197 1842 631 2227 475 1724 1231 1285 2297 799 2380 1961 756 2567 1660 1491 2140 2005 1136 750 2335 2259 1531 2492 1885 1877 952 2454 1293 2402 635 837 2626 1482 1612 1021 2015 972 1221 2381 2618 1345 1901 1007 2326 1188 2532 1814 1904 2367 2179 2921 2209 466 1391 2235 1618 1953 1140 1962 3155 2953 2067 1851 1751
1145 2038 1474 3214 3231 1546 3123 2363 3345 562 1317 1936 2026 1461 2194 532 1168 2041 1889 2955 2600 2472 1968 2828 2450 1279 360 2379 2987 1572 2137 1246 3033 2952 2648 2306 1372 2592 1685 2966 1808 1531 2531 2529 3210 3102 1807 1575 1746 1365 2280 2075 3376 2848 2982 1087 2694 2266 2598 2084 2710 2077 1089 2809 1170 1393 2004 974 2779 1008 2967 2842 1429 3147 2355 2213 3007 1652 1939 1598 3155 2834 2418 3107 2737 2677 862 3311 1301 3140 1269 1714 3506 2346 2532 1235 1517 1291 457 2228 3288 1493 2308 1784 2953 1638 2857 2429 2754 3218 2534 3237 1740 1256 949 3089 2155 2866 1623 1959 3418 3086 2302 2572 1688
1719 727 1801 1195 1221 2119 1169 1165 1541 2229 2513 2206 1349 2097 981 2317 1635 2127 2009 951 1701 1326 2287 901 1310 1910 2379 360 1399 1499 1307 1503 1052 1142 1165 1355 1399 868 2306 984 938 2343 804 975 1363 1265 1217 1853 2291 1560 495 2829 2047 2113 1107 1760 756 887 1584 680 693 863 1829 839 1913 1775 1222 1838 763 1795 983 1743 1516 1146 916 1015 1760 1847 1321 1592 1648 853 1615 1141 1540 1304 1889 1912 1481 1387 1672 1604 2177 1478 2075 2567 2071 2522 2395 1652 1373 1276 501 1346 1020 2703 1023 705 1537 1822 699 1394 2102 1821 1940 1746 660 2029 2651 1277 1648 1587 858 1014 1383
2121 1683 2018 1335 1259 3072 1001 990 796 2896 2723 3214 1365 3033 2020 2870 2424 3149 3019 1465 2719 928 3295 970 2332 2802 2987 1399 360 2446 2345 2144 1584 711 2126 2392 2200 896 2325 1075 1687 3280 967 1960 1999 1951 2204 2816 3270 1988 1367 3815 2907 3124 1810 2263 1058 1925 993 1647 1354 1325 2645 1538 2773 2054 2250 2374 1250 2553 1549 2720 2412 1551 1944 2055 2692 1936 2342 2554 2487 1515 2648 1663 2519 2273 2579 2760 2061 2119 2534 2592 3019 2514 3111 3419 2196 3393 3036 1376 1903 1897 1328 2339 1679 3628 796 1714 2512 2685 1059 790 2097 2701 2423 2645 1675 3031 3579 1405 823 555 1096 1987 1671
1452 1143 1757 2277 2324 987 2306 1956 2667 1373 2189 1174 1830 958 1056 1602 811 1163 998 1963 1405 2126 1251 2038 1242 794 1572 1499 2446 360 927 1081 2004 2258 1470 1094 784 1924 2265 2118 1146 1205 1851 1389 2081 1976 662 731 1187 1413 1468 1732 2165 1709 1885 1360 1892 1155 2357 1187 1772 1514 846 1794 838 1670 811 1340 1876 938 1946 1636 522 2133 1228 1061 1796 1922 731 477 1951 1826 1223 2058 1525 1478 1112 2099 1182 1982 662 576 2297 1137 1450 1453 2000 1397 1539 2173 2187 1141 1507 582 1892 1564 2141 1381 1542 2007 1790 2525 2162 732 1468 1877 1201 1703 1512 1723 2769 2609 1722 1424 1565
1892 1076 2140 1922 1987 1357 2038 2002 2463 1940 2681 1313 2010 1373 687 2159 1351 1207 1122 1588 904 2178 1390 1819 675 1318 2137 1307 2345 927 360 1520 1592 2081 937 531 1229 1811 2676 1847 1281 1585 1743 917 1574 1476 735 1109 1457 1799 1347 1956 1609 1287 1418 1829 1685 792 2433 1095 1470 1567 1414 1415 1389 2068 526 1838 1589 1495 1547 1096 1070 1725 811 657 1239 2274 558 929 1384 1451 744 1623 963 919 1664 1535 1591 1453 1229 850 1743 614 1152 1936 2409 1865 2106 2362 1701 1466 1384 715 1460 1938 1962 1038 979 1441 1646 2310 2534 1284 1967 1313 1040 1243 1885 1906 2576 2531 1709 936 1840
737 1184 1038 2333 2348 1524 2237 1541 2476 1121 1524 1832 1276 1453 1448 1174 726 1856 1684 2088 2058 1679 1899 1942 1792 1176 1246 1503 2144 1081 1520 360 2176 2075 1909 1687 662 1714 1545 2080 926 1669 1650 1755 2399 2291 1144 1355 1763 703 1397 2273 2746 2405 2156 673 1808 1490 1858 1226 1836 1200 933 1952 1097 949 1356 711 1898 794 2108 2255 931 2283 1582 1478 2382 1211 1341 1182 2451 1975 1884 2256 2102 1976 794 2653 477 2357 920 1297 2883 1770 2168 1677 1279 1671 1275 1573 2457 611 1424 1198 2110 1965 1977 1602 2114 2555 1649 2361 1442 1072 832 2436 1309 2384 1923 1182 2556 2265 1431 1802 944
2412 1356 2487 731 818 2566 997 1689 1461 2869 3204 2542 1974 2567 1321 2986 2252 2424 2354 490 1723 1805 2617 993 1403 2438 3033 1052 1584 2004 1592 2176 360 1232 1101 1536 2026 1246 2977 869 1621 2797 1234 1037 776 730 1701 2303 2687 2253 1181 3186 1702 2077 614 2447 982 1213 2031 1312 739 1528 2418 584 2469 2464 1600 2519 758 2417 429 1631 2071 493 1155 1328 1547 2517 1707 2068 1288 561 1729 454 1454 1227 2533 1554 2166 900 2243 2035 1806 1630 2178 3097 2752 3038 3039 2224 711 1962 1171 1801 502 3156 1160 986 1439 1489 1127 1315 2764 2367 2626 1474 1238 1967 3103 1922 1575 1772 1434 1027 2065
2137 1475 2088 997 929 2885 675 1064 772 2837 2818 2988 1447 2856 1753 2852 2308 2909 2791 1114 2413 1091 3069 636 2032 2646 2952 1142 711 2258 2081 2075 1232 360 1804 2107 2073 721 2469 723 1554 3103 788 1649 1647 1600 1991 2622 3067 1986 1149 3608 2560 2811 1461 2247 756 1650 1249 1433 1026 1235 2522 1197 2632 2104 2004 2350 914 2452 1199 2395 2249 1201 1656 1784 2356 2042 2103 2359 2141 1172 2356 1311 2197 1950 2505 2412 2010 1769 2389 2381 2670 2227 2823 3287 2303 3251 2989 1562 1552 1824 1110 2123 1330 3459 479 1420 2188 2339 828 645 2240 2550 2420 2305 1439 2714 3408 1452 871 900 1010 1671 1694
2245 1179 2425 1466 1547 1931 1668 1969 2129 2459 3059 1841 2109 1950 823 2645 1841 1710 1663 1142 988 2132 1912 1528 673 1886 2648 1165 2126 1470 937 1909 1101 1804 360 828 1663 1638 2961 1491 1479 2158 1586 554 1000 907 1201 1686 2013 2113 1274 2480 1263 1370 879 2219 1428 786 2388 1162 1138 1614 1947 993 1947 2371 1019 2256 1252 2000 1077 953 1588 1229 696 798 955 2518 1109 1495 907 1026 989 1105 752 506 2153 1141 1947 876 1760 1426 1398 901 1437 2514 2703 2443 2629 2436 1136 1773 1297 1248 958 2505 1697 822 745 1045 1467 1975 2783 1841 2381 952 1065 1269 2452 2022 2246 2321 1661 511 2049
2057 1179 2298 1884 1956 1473 2034 2095 2475 2108 2850 1374 2133 1499 747 2330 1523 1249 1195 1550 754 2269 1447 1838 525 1470 2306 1355 2392 1094 531 1687 1536 2107 828 360 1399 1864 2835 1845 1414 1696 1799 863 1466 1375 904 1240 1545 1959 1416 2016 1437 1157 1338 1998 1712 828 2527 1189 1468 1672 1580 1383 1547 2228 691 2009 1589 1666 1500 927 1240 1669 811 708 1067 2426 728 1086 1224 1418 623 1556 791 776 1835 1365 1755 1330 1397 994 1571 483 1079 2070 2569 1995 2273 2482 1604 1622 1451 886 1398 2040 1991 1047 808 1272 1694 2320 2687 1443 2138 1143 1119 1100 1987 2032 2589 2581 1794 868 1983
1039 1040 1332 2232 2260 1299 2187 1644 2484 1203 1812 1568 1453 1240 1200 1347 598 1577 1407 1954 1762 1802 1640 1897 1514 979 1372 1399 2200 784 1229 662 2026 2073 1663 1399 360 1716 1847 2013 879 1477 1646 1527 2200 2092 856 1094 1530 988 1321 2062 2469 2103 1970 962 1755 1262 2012 1087 1720 1234 808 1802 934 1247 1069 969 1801 756 1961 1966 648 2143 1352 1225 2102 1497 1044 892 2194 1829 1585 2098 1822 1715 869 2383 758 2138 703 1001 2605 1476 1866 1579 1581 1553 1373 1783 2275 737 1354 897 1942 1805 1964 1417 1835 2286 1616 2355 1737 873 1099 2163 1149 2083 1758 1349 2575 2343 1464 1572 1160
1791 1150 1767 1157 1125 2552 930 812 1128 2475 2502 2681 1155 2518 1487 2495 1950 2613 2485 1116 2205 919 2761 664 1815 2299 2592 868 896 1924 1811 1714 1246 721 1638 1864 1716 360 2189 839 1196 2766 432 1459 1650 1577 1672 2292 2743 1637 831 3287 2476 2615 1419 1893 624 1396 1152 1113 913 875 2165 1121 2280 1774 1713 1994 850 2091 1191 2229 1904 1269 1422 1523 2223 1745 1805 2030 2061 1109 2123 1339 2026 1783 2143 2334 1650 1732 2037 2062 2598 1987 2583 2933 2000 2900 2628 1351 1597 1463 792 1806 1296 3118 626 1199 2021 2250 532 1007 1964 2200 2067 2193 1138 2527 3068 1138 1219 1080 657 1491 1358
1054 2144 899 2981 2955 2614 2749 1766 2758 1760 857 2968 1394 2531 2532 1512 1857 3015 2843 2857 3221 1762 3026 2493 2915 2263 1685 2306 2325 2265 2676 1545 2977 2469 2961 2835 1847 2189 360 2666 1841 2697 2164 2778 3308 3209 2306 2502 2852 1237 2170 3297 3849 3584 3052 1279 2414 2537 1732 2166 2597 1809 1991 2779 2156 968 2510 1337 2601 1824 2909 3395 2111 3042 2625 2569 3499 819 2512 2362 3505 2788 3053 3070 3224 3058 1681 3739 1454 3318 2061 2479 3987 2930 3354 2521 627 2558 1779 1315 3314 1573 2172 2377 2965 2902 2426 2554 3233 3641 2240 2710 589 2177 1239 3534 2265 3555 2875 1422 2786 2332 1924 2827 1286
2223 1351 2228 679 649 2732 552 1287 998 2828 2964 2787 1633 2714 1527 2887 2251 2692 2591 754 2115 1367 2866 534 1748 2534 2966 984 1075 2118 1847 2080 869 723 1491 1845 2013 839 2666 360 1519 2958 863 1357 1283 1238 1829 2465 2893 2063 1053 3422 2204 2501 1104 2300 634 1416 1567 1304 737 1286 2450 861 2538 2227 1799 2392 617 2407 839 2071 2140 841 1400 1551 2016 2218 1904 2207 1785 831 2079 947 1878 1634 2488 2055 2037 1407 2296 2208 2311 1958 2545 3191 2471 3146 2990 1821 1191 1836 1021 1953 973 3320 664 1168 1867 1985 808 844 2442 2446 2479 1958 1277 2398 3267 1609 1114 1262 1110 1371 1810
1163 665 1306 1767 1783 1759 1684 1170 1965 1668 1974 1954 1093 1713 1065 1740 1113 1921 1768 1527 1809 1340 2032 1390 1461 1475 1808 938 1687 1146 1281 926 1621 1554 1479 1414 879 1196 1841 1519 360 1959 1127 1298 1879 1773 978 1515 1971 1013 832 2516 2372 2207 1628 1186 1252 1057 1576 695 1271 730 1328 1399 1447 1258 1125 1260 1332 1259 1552 1946 1089 1722 1144 1104 2029 1401 1174 1262 2024 1419 1663 1704 1761 1580 1329 2258 904 1861 1207 1327 2510 1526 2056 2098 1585 2068 1830 1446 1919 700 859 1102 1567 2303 1447 1089 1768 2161 1103 1837 1666 1374 1365 2057 791 2154 2254 988 2055 1838 951 1347 938
1931 1989 2290 3098 3151 590 3148 2756 3513 1363 2442 841 2564 607 1837 1664 1304 990 911 2773 1807 2918 840 2883 1861 860 1531 2343 3280 1205 1585 1669 2797 3103 2158 1696 1477 2766 2697 2958 1959 360 2693 2136 2798 2702 1489 856 604 1998 2314 968 2595 1899 2641 1813 2737 1948 3129 2032 2603 2329 1101 2601 933 2194 1557 1730 2711 1262 2746 2068 1229 2930 2002 1829 2263 2479 1449 1111 2519 2635 1656 2838 2050 2111 1378 2580 1786 2667 1134 1122 2704 1662 1548 808 2463 717 1445 2879 2927 1845 2353 1369 2673 721 2987 2191 2071 2505 2635 3371 2668 966 1818 2375 2043 1958 668 2462 3615 3437 2549 2160 2249
1741 1078 1728 1176 1152 2479 973 814 1197 2412 2464 2609 1132 2445 1421 2437 1880 2542 2413 1104 2145 939 2689 691 1754 2227 2531 804 967 1851 1743 1650 1234 788 1586 1799 1646 432 2164 863 1127 2693 360 1404 1629 1552 1600 2220 2670 1584 760 3215 2436 2556 1393 1837 618 1331 1182 1041 884 815 2095 1093 2209 1732 1643 1936 835 2023 1175 2175 1832 1268 1360 1456 2175 1715 1735 1957 2022 1085 2060 1328 1972 1730 2078 2294 1590 1704 1966 1989 2560 1922 2518 2862 1968 2829 2565 1352 1586 1399 721 1734 1273 3046 686 1141 1967 2209 481 1073 1941 2129 2013 2148 1068 2470 2996 1106 1289 1148 610 1438 1314
2077 994 2245 1381 1453 1906 1542 1777 1994 2345 2893 1864 1915 1915 698 2515 1721 1747 1677 1046 1123 1941 1940 1373 750 1818 2529 975 1960 1389 917 1755 1037 1649 554 863 1527 1459 2778 1357 1298 2136 1404 360 1053 947 1098 1649 2014 1940 1081 2508 1456 1524 865 2061 1263 626 2199 974 988 1420 1848 880 1867 2194 950 2105 1107 1884 997 1131 1488 1171 534 688 1147 2333 1053 1432 1087 916 1082 1066 927 689 2029 1331 1784 971 1663 1381 1591 967 1547 2464 2523 2398 2517 2242 1160 1603 1104 1171 903 2492 1538 629 923 1236 1287 1839 2597 1761 2228 1145 876 1431 2439 1829 2110 2154 1469 408 1863
2683 1582 2797 1083 1175 2571 1394 2081 1845 3031 3492 2473 2337 2588 1390 3185 2406 2337 2300 902 1530 2208 2542 1409 1306 2508 3210 1363 1999 2081 1574 2399 776 1647 1000 1466 2200 1650 3308 1283 1879 2798 1629 1053 360 468 1791 2322 2652 2531 1498 3107 1321 1821 616 2692 1386 1306 2440 1546 1109 1864 2540 904 2559 2763 1637 2750 1160 2570 821 1372 2181 822 1221 1381 1240 2849 1735 2119 930 906 1589 697 1236 1069 2708 1175 2409 537 2355 2059 1412 1527 1991 3147 3071 3078 3203 2610 523 2213 1499 1861 717 3146 1576 1157 1217 1125 1516 1707 3105 2454 2867 1143 1455 1704 3093 2274 1956 2185 1807 1017 2384
2577 1475 2695 1072 1164 2474 1365 2000 1825 2923 3387 2386 2245 2489 1284 3077 2297 2253 2210 846 1465 2132 2456 1351 1217 2404 3102 1265 1951 1976 1476 2291 730 1600 907 1375 2092 1577 3209 1238 1773 2702 1552 947 468 360 1685 2223 2560 2426 1401 3023 1334 1777 521 2585 1316 1198 2369 1439 1028 1768 2433 820 2454 2660 1534 2642 1090 2461 762 1325 2074 805 1114 1275 1211 2751 1633 2016 925 827 1512 669 1175 989 2599 1186 2302 530 2249 1959 1436 1441 1927 3046 2969 2978 3094 2525 589 2106 1403 1757 641 3051 1522 1050 1157 1125 1436 1682 3007 2349 2759 1125 1347 1661 2998 2180 1938 2140 1721 913 2283
1517 882 1773 1977 2026 1263 2019 1767 2396 1617 2306 1370 1708 1246 761 1812 1003 1317 1176 1661 1276 1942 1451 1759 1020 1096 1807 1217 2204 662 735 1144 1701 1991 1201 904 856 1672 2306 1829 978 1489 1600 1098 1791 1685 360 996 1435 1429 1205 1977 1974 1641 1588 1454 1614 855 2187 920 1475 1319 1110 1491 1133 1698 573 1465 1582 1159 1644 1471 750 1831 932 772 1606 1915 568 739 1713 1524 1106 1756 1326 1233 1317 1890 1217 1703 924 749 2109 987 1450 1756 2039 1699 1788 2060 1891 1103 1244 494 1591 1851 1873 1078 1340 1794 1527 2251 2171 1029 1595 1670 916 1609 1798 1602 2502 2377 1504 1137 1499
1692 1507 2027 2601 2654 627 2655 2325 3030 1375 2348 837 2180 625 1342 1655 1006 874 703 2277 1433 2493 906 2394 1404 655 1575 1853 2816 731 1109 1355 2303 2622 1686 1240 1094 2292 2502 2465 1515 856 2220 1649 2322 2223 996 360 815 1698 1832 1361 2231 1636 2154 1582 2249 1452 2720 1548 2107 1884 895 2105 767 1935 1063 1531 2216 1053 2251 1691 809 2436 1509 1335 1876 2205 957 623 2094 2139 1260 2347 1633 1656 1222 2193 1468 2201 802 628 2352 1230 1316 1190 2245 1116 1516 2515 2445 1471 1872 873 2181 1218 2504 1695 1653 2109 2155 2885 2428 701 1647 1977 1553 1662 1165 2074 3133 2980 2094 1675 1894
2063 1954 2414 3006 3065 600 3084 2780 3472 1567 2630 602 2623 681 1741 1868 1398 756 716 2676 1606 2947 596 2832 1706 955 1746 2291 3270 1187 1457 1763 2687 3067 2013 1545 1530 2743 2852 2893 1971 604 2670 2014 2652 2560 1435 815 360 2102 2279 906 2382 1667 2514 1947 2688 1853 3171 1994 2526 2340 1224 2502 1056 2319 1460 1875 2640 1391 2641 1864 1255 2821 1896 1726 2062 2600 1352 1075 2334 2537 1468 2721 1865 1951 1531 2376 1879 2512 1204 1047 2487 1493 1314 1050 2608 958 1664 2953 2788 1908 2319 1305 2557 866 2949 2102 1887 2305 2602 3326 2804 1053 1975 2177 1991 1731 816 2518 3577 3435 2549 2033 2326
521 1316 706 2348 2346 1862 2196 1360 2363 1302 1321 2175 1025 1789 1668 1241 1064 2198 2026 2148 2343 1467 2242 1906 2043 1511 1365 1560 1988 1413 1799 703 2253 1986 2113 1959 988 1637 1237 2063 1013 1998 1584 1940 2531 2426 1429 1698 2102 360 1434 2605 2987 2709 2278 637 1788 1686 1606 1348 1886 1137 1256 2036 1424 629 1632 751 1924 1101 2183 2521 1270 2343 1777 1704 2630 869 1635 1519 2660 2053 2176 2340 2353 2199 1037 2882 591 2514 1262 1630 3124 2053 2490 1960 970 1965 1422 1273 2565 702 1449 1504 2211 2276 1903 1742 2363 2784 1615 2267 1110 1410 796 2672 1444 2678 2238 954 2429 2081 1339 1989 683
1594 685 1668 1295 1311 2095 1226 1059 1559 2137 2382 2210 1217 2066 1031 2211 1559 2141 2014 1074 1779 1227 2291 940 1390 1863 2280 495 1367 1468 1347 1397 1181 1149 1274 1416 1321 831 2170 1053 832 2314 760 1081 1498 1401 1205 1832 2279 1434 360 2822 2166 2192 1242 1643 795 952 1486 644 811 728 1761 972 1857 1643 1243 1725 861 1714 1112 1840 1467 1269 997 1069 1868 1711 1334 1569 1772 984 1679 1271 1638 1408 1797 2034 1367 1521 1614 1594 2298 1540 2131 2513 1937 2473 2301 1528 1507 1163 399 1338 1155 2671 1032 812 1637 1942 682 1418 1966 1770 1823 1862 669 2114 2620 1143 1661 1547 750 1123 1249
2539 2497 2898 3518 3581 1123 3614 3323 4010 1930 3017 1003 3156 1184 2259 2225 1907 1130 1194 3184 1982 3490 928 3368 2167 1458 2075 2829 3815 1732 1956 2273 3186 3608 2480 2016 2062 3287 3297 3422 2516 968 3215 2508 3107 3023 1977 1361 906 2605 2822 360 2690 1913 2994 2421 3226 2372 3711 2537 3051 2885 1709 3012 1540 2802 1983 2336 3166 1871 3144 2220 1795 3319 2405 2240 2416 3088 1877 1621 2723 3047 1882 3211 2268 2397 1984 2714 2390 2954 1726 1587 2774 1941 1583 1217 3067 1147 1982 3478 3253 2437 2861 1844 3050 816 3489 2622 2290 2657 3144 3863 3275 1563 2420 2539 2529 2007 817 3052 4117 3981 3095 2520 2848
3105 2078 3311 2042 2134 2406 2339 2850 2799 3175 3911 2150 3011 2458 1678 3406 2600 1992 2043 1809 1159 3004 2193 2297 1315 2502 3376 2047 2907 2165 1609 2746 1702 2560 1263 1437 2469 2476 3849 2204 2372 2595 2436 1456 1321 1334 1974 2231 2382 2987 2166 2690 360 1147 1459 3059 2234 1675 3256 2064 1929 2516 2646 1732 2593 3251 1761 3078 2020 2741 1724 900 2316 1777 1591 1643 729 3414 1805 2140 779 1752 1331 1643 1007 1152 2912 508 2801 1165 2467 2031 497 1389 1467 3023 3588 2938 3337 3334 1469 2645 2185 1963 1590 2882 2472 1716 993 586 2315 2656 3679 2494 3207 675 1968 1044 2834 2925 2912 3099 2545 1410 2948
2783 1975 3054 2449 2535 1744 2675 2883 3139 2646 3539 1426 2930 1813 1539 2915 2159 1271 1366 2140 773 3056 1454 2535 1163 1930 2848 2113 3124 1709 1287 2405 2077 2811 1370 1157 2103 2615 3584 2501 2207 1899 2556 1524 1821 1777 1641 1636 1667 2709 2192 1913 1147 360 1829 2702 2427 1602 3315 1984 2146 2468 2136 2001 2038 2977 1450 2689 2262 2267 2068 811 1872 2192 1558 1498 957 3196 1433 1640 1295 2033 903 2057 985 1226 2445 1197 2490 1645 1983 1517 1221 1040 713 2345 3316 2255 2792 3280 1985 2385 2224 1567 1937 2146 2702 1776 998 1165 2443 2985 3453 1954 2817 1076 1908 479 2103 2829 3255 3318 2578 1500 2768
2431 1335 2542 982 1071 2411 1246 1839 1712 2807 3239 2352 2085 2420 1189 2951 2183 2227 2170 709 1486 1973 2426 1204 1191 2317 2982 1107 1810 1885 1418 2156 614 1461 879 1338 1970 1419 3052 1104 1628 2641 1393 865 616 521 1588 2154 2514 2278 1242 2994 1459 1829 360 2445 1161 1093 2211 1297 868 1609 2329 660 2361 2509 1454 2506 936 2348 625 1380 1972 723 1017 1186 1293 2593 1558 1935 1041 669 1507 590 1209 992 2479 1311 2162 674 2147 1887 1569 1420 1945 2967 2815 2903 2979 2363 666 1964 1244 1671 491 2996 1377 916 1193 1242 1276 1565 2849 2256 2621 1222 1208 1717 2942 2020 1827 2001 1559 841 2128
477 1470 839 2573 2579 1706 2444 1636 2631 1031 1212 2051 1301 1626 1759 967 938 2096 1923 2351 2364 1745 2111 2150 2105 1352 1087 1760 2263 1360 1829 673 2447 2247 2219 1998 962 1893 1279 2300 1186 1813 1837 2061 2692 2585 1454 1582 1947 637 1643 2421 3059 2702 2445 360 2025 1797 1879 1509 2092 1383 1082 2225 1251 743 1667 475 2142 915 2378 2566 1201 2546 1890 1790 2695 1031 1647 1449 2762 2245 2188 2530 2415 2288 804 2966 643 2658 1141 1570 3196 2078 2451 1723 1024 1737 1146 1529 2741 845 1664 1499 2391 2063 2160 1895 2427 2869 1856 2530 1217 1261 540 2749 1598 2685 2029 1231 2700 2358 1597 2109 961
1949 1111 1962 930 919 2515 793 1070 1145 2560 2696 2601 1386 2491 1358 2614 1993 2517 2403 851 2024 1183 2681 505 1640 2296 2694 756 1058 1892 1685 1808 982 756 1428 1712 1755 624 2414 634 1252 2737 618 1263 1386 1316 1614 2249 2688 1788 795 3226 2234 2427 1161 2025 360 1255 1413 1066 664 1012 2197 866 2293 1958 1613 2117 586 2146 927 2022 1900 1010 1260 1388 1999 1961 1714 1988 1815 851 1962 1075 1821 1574 2221 2089 1763 1474 2050 2001 2353 1832 2428 2948 2210 2907 2720 1609 1333 1563 760 1743 1035 3097 639 1025 1813 2009 536 997 2193 2204 2205 1959 1057 2333 3045 1352 1254 1253 850 1289 1541
1819 767 2000 1513 1572 1717 1608 1642 2031 2085 2634 1733 1724 1715 472 2249 1460 1635 1538 1185 1188 1814 1812 1387 802 1589 2266 887 1925 1155 792 1490 1213 1650 786 828 1262 1396 2537 1416 1057 1948 1331 626 1306 1198 855 1452 1853 1686 952 2372 1675 1602 1093 1797 1255 360 2073 760 1041 1240 1597 1012 1628 1945 753 1839 1158 1624 1159 1273 1239 1344 452 494 1337 2099 861 1215 1333 1047 1089 1262 1078 882 1765 1561 1522 1236 1414 1185 1812 951 1547 2245 2278 2185 2257 2064 1398 1346 985 948 1097 2309 1533 610 1081 1464 1227 1878 2364 1524 1963 1359 672 1527 2255 1630 2143 2114 1336 672 1633
1694 1716 1524 1874 1815 2947 1565 792 1427 2548 2169 3169 945 2892 2139 2457 2199 3137 2984 1901 2901 618 3247 1407 2514 2630 2598 1584 993 2357 2433 1858 2031 1249 2388 2527 2012 1152 1732 1567 1576 3129 1182 2199 2440 2369 2187 2720 3171 1606 1486 3711 3256 3315 2211 1879 1413 2073 360 1699 1704 1231 2420 1913 2573 1584 2299 1994 1640 2293 1979 2965 2276 2038 2123 2179 2983 1398 2368 2474 2844 1902 2790 2122 2762 2528 2269 3116 1751 2524 2355 2544 3381 2649 3226 3176 1645 3168 2663 782 2378 1647 1457 2316 2088 3449 1265 1929 2760 3029 1303 1418 1510 2523 2010 2964 1768 3239 3405 1036 1434 962 1096 2237 1288
1497 407 1636 1505 1536 1812 1487 1268 1841 1925 2310 1928 1323 1785 805 2034 1321 1862 1732 1231 1573 1443 2008 1212 1197 1591 2084 680 1647 1187 1095 1226 1312 1433 1162 1189 1087 1113 2166 1304 695 2032 1041 974 1546 1439 920 1548 1994 1348 644 2537 2064 1984 1297 1509 1066 760 1699 360 993 844 1510 1087 1593 1592 973 1573 1078 1483 1244 1673 1196 1423 836 846 1735 1719 1058 1286 1701 1111 1452 1390 1479 1275 1587 1944 1225 1526 1352 1310 2200 1311 1887 2247 1914 2203 2094 1665 1593 1027 684 1053 1244 2391 1315 754 1482 1848 967 1698 1983 1502 1685 1750 458 1916 2339 1229 1944 1823 975 1023 1248
2046 1040 2109 873 912 2375 928 1332 1368 2557 2831 2414 1598 2362 1152 2650 1954 2316 2218 623 1751 1464 2493 749 1376 2197 2710 693 1354 1772 1470 1836 739 1026 1138 1468 1720 913 2597 737 1271 2603 884 988 1109 1028 1475 2107 2526 1886 811 3051 1929 2146 868 2092 664 1041 1704 993 360 1149 2139 568 2212 2090 1428 2171 480 2116 672 1729 1811 817 1022 1175 1698 2138 1535 1854 1512 562 1706 833 1530 1284 2217 1785 1814 1180 1975 1846 2049 1582 2173 2858 2373 2808 2724 1860 1083 1609 797 1594 751 2965 920 791 1522 1704 767 1213 2385 2115 2272 1656 942 2047 2912 1543 1483 1549 1061 1007 1687
1297 853 1323 1577 1571 2129 1421 808 1635 1962 2052 2315 856 2083 1290 1982 1459 2274 2126 1411 2058 983 2394 1128 1681 1842 2077 863 1325 1514 1567 1200 1528 1235 1614 1672 1234 875 1809 1286 730 2329 815 1420 1864 1768 1319 1884 2340 1137 728 2885 2516 2468 1609 1383 1012 1240 1231 844 1149 360 1680 1330 1808 1311 1429 1481 1165 1591 1460 2153 1459 1601 1307 1331 2202 1350 1497 1628 2130 1338 1934 1621 1955 1740 1632 2387 1135 1890 1571 1686 2649 1793 2359 2453 1584 2427 2113 1185 1865 949 725 1450 1516 2670 1140 1160 1957 2293 838 1521 1601 1739 1560 2206 927 2401 2622 776 1717 1470 592 1466 900
1199 1462 1553 2653 2687 984 2628 2075 2933 888 1813 1340 1843 903 1510 1138 583 1405 1236 2359 1871 2226 1395 2341 1728 631 1089 1829 2645 846 1414 933 2418 2522 1947 1580 808 2165 1991 2450 1328 1101 2095 1848 2540 2433 1110 895 1224 1256 1761 1709 2646 2136 2329 1082 2197 1597 2420 1510 2139 1680 360 2198 529 1458 1291 1013 2229 528 2356 2112 720 2542 1679 1522 2279 1741 1217 869 2437 2228 1689 2482 2010 1963 687 2584 1048 2453 547 987 2776 1617 1836 1133 1744 1112 1053 2146 2635 1134 1796 1064 2320 1392 2412 1794 2027 2492 2063 2803 1940 554 1121 2362 1557 2146 1351 1745 3024 2784 1911 1887 1516
2194 1131 2280 866 933 2370 1034 1539 1497 2645 2991 2369 1794 2366 1124 2761 2029 2259 2177 533 1621 1673 2446 927 1267 2227 2809 839 1538 1794 1415 1952 584 1197 993 1383 1802 1121 2779 861 1399 2601 1093 880 904 820 1491 2105 2502 2036 972 3012 1732 2001 660 2225 866 1012 1913 1087 568 1330 2198 360 2254 2254 1405 2296 648 2194 518 1570 1854 703 967 1136 1520 2319 1513 1863 1312 395 1599 665 1377 1134 2309 1586 1943 971 2025 1838 1848 1487 2061 2887 2549 2831 2815 2066 895 1740 966 1597 547 2961 1101 773 1366 1508 976 1344 2571 2153 2404 1468 1014 1897 2908 1735 1614 1732 1263 884 1860
1369 1546 1723 2723 2763 817 2720 2217 3044 968 1960 1184 2000 735 1532 1247 735 1261 1097 2419 1804 2372 1235 2438 1703 475 1170 1913 2773 838 1389 1097 2469 2632 1947 1547 934 2280 2156 2538 1447 933 2209 1867 2559 2454 1133 767 1056 1424 1857 1540 2593 2038 2361 1251 2293 1628 2573 1593 2212 1808 529 2254 360 1627 1287 1179 2307 696 2409 2054 761 2596 1704 1539 2229 1911 1200 821 2412 2285 1624 2527 1969 1947 840 2540 1213 2460 603 921 2719 1567 1723 1015 1911 980 1115 2309 2664 1285 1894 1059 2362 1236 2520 1843 1987 2451 2168 2910 2109 465 1282 2320 1629 2058 1192 1900 3138 2918 2037 1902 1678
