140 1240 2406 1800 1204 2003 1918 1832 2643 453 2215 1957 1575 1163 2427 828 662 2192 682 585 2249 800 1628 1706 1627 1991 2175 2410 1641 759 1597 2307 1096 1296 2828 1510 1912 938 1681 1326 2268 2219 2513 1602 2349 874 2017 526 836 1454 2775 968 1233 2657 1866 2541 805 2227 1992 2171 1192 1766 1084 1375 2053 1191 1291 410 1411 921 1598 2095 2795 1005 1188 2476 2566 2891 1030 2986 1216 978 2350 995 2196 2576 2276 2132 2481 1663 2605 1381 2696 1061 1421 2064 2182 1986 1343 1223 1859 1924 2530 468 2644 2503 1668 2287 2031 412 2423 2166 1580 774 2184 222 1592 2971 475 1342 1716 1794 1940 2207 650 695 2923 1408 1901 2100 992 912 2134 1824 2011 2976 1826 855 1099 692 237 1418 2386 2339 1697 1698 951 984 1691 1916 1970 2550 2439 2345 1501 2100 1212 967 1545 468 626 728 491 1503 1431 2046 1220 2570 446 2694 2888 1635 1639 2309 2380 1731 2625 714 1635 2355 2083 2547 587 1054 1653 1815 1722 2235 1360 1814 977 1979 1728 1547 1841 2100 862 766 720 367 701 1569 2083 1230 1149 2238 1370 573 1636 2320 1213 997 2373 1784 1825 2023 2416 935 2166 1015 2458 2545 823 2553 975 2069 3154 1161 1694 1142 572 1605 2300 1082 1659 1755 529 834 2070 2189 2090 3244 989 871 1025 1943 1666 1780 1721 357 2845 2877 889 559 1809 1187 2493 392 867 2291 1282 2136 1890 2117 2501 1310 2326 2162 1737 482 1057 823 1059 497 1543 1851 1172 2530 717 889 1216 1695 1186 1203 1557 1621 507 1468 2324 873 2246 2002 1591 2072 629 1611 925
1340 360 1567 972 1157 1161 1253 1901 1782 1641 1746 1512 765 554 2197 1985 939 1403 1800 1015 2416 1242 1846 850 1645 1116 1413 1800 1470 983 1125 1575 1039 1730 1969 2027 1042 1958 2046 1049 1482 2018 1696 723 1924 2026 1272 1699 1773 1236 1895 1569 1952 1848 1005 1682 848 1773 1754 1349 1436 2026 1606 1227 1184 1668 661 1603 1582 683 1287 2189 2044 1844 1974 2472 2684 2116 1873 2150 1804 1257 1780 1183 1597 1709 1602 1252 2581 2046 1741 1418 1819 1026 1244 1659 1338 1924 1866 1030 1795 1582 1653 1263 1765 1635 1449 2217 1653 1534 1553 1850 1186 1927 1317 1377 1102 2131 1675 1544 854 921 1246 1564 950 1135 2072 1338 1529 1227 1859 1909 2245 1436 1162 2109 1718 1217 799 1880 1381 934 1727 2027 1608 954 2132 1822 1344 1339 1772 1701 2064 2031 1442 1454 528 2115 1849 1149 992 1121 1629 645 1890 1520 911 1703 1548 1823 2025 1171 1586 1921 1566 1295 1756 1809 1904 2110 1232 1668 1715 1019 1044 1102 1337 2357 510 1297 1104 2096 1072 1018 1199 1683 737 1146 1903 1443 1331 899 1331 1871 1749 1469 1869 1767 1150 1591 1179 2157 2061 946 950 1314 2147 1726 2395 1789 1578 2020 1064 1673 1808 1242 2303 2342 1141 1337 1390 1078 1825 1353 975 1370 1649 1620 1685 1836 1356 2389 1701 1938 1385 1081 790 1159 874 1251 2045 2130 2054 1205 2178 1459 1616 1566 1314 2158 1139 1334 1340 1542 1739 542 1523 1504 1242 1679 1834 841 1634 1110 715 1764 757 2195 1700 2046 2406 1615 640 1041 920 1082 1122 1147 2332 1103 1389 1603 868 1478 1763 1303 941
2506 1567 360 1319 2234 766 1686 2185 1202 2817 1396 2109 1439 1603 1983 3177 2110 646 2999 2196 2614 2436 2304 1279 2013 1033 1510 1137 1754 2189 1386 1643 1839 2421 800 2674 904 3166 2559 2050 1454 1923 1416 1225 1541 3119 1525 2882 2980 1677 954 2441 2771 669 1185 1175 1963 2244 2472 600 2545 2449 2413 1750 1064 2810 1480 2776 2627 1883 1569 2379 958 2767 2833 2458 2756 969 2793 943 2578 2106 1215 2029 1927 1127 1788 893 2657 2575 1155 2443 1040 2161 1721 2237 1200 2051 2571 2091 1986 2262 980 2465 955 595 1693 2207 1518 2657 596 2458 1474 3027 1056 2543 1370 925 2838 2612 1074 1159 968 1833 2121 2341 878 1838 1502 761 2796 3117 2435 2135 764 964 2558 2403 1939 3058 2554 1450 998 2584 2496 1519 3315 2750 1522 1856 2521 514 2536 1769 2405 1008 1673 3311 2383 2338 2139 2324 2821 1396 2537 1247 1647 1122 2743 740 867 1939 1917 2421 1377 1400 1126 3011 2384 2716 696 779 2817 2157 1735 1577 2089 2522 1503 1275 1978 2348 1137 1827 1092 2237 1920 2142 3031 2635 2331 1238 1519 2660 2551 1503 2554 2912 1358 787 2252 3349 2609 985 1130 902 1898 2653 2665 2688 887 1413 2259 850 3008 1277 1108 3526 1828 2069 2444 1328 2246 2128 1622 2105 2844 2577 1516 1619 1569 1200 2889 3143 2201 854 1228 1740 1054 2431 864 1036 3244 2411 2650 2573 952 2747 2228 2092 2174 660 1896 1156 721 1592 540 1780 1321 2847 2722 2048 2803 2295 1226 2606 1623 2680 2734 3239 3582 1897 1584 2113 1266 1829 2316 1570 2375 2047 1131 1474 1566 1882 2863 1572 2124
1900 972 1319 360 1326 1017 784 2375 1209 2183 1955 1187 584 1143 2504 2491 1518 1310 2297 1579 2885 1628 2372 503 2131 651 818 1870 1909 1447 1488 990 1611 2311 1609 2606 834 2397 2595 1125 873 2361 1086 739 2138 2614 705 2228 2198 1705 1418 2176 2558 1628 493 1106 1456 1381 1533 1194 1637 2550 2205 1726 662 1914 1159 2149 1688 1249 1698 2647 1905 2456 2583 2871 3120 1929 2485 1842 2402 1853 1894 1776 1112 1148 1055 813 3015 2599 1175 1503 1296 1300 1728 1329 742 2345 2453 1189 2230 1324 1131 1771 1263 1271 1870 2605 1944 2118 1190 1550 1578 2513 770 1938 1461 1813 2229 1681 825 556 1353 1047 1528 1583 1732 1842 1848 918 2471 2343 2705 1188 996 1711 1601 1580 1118 2414 1935 1368 1754 1700 1537 561 2652 2434 1721 940 1577 1401 1687 2307 1453 1558 948 2610 2397 1694 1583 1557 2148 688 2466 1726 1444 1142 2063 1426 1647 980 2054 1554 954 1628 1199 2294 2439 1818 1029 1224 2304 1299 776 638 1133 2813 824 1568 1698 2570 1296 874 1386 1338 1320 1758 2478 1967 1943 1198 750 2472 2350 867 2452 2334 1493 1554 1341 2658 1729 933 570 1378 2436 2338 2886 2400 1086 2141 1467 1200 2186 632 1946 2856 870 1912 1997 1418 1407 1938 664 1151 2159 2232 1965 2113 788 2017 2047 2400 1980 895 619 793 886 1803 1820 1987 2562 1692 2720 1667 1101 2104 1921 2521 1252 1232 971 1699 1621 851 1372 983 1547 2228 2445 1343 1935 1662 927 1649 1312 1831 2307 2549 2930 2068 1202 1215 1240 870 1658 1592 2745 1710 812 1888 630 1021 2352 1711 1324
1304 1157 2234 1326 360 1857 1218 2575 2120 1494 2543 1130 1157 1287 2968 1692 1145 2137 1499 1126 3073 795 2457 1321 2322 1609 1525 2590 2199 849 1909 1609 1660 2229 2568 2505 1692 1513 2602 567 1637 2779 1900 1392 2720 2018 1374 1502 1314 1961 2380 1958 2310 2538 1448 2020 1256 1390 1156 2054 672 2629 2045 1925 1629 948 1440 1477 784 1034 2044 2866 2778 2118 2290 3191 3367 2828 2146 2791 2228 1761 2576 1716 1413 2076 1532 1773 3268 2593 2097 628 2246 534 1955 1224 1661 2644 2330 503 2510 1080 2085 1098 2222 2227 2192 2949 2439 1574 2144 1324 1957 1922 1729 1350 1889 2765 1565 750 1554 1442 2032 1449 1147 868 2689 2020 2311 1839 2114 1456 2918 990 1848 2677 1023 733 722 1675 1328 1708 2508 1499 894 1140 1865 2095 2114 1152 1143 2340 1595 2814 695 2245 993 1784 2422 1135 1226 835 1412 1207 2389 2318 1619 2071 1333 2390 2610 861 2285 1465 1777 2080 2129 1479 2496 1528 1906 2191 1751 544 978 1183 896 3030 1134 2093 1645 2761 1869 851 1995 1261 1091 1548 1844 1277 1652 1697 1436 2270 2160 1589 2346 1691 1938 2352 381 1838 1533 1673 1473 2093 2925 2021 3027 2100 2051 2817 745 2166 1259 1531 2908 2048 961 1902 1611 1869 1466 1882 1051 926 1404 1907 2473 2622 1422 2982 1106 1542 1875 1747 1367 1074 1598 1227 2736 2863 1762 1004 2739 701 2059 1419 1739 2906 453 2061 1113 2339 2475 1037 2238 1418 2034 1550 2147 907 978 1137 1482 1058 1470 1690 1862 1742 2135 2324 1377 482 1718 902 1095 1896 3044 1582 1747 2391 1056 1298 1791 2060 700
2103 1161 766 1017 1857 360 1431 1979 1287 2414 1356 1843 1080 1200 1939 2772 1705 654 2593 1791 2454 2035 2052 935 1771 789 1342 1221 1516 1784 1098 1505 1480 2113 1186 2384 542 2760 2302 1685 1325 1830 1388 829 1533 2731 1303 2478 2575 1385 1211 2092 2441 1050 893 1218 1563 2022 2189 556 2165 2214 2077 1444 861 2424 1086 2373 2263 1477 1308 2212 1281 2413 2494 2363 2642 1332 2439 1350 2254 1751 1256 1671 1727 1202 1623 743 2538 2314 1236 2082 1212 1772 1424 1983 1063 1887 2264 1714 1797 1981 1080 2058 1133 877 1460 2100 1401 2262 807 2205 1195 2637 932 2140 1075 1331 2436 2243 672 826 769 1645 1717 1936 1279 1546 1339 566 2438 2711 2270 1843 388 1339 2245 2004 1546 2654 2151 1104 1100 2350 2169 1202 2911 2394 1288 1594 2231 907 2326 1729 2057 936 1274 2906 2114 1933 1738 1921 2416 1011 2243 1145 1284 1195 2337 1069 1247 1619 1679 2198 1302 1169 1227 2605 2130 2472 447 980 2426 1767 1417 1294 1781 2369 1105 1065 1613 2160 838 1490 857 1990 1514 1762 2636 2230 1954 879 1319 2334 2220 1358 2251 2514 1081 897 1876 2944 2378 579 806 759 1862 2296 2484 2337 976 1498 1858 1019 2606 1083 1510 3122 1519 1736 2059 1028 2039 1789 1301 1802 2438 2212 1413 1547 1369 1600 2491 2737 1856 482 856 1449 648 2026 1248 1367 2839 2005 2408 2192 1040 2343 1864 1998 1805 576 1627 1091 982 1198 740 1584 1081 2445 2375 1643 2410 1890 821 2293 1237 2471 2355 2833 3180 1672 1187 1735 916 1506 1910 1268 2257 1673 1033 1348 1225 1656 2473 1315 1725
2018 1253 1686 784 1218 1431 360 2756 1302 2268 2379 782 870 1446 2923 2523 1690 1718 2326 1728 3270 1617 2728 909 2505 1020 673 2290 2298 1522 1889 756 1931 2623 1900 2919 1251 2368 2936 1017 787 2776 1049 1139 2562 2752 545 2296 2168 2081 1629 2443 2826 1988 897 1209 1684 956 1148 1597 1492 2908 2491 2091 982 1769 1507 2241 1472 1439 2092 3035 2283 2691 2837 3277 3517 2290 2721 2152 2689 2146 2317 2074 708 1275 722 1153 3412 2937 1289 1300 1465 1271 2099 915 897 2743 2757 1115 2623 939 1325 1846 1464 1588 2263 3012 2362 2265 1515 1137 1975 2651 1018 2059 1862 2120 2327 1487 1246 980 1778 672 1699 1625 2029 2206 2262 1302 2700 2311 3092 824 1408 1970 1262 1558 1179 2479 2048 1748 2171 1279 1229 667 2693 2668 2123 529 1200 1740 1263 2728 1209 1981 1153 2626 2739 1811 1769 1593 2208 1018 2783 2149 1788 1272 2124 1707 1924 729 2435 1130 934 2037 1328 2313 2790 1402 1431 1488 2453 1274 625 520 811 3202 1108 1985 1994 2952 1713 742 1808 919 1518 2008 2596 2044 2176 1601 592 2752 2631 735 2760 2444 1898 1965 1225 2678 1308 1357 991 1801 2857 2578 3262 2647 1325 2562 1493 1441 2117 783 2223 2886 616 2230 2200 1822 984 2245 641 814 2209 2466 2385 2534 567 2280 1963 2391 2274 1310 1026 505 1307 1921 2171 2362 2594 1755 3067 1522 1309 2189 2189 2933 1125 1643 572 2123 2014 1080 1766 615 1960 2320 2694 1464 1827 1791 1324 1308 1641 1407 2499 2576 2968 2454 1524 1142 1642 677 1771 1975 3147 1983 989 2307 744 601 2499 2106 1364
1932 1901 2185 2375 2575 1979 2756 360 2906 2174 1271 3053 2246 1713 1064 2515 1839 1901 2439 1900 875 2390 617 2232 616 2320 2825 1613 831 2144 1263 3000 1274 982 2581 1035 2062 2717 812 2542 2852 884 2980 1996 1265 2082 2720 2257 2629 1034 2771 1281 1330 2240 2324 2836 1688 3311 3283 1992 2755 657 1164 1034 2408 2879 1614 2135 2958 1901 1045 651 2161 1502 1429 1005 1152 2300 1509 2581 1163 1232 1508 1248 3104 2821 3070 2344 1053 839 2856 2838 2815 2403 1019 3201 2619 586 1057 2487 566 3120 2696 2138 2731 2405 881 827 1068 1893 2366 3390 1166 2041 2516 1980 1289 2588 2130 2900 1943 2213 1596 3053 1842 2231 2601 925 1046 2183 1542 2698 705 2976 2006 2747 3216 2412 2238 2339 2014 1369 1698 3568 3094 2449 2556 1501 1051 2867 3294 2326 3605 1103 2904 1545 2051 2644 744 1989 1777 2246 2264 2097 959 1315 1351 2815 2237 2565 2650 2712 681 3461 2874 1169 2845 2481 674 3646 2052 2562 1919 2393 2580 2596 2875 817 2025 1281 1305 556 1507 2560 1486 3224 1844 1467 2124 2156 1491 1547 2765 1223 1196 2864 1021 2107 1269 1814 2595 2649 3602 1881 2221 1647 1097 1452 872 1418 2591 1538 2275 2616 2761 2585 2786 2724 2681 1068 1630 1336 3358 1116 2497 2909 2305 1476 1087 1076 2804 2881 2747 2636 1167 2035 2116 2686 1890 1985 2344 2210 2551 2172 854 2766 2657 2156 1326 869 2596 1912 2874 1419 2000 2083 2011 2990 1257 2159 1417 2038 2774 1954 1808 3257 1507 3737 1705 2565 2726 670 1622 2487 1503 2623 2009 1143 853 1391 2618 1097 2386 2994 1941 1035 2246
2743 1782 1202 1209 2120 1287 1302 2906 360 3031 2215 1657 1431 1919 2807 3340 2353 1425 3145 2420 3377 2466 2974 1298 2696 1034 997 1978 2442 2296 2019 1024 2326 3002 1136 3285 1229 3235 3220 1912 886 2726 673 1446 2372 3447 1122 3076 3035 2298 767 2930 3300 1398 1139 462 2268 1678 2018 1305 2416 3139 2936 2348 958 2696 1876 2996 2414 2085 2233 3136 1711 3233 3340 3263 3552 1656 3262 1391 3125 2591 2052 2510 1361 444 1182 941 3449 3231 410 2238 580 2127 2334 1739 829 2809 3152 1995 2723 1826 583 2620 639 978 2388 3004 2303 2953 967 1933 2117 3347 825 2781 1995 1355 3075 2425 1401 1221 1682 1262 2364 2430 1256 2457 2257 1084 3253 3180 3194 1745 1260 1133 2177 2415 1963 3262 2780 1989 1840 2008 2163 1354 3501 3212 2215 1442 2080 1142 1919 2593 2151 1800 1791 3458 3029 2539 2412 2403 2997 1503 3142 2035 2134 451 2912 962 1126 1664 2605 1838 738 2097 437 3141 3050 2152 1215 792 3136 2127 1504 1298 1750 3291 1647 1990 2440 3087 1763 1629 1782 1723 2152 2542 3318 2816 2735 1768 1070 3202 3082 946 3143 3176 2005 1624 2131 3505 2025 1416 1194 1648 2724 3114 3410 3168 685 2255 2311 716 3009 955 1389 3705 1544 2610 2808 1947 1649 2652 1432 1748 3008 3017 2309 2428 1101 1421 2863 3243 2710 1242 1354 1428 1434 2648 1517 1768 3411 2541 3330 2446 617 2952 2683 2895 2034 1386 1491 1959 1552 1693 1371 1236 2009 3075 3210 2191 2739 2506 1584 2219 2041 2051 3118 3398 3779 2600 1951 2022 1810 1588 2505 2179 3167 2475 758 2253 1454 1381 3184 2241 2169
553 1641 2817 2183 1494 2414 2268 2174 3031 360 2613 2263 1959 1574 2797 738 1069 2605 624 986 2559 1061 1954 2097 1986 2387 2539 2817 2023 1109 2004 2662 1496 1600 3238 1775 2319 905 1972 1645 2636 2589 2886 2005 2743 894 2380 443 864 1848 3176 1270 1460 3070 2256 2928 1218 2524 2253 2583 1413 2075 1390 1767 2446 1343 1703 404 1621 1319 1994 2424 3207 1216 1395 2811 2877 3305 1234 3398 1488 1351 2755 1378 2525 2966 2619 2531 2798 1951 2994 1628 3092 1375 1813 2358 2566 2343 1620 1540 2220 2210 2925 782 3042 2911 2055 2637 2425 642 2830 2437 1983 807 2575 635 2000 3382 441 1553 2123 2190 2352 2545 1057 1006 3333 1789 2296 2505 1192 895 2458 2124 2420 3384 2068 1123 1455 600 622 1829 2796 2603 1943 2068 858 1199 2088 2249 2223 2961 2714 2726 1756 2510 1601 878 1859 854 1038 1039 477 1897 1717 2450 1629 2960 527 3101 3296 1961 2007 2590 2754 2134 3015 668 1950 2604 2493 2950 703 1370 2002 2176 2028 2554 1755 2221 1370 2307 2140 1889 2252 2395 1266 1157 713 583 1055 1982 2446 1484 1425 2602 1651 565 2044 2733 1500 905 2635 2194 2221 2435 2792 1178 2466 1251 2856 2945 1140 2953 1026 2449 3564 1068 2032 1508 907 2014 2600 1442 2020 2059 515 1099 2463 2577 2449 3654 1091 821 1376 2351 2064 2125 2130 750 3258 3289 797 873 2093 1401 2889 439 1226 2650 1580 2548 2219 2524 2914 1699 2739 2504 2144 417 1285 1200 1199 891 1953 2086 1585 2793 914 799 1126 2064 1598 1517 1970 1961 886 1869 2661 1266 2633 2397 1961 2404 722 2007 1263
2315 1746 1396 1955 2543 1356 2379 1271 2215 2613 360 2763 1924 1629 952 2991 2025 1150 2858 2113 1612 2538 1470 1833 1203 1780 2334 703 1009 2258 1013 2500 1478 1729 1731 1898 1510 3100 1712 2429 2322 893 2371 1623 544 2715 2278 2695 2956 1128 1987 1901 2115 1369 1854 2168 1841 2975 3074 1274 2808 1566 1820 1213 1857 3014 1468 2569 2967 1933 979 1393 1252 2209 2202 1423 1724 1392 2226 1692 1918 1651 597 1605 2701 2134 2612 1734 1627 1735 2165 2805 2074 2402 1167 2910 2059 1081 1857 2416 1067 2877 1992 2405 1988 1631 956 1177 581 2368 1617 3126 1001 2646 1926 2355 1028 1703 2599 2926 1494 1759 963 2625 2034 2393 1729 1221 685 1550 2246 3065 1443 2731 1384 1890 3079 2534 2182 2831 2381 1218 805 3286 2979 2103 3082 2199 885 2529 3105 1512 3282 738 2824 782 1914 3130 1584 2248 2005 2393 2666 1795 1786 592 1378 2128 2610 1757 1798 2477 1119 3147 2295 853 2143 2888 1548 3395 1398 1811 2469 2394 2294 2226 2649 1516 1801 811 1604 1390 1051 2327 937 2924 1917 1817 2695 2507 1950 1210 2302 1997 1921 2353 1829 2624 978 975 2564 3151 3317 1381 1752 957 870 2118 1684 2119 1889 694 2376 1878 3046 2074 1895 3279 2403 1526 2098 1039 3002 1599 2185 2677 2702 2088 550 587 2350 1988 2978 3042 1681 1459 1720 2362 1433 2296 1446 1298 3044 2396 1765 2829 1958 2566 1790 1058 2525 1196 2552 624 1129 1891 1216 2563 875 2620 2137 2115 2950 2202 1464 3127 1485 3425 2304 3049 3307 1072 1547 2428 1186 2368 2246 1108 1348 1707 2026 585 2084 2616 2505 967 2286
2057 1512 2109 1187 1130 1843 782 3053 1657 2263 2763 360 1204 1704 3287 2454 1810 2134 2264 1822 3569 1565 2994 1292 2798 1442 1028 2697 2613 1567 2228 1008 2177 2839 2311 3131 1661 2245 3181 993 1133 3128 1364 1501 2947 2782 952 2273 2053 2384 2018 2616 2989 2411 1310 1575 1855 636 730 2015 1314 3173 2682 2379 1405 1563 1802 2245 1218 1600 2418 3340 2706 2823 2985 3610 3833 2713 2852 2565 2877 2355 2718 2291 700 1646 871 1575 3729 3178 1654 1084 1844 1256 2395 509 1306 3066 2961 1094 2940 528 1718 1858 1854 2006 2586 3349 2727 2322 1935 723 2306 2685 1435 2102 2202 2533 2333 1255 1631 1382 2169 779 1815 1625 2440 2491 2618 1723 2826 2189 3396 503 1821 2371 883 1503 1271 2445 2082 2064 2582 885 892 1020 2627 2800 2461 613 787 2161 912 3100 958 2379 1371 2537 2987 1868 1894 1592 2182 1345 3001 2531 2064 1644 2104 2116 2331 713 2737 768 1278 2386 1696 2240 3048 993 1849 1897 2505 1263 839 909 595 3508 1391 2350 2213 3249 2082 857 2186 530 1678 2181 2611 2044 2324 1950 978 2931 2813 1072 2970 2458 2243 2380 1126 2593 918 1748 1398 2200 3226 2717 3547 2793 1730 2965 1494 1844 1966 1200 2626 2802 734 2464 2316 2166 704 2466 940 563 2173 2602 2752 2903 934 2678 1806 2288 2481 1721 1402 761 1691 1970 2592 2785 2523 1763 3316 1340 1707 2187 2371 3279 1042 2058 576 2514 2435 1330 2187 786 2315 2319 2840 1561 1656 1860 1674 923 1909 1044 2593 2500 2892 2763 1792 1114 1987 790 1827 2287 3474 2180 1394 2672 1047 637 2547 2433 1399
1675 765 1439 584 1157 1080 870 2246 1431 1959 1924 1204 360 951 2443 2271 1294 1371 2077 1354 2760 1420 2219 524 1995 823 1008 1888 1790 1226 1388 1170 1432 2129 1774 2426 904 2186 2432 971 1080 2285 1306 660 2108 2390 867 2005 1989 1571 1618 1975 2358 1745 669 1329 1240 1439 1511 1274 1470 2399 2011 1580 861 1741 998 1925 1549 1025 1587 2525 1999 2246 2379 2776 3011 2040 2276 1993 2209 1661 1897 1586 1219 1368 1204 985 2905 2434 1396 1365 1508 1105 1588 1353 967 2238 2268 1015 2116 1313 1341 1548 1469 1432 1757 2513 1882 1895 1348 1564 1471 2289 983 1713 1362 1967 2005 1533 807 644 1342 1174 1305 1365 1893 1695 1774 1042 2260 2133 2583 1167 1066 1890 1538 1376 907 2190 1711 1239 1786 1730 1454 563 2430 2224 1623 988 1545 1542 1742 2256 1337 1556 724 2391 2234 1469 1362 1340 1926 508 2287 1691 1280 1362 1841 1601 1819 918 1925 1601 1174 1544 1419 2076 2282 1833 1117 1412 2080 1103 730 711 1088 2693 614 1505 1507 2442 1238 776 1347 1370 1098 1550 2253 1744 1731 1107 925 2277 2155 1064 2269 2109 1401 1604 1175 2438 1762 930 676 1383 2381 2129 2751 2193 1287 2145 1254 1397 1985 855 2115 2636 838 1733 1779 1325 1479 1753 624 1114 1937 2022 1908 2059 952 2191 1851 2185 1789 962 584 810 864 1579 1943 2084 2342 1471 2560 1499 1309 1881 1720 2438 1095 1293 1002 1682 1702 628 1458 1112 1471 2004 2239 1119 1748 1437 829 1586 1137 1881 2088 2329 2708 1945 1021 1038 1144 806 1434 1465 2643 1509 1034 1828 520 1108 2128 1601 1111
1263 554 1603 1143 1287 1200 1446 1713 1919 1574 1629 1704 951 360 2042 1935 867 1401 1761 955 2227 1286 1652 1011 1456 1245 1595 1724 1293 1009 984 1760 845 1539 2025 1836 1118 1948 1852 1208 1657 1857 1859 833 1801 1911 1458 1639 1774 1055 1993 1392 1774 1862 1157 1822 726 1967 1933 1370 1540 1832 1422 1039 1322 1748 523 1533 1706 676 1122 2002 2027 1680 1801 2295 2499 2112 1709 2184 1620 1071 1691 995 1791 1843 1792 1363 2396 1852 1875 1554 1935 1136 1059 1850 1494 1746 1677 1172 1615 1767 1773 1235 1874 1703 1277 2043 1513 1429 1624 2037 1030 1814 1455 1300 965 2168 1597 1661 920 1061 1190 1757 879 1156 2119 1148 1384 1305 1698 1903 2057 1623 1207 2174 1884 1274 926 1815 1311 781 1667 2215 1769 1145 2072 1658 1187 1534 1948 1747 2256 1887 1593 1384 699 2071 1655 1099 898 1149 1580 817 1698 1412 722 1836 1503 1895 2085 1359 1401 2112 1731 1154 1887 1776 1710 2294 1280 1761 1601 1127 1238 1294 1522 2169 699 1178 916 1907 992 1208 1119 1875 688 984 1803 1395 1175 815 1515 1689 1567 1648 1678 1677 1015 1559 1308 2108 2249 981 1086 1267 1997 1561 2203 1620 1690 1922 1115 1775 1832 1407 2350 2283 1334 1144 1253 950 2019 1162 1170 1556 1604 1460 1547 1695 1543 2440 1741 1915 1199 1143 929 1354 919 1188 2054 2111 2002 1195 1983 1560 1734 1504 1138 1990 1283 1340 1534 1449 1725 735 1531 1696 1114 1605 1664 860 1694 1055 741 1928 565 2385 1561 1997 2340 1432 453 1179 822 1273 1080 975 2152 927 1536 1466 1062 1672 1649 1137 1017
2527 2197 1983 2504 2968 1939 2923 1064 2807 2797 952 3287 2443 2042 360 3158 2332 1742 3058 2410 1154 2881 1322 2374 1178 2355 2906 1232 1160 2609 1433 3075 1738 1677 2289 1732 2082 3325 1492 2885 2901 568 2961 2149 806 2768 2838 2881 3212 1386 2569 1948 2035 1921 2414 2761 2155 3515 3575 1866 3201 1326 1839 1443 2435 3371 1897 2755 3382 2311 1284 1004 1737 2198 2133 866 1174 1876 2207 2211 1863 1809 1138 1795 3256 2726 3180 2320 1090 1521 2758 3236 2663 2810 1404 3437 2641 844 1761 2855 945 3388 2584 2683 2577 2219 1150 689 921 2524 2207 3646 1372 2719 2511 2572 1457 2228 2764 3333 2038 2313 1534 3186 2339 2725 2270 1385 1031 2137 2238 3300 1032 3241 1967 2440 3555 2889 2608 2985 2603 1624 1363 3813 3445 2634 3216 2195 1215 3065 3600 2091 3821 574 3274 1372 2364 3291 1448 2525 2289 2732 2873 2303 1664 1153 1717 2720 2834 2334 2353 2979 1149 3682 2881 1266 2736 3096 1376 3914 1986 2401 2579 2801 2810 2767 3151 1059 2281 1298 1825 1065 1570 2825 1479 3453 2274 2026 2794 2741 2102 1698 2868 1926 1891 2929 1726 2758 1412 1557 2989 3302 3846 1936 2310 1541 447 2138 1262 2112 2482 1023 2737 2469 3327 2647 2408 3395 2918 1649 2251 1487 3548 1715 2707 3181 2913 2146 899 753 2914 2495 3287 3253 1784 2035 2257 2891 1978 2546 1960 1759 3200 2696 1488 3218 2550 2767 1931 577 2966 1788 3084 1213 1689 2362 1805 3123 1332 2790 2114 2479 3287 2484 1973 3601 1859 3962 2376 3211 3404 1093 1951 2862 1663 2875 2535 1434 843 1927 2612 976 2601 3164 2606 1268 2673
928 1985 3177 2491 1692 2772 2523 2515 3340 738 2991 2454 2271 1935 3158 360 1428 2973 556 1340 2867 1267 2283 2417 2341 2714 2811 3196 2393 1404 2383 2920 1874 1918 3592 2053 2667 684 2271 1873 2915 2950 3172 2347 3118 959 2653 661 796 2224 3511 1596 1713 3437 2576 3237 1588 2699 2380 2946 1526 2389 1715 2142 2768 1366 2072 782 1704 1662 2371 2751 3582 1468 1631 3142 3184 3677 1479 3760 1781 1719 3134 1751 2746 3279 2858 2865 3111 2247 3306 1760 3416 1612 2188 2529 2871 2695 1913 1771 2576 2375 3249 1086 3371 3260 2427 2982 2800 993 3178 2573 2362 925 2893 1009 2379 3743 755 1640 2475 2518 2727 2778 1416 1271 3691 2160 2672 2852 1435 715 2781 2311 2777 3734 2172 1327 1739 537 991 2206 3174 2726 2059 2357 533 1456 2465 2480 2340 3318 2851 3095 1894 2888 1924 499 2179 1199 1407 1300 716 2225 2016 2829 2007 3273 796 3448 3649 2187 2369 2739 3041 2512 3330 573 2270 2704 2849 3289 963 1608 2262 2449 2225 2872 2086 2600 1747 2635 2515 2140 2629 2567 1617 1533 808 902 1418 2354 2718 1761 1724 2876 1947 771 2423 3107 1693 532 2755 2552 2550 2810 3156 1462 2766 1524 3186 3323 1396 3287 948 2748 3922 725 2274 1871 1268 2392 2777 1803 2297 2253 696 1408 2838 2949 2716 4010 1080 587 1733 2703 2396 2378 2486 1108 3627 3664 431 1159 2383 1506 3214 796 1589 3002 1785 2915 2444 2902 3287 2021 3106 2744 2522 731 1549 1520 1228 1241 2311 2181 1959 2911 1190 421 805 2426 1966 1744 2344 2207 1223 2247 2994 1644 2943 2773 2251 2630 953 2384 1535
762 939 2110 1518 1145 1705 1690 1839 2353 1069 2025 1810 1294 867 2332 1428 360 1906 1255 451 2318 914 1691 1414 1597 1693 1920 2178 1532 670 1378 2064 954 1444 2529 1720 1610 1457 1821 1189 2005 2129 2240 1300 2179 1456 1765 1132 1297 1309 2473 1177 1541 2369 1574 2251 544 2086 1928 1878 1279 1858 1259 1248 1758 1406 1007 1029 1489 629 1432 2125 2524 1374 1534 2476 2622 2614 1404 2692 1445 986 2130 953 1999 2283 2053 1831 2527 1811 2313 1390 2398 971 1288 1937 1897 1944 1545 1102 1809 1815 2231 744 2344 2202 1543 2253 1867 961 2121 2078 1384 1355 1890 799 1368 2675 1097 1428 1414 1497 1674 1994 371 756 2625 1318 1733 1797 1379 1416 2173 1692 1711 2675 1809 933 899 1310 806 1181 2138 2258 1680 1439 1565 1351 1520 1719 1922 2252 2336 2215 1479 1851 930 1563 1645 595 444 768 1072 1209 1604 1832 1006 2276 997 2392 2587 1463 1579 2196 2107 1532 2331 1273 1724 2302 1784 2245 1146 962 1433 1568 1585 2283 1065 1594 893 2015 1466 1345 1586 1969 562 764 1326 888 876 1297 1830 1492 1379 1981 1560 1188 1416 2051 1162 1600 2293 1486 1527 1755 2305 1267 2261 1342 2158 2343 800 2251 1380 1789 2856 1776 1495 1139 871 1371 2153 1109 1416 1620 1098 1152 1904 2039 1843 2945 1320 1416 1093 1642 1367 1562 1421 681 2560 2607 1494 731 1958 1289 2194 997 953 2231 1194 1847 1701 1890 2225 1026 2038 1943 1520 1103 1390 610 1315 549 1244 1844 915 2445 1168 1490 1836 1627 902 1091 1292 1422 584 1287 2325 812 1956 1829 1334 1874 1194 1447 805
2292 1403 646 1310 2137 654 1718 1901 1425 2605 1150 2134 1371 1401 1742 2973 1906 360 2802 1996 2339 2286 2017 1229 1726 1064 1604 951 1467 2024 1106 1758 1579 2139 1075 2389 837 2987 2272 1971 1572 1663 1590 1105 1311 2875 1582 2674 2809 1395 1231 2172 2494 826 1184 1379 1747 2305 2482 491 2442 2163 2138 1470 1124 2695 1261 2562 2549 1702 1283 2102 1003 2500 2558 2201 2494 1073 2524 1169 2299 1841 1004 1766 2003 1343 1887 975 2393 2288 1375 2368 1293 2042 1440 2273 1307 1773 2289 1995 1704 2274 1202 2276 1207 865 1406 1945 1247 2427 835 2495 1191 2786 1165 2329 1091 1159 2619 2525 943 1121 683 1916 1918 2176 1133 1555 1221 794 2529 2941 2158 2137 673 1241 2540 2260 1813 2844 2344 1189 821 2636 2463 1497 3103 2483 1235 1884 2525 796 2607 1528 2348 737 1534 3110 2097 2140 1927 2163 2619 1292 2252 976 1391 1338 2544 1026 1143 1914 1630 2482 1525 1114 1354 2818 2097 2760 648 1032 2579 2036 1712 1586 2076 2249 1372 989 1720 2067 866 1784 808 2278 1728 1896 2797 2435 2081 991 1591 2381 2274 1611 2271 2685 1076 606 2157 3145 2664 826 1100 615 1660 2387 2386 2418 1099 1233 2108 1095 2851 1349 1355 3313 1814 1794 2201 1051 2318 1856 1596 2097 2645 2315 1249 1364 1642 1451 2744 2957 1931 776 1147 1743 901 2225 1013 1089 3038 2231 2364 2468 1168 2538 1968 1833 2089 438 1918 894 698 1467 498 1858 1034 2631 2451 1878 2672 2095 1049 2588 1388 2752 2482 3035 3365 1611 1366 2015 1012 1801 2122 1291 2111 1796 1259 1200 1519 1938 2624 1286 1981
782 1800 2999 2297 1499 2593 2326 2439 3145 624 2858 2264 2077 1761 3058 556 1255 2802 360 1166 2820 1071 2217 2225 2249 2524 2615 3048 2279 1210 2236 2723 1739 1862 3410 2028 2483 644 2231 1677 2718 2850 2975 2162 2992 1030 2456 541 657 2096 3321 1532 1703 3264 2383 3042 1423 2512 2203 2770 1347 2337 1653 2017 2575 1211 1903 663 1535 1478 2240 2688 3418 1456 1631 3075 3138 3509 1472 3583 1744 1609 2991 1632 2552 3085 2663 2675 3060 2209 3112 1579 3224 1415 2063 2342 2676 2606 1877 1575 2483 2189 3057 898 3180 3076 2308 2901 2674 906 2993 2394 2222 968 2700 862 2230 3565 677 1469 2293 2327 2565 2584 1244 1076 3510 2045 2544 2667 1429 642 2722 2122 2597 3550 2000 1132 1543 576 837 2053 3020 2550 1883 2161 727 1441 2334 2285 2165 3138 2672 2983 1712 2733 1734 675 2121 1022 1243 1104 551 2035 1975 2687 1858 3079 618 3263 3465 1992 2268 2557 2845 2373 3136 410 2213 2534 2669 3100 936 1412 2065 2253 2033 2817 1898 2454 1619 2571 2354 1944 2471 2380 1438 1407 851 727 1316 2190 2522 1735 1682 2679 1908 753 2276 2944 1500 721 2581 2374 2360 2647 3051 1430 2725 1499 2995 3187 1200 3097 824 2553 3742 922 2078 1768 1170 2241 2590 1704 2100 2062 518 1358 2712 2829 2519 3829 931 557 1640 2521 2207 2181 2306 940 3456 3501 628 966 2350 1329 3022 653 1487 2913 1592 2742 2249 2756 3120 1830 2933 2548 2377 646 1531 1330 1068 1066 2132 2011 1798 2737 1160 612 1002 2325 1797 1549 2182 2011 1043 2110 2925 1514 2749 2644 2056 2435 941 2254 1339
685 1015 2196 1579 1126 1791 1728 1900 2420 986 2113 1822 1354 955 2410 1340 451 1996 1166 360 2371 850 1742 1481 1663 1765 1969 2269 1609 637 1468 2108 1031 1477 2613 1744 1692 1365 1859 1193 2057 2206 2297 1378 2265 1397 1812 1047 1206 1390 2551 1193 1545 2458 1641 2318 633 2097 1918 1966 1230 1905 1284 1326 1828 1339 1098 948 1445 696 1517 2184 2615 1363 1530 2541 2678 2704 1392 2779 1463 1036 2221 1011 2027 2351 2090 1907 2584 1848 2381 1359 2471 956 1367 1943 1960 2013 1569 1099 1879 1816 2304 653 2419 2284 1622 2322 1952 902 2203 2075 1472 1296 1959 723 1458 2762 1020 1381 1497 1569 1766 2027 440 692 2711 1391 1819 1879 1364 1324 2231 1698 1797 2758 1787 877 919 1226 726 1271 2230 2254 1657 1488 1481 1340 1605 1745 1908 2338 2337 2297 1456 1942 990 1475 1689 504 483 709 984 1278 1634 1922 1094 2345 907 2474 2671 1480 1649 2200 2164 1620 2400 1182 1771 2292 1869 2324 1090 947 1466 1613 1592 2340 1134 1684 958 2072 1557 1371 1678 1977 639 805 1259 799 886 1388 1877 1503 1395 2031 1587 1117 1506 2143 1141 1513 2289 1572 1599 1846 2385 1261 2310 1339 2232 2433 758 2328 1293 1849 2942 1691 1521 1194 854 1461 2166 1158 1458 1627 1009 1146 1990 2123 1888 3031 1238 1325 1134 1725 1441 1595 1506 596 2650 2698 1407 646 1995 1237 2267 913 986 2304 1183 1936 1725 1980 2316 1088 2127 1978 1610 1024 1386 625 1240 459 1330 1820 1007 2443 1136 1402 1753 1699 993 1085 1384 1448 493 1372 2389 869 2022 1915 1382 1902 1137 1532 793
2349 2416 2614 2885 3073 2454 3270 875 3377 2559 1612 3569 2760 2227 1154 2867 2318 2339 2820 2371 360 2861 989 2742 1130 2816 3331 1947 1336 2627 1763 3506 1777 1318 2979 1198 2552 3104 958 3050 3354 1091 3470 2506 1535 2362 3230 2638 3040 1549 3208 1649 1550 2621 2828 3312 2179 3826 3794 2443 3237 843 1529 1549 2903 3342 2129 2524 3446 2404 1548 601 2487 1777 1648 738 678 2627 1773 2942 1447 1695 1842 1726 3618 3292 3581 2828 608 984 3326 3334 3269 2900 1534 3716 3115 927 1315 2991 1020 3634 3161 2586 3184 2843 1378 828 1456 2277 2812 3904 1669 2342 3006 2400 1790 2954 2503 3386 2445 2718 2055 3566 2321 2703 2981 1438 1481 2660 1814 3093 543 3490 2481 3140 3721 2888 2744 2690 2435 1882 2058 4082 3598 2963 2879 1784 1539 3382 3804 2744 4120 1310 3405 1966 2565 2985 1063 2446 2250 2720 2659 2612 1211 1726 1865 3286 2645 2988 3047 3226 1195 3977 3369 1649 3312 2866 973 4159 2522 3010 2263 2890 3095 3110 3388 457 2541 1748 1791 679 1995 3074 1956 3740 2342 1928 2442 2576 1913 2051 3274 1476 1503 3368 1280 2456 1765 2213 3093 2981 4116 2375 2725 2095 1230 1765 492 1709 3056 1793 2758 3070 3184 3087 3144 3023 3196 1539 2037 1835 3874 1572 3012 3423 2702 1823 1461 1386 3314 3236 3188 3016 1605 2520 2626 3201 2390 2426 2694 2520 2892 2630 867 3247 3123 2553 1763 952 3099 2361 3389 1820 2380 2598 2434 3502 1737 2533 1691 2531 3229 2415 2318 3762 2021 4252 2037 2910 3009 1177 2137 2990 2008 3138 2470 1655 674 1866 3108 1500 2901 3508 2275 1536 2740
900 1242 2436 1628 795 2035 1617 2390 2466 1061 2538 1565 1420 1286 2881 1267 914 2286 1071 850 2861 360 2231 1580 2151 1882 1911 2650 2083 640 1885 2013 1507 1952 2815 2205 1895 1129 2338 965 2017 2680 2277 1571 2701 1591 1753 1067 930 1855 2679 1648 1966 2725 1730 2363 1085 1824 1558 2227 760 2392 1750 1799 1921 852 1449 1048 981 971 1969 2675 2927 1753 1932 3030 3169 2998 1779 3014 1915 1526 2616 1502 1842 2412 1951 2042 3075 2325 2436 941 2564 706 1837 1656 1997 2499 2031 863 2364 1508 2399 693 2529 2473 2090 2808 2397 1172 2389 1738 1907 1497 2039 951 1870 2992 1135 913 1723 1693 2112 1872 909 519 2926 1872 2263 2067 1743 1075 2722 1425 2033 2941 1386 421 873 1240 923 1680 2591 1908 1258 1472 1438 1731 2052 1573 1533 2561 2015 2755 1063 2310 1122 1369 2174 787 973 508 977 1412 2104 2330 1534 2406 899 2652 2865 1281 2134 1889 2148 2049 2464 1056 2257 1918 2099 2470 1338 704 1358 1551 1331 2830 1293 2093 1447 2563 1918 1235 2045 1694 981 1293 1413 850 1342 1741 1818 1944 1846 1975 2052 1261 1920 2470 799 1421 1940 1825 1725 2185 2851 1669 2797 1750 2348 2843 537 2457 932 1870 3154 1628 1367 1685 1266 1864 1900 1648 1402 1362 969 1559 2433 2574 1812 3235 819 1139 1620 1942 1587 1471 1751 849 2923 3012 1338 612 2473 761 2367 988 1466 2784 884 2216 1538 2374 2621 1207 2404 1836 2023 1118 1795 786 771 811 1597 1410 1413 2098 1475 1319 1712 2182 1358 837 1749 1300 757 1820 2878 1360 2076 2355 1371 1724 1375 1985 673
1728 1846 2304 2372 2457 2052 2728 617 2974 1954 1470 2994 2219 1652 1322 2283 1691 2017 2217 1742 989 2231 360 2228 651 2354 2829 1804 909 2002 1315 3002 1178 731 2718 792 2111 2499 615 2447 2867 1137 3017 1997 1491 1831 2712 2036 2423 1040 2877 1047 1072 2393 2336 2896 1560 3259 3196 2094 2610 540 927 1006 2442 2712 1581 1916 2820 1794 1105 830 2346 1247 1172 1218 1301 2482 1253 2743 906 1066 1702 1102 3076 2889 3059 2399 1214 633 2924 2714 2902 2282 1009 3138 2649 840 799 2382 779 3046 2772 1957 2821 2513 971 1076 1254 1671 2465 3316 1217 1793 2559 1779 1338 2746 1904 2760 1969 2226 1698 3033 1694 2074 2750 891 1201 2251 1287 2484 866 2905 2078 2886 3111 2259 2138 2106 1813 1370 1874 3496 2985 2421 2315 1247 1141 2825 3202 2451 3545 1349 2790 1686 1983 2408 487 1816 1622 2092 2049 2073 703 1473 1300 2882 2029 2683 2788 2644 747 3401 2904 1264 2918 2262 441 3565 2132 2657 1682 2272 2531 2571 2801 967 1982 1388 1171 713 1573 2496 1579 3164 1728 1298 1881 1955 1288 1576 2762 965 943 2873 764 1872 1331 1964 2476 2411 3531 1925 2238 1761 1352 1203 930 1165 2669 1762 2132 2706 2563 2601 2946 2478 2626 915 1419 1386 3312 944 2458 2836 2091 1236 1280 1298 2797 3042 2561 2415 975 2092 2117 2644 1922 1798 2513 2401 2315 2001 716 2619 2732 1942 1134 1126 2487 2017 2827 1579 2158 2028 2137 2971 1346 1934 1161 1911 2600 1785 1814 3150 1450 3672 1463 2331 2477 776 1567 2378 1532 2564 1840 1158 1071 1240 2658 1272 2348 2960 1701 1099 2120
1806 850 1279 503 1321 935 909 2232 1298 2097 1833 1292 524 1011 2374 2417 1414 1229 2225 1481 2742 1580 2228 360 1987 661 961 1769 1766 1376 1347 1134 1471 2171 1610 2466 754 2343 2452 1132 1011 2227 1209 596 2017 2509 848 2146 2147 1561 1460 2044 2424 1587 520 1197 1338 1503 1623 1124 1634 2406 2069 1582 710 1906 1017 2061 1708 1146 1556 2504 1847 2329 2452 2732 2979 1883 2358 1829 2265 1717 1786 1639 1247 1230 1198 822 2874 2456 1259 1524 1358 1269 1584 1438 848 2205 2314 1179 2088 1418 1191 1692 1315 1267 1728 2467 1812 2015 1183 1656 1437 2409 838 1843 1320 1803 2138 1694 699 480 1237 1186 1425 1518 1728 1698 1713 879 2345 2290 2562 1276 918 1726 1670 1537 1066 2331 1843 1224 1659 1813 1594 634 2574 2307 1581 1055 1662 1379 1810 2179 1489 1446 855 2541 2254 1603 1475 1495 2069 565 2325 1602 1301 1224 1985 1437 1654 1044 1911 1673 1080 1490 1279 2226 2296 1926 964 1250 2198 1267 844 753 1209 2671 709 1436 1563 2427 1163 916 1259 1450 1213 1631 2379 1886 1819 1058 894 2336 2215 1008 2312 2238 1354 1468 1338 2586 1844 816 511 1269 2308 2210 2743 2271 1131 2034 1412 1237 2147 756 1950 2781 948 1771 1880 1278 1534 1799 728 1231 2083 2107 1835 1984 932 2026 2015 2339 1843 814 478 891 760 1711 1783 1931 2488 1619 2577 1663 1156 2019 1790 2385 1257 1151 1080 1582 1554 757 1307 1122 1411 2139 2315 1259 1913 1569 784 1719 1173 1952 2190 2477 2852 1925 1065 1203 1099 931 1570 1449 2606 1578 902 1757 651 1150 2246 1569 1269
1727 1645 2013 2131 2322 1771 2505 616 2696 1986 1203 2798 1995 1456 1178 2341 1597 1726 2249 1663 1130 2151 651 1987 360 2090 2584 1528 619 1898 1038 2758 1022 895 2427 1059 1839 2521 906 2286 2615 973 2753 1752 1250 1957 2475 2070 2420 785 2588 1132 1279 2103 2085 2621 1440 3056 3026 1806 2509 802 1027 778 2179 2642 1360 1945 2709 1648 823 907 2064 1403 1370 1238 1408 2199 1416 2453 1087 1011 1428 1014 2854 2611 2824 2126 1307 924 2646 2586 2618 2151 766 2945 2388 719 1015 2232 594 2864 2492 1912 2536 2224 680 1023 983 1710 2178 3133 940 1904 2291 1773 1063 2456 1949 2653 1708 1974 1409 2805 1602 1992 2459 668 916 1972 1442 2499 962 2720 1797 2594 2960 2171 1983 2168 1806 1122 1590 3311 2839 2198 2397 1397 852 2614 3037 2160 3349 1149 2650 1395 1795 2474 747 1760 1539 2005 2067 1846 942 1186 1094 2605 2034 2393 2496 2455 456 3206 2644 974 2638 2289 732 3389 1849 2371 1760 2141 2325 2346 2618 1074 1771 1097 1064 811 1293 2303 1291 2969 1592 1241 1976 1947 1292 1312 2521 1162 1100 2624 986 1940 1051 1674 2342 2484 3345 1655 1984 1470 1185 1330 1117 1314 2388 1512 2030 2421 2546 2348 2657 2576 2425 846 1438 1111 3104 905 2244 2652 2108 1330 1013 1057 2559 2753 2523 2445 969 1817 1873 2433 1658 1764 2226 2122 2382 1940 999 2521 2452 1960 1122 1024 2341 1727 2620 1292 1868 1827 1846 2742 1058 1976 1324 1789 2542 1723 1566 3002 1251 3481 1559 2394 2588 492 1366 2232 1268 2367 1777 899 1088 1156 2392 993 2133 2742 1787 815 1996
2091 1116 1033 651 1609 789 1020 2320 1034 2387 1780 1442 823 1245 2355 2714 1693 1064 2524 1765 2816 1882 2354 661 2090 360 914 1647 1848 1675 1416 1080 1660 2347 1320 2636 632 2645 2592 1412 907 2232 1023 772 1959 2782 878 2439 2449 1674 1159 2259 2632 1341 521 938 1597 1601 1801 938 1922 2526 2270 1713 448 2196 1205 2350 1979 1429 1634 2574 1627 2560 2669 2759 3026 1643 2588 1550 2461 1922 1685 1841 1300 958 1194 524 2921 2600 990 1794 1065 1568 1705 1576 658 2258 2495 1469 2155 1591 898 1988 1016 980 1800 2493 1805 2290 898 1797 1514 2682 573 2128 1390 1522 2425 1971 746 557 1180 1215 1704 1819 1442 1826 1727 641 2579 2592 2633 1461 763 1429 1885 1839 1368 2623 2130 1347 1522 1934 1825 853 2869 2538 1637 1189 1849 1109 1903 2148 1744 1364 1150 2839 2396 1893 1748 1796 2364 850 2493 1562 1473 951 2280 1141 1360 1268 2005 1778 914 1528 1002 2526 2427 2061 775 948 2470 1566 1066 903 1415 2737 991 1445 1770 2510 1183 1166 1243 1579 1491 1868 2659 2179 2060 1138 890 2537 2416 934 2489 2521 1411 1310 1625 2884 1962 800 525 1184 2280 2440 2832 2495 831 1926 1713 936 2448 654 1659 3077 1155 1951 2136 1343 1614 1989 955 1431 2379 2342 1821 1961 940 1732 2315 2640 2043 680 685 1066 792 1999 1531 1707 2785 1917 2709 1951 862 2310 2010 2398 1539 991 1226 1516 1353 1053 1105 1156 1442 2428 2537 1555 2210 1856 919 1932 1370 2048 2445 2774 3146 2009 1278 1494 1182 1161 1861 1555 2644 1802 666 1750 916 1234 2518 1645 1571
2275 1413 1510 818 1525 1342 673 2825 997 2539 2334 1028 1008 1595 2906 2811 1920 1604 2615 1969 3331 1911 2829 961 2584 914 360 2194 2356 1789 1928 534 2068 2768 1654 3064 1184 2670 3053 1321 474 2777 735 1192 2513 3004 519 2572 2469 2159 1349 2623 3006 1796 863 909 1884 1102 1396 1474 1805 3006 2657 2183 841 2083 1618 2510 1785 1655 2143 3092 2105 2893 3027 3298 3557 2092 2922 1912 2855 2306 2237 2229 779 979 643 992 3452 3058 989 1613 1176 1564 2183 1127 669 2784 2909 1415 2673 1196 1051 2117 1187 1370 2313 3032 2352 2511 1308 1337 2022 2903 814 2315 1902 1879 2594 1801 1249 973 1733 682 1929 1904 1784 2298 2267 1170 2905 2614 3150 1108 1315 1705 1543 1854 1443 2757 2307 1822 2065 1444 1525 840 2979 2870 2158 804 1455 1535 1387 2701 1519 1918 1354 2919 2855 2066 1993 1874 2487 1138 2923 2114 1902 977 2402 1460 1669 1042 2505 1277 622 2058 1030 2604 2897 1582 1318 1241 2699 1566 913 723 1114 3257 1262 1985 2151 3019 1716 1038 1789 1118 1733 2197 2856 2316 2377 1640 453 2923 2801 424 2909 2706 1930 1848 1533 2970 1466 1335 968 1738 2833 2776 3337 2841 1072 2475 1775 1183 2425 619 1962 3176 928 2369 2418 1857 1097 2394 878 1112 2491 2668 2369 2512 466 2011 2272 2689 2434 1234 1072 812 1306 2177 1964 2178 2883 2029 3178 1835 1043 2459 2368 2941 1434 1535 854 2070 1861 1266 1622 633 1974 2588 2886 1713 2139 2041 1378 1586 1770 1530 2724 2866 3257 2516 1658 1442 1683 983 2028 2044 3178 2157 746 2297 946 760 2746 2155 1640
