140 1156 299 1254 437 1157 549 885 1221 1369 1367 1323 481 1077 1341 1137 937 598 943 481 1140 722 450 1203 1280 610 202 615 1259 275 620 1126 391 1309 1361 989 384 555 208 1361 712 1105 1152 518 542 720 1235 503 691 1070 1221 1038 398 1294 408 263 1186 345 680 204 554 822 717 1083 637 686 410 959 835 848 1260 874 1042 1144 1379 1386 279 1301 237 772 1110 895 799 608 1013 446 1366 630 896 271 343 774 784 214 849 1071 627 768 234 860 1369 712 237 993 1080 530 500 509 1336 1146 352 643 1142 506 487 1332 1370 881 1223 341 882 292 356 1138 1182 892 387 848 858 564 955 871 234 1229 782 1123 306 235 504 1152 1007 556 856 1342 938 407 1109 348 1293 942 399 832 872 831 1172 243 931 998 581 1292 667 1183 967 1261 1246 721 1292 1188 1160 1146 291 727 415 976 341 1044 637 301 1217 298 397 1013 253 376 501 1185 479 505 1259 1054 458 221 291 999 1296 255 367 1122 1057 375 976 541 514 418 743 431 828 458 613 1153 822 486 494 297 240 1349 1129 1320 1259 1150 317 1035 510 351 342 436 1025 986 1269 351 920 403 560 387 709 993 922 941 534 401 1154 925 943 921 991 1216 1071 1041 1129 1391 1006 847 461 1299 836 1268 861 969 480 466 1347 654 977 727 1123 411 483 394 934 1360 401 814 1058 803 848 543 737 681 391 351 1337 1308 727 463 1371 1215 1051 362 829 991 1277 692 1227 883 432 1148 477 432 910 1233 1140 685 286 508 1013 337 665 1368 1173 1112
1256 360 1319 1096 1084 2063 1482 1502 2320 2186 1924 841 1246 1717 1311 2220 1562 1304 818 1058 1317 1171 1556 683 1645 1563 1318 1365 1116 1243 1550 1496 1130 1812 1367 1445 1499 1657 1320 2355 1726 2042 2002 1631 1639 980 1918 1231 1121 2126 2322 811 1118 1020 1476 1299 2005 1170 1553 1321 1666 1420 1707 1645 1183 1220 1468 846 1232 1803 2377 1298 994 1223 1995 2466 1272 1904 1334 1717 781 1066 1768 1324 986 1177 1477 1696 1971 1277 1384 763 935 1311 829 1592 1645 1828 1350 1462 1189 1394 1350 1861 1482 1211 1028 1381 828 2191 1189 1493 2119 1259 1235 1845 2374 1931 2292 1279 1945 1337 1469 2254 1197 1355 1305 1857 1782 1590 1495 1965 1282 1257 1767 2029 1238 1340 1162 1302 598 1255 1963 616 633 1472 2220 1170 1337 1014 1293 1893 1902 1840 2287 1326 1420 2104 974 1539 1646 1636 1306 2140 1502 1529 1181 1702 2112 1578 1279 850 1532 1558 1175 2017 931 1215 2314 1219 1119 1860 1269 1400 1370 1103 1565 1621 1028 1626 1230 1310 1407 1527 1485 1272 1454 1145 2058 1479 1821 1433 1045 1370 1835 1263 923 1487 1699 1887 1932 1040 1154 1231 1297 2111 1473 2016 1524 817 1340 572 1454 1398 1432 1315 1963 1464 2021 1434 658 1166 1224 1466 1306 1354 1987 1151 1651 1276 1349 1627 1798 1066 1208 737 1986 936 751 2317 2114 1366 1479 1515 689 2343 1629 1844 1085 1470 1476 1193 2072 881 2177 1268 1472 1435 1964 960 1174 772 1967 986 1580 1176 1471 1158 1157 1464 788 663 1764 1142 2168 430 1603 1221 712 2035 2311 1683 938 1256 1246 1357 1330 1346 2025 2333 2253 1688 1285 1404 2093 1224 1782 1248 1740 2023
399 1319 360 1347 597 1240 618 945 1362 1444 1428 1526 734 1138 1421 1267 997 856 1060 687 1387 799 659 1333 1342 861 462 675 1350 471 692 1382 553 1569 1604 1245 585 762 452 1588 809 1192 1402 711 680 825 1299 755 775 1286 1364 1154 584 1395 648 520 1259 534 937 460 711 1080 807 1143 884 757 513 1172 1084 933 1431 942 1268 1223 1638 1589 530 1363 494 1019 1316 1130 886 670 1109 540 1614 746 1108 522 599 923 892 446 1056 1131 867 989 459 921 1459 972 481 1067 1337 780 650 769 1456 1364 579 901 1237 573 559 1592 1474 994 1431 597 1001 381 526 1303 1420 1147 449 1081 1105 659 1016 1007 468 1470 873 1367 443 490 592 1398 1149 810 1046 1487 1083 516 1293 524 1536 1035 657 1051 1099 1065 1348 418 993 1189 715 1358 913 1442 1218 1507 1313 980 1525 1248 1250 1404 545 861 599 1036 532 1281 840 502 1356 506 577 1085 493 631 562 1276 702 692 1358 1114 709 480 501 1258 1365 439 495 1206 1157 597 1229 604 643 677 877 500 935 705 742 1218 974 639 586 527 426 1603 1194 1577 1324 1265 576 1217 767 604 580 497 1267 1244 1524 476 1105 519 632 507 773 1059 1042 1022 713 657 1226 1185 1196 1009 1068 1415 1316 1143 1251 1629 1195 910 547 1551 1010 1474 924 1219 604 718 1595 902 1177 852 1339 480 561 485 1040 1469 635 1008 1140 1029 910 788 997 925 522 524 1535 1445 958 566 1444 1381 1111 606 977 1103 1388 934 1443 954 505 1218 736 692 1089 1374 1296 778 397 570 1141 455 838 1454 1233 1194
1354 1096 1347 360 1222 1696 1330 1094 2174 1724 1334 1574 1539 1232 578 2049 1129 1654 744 1317 1924 928 1646 786 1008 1806 1417 1155 381 1351 1361 2048 1254 2333 2039 1952 1572 1747 1412 2574 1549 1708 2339 1691 1596 900 1409 1540 935 2272 2184 679 1285 475 1622 1442 1577 1312 1850 1417 1655 1853 1510 1132 1580 986 1432 1462 1727 1543 2342 887 1629 587 2472 2563 1427 1345 1449 1975 1472 1623 1531 1123 603 1170 2125 1590 2093 1425 1547 1008 844 1401 1376 1071 1841 1976 1434 1066 481 1779 1449 1506 2019 1540 1165 1653 723 2351 1380 1798 1813 1154 1156 2364 2062 1748 2413 1477 1777 1367 1507 2207 1847 1844 1274 2062 2058 1470 1034 1849 1391 1910 1546 2326 1308 1449 1114 1918 903 1592 2014 988 930 1442 2241 1295 1993 672 1526 2038 2084 2045 2276 1391 966 2151 1075 869 1875 2166 1844 2460 846 1863 1868 1139 1780 2112 1443 966 1581 1095 1317 2258 1306 1344 2162 1352 1276 1489 1398 1577 1245 440 1688 1669 439 1127 1510 1423 1486 2011 798 1359 1455 536 1788 1582 2155 1280 1119 1590 1740 1215 801 1668 1621 1422 1871 1178 1121 1384 1375 2510 883 2451 866 638 1507 1237 1694 1558 1556 1246 2233 1963 2423 1440 1233 1211 1091 1453 1029 846 1815 716 1683 1514 718 2033 2124 700 709 1463 2275 593 705 2601 2155 975 1400 2130 1149 2453 1273 2158 1143 1669 2117 1598 2151 938 2325 1232 1372 1399 1748 606 1409 1275 1622 1503 1219 1517 1840 1585 1227 1506 1524 884 1941 1151 1693 1149 1099 1434 988 1825 2046 1902 1645 844 1205 732 1601 1584 2037 2190 2175 1510 1335 1274 1929 1276 1792 516 1199 1669
537 1084 597 1222 360 1440 811 1028 1599 1621 1525 1300 687 1248 1339 1505 1090 812 881 503 1252 761 846 1129 1373 947 599 777 1230 522 888 1295 406 1532 1448 1171 782 951 600 1734 1035 1400 1478 915 916 683 1431 694 711 1457 1601 976 423 1247 787 597 1433 458 988 602 942 1033 1026 1225 778 752 750 960 971 1143 1655 940 1078 1149 1640 1780 576 1472 622 1116 1093 964 1099 748 978 520 1480 983 1287 577 700 696 738 589 840 1197 994 1153 630 994 1341 941 633 1253 1255 703 424 792 1266 1531 518 937 1456 635 603 1560 1700 1228 1614 617 1236 614 745 1531 1254 1063 608 1218 1198 888 1076 1244 564 1310 1091 1466 515 626 558 1258 929 752 1253 1265 861 753 1507 449 1384 916 664 1218 1249 1200 1569 601 1030 1396 512 1352 1019 1383 1106 1599 1305 1005 1344 1322 1463 1336 590 655 811 1115 463 1407 626 500 1593 506 414 1264 558 727 713 1161 869 902 1216 1197 657 595 688 1207 1341 548 730 1111 1381 770 1293 775 464 730 1114 592 781 820 979 1364 1208 409 542 531 573 1653 1203 1603 1321 1087 656 981 833 713 729 638 1375 1175 1567 711 870 469 651 744 812 1056 1278 951 930 652 1188 1188 1263 909 1011 1185 1416 996 1060 1745 1404 945 773 1437 773 1661 1067 1296 455 815 1465 799 1373 661 1511 585 776 719 1271 1301 552 779 1339 847 1037 691 992 805 447 741 1304 1232 1104 499 1615 1145 1186 572 751 1336 1620 1050 1233 933 577 1185 740 722 1307 1612 1529 1000 562 739 1378 505 1060 1351 1323 1395
1257 2063 1240 1696 1440 360 989 967 1020 614 968 2374 1593 846 1611 896 926 1696 1649 1560 2255 1259 1276 1935 1192 1558 1318 1060 1684 1351 913 2216 1409 2333 2479 2075 1250 1283 1309 1911 818 437 1976 1225 1049 1443 761 1617 1304 1585 1038 1713 1452 1800 1368 1378 530 1409 1663 1315 1098 1897 802 950 1753 1205 1109 2040 1949 670 1314 1188 2147 1473 2335 1691 1397 889 1334 1640 2171 2010 719 1101 1563 1291 2478 935 1446 1388 1397 1673 1495 1310 1920 1006 1486 1445 1292 1001 1753 1787 1312 562 2168 1646 1466 1574 1988 1657 1458 1659 529 1184 1214 2348 733 765 1626 1454 799 1234 1204 1204 2299 1990 1194 1583 1709 956 1021 916 1340 2347 740 1891 1314 1327 1283 2268 1838 1665 1281 2144 1790 1113 1343 1394 2410 1493 1504 1466 1552 1574 1310 1278 1091 1339 1479 1325 1553 2244 2076 2021 1308 1732 2405 1000 468 2218 1408 1577 1208 961 1409 1748 1705 1382 1003 1386 1443 570 1366 1417 1088 1618 1332 1204 1756 945 1573 1338 1272 2063 1388 1319 1159 1521 589 1299 1863 1024 1420 1486 941 1209 1517 1427 981 682 1025 1461 1295 1406 1301 2206 1207 2235 1301 1799 1405 2028 1528 1392 1335 1161 1787 2068 2153 1170 1929 1331 1206 1137 1121 1209 796 1373 1175 1510 1363 1931 1832 1437 1354 2255 1848 1624 1824 2051 1330 1101 1056 2402 1818 1634 803 1828 1386 1459 2458 1770 1397 1543 1619 1214 1039 1123 696 1922 1514 1855 460 1909 856 1661 1783 1798 1353 1209 2370 2065 1484 1323 639 2133 971 1480 1717 720 758 1545 2313 1236 1225 1348 1565 1513 1221 1036 1131 836 1276 1060 848 1305 1145 1701 930 405
649 1482 618 1330 811 989 360 747 1230 1185 1194 1750 991 905 1351 1116 785 1107 1133 931 1646 768 787 1425 1163 1057 711 536 1328 728 436 1636 779 1805 1862 1497 725 859 701 1682 607 948 1574 790 640 894 1049 1012 781 1355 1237 1217 822 1404 835 772 1000 781 1148 708 708 1327 585 930 1142 706 535 1410 1343 692 1372 833 1518 1158 1855 1610 787 1123 735 1192 1545 1386 650 568 1120 671 1873 619 1175 778 824 1079 959 699 1291 932 1028 1091 693 736 1428 1217 716 810 1589 1038 843 1006 1521 1436 836 1124 1008 584 607 1826 1257 816 1474 851 836 618 654 1237 1677 1402 564 1211 1276 500 831 886 725 1728 646 1520 686 729 679 1657 1279 1065 1064 1610 1220 545 1275 765 1795 1041 908 1143 1211 1196 1306 666 836 1194 871 1211 1087 1688 1476 1662 1170 1203 1779 1037 1012 1653 800 993 703 832 781 1410 1075 757 1221 762 813 826 751 853 471 1252 847 763 1362 902 966 731 696 1503 1235 698 588 1165 938 765 1416 413 805 913 770 585 994 900 652 964 900 836 688 786 684 1790 1043 1781 1177 1323 817 1416 985 825 778 534 1415 1494 1718 589 1312 703 631 570 665 935 877 975 761 910 1120 1411 1383 997 1000 1633 1470 1169 1327 1757 1195 768 472 1808 1205 1508 678 1397 767 923 1854 1160 1206 968 1405 587 436 527 843 1501 893 1229 888 1281 675 1047 1233 1184 724 657 1751 1549 1086 705 1185 1549 905 865 1129 915 1189 1097 1683 865 602 1109 982 934 1074 1245 1209 567 652 437 989 676 841 1406 1009 944
985 1502 945 1094 1028 967 747 360 1465 1046 857 1876 1306 586 1043 1335 424 1432 1061 1171 1921 696 1173 1336 775 1432 1047 631 1084 1030 726 1949 1020 2153 2114 1817 1107 1246 1038 2063 873 974 1959 1177 1017 891 784 1322 753 1731 1477 1114 1071 1195 1210 1104 873 1052 1517 1045 1087 1660 829 560 1434 662 918 1591 1633 824 1675 582 1729 878 2222 1962 1109 805 1079 1576 1692 1631 823 646 957 871 2149 959 1554 1102 1181 1144 927 1031 1470 547 1413 1477 1041 400 1163 1554 1064 773 1906 1342 1022 1354 1381 1813 1126 1485 1078 761 791 2177 1329 1046 1839 1177 1081 955 1034 1541 1918 1714 858 1599 1660 861 448 1174 1047 1976 845 1908 976 1074 830 1927 1267 1380 1430 1551 1229 928 1613 1030 2051 890 1239 1527 1597 1584 1626 1003 490 1549 994 836 1469 2021 1769 2049 800 1564 1999 663 1046 1980 1126 1044 1089 450 1054 1798 1278 1049 1452 1058 1059 758 1069 1212 745 1015 1232 1150 1150 531 1277 1065 1062 1838 873 1011 967 918 1056 1143 1797 724 960 1263 1091 828 939 1273 1006 745 1227 1024 846 1090 1009 2172 673 2156 804 1194 1162 1509 1349 1185 1147 809 1802 1818 2097 963 1429 931 736 952 581 613 1114 766 1146 1236 792 1770 1764 833 748 1752 1857 1018 1224 2144 1548 498 858 2103 1312 1868 540 1781 942 1293 2133 1454 1572 1003 1780 845 821 901 1032 1315 1182 1383 888 1510 489 1340 1583 1468 959 1037 1858 1466 1474 889 1026 1572 525 1171 1178 1107 1313 1482 1854 629 835 778 1320 1277 1423 1482 1495 842 964 747 1224 949 1212 1121 655 937
1321 2320 1362 2174 1599 1020 1230 1465 360 1234 1624 2497 1576 1444 2148 492 1454 1625 2003 1663 2172 1632 1186 2295 1801 1377 1380 1393 2169 1449 1182 2059 1554 2068 2410 1926 1217 1118 1375 1372 990 955 1586 1105 1043 1763 1413 1601 1650 1100 379 2088 1576 2260 1292 1417 1189 1523 1472 1377 1028 1756 1026 1537 1731 1570 1212 2127 1886 1001 676 1649 2179 1975 2000 1079 1444 1542 1374 1367 2284 2013 1005 1432 1983 1508 2366 986 1041 1437 1370 1919 1829 1383 2024 1580 1271 1126 1346 1483 2258 1662 1354 1108 2011 1633 1652 1489 2391 1149 1529 1499 852 1449 1465 2072 804 786 1069 1469 758 1344 1225 613 2267 1875 1377 1239 1401 1101 1546 715 1415 2299 988 1480 1444 1367 1535 2192 2136 1625 897 2472 2073 1207 786 1518 2341 1904 1490 1107 1183 1239 711 1363 1594 854 1708 1913 1326 2035 1984 1581 1886 1548 2396 1614 915 2028 1444 1846 1175 1503 1519 1329 1817 1480 377 1479 1572 1140 1434 1371 1337 2094 1211 1103 2216 1522 1571 1393 1296 1880 1965 1417 1228 2001 808 1254 1542 1284 1636 1432 845 1425 1865 1322 980 1323 765 1641 1539 1477 1392 1805 1767 1876 1884 2193 1403 2215 1413 1358 1304 1375 1396 1911 1779 1247 2101 1514 1501 1215 1510 1716 719 1819 1067 1503 1898 1699 1520 1856 1827 2394 1452 2035 2197 1548 838 1564 1205 2262 2012 1058 1288 1494 1596 1354 2343 1740 932 1827 1113 1417 1218 1245 793 2365 1566 1996 1021 1951 1337 1662 1622 1780 1522 1230 2516 2417 1199 1542 1272 2383 1543 1519 1973 720 679 1299 2383 1691 1442 1884 1510 1465 801 376 536 1030 1397 1303 605 1456 947 2223 1549 1009
1469 2186 1444 1724 1621 614 1185 1046 1234 360 840 2535 1810 854 1601 1120 990 1919 1748 1751 2470 1375 1515 2018 1136 1800 1530 1215 1709 1554 1111 2444 1596 2576 2688 2304 1483 1530 1521 2162 1053 690 2229 1469 1289 1569 680 1832 1427 1838 1253 1798 1643 1835 1602 1591 548 1605 1904 1527 1343 2128 1030 951 1966 1329 1326 2219 2165 899 1542 1263 2338 1496 2584 1929 1608 781 1550 1889 2340 2211 948 1252 1633 1465 2695 1176 1700 1600 1623 1814 1611 1520 2098 1012 1732 1698 1507 1086 1760 2017 1528 736 2397 1860 1638 1803 2048 1909 1662 1896 756 1351 1383 2592 852 1019 1873 1670 1053 1441 1431 1440 2502 2214 1386 1837 1959 1180 1071 1169 1549 2553 974 2145 1511 1543 1446 2481 1953 1883 1535 2235 1912 1332 1587 1587 2620 1572 1723 1720 1806 1827 1547 1488 1148 1589 1636 1284 1799 2479 2296 2275 1280 1971 2602 958 693 2451 1621 1715 1443 1006 1605 2002 1888 1582 1216 1588 1632 718 1575 1645 1269 1652 1573 1447 1792 959 1788 1550 1495 2297 1356 1523 1379 1557 836 1532 2113 1210 1585 1712 1194 1389 1625 1663 1225 666 1279 1635 1460 1611 1508 2459 1205 2486 1267 1871 1626 2177 1762 1619 1563 1346 2041 2298 2405 1388 2087 1512 1359 1357 1243 1250 1049 1440 1420 1727 1370 2173 2082 1515 1406 2413 2101 1694 1906 2304 1580 1185 1269 2625 1972 1879 926 2079 1556 1693 2676 1983 1649 1676 1871 1398 1245 1335 950 1964 1719 2024 690 2103 969 1871 2018 2009 1536 1436 2524 2148 1735 1493 403 2256 986 1689 1853 969 932 1793 2491 1310 1404 1355 1789 1738 1473 1249 1364 1065 1477 1246 1092 1497 1397 1700 891 652
1467 1924 1428 1334 1525 968 1194 857 1624 840 360 2338 1797 650 1173 1495 796 1922 1465 1668 2418 1168 1613 1695 691 1890 1529 1121 1316 1521 1143 2444 1517 2636 2610 2310 1557 1666 1519 2425 1204 1029 2393 1596 1416 1354 570 1815 1228 2089 1641 1489 1568 1450 1670 1588 798 1548 1983 1527 1484 2148 1163 661 1930 1148 1369 2076 2130 1074 1903 1000 2221 1116 2689 2255 1596 443 1559 2018 2166 2127 1107 1141 1311 1368 2646 1324 1925 1589 1655 1609 1373 1514 1957 701 1853 1879 1518 891 1344 2040 1541 902 2399 1836 1518 1834 1687 2168 1620 1958 1136 1257 1287 2658 1311 1286 2164 1665 1325 1435 1488 1782 2413 2208 1345 2012 2099 1266 817 1443 1534 2472 1138 2328 1467 1553 1327 2424 1685 1872 1776 1915 1663 1378 1899 1526 2548 1270 1725 1919 1998 1999 1883 1484 881 1868 1482 842 1915 2510 2266 2467 852 2037 2490 582 1076 2471 1612 1511 1529 770 1550 2202 1772 1542 1606 1550 1556 866 1557 1685 1226 1274 1674 1570 1411 688 1769 1548 1530 2326 917 1499 1423 1190 1177 1599 2245 1189 1454 1741 1411 1321 1371 1734 1378 666 1533 1520 1343 1581 1494 2615 823 2613 834 1536 1642 1967 1819 1657 1612 1297 2221 2309 2546 1423 1899 1428 1234 1404 1075 929 1341 1133 1556 1724 979 2245 2212 1218 1079 2214 2279 1370 1585 2536 1862 956 1305 2600 1783 2182 878 2222 1438 1758 2630 1950 1911 1467 2132 1337 1270 1361 1236 1580 1677 1866 965 2005 880 1836 2063 1964 1456 1491 2312 1818 1893 1386 798 1992 703 1663 1634 1289 1363 1921 2333 1035 1330 966 1804 1759 1741 1640 1716 1191 1451 1219 1424 1443 1585 1276 562 974
1423 841 1526 1574 1300 2374 1750 1876 2497 2535 2338 360 1293 2101 1788 2419 1940 1286 1260 1202 1012 1541 1675 1163 2086 1572 1484 1681 1595 1423 1826 1229 1337 1540 965 1237 1639 1758 1490 2292 1974 2338 1877 1757 1825 1347 2301 1270 1482 2133 2495 1276 1302 1501 1573 1441 2348 1352 1522 1487 1830 1294 1966 2045 1159 1575 1679 732 1090 2083 2483 1698 744 1684 1750 2480 1414 2306 1485 1690 572 907 2040 1643 1440 1443 1096 1910 2011 1422 1489 1092 1325 1483 833 1998 1675 1866 1517 1836 1670 1320 1506 2180 1235 1240 1268 1407 1298 2182 1331 1468 2397 1550 1520 1573 2639 2160 2303 1388 2164 1539 1636 2377 853 1186 1549 1850 1732 1825 1889 2153 1450 896 2031 1934 1444 1492 1452 989 1046 1262 2051 1038 1047 1679 2303 1362 958 1452 1372 1924 1907 1836 2386 1509 1819 2180 1259 1994 1652 1374 1092 2016 1954 1471 775 2116 2402 1319 1413 1192 1682 1946 1355 1966 1047 1391 2494 1390 1309 2187 1429 1493 1646 1576 1661 1755 1508 2022 1292 1468 1563 1329 1946 1457 1647 1608 2321 1604 1718 1711 1314 1438 2025 1526 1329 1558 1897 2253 2092 1274 1439 1385 1481 1925 1908 1807 1975 1296 1454 731 1488 1502 1553 1576 1896 1260 1840 1629 808 1407 1536 1665 1660 1776 2204 1580 1791 1358 1801 1489 1705 1496 1644 483 1901 1397 1229 2207 2193 1751 1711 1172 924 2358 1969 1755 1347 1531 1102 1157 2130 1234 2179 1523 1717 1652 2207 1436 1290 881 2273 920 1928 1207 1394 1114 1387 1631 433 1119 1790 1410 2524 798 2002 1338 1064 2269 2555 1690 546 1663 1510 1808 1370 1407 2131 2507 2395 1940 1489 1676 2296 1443 1916 1728 2143 2330
581 1246 734 1539 687 1593 991 1306 1576 1810 1797 1293 360 1509 1666 1511 1362 488 1178 586 1021 1082 749 1383 1681 676 640 1036 1549 636 1061 1008 669 1214 1247 872 731 825 649 1473 1141 1538 1167 831 938 1007 1674 385 1035 1242 1572 1269 625 1554 643 578 1627 621 682 643 923 715 1151 1506 523 1063 845 921 715 1283 1550 1255 963 1476 1312 1585 564 1734 619 835 1083 801 1234 1020 1297 809 1245 1043 1096 572 571 941 1056 651 835 1487 761 950 662 1277 1660 615 641 1433 963 417 737 495 1536 1304 543 624 1566 907 880 1240 1781 1287 1409 500 1282 732 755 1444 1076 772 812 970 908 997 1368 1246 626 1119 1215 1170 690 626 864 1035 1164 435 1119 1473 1096 840 1373 643 1178 1240 451 1013 1016 954 1453 684 1332 1251 824 1672 759 1075 845 1296 1626 684 1194 1608 1589 1034 550 942 776 1396 618 1136 675 617 1575 608 636 1454 601 565 933 1483 729 834 1527 1477 390 620 682 893 1666 658 794 1438 1477 687 981 979 792 505 1126 837 1098 625 1013 1593 1171 725 849 575 668 1331 1518 1276 1641 1374 550 1077 569 581 639 860 1090 872 1243 783 962 748 946 816 1108 1374 1318 1278 870 443 1514 860 952 1236 1338 1203 1122 1309 1336 1456 1263 1246 901 1177 919 1461 1299 991 780 598 1226 537 1207 963 1292 821 925 834 1347 1593 495 844 1495 736 1283 446 664 571 721 750 1322 1464 881 805 1813 1292 1471 494 988 1396 1678 797 1168 1254 831 1510 443 473 1197 1585 1464 1118 707 944 1396 716 989 1674 1599 1548
1177 1717 1138 1232 1248 846 905 586 1444 854 650 2101 1509 360 1128 1312 522 1633 1267 1390 2138 920 1326 1528 717 1601 1239 836 1218 1233 857 2157 1236 2346 2336 2022 1269 1384 1230 2165 940 879 2109 1314 1137 1114 561 1527 978 1829 1459 1310 1287 1342 1380 1299 707 1263 1693 1237 1207 1859 896 464 1646 888 1080 1817 1846 832 1695 779 1955 1005 2400 2021 1307 585 1269 1732 1919 1852 855 860 1141 1089 2367 1053 1659 1300 1365 1369 1146 1225 1696 523 1567 1603 1228 625 1277 1750 1251 696 2112 1549 1246 1544 1553 1909 1334 1667 992 975 1006 2367 1220 1060 1917 1376 1098 1145 1199 1567 2141 1921 1057 1733 1814 983 582 1209 1245 2198 884 2048 1180 1263 1052 2145 1479 1585 1518 1747 1446 1089 1665 1242 2272 1083 1436 1646 1723 1720 1662 1194 659 1620 1220 840 1628 2221 1982 2188 822 1747 2224 531 945 2182 1323 1269 1242 519 1265 1927 1502 1255 1428 1263 1275 666 1269 1395 936 1159 1387 1288 1299 465 1481 1258 1240 2036 902 1211 1133 1063 1002 1310 1958 898 1184 1451 1156 1036 1153 1445 1106 549 1286 1247 1067 1294 1204 2330 724 2325 815 1378 1352 1733 1529 1367 1323 1009 1941 2021 2260 1133 1655 1146 958 1115 808 755 1122 949 1276 1435 885 1954 1925 1027 912 1977 1999 1202 1416 2265 1616 712 1016 2316 1538 1939 592 1937 1164 1468 2350 1665 1656 1227 1874 1051 981 1071 1023 1470 1392 1610 797 1733 590 1550 1773 1681 1174 1202 2082 1657 1612 1109 827 1786 493 1376 1401 1088 1234 1636 2081 824 1045 870 1514 1469 1492 1461 1508 921 1163 929 1220 1157 1315 1221 475 830
1441 1311 1421 578 1339 1611 1351 1043 2148 1601 1173 1788 1666 1128 360 2018 1061 1788 925 1452 2106 983 1715 1005 842 1907 1504 1176 557 1447 1365 2215 1365 2489 2234 2111 1641 1810 1498 2646 1541 1635 2448 1749 1629 1020 1282 1670 1010 2331 2160 879 1403 679 1707 1539 1474 1420 1963 1504 1693 1998 1498 1024 1728 1030 1480 1655 1889 1507 2346 877 1822 558 2614 2601 1528 1198 1538 2073 1677 1801 1504 1153 751 1256 2314 1603 2150 1525 1642 1181 979 1487 1561 966 1928 2045 1516 1025 534 1915 1534 1437 2183 1675 1290 1769 932 2411 1494 1914 1745 1213 1222 2518 1984 1727 2460 1585 1760 1440 1571 2211 2039 2002 1339 2143 2158 1488 966 1845 1484 2102 1524 2424 1398 1537 1197 2102 1109 1726 2053 1204 1128 1490 2264 1401 2185 790 1640 2104 2159 2126 2289 1472 914 2185 1205 691 1969 2326 2012 2562 684 1984 2069 1003 1705 2274 1545 1122 1641 1017 1426 2343 1466 1446 2135 1455 1393 1414 1495 1673 1284 576 1763 1725 654 1026 1636 1513 1563 2163 616 1448 1512 589 1735 1658 2267 1305 1234 1696 1748 1282 942 1759 1641 1312 1883 1301 1207 1489 1461 2632 764 2582 699 854 1605 1443 1799 1651 1639 1303 2326 2120 2547 1499 1429 1306 1151 1506 1047 792 1794 760 1733 1629 611 2166 2235 790 716 1675 2373 770 920 2691 2186 952 1438 2311 1336 2496 1222 2265 1251 1765 2305 1747 2194 1086 2383 1301 1405 1450 1715 799 1532 1459 1549 1678 1172 1655 1971 1738 1327 1571 1740 1101 2019 1244 1566 1367 999 1549 1170 1790 1985 1993 1852 846 1276 626 1719 1695 2064 2165 2170 1505 1417 1307 1906 1365 1830 463 1070 1590
1237 2220 1267 2049 1505 896 1116 1335 492 1120 1495 2419 1511 1312 2018 360 1323 1572 1889 1578 2129 1512 1123 2181 1669 1341 1295 1274 2042 1361 1063 2030 1461 2064 2366 1894 1144 1068 1290 1439 871 827 1608 1043 954 1650 1284 1536 1534 1143 507 1972 1487 2136 1230 1338 1062 1434 1441 1292 950 1719 904 1404 1670 1450 1115 2051 1836 871 781 1522 2114 1847 2012 1173 1364 1413 1293 1353 2206 1952 878 1313 1862 1404 2330 883 1054 1357 1301 1818 1715 1297 1945 1448 1239 1116 1262 1354 2131 1620 1272 976 1982 1568 1555 1435 2274 1201 1447 1461 729 1338 1356 2071 735 663 1139 1395 640 1251 1142 686 2215 1835 1275 1241 1397 993 1415 626 1330 2250 862 1507 1351 1286 1427 2148 2030 1565 895 2364 1968 1111 848 1428 2297 1783 1422 1108 1190 1238 792 1274 1464 887 1606 1781 1299 2017 1941 1618 1754 1516 2341 1482 793 2006 1366 1740 1099 1371 1430 1355 1734 1392 477 1392 1482 1008 1350 1306 1225 1968 1155 1037 2092 1389 1503 1310 1215 1855 1833 1328 1137 1874 677 1184 1544 1169 1534 1371 753 1319 1750 1267 886 1192 706 1545 1432 1394 1303 1833 1635 1893 1752 2076 1330 2125 1363 1290 1234 1268 1415 1880 1799 1156 2012 1415 1388 1121 1388 1587 598 1695 1000 1434 1767 1682 1520 1734 1700 2313 1473 1915 2082 1604 873 1437 1101 2231 1918 1135 1157 1499 1494 1300 2308 1681 961 1720 1163 1313 1111 1146 662 2243 1489 1910 890 1881 1206 1595 1588 1719 1425 1147 2434 2305 1182 1439 1156 2285 1411 1442 1871 588 602 1276 2313 1565 1336 1753 1451 1403 805 509 606 912 1303 1191 487 1360 892 2094 1417 882
1037 1562 997 1129 1090 926 785 424 1454 990 796 1940 1362 522 1061 1323 360 1488 1118 1232 1982 759 1213 1389 746 1478 1099 686 1118 1086 754 2008 1080 2207 2177 1875 1150 1281 1090 2089 883 939 1999 1212 1045 954 721 1379 817 1756 1467 1168 1131 1233 1256 1157 820 1111 1565 1098 1116 1715 838 506 1494 726 959 1655 1693 815 1676 633 1793 908 2271 1976 1163 742 1130 1618 1756 1693 821 705 1007 932 2210 978 1580 1156 1231 1208 989 1084 1534 509 1454 1510 1091 463 1191 1608 1115 739 1964 1400 1085 1406 1428 1837 1184 1535 1047 820 851 2230 1293 1042 1858 1232 1078 1006 1077 1544 1981 1772 912 1634 1702 889 456 1178 1101 2039 846 1945 1032 1126 892 1988 1326 1437 1450 1605 1290 969 1624 1089 2114 942 1293 1558 1630 1619 1632 1055 524 1565 1058 827 1512 2077 1829 2086 795 1614 2063 612 1011 2036 1180 1108 1129 411 1113 1832 1341 1106 1440 1114 1119 720 1124 1262 796 1051 1273 1185 1189 477 1334 1118 1110 1893 872 1066 1011 954 1033 1187 1841 768 1023 1314 1102 885 999 1320 1028 686 1238 1087 908 1146 1062 2215 672 2203 795 1244 1214 1572 1398 1234 1194 863 1839 1875 2142 1008 1493 991 799 994 645 643 1109 814 1178 1291 809 1821 1808 885 789 1816 1895 1068 1277 2176 1563 556 897 2163 1376 1885 527 1823 1004 1340 2194 1513 1592 1066 1803 901 861 945 1022 1357 1241 1448 853 1573 488 1399 1635 1527 1019 1080 1921 1519 1510 951 968 1632 479 1228 1241 1094 1285 1523 1918 680 893 794 1373 1330 1438 1471 1494 855 1018 795 1217 1007 1237 1144 596 899
698 1304 856 1654 812 1696 1107 1432 1625 1919 1922 1286 488 1633 1788 1572 1488 360 1285 697 926 1210 812 1472 1810 646 757 1162 1664 762 1176 888 797 1085 1160 750 812 867 767 1412 1239 1637 1071 889 1022 1127 1794 478 1162 1212 1620 1374 751 1663 705 696 1739 750 610 759 996 587 1253 1632 489 1192 952 921 625 1386 1567 1384 927 1600 1187 1559 686 1858 732 778 1084 755 1336 1148 1414 937 1143 1132 1085 693 658 1037 1173 770 859 1615 750 941 775 1404 1775 488 752 1544 841 473 858 497 1628 1267 672 551 1657 1035 1008 1111 1862 1370 1382 618 1360 851 851 1471 1003 655 936 931 838 1100 1496 1312 748 1039 1315 1087 817 738 992 943 1250 422 1136 1543 1184 946 1382 772 1090 1359 559 998 985 916 1468 802 1461 1259 943 1800 727 948 742 1205 1754 586 1130 1735 1685 908 670 1051 858 1523 746 1074 747 744 1626 735 762 1566 724 641 1056 1600 776 898 1637 1603 518 737 784 765 1793 782 899 1559 1566 764 885 1099 915 571 1199 964 1214 664 1098 1712 1226 847 977 702 789 1219 1647 1156 1769 1476 653 1118 573 664 723 985 1018 748 1130 891 1010 877 1074 921 1236 1502 1394 1403 934 558 1641 739 859 1358 1464 1208 1042 1422 1434 1375 1272 1375 1012 1066 988 1436 1420 903 906 631 1123 488 1206 1075 1260 947 1038 946 1433 1694 622 892 1599 728 1406 500 546 531 850 846 1323 1544 864 933 1924 1343 1598 622 1079 1476 1753 765 1141 1382 958 1637 491 542 1222 1633 1500 1219 830 1066 1462 844 1040 1792 1725 1650
1043 818 1060 744 881 1649 1133 1061 2003 1748 1465 1260 1178 1267 925 1889 1118 1285 360 952 1543 752 1351 653 1190 1466 1106 981 759 1032 1188 1664 922 1950 1669 1569 1280 1456 1104 2256 1378 1639 1985 1410 1356 602 1467 1176 718 1974 2009 454 941 737 1306 1117 1573 979 1497 1108 1403 1476 1349 1190 1203 811 1180 1090 1343 1422 2119 847 1257 788 2094 2287 1097 1446 1134 1635 1123 1240 1395 939 543 882 1748 1382 1800 1098 1221 624 534 1092 997 1135 1516 1671 1131 1022 863 1407 1141 1447 1634 1172 819 1301 757 2049 1036 1442 1728 916 903 1981 1986 1587 2126 1137 1609 1081 1226 1988 1473 1462 1008 1739 1715 1263 1044 1655 1075 1537 1401 1982 1000 1137 839 1538 581 1224 1747 854 573 1188 1991 966 1620 556 1179 1735 1770 1722 2042 1092 968 1889 729 1094 1541 1782 1459 2112 1054 1502 1506 1244 1711 1728 1112 595 1299 1108 984 1928 924 1017 1994 1025 935 1441 1075 1248 1026 711 1383 1392 714 1172 1151 1107 1187 1629 1047 1048 1187 716 1680 1279 1799 1080 789 1249 1532 952 499 1342 1400 1444 1650 833 840 1052 1070 2145 1016 2078 1075 566 1178 895 1351 1234 1244 997 1895 1581 2056 1169 866 904 862 1192 890 896 1650 692 1413 1165 901 1662 1770 607 750 1139 1932 515 554 2264 1895 922 1168 1749 771 2171 1207 1807 823 1337 1740 1220 1876 580 2027 965 1149 1145 1606 779 1056 895 1558 1119 1155 1145 1472 1204 912 1224 1223 780 1625 853 1726 886 1148 1087 606 1682 1940 1572 1298 803 938 908 1247 1238 1787 2018 1970 1337 1038 1060 1763 973 1536 896 1283 1613
581 1058 687 1317 503 1560 931 1171 1663 1751 1668 1202 586 1390 1452 1578 1232 697 952 360 1109 899 862 1163 1513 888 643 916 1327 580 1008 1155 516 1402 1308 1034 812 960 648 1687 1137 1516 1393 940 984 792 1571 584 845 1435 1662 1043 468 1329 778 608 1564 512 907 646 995 906 1133 1368 642 894 837 845 829 1257 1686 1080 947 1267 1521 1770 580 1614 649 1054 991 824 1211 889 1076 661 1337 1067 1275 587 685 718 836 641 730 1340 956 1133 676 1137 1438 823 669 1379 1116 583 528 713 1313 1503 495 850 1564 775 744 1431 1801 1317 1598 581 1321 698 797 1568 1115 926 727 1175 1130 987 1219 1313 608 1170 1199 1394 607 656 701 1115 947 635 1267 1268 878 837 1524 526 1243 1023 602 1198 1215 1159 1594 666 1172 1407 607 1487 967 1248 964 1521 1440 910 1210 1465 1576 1200 585 716 850 1258 514 1353 515 548 1659 547 479 1393 588 702 842 1262 868 933 1302 1340 559 629 727 1076 1472 614 804 1223 1484 785 1207 901 591 678 1184 724 876 791 1054 1502 1261 519 685 545 638 1554 1342 1494 1457 1148 642 918 773 700 736 765 1311 1040 1466 786 801 604 794 822 955 1194 1361 1075 966 586 1318 1076 1178 1024 1138 1094 1346 1085 1112 1679 1417 1087 874 1294 729 1648 1204 1217 595 777 1322 662 1374 738 1487 714 885 812 1366 1367 477 693 1460 711 1176 562 883 665 578 792 1215 1251 1073 642 1748 1111 1330 523 767 1427 1713 1002 1116 1070 710 1315 658 659 1332 1674 1575 1105 649 865 1455 615 1096 1454 1466 1515
1240 1317 1387 1924 1252 2255 1646 1921 2172 2470 2418 1012 1021 2138 2106 2129 1982 926 1543 1109 360 1636 1377 1603 2251 1156 1299 1662 1941 1279 1719 581 1262 888 597 638 1379 1421 1309 1722 1801 2199 1279 1451 1589 1489 2316 998 1578 1638 2165 1606 1211 1892 1271 1238 2286 1237 1066 1302 1562 781 1812 2118 863 1639 1506 838 666 1945 2072 1818 683 1946 1099 1971 1221 2363 1281 1206 912 667 1895 1638 1716 1410 588 1698 1562 1229 1222 1285 1507 1309 908 2089 1264 1433 1323 1887 2041 870 1303 2093 598 969 1265 1060 1764 1668 1172 1033 2223 1523 1492 922 2428 1936 1800 1161 1926 1389 1414 1993 523 657 1454 1368 1216 1658 1968 1873 1281 509 1876 1357 1327 1288 1451 386 1402 951 1655 1570 1359 1501 1878 1258 529 1688 1111 1476 1431 1359 1971 1342 1918 1757 1318 2207 1215 723 547 1413 2161 994 648 2213 2249 671 1209 1353 1424 2008 1236 1426 1023 1252 2175 1246 1223 2112 1255 1207 1575 1894 1336 1462 1881 2090 1042 1279 1343 722 2181 1308 1456 1885 2132 1331 1152 1628 1331 1138 1764 1465 1535 1225 1664 2241 1782 1261 1435 1220 1322 1289 2075 1164 2180 1678 1210 1107 1126 1230 1289 1498 1346 661 1208 1445 1065 1351 1544 1478 1705 1927 1960 1777 1498 1105 2025 916 1149 1709 1845 1014 1334 1699 1617 1606 1772 1834 1561 566 1135 1855 1943 1198 1342 1191 572 846 1691 1394 1675 1452 1584 1494 1999 1875 1114 1009 2157 792 1920 958 914 821 1324 1408 1079 1618 1354 1391 2471 1316 2079 1141 1297 2043 2318 1248 825 1801 1454 2025 1056 1107 1748 2178 2033 1779 1355 1592 2024 1346 1596 2079 2216 2209
822 1171 799 928 761 1259 768 696 1632 1375 1168 1541 1082 920 983 1512 759 1210 752 899 1636 360 1092 1043 976 1291 885 598 927 834 810 1695 773 1933 1813 1572 1018 1190 878 2024 1001 1247 1833 1130 1028 555 1120 1092 420 1713 1640 825 819 996 1086 925 1194 822 1355 884 1087 1433 968 868 1179 422 865 1269 1368 1031 1779 542 1416 785 2033 1996 917 1128 919 1454 1361 1335 1007 561 712 641 1861 1027 1532 913 1025 808 597 868 1150 827 1306 1423 895 656 1032 1337 914 1056 1655 1104 733 1167 1122 1792 900 1310 1336 591 599 1960 1593 1209 1848 980 1234 818 949 1644 1615 1464 716 1520 1540 907 711 1294 868 1675 1015 1804 781 917 582 1638 940 1150 1447 1246 897 875 1673 801 1753 633 1039 1483 1536 1503 1710 851 648 1583 679 951 1349 1784 1501 1943 904 1385 1685 950 1319 1738 935 708 1021 765 826 1720 975 839 1621 848 807 1053 881 1056 677 851 1140 1107 955 843 1051 896 940 1608 944 831 892 773 1289 1035 1656 715 667 1087 1178 659 617 1140 1055 1079 1306 739 595 883 841 2026 803 1988 920 924 991 1173 1187 1033 1018 682 1705 1577 1944 878 1095 698 528 888 498 655 1274 584 1118 1030 795 1579 1623 590 629 1417 1753 763 937 2068 1587 572 832 1828 978 1887 819 1650 666 1148 1847 1200 1585 667 1765 678 804 833 1222 1094 947 1058 1167 1210 769 1093 1383 1204 722 949 1522 1172 1396 638 1357 1241 825 953 842 1298 1550 1372 1526 532 653 790 1121 1090 1469 1647 1617 961 796 706 1388 749 1224 1020 968 1222
550 1556 659 1646 846 1276 787 1173 1186 1515 1613 1675 749 1326 1715 1123 1213 812 1351 862 1377 1092 360 1613 1587 646 607 925 1650 684 829 1308 800 1420 1612 1167 434 465 608 1291 821 1210 1146 442 586 1122 1449 774 1073 987 1183 1446 801 1694 467 617 1347 751 749 605 546 988 847 1357 907 1045 615 1303 1077 976 1184 1219 1353 1517 1444 1297 643 1538 584 766 1463 1189 927 935 1409 838 1589 700 809 638 545 1182 1187 619 1205 1359 601 690 580 1158 1758 880 573 1152 1259 806 909 677 1745 1064 728 742 1217 861 854 1437 1411 922 1134 649 909 638 505 1068 1454 1092 736 793 849 711 1255 860 641 1491 901 1095 710 580 892 1394 1416 802 768 1750 1347 604 1024 756 1542 1335 663 752 803 777 1092 619 1249 910 991 1623 662 1328 1190 1236 1580 816 1578 1464 1250 1303 637 1138 444 1259 745 993 1009 706 1185 701 802 1180 649 544 805 1575 421 445 1658 1329 745 610 523 1148 1639 663 569 1504 1123 437 992 810 924 608 747 794 1231 514 657 1355 782 896 886 685 641 1363 1456 1361 1590 1558 583 1419 616 532 485 772 990 1157 1293 579 1302 807 924 582 1044 1333 942 1317 482 677 1508 1018 959 1308 1359 1577 1044 1442 1539 1343 919 1172 675 1501 1230 1179 1094 970 888 547 1567 918 887 1137 1040 775 712 636 988 1765 752 1190 1186 1124 1100 835 868 956 799 504 1698 1718 667 862 1526 1612 1332 704 1237 1026 1301 670 1556 1238 802 1500 688 640 830 1196 1081 813 674 792 1010 738 601 1752 1434 1231
1303 683 1333 786 1129 1935 1425 1336 2295 2018 1695 1163 1383 1528 1005 2181 1389 1472 653 1163 1603 1043 1613 360 1390 1691 1366 1274 808 1289 1481 1761 1174 2068 1678 1689 1545 1718 1365 2490 1671 1927 2183 1678 1640 891 1725 1375 1011 2225 2300 582 1181 700 1555 1366 1849 1226 1705 1368 1682 1631 1642 1443 1367 1103 1462 1125 1465 1714 2401 1116 1286 951 2235 2549 1343 1688 1390 1856 1093 1324 1688 1233 748 1160 1781 1671 2056 1345 1466 804 826 1353 1070 1384 1754 1921 1393 1299 869 1582 1400 1733 1740 1364 1065 1515 523 2297 1271 1647 2019 1205 1190 2101 2276 1880 2383 1372 1901 1354 1497 2271 1499 1590 1290 1976 1931 1554 1307 1944 1332 1561 1694 2193 1265 1394 1124 1591 582 1414 2017 580 647 1469 2266 1218 1642 806 1403 1986 2013 1959 2321 1358 1231 2159 982 1267 1770 1894 1561 2316 1236 1697 1496 1480 2000 1837 1355 835 1569 1373 1232 2156 1085 1269 2286 1275 1178 1725 1327 1490 1317 810 1638 1662 712 1428 1359 1363 1451 1763 1205 1310 1465 873 1972 1538 1997 1372 1051 1478 1820 1236 792 1583 1686 1712 1935 1079 1122 1298 1333 2320 1232 2239 1257 521 1421 863 1576 1480 1498 1284 2114 1705 2230 1446 900 1173 1153 1471 1180 1139 1943 939 1686 1388 1087 1831 1970 864 982 1061 2145 687 472 2479 2166 1198 1455 1807 859 2430 1491 2012 1089 1573 1777 1382 2141 840 2278 1248 1438 1427 1900 638 1277 983 1846 1221 1438 1332 1654 1356 1176 1495 1108 490 1868 1129 1994 728 1402 1317 755 1975 2233 1804 1258 1069 1221 1098 1460 1462 2063 2309 2256 1630 1307 1351 2055 1241 1812 932 1528 1900
1380 1645 1342 1008 1373 1192 1163 775 1801 1136 691 2086 1681 717 842 1669 746 1810 1190 1513 2251 976 1587 1390 360 1839 1443 1030 989 1413 1140 2308 1377 2536 2422 2183 1520 1662 1434 2475 1267 1232 2371 1592 1431 1132 818 1694 1033 2143 1816 1197 1427 1124 1618 1495 1035 1420 1919 1441 1501 2037 1221 627 1792 980 1331 1862 1983 1179 2046 793 2018 800 2619 2359 1496 720 1476 1987 1931 1948 1195 1032 1019 1232 2475 1365 1967 1490 1581 1375 1133 1426 1748 597 1825 1893 1441 788 1012 1935 1464 1054 2268 1710 1348 1747 1367 2224 1498 1883 1346 1138 1163 2561 1562 1409 2244 1564 1447 1355 1446 1916 2223 2076 1253 2014 2072 1274 692 1553 1437 2284 1222 2322 1358 1472 1179 2253 1410 1753 1837 1609 1399 1342 2005 1398 2364 994 1625 1942 2013 1999 2008 1400 710 1950 1292 511 1881 2393 2117 2464 522 1962 2284 552 1295 2348 1513 1284 1504 696 1423 2213 1589 1426 1786 1436 1415 1023 1457 1613 1150 953 1645 1566 1086 647 1651 1459 1469 2214 586 1400 1380 877 1359 1553 2206 1136 1283 1658 1486 1212 1121 1680 1415 872 1620 1355 1195 1470 1402 2581 540 2560 504 1229 1557 1716 1750 1586 1554 1205 2217 2187 2504 1374 1663 1293 1095 1365 934 685 1473 866 1561 1619 663 2164 2173 949 801 1963 2272 1073 1283 2559 1948 795 1273 2444 1551 2270 905 2192 1278 1698 2461 1812 1979 1240 2190 1230 1236 1313 1377 1254 1550 1651 1152 1822 874 1702 1972 1818 1321 1448 2052 1509 1889 1240 1098 1710 632 1548 1390 1444 1586 1895 2104 810 1215 652 1707 1669 1823 1818 1860 1240 1356 1157 1575 1328 1624 945 621 1181
710 1563 861 1806 947 1558 1057 1432 1377 1800 1890 1572 676 1601 1907 1341 1478 646 1466 888 1156 1291 646 1691 1839 360 767 1169 1813 820 1107 1050 912 1135 1394 913 693 644 774 1159 1107 1491 902 694 871 1266 1733 692 1257 929 1369 1560 885 1835 582 728 1634 854 465 767 820 739 1134 1624 775 1256 881 1207 883 1262 1289 1443 1210 1711 1160 1275 740 1817 733 528 1370 1037 1213 1170 1563 1012 1350 984 798 742 626 1246 1325 784 1138 1620 469 655 761 1413 1925 647 740 1439 1001 714 1008 541 1839 989 790 482 1489 1074 1057 1151 1664 1187 1099 690 1169 846 762 1201 1261 858 951 653 611 996 1509 1096 784 1287 1187 879 870 735 1071 1177 1475 677 862 1789 1406 872 1100 871 1325 1497 648 711 702 637 1189 805 1493 977 1099 1859 443 1051 969 1015 1814 538 1394 1731 1526 1033 724 1233 725 1521 849 824 992 823 1380 814 893 1467 772 594 1049 1742 587 714 1804 1595 695 755 730 879 1866 820 828 1684 1393 651 727 1070 1048 577 1004 1000 1368 518 937 1640 996 994 1060 782 810 1102 1695 1084 1826 1669 661 1389 475 618 645 996 788 899 1025 830 1277 961 1130 846 1275 1561 1197 1508 744 663 1724 732 694 1482 1560 1494 828 1584 1636 1157 991 1410 945 1250 1236 1152 1372 719 1023 503 1327 775 920 1246 979 980 980 893 1257 1886 774 1158 1470 1014 1372 750 606 818 942 759 1610 1777 577 1023 1812 1608 1596 738 1296 1285 1545 481 1425 1453 1002 1718 594 589 953 1383 1238 1099 856 1044 1244 903 814 1929 1706 1515
302 1318 462 1417 599 1318 711 1047 1380 1530 1529 1484 640 1239 1504 1295 1099 757 1106 643 1299 885 607 1366 1443 767 360 777 1422 437 781 1285 553 1467 1521 1147 542 712 369 1518 872 1265 1309 675 701 882 1397 662 854 1227 1380 1201 560 1457 565 421 1347 507 838 363 713 980 877 1245 796 848 570 1120 994 1008 1418 1037 1202 1307 1536 1544 439 1463 394 929 1271 1055 959 770 1175 609 1525 790 1054 430 501 936 946 377 1010 1233 785 925 393 1023 1532 871 394 1154 1239 689 662 667 1498 1303 513 800 1302 668 649 1490 1529 1040 1380 500 1041 454 514 1296 1342 1050 550 1005 1015 724 1117 1030 396 1389 942 1280 469 393 667 1312 1169 715 1013 1505 1101 567 1267 510 1452 1104 558 989 1029 988 1330 405 1093 1156 743 1454 824 1341 1126 1418 1409 879 1452 1350 1320 1304 450 890 573 1138 503 1202 798 463 1376 460 559 1173 414 533 663 1348 636 663 1422 1216 617 380 449 1157 1459 418 526 1284 1217 533 1133 702 677 576 901 593 990 615 773 1314 980 649 657 458 403 1506 1292 1478 1421 1313 475 1196 668 508 499 598 1182 1145 1426 511 1081 566 723 547 871 1155 1081 1104 692 559 1317 1083 1101 1084 1154 1377 1228 1204 1292 1548 1164 1009 622 1458 997 1426 1023 1126 643 623 1506 813 1135 890 1281 574 644 555 1093 1523 561 976 1219 963 1010 702 895 840 554 510 1498 1471 884 625 1532 1377 1213 522 991 1150 1436 849 1388 1046 594 1310 635 590 1068 1391 1298 846 449 670 1172 500 823 1531 1335 1272
