140 646 723 1043 754 381 1276 1388 1356 526 1044 896 688 382 1072 280 1203 622 761 1205 1002 728 1025 847 548 1340 963 398 543 485 1374 1001 396 291 562 1347 407 1324 1220 989 352 933 557 360 463 1134 1066 1369 674 425 767 366 1138 674 757 931 1306 284 1209 1302 979 423 1268 763 871 872 1015 1198 286 350 1360 1397 479 837 255 465 213 572 467 642 218 470 745 778 646 287 1335 651 409 591 363 770 738 998 1144 541 866 874 1314 1141 699 714 812 1154 219 232 486 275 636 697 814 209 1155 280 459 1319 412 608 1379 440 762 654 419 1071 264 1111 975 856 942 1207 357 493 1262 461 949 368 234 1357 1240 609 320 281 722 833 487 354 1334 1233 693 583 376 423 428 1332 1144 1201 535 1247 595 527 350 625 1070 549 508 591 1207 994 1235 354 996 720 711 842 1171 756 1036 695 411 1158 444 1183 554 909 1352 310 307 232 1197 479 377 741 588 1331 680 772 695 1374 1064 772 952 216 288 465 328 922 851 802 751 1112 405 1353 420 949 596 884 589 554 1066 332 344 816 387 369 1153 682 1351 940 325 1191 756 371 610 890 738 561 773 407 274 662 568 1035 447 574 1366 456 653 655 1143 1227 459 1060 334 715 1343 1282 471 819 1013 746 490 771 703 462 1123 1310 938 1258 399 520 1082 792 1116 589 813 1010 1244 477 1181 1291 245 968 273 1195 261 233 250 537 334 1083 539 691 894 796 844 988 935 646 317 1063 508 487 864 1055 1177 423 1208 270 584 1261 809
746 360 1129 1235 1288 698 1719 1103 1903 1104 1650 1389 985 675 1649 879 1474 1102 1215 1422 1116 580 820 839 1078 1832 1544 627 1146 922 1253 1224 769 879 1077 1236 1005 1741 934 1596 947 1064 744 683 951 899 1377 1717 411 679 1352 873 1530 1280 1314 1532 1027 772 1313 1325 1277 692 1715 1164 1466 863 729 1092 843 662 1853 1343 889 1334 753 1071 806 792 1062 1200 823 536 614 1274 511 770 1349 1159 972 1131 969 626 991 1016 1119 535 1462 1375 1122 869 1303 1115 882 1478 814 830 1079 740 933 1217 691 802 1513 725 1054 1036 960 1092 1714 916 1363 728 681 1455 745 897 825 611 1548 1199 963 524 1735 870 1554 958 830 1611 1604 1180 909 835 584 561 795 669 1766 1352 556 438 789 1020 1031 1200 899 1254 603 1847 958 648 804 659 1217 457 548 658 1046 791 980 856 1304 1298 491 1170 1527 1360 925 1237 937 1260 562 1722 1099 1494 1771 777 859 776 910 907 753 713 514 1137 1249 1076 917 1978 1553 933 1551 791 790 798 766 1527 611 1325 1289 825 900 1743 934 813 601 718 669 822 920 925 868 1134 975 958 1054 505 1931 1039 888 1772 514 938 1162 1280 1331 630 620 913 789 557 932 1544 558 796 1298 682 1210 856 1414 1233 955 1664 821 1020 1856 1275 692 1392 963 790 891 1133 1201 979 1197 1024 1061 1699 853 1120 839 1167 1566 510 1403 1093 1687 908 970 1667 796 1201 769 1577 767 776 826 702 938 911 851 1050 1158 1106 849 1048 1457 775 847 849 1105 683 584 1289 1564 1029 988 871 799 1528 946
823 1129 360 1726 651 1044 1852 1797 1784 724 1225 1459 1369 1033 1027 906 864 506 1379 902 1683 1310 1255 929 612 1070 952 1016 965 1154 1404 734 749 930 580 1370 941 1917 1612 1198 802 799 1228 857 1114 1668 715 1005 1121 1084 836 1034 780 951 722 1047 1753 826 1011 1172 1648 810 1841 399 1224 939 1442 1247 956 906 1876 1337 621 613 915 894 896 709 788 1167 885 1006 1027 1357 1019 825 1207 1243 1016 623 879 1358 1421 966 1109 1134 964 1432 1457 1471 1045 374 830 1808 899 857 777 873 575 589 1417 876 1794 905 971 1669 1034 516 1015 1103 937 1311 1078 709 882 1666 1573 1201 1176 1135 856 983 967 642 1192 950 902 2026 1872 1119 936 954 1308 1326 695 989 999 1916 1274 1052 745 793 829 1385 1666 1878 888 1506 530 1173 1033 874 863 1058 943 855 1804 1232 1742 1027 655 1178 1249 1509 807 1076 1657 647 1054 974 979 1646 639 1296 1942 993 777 903 1595 1151 773 926 983 1905 1173 521 645 1577 797 1453 1266 894 972 697 794 1179 1380 649 1281 1526 1068 997 668 1120 910 1120 1237 1237 1205 932 1010 514 961 955 1783 1240 1694 1619 971 1143 1282 991 656 526 1137 1198 1057 677 822 993 1245 1561 1000 1253 2013 1117 1178 1336 1813 1895 1107 1183 756 1394 1106 1947 798 1267 1053 1404 1168 1433 1293 1094 979 1710 1619 1836 692 817 1607 437 796 1169 1203 897 918 613 1739 1914 929 1649 838 1820 938 877 925 791 895 1251 1223 1361 1573 1471 914 1661 1456 1316 989 1618 800 805 1339 1735 1800 866 1758 844 706 1929 1488
1143 1235 1726 360 1696 1063 1078 1638 1482 1452 1672 1004 719 1082 1892 1185 2201 1614 877 2190 524 1048 1673 1695 1522 2278 1790 1121 1273 941 2122 1983 1371 1162 1545 2107 1196 1044 1564 1612 1301 1873 893 1275 993 1229 2068 2371 1285 1034 1617 1056 2136 1422 1670 1671 1516 1269 2145 2188 568 1348 1083 1766 1387 1720 1402 1966 1131 1224 1290 2218 1480 1802 1178 1282 1190 1519 1370 1115 1201 1196 1486 975 1370 1271 2215 988 1106 1552 1238 1025 665 1873 1989 1083 1648 1018 1963 1616 1357 1717 1710 699 1187 1229 1391 1227 1622 1660 981 1211 777 1196 1196 1694 1082 1600 2382 994 1538 868 1038 2071 1214 1166 1001 1459 1561 2067 1257 1244 2221 1460 1553 1166 1184 742 851 1148 1162 1132 1040 1231 1458 1129 2313 578 1055 1256 1362 1340 1315 2067 1263 656 1375 1698 1594 982 1053 1474 2024 1210 1300 1453 1078 1647 1344 1061 1997 1212 1141 644 2174 1397 930 1637 1052 2091 1207 1319 1515 1349 1072 1095 1309 1186 1540 941 1346 1565 1341 1218 1161 1767 1660 1858 2021 666 1468 1194 1115 1441 1309 1525 1163 1751 1086 1468 1027 2348 1419 1687 1415 1591 936 857 1791 1171 1079 1815 1162 1160 929 1105 1636 584 1122 1987 1163 1117 1553 1892 1297 981 1495 1409 1269 1415 845 1120 1183 853 962 1005 1113 769 581 751 1003 1742 1335 699 2258 801 1389 1235 1835 809 920 718 970 1027 2039 1605 549 1060 1400 1387 1231 1796 2095 1088 1321 1928 2221 1480 1187 919 1158 455 1256 862 1151 1214 1161 1446 1211 1774 864 753 536 643 1701 627 1109 828 1098 1148 1390 1396 1269 449 863 1280 1224 1244 1531 671 648
854 1288 651 1696 360 1095 1680 2008 1542 605 940 1300 1340 1095 749 893 1073 563 1265 1146 1689 1427 1507 1199 572 949 663 1100 812 1118 1693 1010 879 913 571 1659 860 1756 1825 919 773 1091 1267 971 1063 1819 923 1107 1295 1140 558 1013 861 730 435 759 1947 899 1293 1461 1577 958 1667 657 986 1213 1638 1532 953 1006 1669 1629 769 481 964 778 923 930 687 1019 906 1131 1253 1217 1213 899 1496 1124 950 523 821 1472 1402 1255 1400 1239 678 1271 1732 1702 832 660 1106 1709 921 882 665 943 829 435 1522 911 1678 972 866 1898 974 569 1130 1065 675 1368 1134 820 946 1806 1683 1417 904 1427 805 1126 884 784 922 892 915 1945 1746 971 904 956 1422 1490 875 1060 984 1904 1391 1211 859 720 742 1672 1824 1896 1071 1226 755 1241 1042 1093 1148 1200 1103 1065 1916 1482 1908 1014 887 992 1389 1443 934 845 1750 420 1006 1260 1101 1423 560 1065 1778 1017 816 944 1806 1121 895 1171 1165 2035 1006 813 916 1288 684 1464 1010 929 993 863 889 913 1529 414 1119 1729 1036 1046 718 1381 1111 1365 1304 1248 1475 892 992 800 894 897 1868 1369 1428 1635 947 870 1429 941 506 705 929 1274 1284 738 885 1199 1216 1372 1117 1275 2079 1171 1027 1350 1739 1932 1053 892 835 1358 948 1988 968 1064 1336 1459 1145 1362 1168 1030 1270 1922 1627 1667 795 674 1762 706 770 1283 983 1189 890 746 1878 1777 954 1609 906 1688 975 926 936 991 853 1518 1221 1306 1527 1419 1185 1689 1273 1356 982 1757 668 982 1511 1686 1667 776 1901 849 932 1848 1504
481 698 1044 1063 1095 360 1411 1417 1566 865 1346 1060 729 385 1406 582 1500 956 895 1486 1002 722 1136 1035 888 1681 1297 439 833 593 1533 1279 669 571 901 1510 690 1444 1259 1288 689 1177 544 571 614 1130 1371 1687 740 404 1100 536 1464 983 1098 1250 1325 578 1453 1519 1035 645 1406 1084 1138 1062 1052 1361 528 521 1528 1586 786 1176 493 772 532 817 800 862 550 547 875 943 758 579 1550 823 640 933 675 759 765 1205 1339 547 1190 1043 1437 1207 987 1033 1027 1226 535 573 821 531 919 1038 798 544 1243 498 734 1369 625 942 1694 579 1082 634 398 1394 521 1102 958 941 1237 1410 678 593 1601 765 1241 641 544 1405 1333 845 597 521 714 856 754 426 1668 1238 688 659 663 757 754 1485 1143 1193 700 1521 897 506 467 803 1326 611 638 775 1188 1105 1236 520 1299 963 725 907 1489 1045 1016 1037 599 1400 539 1385 895 1160 1474 453 643 511 1235 579 644 912 707 1316 913 1066 957 1658 1404 772 1225 526 474 737 611 1213 859 1144 952 1148 562 1680 754 1091 753 1009 568 567 1208 614 535 1116 655 639 1132 688 1594 935 565 1524 771 610 951 1211 1003 542 897 739 583 790 633 1213 523 573 1346 435 872 658 1193 1213 618 1372 648 762 1684 1266 690 1055 1193 726 571 849 868 641 1354 1344 938 1392 711 848 1082 1107 1452 596 1072 1241 1579 791 1171 1390 504 999 566 1296 480 533 528 751 640 1213 571 763 934 850 1037 977 1122 631 520 1054 839 699 892 1090 1280 738 1199 608 829 1312 806
1376 1719 1852 1078 1680 1411 360 2299 838 1491 1345 753 1105 1437 1682 1370 2355 1707 879 2390 1232 1611 2178 2076 1600 2157 1612 1491 1248 1181 2584 2201 1631 1350 1631 2561 1285 455 2191 1303 1432 2164 1339 1582 1179 1903 2203 2428 1769 1413 1514 1278 2181 1312 1620 1444 2181 1521 2437 2539 890 1655 375 1884 1101 2101 2000 2412 1351 1547 585 2628 1683 1802 1450 1318 1425 1808 1423 1044 1422 1597 1926 863 1808 1524 2571 988 1234 1600 1352 1610 1122 2234 2377 1543 1469 780 2481 2197 1211 1849 2048 751 1417 1443 1435 1500 1851 1683 1590 1446 664 1483 1246 2318 1226 1696 2450 1208 1395 1394 1412 2136 1486 1845 1667 1970 1270 2443 1375 1644 2144 1672 1253 1294 1403 925 619 1092 1328 1358 1600 1802 1721 1469 2277 1226 1599 1702 1608 1421 1385 2537 1934 1360 1744 1219 1789 1431 1328 1845 2293 1651 1688 1813 1786 2148 2024 1293 2147 1047 1680 934 2249 1211 1622 1635 1225 2387 1591 747 1576 1023 465 1373 1503 1442 2165 1193 1614 1958 1758 1931 1041 1960 1923 1362 1966 1228 1135 1438 1377 1697 1565 1237 1757 1731 930 2084 1239 2360 1576 2142 1801 2059 1424 1257 2259 1323 1296 1989 1278 1290 1641 1636 1054 1266 1312 1731 1717 1270 1578 1988 1113 1455 1947 1578 1509 1842 1148 673 1575 1288 1671 1401 1033 1247 882 1462 1180 1439 1556 1072 2103 1506 1704 981 2238 1391 1200 950 935 1174 2357 2250 1228 379 1610 1398 1891 1929 2078 1575 1075 2246 2186 1670 1879 577 1405 1021 1509 582 1420 1465 1386 1770 1349 2261 1227 1030 1001 998 2075 1328 767 1337 1324 1817 1413 1718 1843 989 577 1349 1916 1429 1820 881 1245
1488 1103 1797 1638 2008 1417 2299 360 2577 1843 2393 2041 1571 1399 2382 1619 1984 1809 1857 1887 1475 1082 960 1286 1806 2505 2279 1360 1884 1606 1262 1739 1494 1616 1799 1275 1742 2292 545 2337 1691 1541 1374 1423 1651 770 1941 2272 1082 1385 2091 1592 2141 2023 2043 2275 483 1514 1674 1570 1780 1415 2299 1825 2195 1292 734 1220 1578 1406 2475 1453 1598 2033 1495 1813 1548 1451 1805 1910 1565 1279 1130 1938 1154 1512 1573 1842 1697 1859 1711 1066 1541 1386 1375 1229 2204 2034 1023 709 2041 1783 1385 1966 1555 1574 1822 1484 1582 1933 1072 1545 2030 1468 1788 545 1681 1801 2257 1617 2107 1286 1389 2068 1489 835 999 956 2289 1443 1706 1264 2396 1583 2294 1693 1571 1998 2115 1899 1646 1570 1092 921 1493 1404 2392 1628 1106 1173 1519 1763 1775 1210 736 1470 1296 2578 1635 1309 1523 1284 1657 1200 1272 1307 977 969 665 1577 1877 2016 1052 1726 2110 2098 1072 1962 1652 1635 1306 2394 1829 2214 2322 1506 1600 1518 562 1592 1483 1239 1204 903 1963 1693 1526 2715 2235 1431 2282 1533 1523 1504 1504 2266 929 2037 1982 640 1611 2334 1665 1101 1257 1058 1284 1456 1091 1663 1592 1748 1709 1692 1118 1091 2639 1417 1620 2505 1006 1667 1893 1918 2060 1272 1100 1645 1532 1170 1578 2199 1301 1416 1284 1373 1918 1429 1859 1385 1658 2408 1558 1599 2544 1386 1399 2103 1271 1270 1567 1724 1874 1687 1559 447 1455 2279 1580 1863 769 1811 2219 1182 2129 1506 2328 1621 831 2184 1535 1660 1512 2110 1506 1519 1565 1379 1679 1033 1497 1659 1661 1663 1304 1372 2127 1342 1576 850 1849 1385 886 1723 2104 1771 800 1615 1453 1945 1414
1456 1903 1784 1482 1542 1566 838 2577 360 1430 1043 897 1375 1589 1408 1436 2256 1640 1081 2320 1614 1857 2334 2153 1542 1894 1371 1641 1215 1344 2685 2158 1687 1424 1573 2657 1317 927 2442 1026 1447 2173 1564 1676 1312 2212 2104 2260 1946 1584 1348 1395 2025 1192 1470 1199 2468 1592 2426 2562 1275 1736 824 1807 920 2176 2238 2510 1445 1657 635 2688 1693 1656 1550 1303 1508 1854 1388 1074 1498 1747 2058 999 1951 1595 2597 1105 1310 1521 1379 1870 1417 2285 2436 1737 1255 903 2628 2410 1100 1786 2099 1198 1499 1509 1391 1590 1852 1572 1869 1524 1110 1585 1265 2561 1315 1632 2289 1346 1227 1651 1582 1996 1578 2161 1981 2146 1018 2489 1398 1786 1910 1689 998 1348 1482 1400 1090 1106 1395 1453 1847 2035 1763 1606 2060 1664 1836 1863 1659 1406 1372 2646 2238 1778 1851 817 1777 1639 1461 1940 2276 1816 1815 1906 2142 2303 2333 1412 2062 1002 1903 1257 2107 1068 1962 1515 1332 2382 1731 543 1511 848 921 1496 1542 1534 2416 1358 1677 2055 1894 2290 1035 1924 1939 929 1764 1537 894 1524 1490 1739 1630 998 2010 1583 974 2330 1364 2169 1575 2265 1911 2197 1655 1481 2382 1383 1405 1937 1329 1346 2009 1859 594 1628 1399 1420 1946 1348 1488 1885 1016 1672 2085 1585 1576 1974 1359 743 1722 1521 2084 1585 1063 1513 1323 1873 1307 1136 1602 1351 1823 1924 1781 902 2318 1679 1379 1231 1066 1285 2369 2516 1592 845 1637 1342 2186 1857 1890 1779 944 2266 1977 1673 2208 1055 1501 1404 1584 1040 1525 1549 1474 1845 1392 2398 1441 1284 1356 1308 2148 1696 810 1596 1430 2124 1361 1798 2075 1401 1027 1347 2244 1480 1864 1346 1566
626 1104 724 1452 605 865 1491 1843 1430 360 948 1100 1096 868 908 652 1223 578 1039 1267 1444 1213 1401 1136 473 1193 801 882 602 873 1664 1091 716 671 504 1632 617 1560 1667 904 536 1107 1029 781 818 1616 1071 1316 1121 910 607 769 1070 606 593 800 1771 693 1355 1496 1339 793 1480 754 875 1156 1469 1492 713 804 1512 1637 654 711 740 543 694 834 442 809 675 933 1126 1004 1059 695 1531 899 706 470 576 1256 1156 1238 1390 1025 723 1072 1660 1563 689 723 1062 1480 690 655 423 731 792 570 1301 686 1456 755 630 1753 730 567 1334 820 640 1133 904 1015 731 1596 1462 1273 868 1434 561 940 1129 659 881 647 681 1711 1529 760 660 716 1208 1301 752 840 1223 1659 1178 1031 689 475 497 1633 1624 1652 920 1200 713 1012 801 972 1206 1009 931 939 1693 1372 1713 770 1017 814 1188 1203 1127 728 1521 545 761 1312 905 1285 445 942 1584 781 606 718 1645 875 723 1072 1004 1818 811 855 883 1300 929 1219 930 702 757 732 699 861 1329 658 920 1563 790 1271 548 1293 972 1254 1073 1005 1400 647 749 871 650 652 1636 1162 1360 1391 703 1029 1231 696 461 857 776 1047 1157 567 677 1057 971 1197 915 1034 1841 939 819 1107 1503 1689 809 939 645 1113 1187 1746 820 904 1293 1222 900 1123 946 786 1303 1761 1382 1476 634 453 1562 801 1005 1072 845 1203 1130 630 1667 1565 721 1366 697 1473 746 705 700 864 608 1433 977 1064 1284 1176 1126 1446 1093 1117 739 1547 437 837 1328 1444 1453 533 1693 617 841 1614 1260
1144 1650 1225 1672 940 1346 1345 2393 1043 948 360 1068 1386 1360 725 1134 1634 1102 1155 1720 1735 1706 1987 1721 1034 1211 698 1394 872 1217 2243 1590 1297 1138 1058 2210 1015 1438 2224 421 1068 1658 1449 1341 1157 2112 1489 1595 1677 1384 749 1182 1372 730 866 542 2308 1247 1873 2037 1489 1370 1330 1236 647 1740 2020 2074 1179 1350 1247 2197 1242 1032 1257 939 1204 1422 959 932 1187 1474 1709 1060 1632 1249 2073 1054 1075 992 1041 1739 1450 1809 1959 1531 621 1045 2248 2137 722 1232 1641 1537 1197 1180 947 1271 1363 995 1768 1208 1473 1285 973 2320 1096 1100 1627 1183 668 1560 1378 1355 1265 2079 1919 1847 474 1994 1047 1494 1228 1247 479 1064 1181 1784 1508 913 1109 1186 1698 1834 1340 1350 1380 1890 1674 1585 1269 998 981 2215 2127 1942 1499 649 1283 1477 1246 1559 1727 1553 1497 1525 2134 1958 2222 1194 1462 823 1708 1388 1461 666 1948 937 1131 1838 1448 988 1001 702 1450 1253 1166 1234 2201 1229 1300 1660 1575 2274 878 1384 1455 715 1094 1556 578 1219 1234 1320 1267 508 1844 964 946 2116 1175 1495 1135 1881 1554 1841 1524 1388 1988 1092 1175 1377 1050 1066 2041 1673 874 1709 1141 748 1754 1099 952 1280 743 1516 1741 1153 1228 1636 1293 1045 1452 1429 2200 1403 930 1471 1618 2011 1147 455 1218 1384 1142 2068 1403 801 1874 1630 1259 1317 1063 1114 1844 2315 1686 1339 1220 899 2067 1285 1224 1580 711 1757 1300 1217 2144 1512 1217 1577 1246 1445 1247 1234 1188 1451 1074 2021 1347 1309 1498 1400 1711 1777 984 1522 1186 2033 917 1420 1867 1624 1425 981 2175 1140 1428 1699 1596
996 1389 1459 1004 1300 1060 753 2041 897 1100 1068 360 838 1085 1358 984 1963 1315 544 1997 1109 1323 1836 1702 1208 1811 1273 1139 858 828 2222 1808 1248 966 1239 2197 893 819 1910 1013 1040 1775 1032 1208 810 1675 1811 2046 1435 1071 1148 906 1799 939 1245 1119 1931 1139 2047 2154 801 1278 743 1492 785 1727 1708 2047 973 1178 829 2253 1292 1421 1076 925 1045 1424 1030 651 1040 1247 1572 478 1457 1142 2187 604 848 1209 960 1334 883 1854 2000 1217 1126 388 2137 1889 843 1456 1667 828 1036 1059 1042 1124 1460 1297 1332 1065 769 1110 852 2031 843 1303 2067 844 1036 1115 1069 1750 1110 1624 1444 1638 968 2063 983 1291 1785 1281 956 905 1021 1076 819 700 942 980 1313 1505 1335 1110 1910 1212 1304 1359 1223 1028 991 2177 1700 1296 1377 1055 1397 1113 964 1475 1902 1309 1329 1442 1612 1806 1795 922 1754 672 1375 739 1863 856 1430 1251 847 1998 1235 715 1184 727 843 1006 1114 1065 1885 842 1232 1590 1404 1761 654 1567 1535 1214 1599 1003 852 1059 1006 1311 1183 932 1476 1352 541 1799 869 1985 1184 1785 1436 1708 1123 948 1903 936 922 1596 888 901 1486 1331 1004 1110 931 1429 1417 885 1190 1598 750 1144 1595 1186 1126 1486 827 517 1223 987 1587 1067 641 975 913 1381 809 1151 1170 815 1768 1436 1326 636 1867 1142 857 699 554 797 1970 1981 1076 737 1221 1008 1649 1537 1705 1256 735 1859 1818 1278 1672 840 1028 913 1129 757 1047 1086 1007 1393 959 1911 910 746 849 781 1700 1180 465 1059 950 1587 1022 1342 1546 939 735 956 1708 1042 1435 990 1035
788 985 1369 719 1340 729 1105 1571 1375 1096 1386 838 360 751 1562 826 1851 1254 656 1846 720 866 1445 1398 1162 1926 1456 799 934 583 1872 1641 1025 802 1185 1852 842 1118 1451 1325 941 1547 600 938 638 1196 1714 2013 1036 711 1274 697 1777 1092 1317 1355 1458 919 1823 1886 667 1014 1103 1408 1115 1424 1256 1705 773 890 1265 1942 1127 1444 828 931 835 1185 1013 814 844 893 1214 751 1094 921 1915 697 751 1193 880 868 425 1571 1700 811 1320 836 1747 1452 1042 1360 1396 862 831 872 1035 879 1276 1301 858 856 889 850 848 1576 726 1240 2024 636 1207 649 713 1712 866 1145 966 1233 1272 1774 898 943 1865 1108 1267 808 826 1036 980 835 803 774 855 1057 1115 795 1955 923 854 981 1013 982 958 1821 1223 931 1065 1472 1242 697 698 1167 1694 930 995 1141 1143 1416 1317 702 1645 925 934 546 1816 1090 957 1281 694 1770 896 1193 1156 1099 1149 743 952 834 1425 581 1002 1271 1052 1291 868 1418 1322 1628 1665 534 1204 840 760 1096 961 1238 1015 1394 830 1341 667 1989 1061 1427 1113 1337 680 529 1540 812 720 1464 806 803 1029 891 1470 684 762 1665 972 759 1196 1534 1002 715 1230 1051 917 1134 485 992 875 549 1173 688 817 503 824 988 648 1443 981 395 1910 1046 1059 978 1550 664 561 515 706 675 1724 1515 663 1085 1047 1035 1172 1440 1736 836 1045 1611 1862 1125 1195 1042 803 640 906 952 800 861 803 1121 852 1535 518 452 567 483 1401 751 933 592 739 1109 1036 1068 1098 727 939 924 1231 886 1197 943 572
482 675 1033 1082 1095 385 1437 1399 1589 868 1360 1085 751 360 1412 591 1484 950 920 1467 1016 711 1111 1011 885 1678 1303 414 847 618 1507 1261 653 582 897 1485 705 1470 1240 1302 692 1156 557 553 638 1119 1356 1675 717 410 1106 557 1453 995 1100 1261 1309 569 1431 1496 1058 625 1431 1073 1156 1037 1033 1335 541 501 1553 1561 774 1172 490 784 534 797 805 884 553 522 850 967 733 569 1526 848 659 931 685 750 785 1181 1314 531 1199 1068 1412 1185 1002 1022 1004 1250 539 574 826 521 902 1035 792 544 1267 488 749 1348 645 936 1681 603 1092 640 405 1383 513 1093 953 917 1252 1386 686 567 1597 753 1256 655 550 1426 1357 866 610 533 704 838 736 406 1660 1254 677 635 650 762 761 1460 1131 1205 676 1539 883 506 488 779 1305 587 612 751 1185 1081 1224 541 1284 983 709 930 1477 1060 1015 1036 621 1378 514 1409 894 1180 1499 467 640 510 1215 605 628 887 681 1310 934 1050 937 1675 1400 788 1243 526 485 721 599 1228 844 1142 975 1129 585 1670 749 1065 728 984 570 588 1182 627 554 1101 670 654 1133 673 1616 948 580 1530 755 627 951 1200 1021 539 871 732 576 765 658 1237 498 590 1350 443 894 674 1215 1221 641 1384 639 785 1683 1275 669 1076 1169 732 596 874 893 664 1332 1325 952 1417 701 855 1070 1095 1445 580 1091 1219 1572 780 1162 1415 510 1020 557 1321 483 529 536 729 650 1187 594 788 955 873 1013 987 1146 642 536 1045 845 677 873 1110 1305 748 1190 611 809 1334 820
1172 1649 1027 1892 749 1406 1682 2382 1408 908 725 1358 1562 1412 360 1185 1336 952 1396 1439 1922 1761 1896 1587 937 846 469 1430 987 1355 2071 1348 1247 1199 946 2036 1101 1772 2202 749 1080 1461 1553 1326 1293 2164 1205 1252 1662 1449 665 1279 1047 831 701 600 2315 1241 1631 1811 1734 1327 1667 1022 943 1600 2010 1914 1243 1352 1605 1992 1150 782 1287 1009 1238 1317 966 1141 1219 1481 1637 1316 1589 1242 1846 1267 1187 884 1094 1802 1627 1633 1774 1573 604 1331 2120 2086 898 1039 1493 1819 1233 1201 945 1280 1218 824 1844 1232 1767 1304 1080 2280 1212 957 1286 1308 715 1663 1443 1047 1279 2143 2005 1798 774 1794 1088 1485 866 1163 792 1147 1221 2067 1816 1104 1179 1248 1754 1849 1256 1386 1020 2110 1725 1574 1224 1009 1012 2053 2173 2133 1448 992 1144 1551 1327 1478 1494 1556 1470 1449 2233 1870 2261 1285 1195 1060 1737 1614 1141 867 2056 784 1248 1605 1452 1344 912 1019 1787 1316 1154 1264 2182 1363 1260 1559 1538 2362 1102 1185 1303 996 756 1714 910 1248 1293 1242 1243 805 1878 739 1200 2102 1288 1143 1077 1770 1492 1753 1609 1513 1864 1163 1263 1161 1141 1152 2165 1711 1232 1881 1219 483 1780 1194 849 1021 974 1588 1669 1097 1225 1580 1448 1372 1464 1549 2356 1477 1144 1610 1881 2186 1282 633 1188 1569 782 2244 1344 1083 1720 1747 1392 1535 1295 1252 1627 2298 1865 1674 1162 919 2111 1065 886 1620 983 1557 945 1126 2214 1829 1262 1798 1246 1753 1289 1253 1238 1374 1130 1907 1478 1503 1715 1609 1573 1943 1293 1638 1263 2095 927 1359 1874 1860 1732 1033 2240 1162 1320 1975 1755
380 879 906 1185 893 582 1370 1619 1436 652 1134 984 826 591 1185 360 1399 788 860 1409 1160 943 1265 1083 699 1483 1076 620 626 608 1611 1209 623 384 720 1584 487 1421 1453 1078 479 1154 736 600 571 1350 1257 1547 910 625 879 489 1311 766 886 1030 1534 517 1429 1529 1103 660 1361 944 952 1107 1247 1436 420 589 1446 1630 683 987 486 554 435 799 580 723 422 704 986 868 886 520 1563 742 496 735 454 981 882 1230 1377 760 968 961 1554 1379 783 897 1043 1269 426 434 602 515 847 844 1020 448 1264 517 539 1554 504 774 1559 557 861 842 619 1246 504 1324 1180 1095 1029 1438 456 730 1412 668 1035 448 409 1481 1347 689 402 424 936 1060 711 576 1493 1384 908 819 598 539 532 1570 1362 1365 776 1330 796 726 509 864 1287 782 748 830 1408 1234 1455 485 1190 800 935 964 1351 841 1233 833 513 1378 680 1265 697 988 1448 491 498 464 1429 606 608 979 828 1538 761 974 914 1459 1212 932 1034 451 468 687 559 1008 1073 944 834 1344 522 1523 597 1189 836 1125 784 715 1306 412 466 1013 467 449 1345 902 1431 1103 426 1302 981 459 746 1068 818 763 1014 591 502 903 701 1120 680 742 1548 651 735 818 1268 1399 565 1155 547 850 1479 1455 707 899 1248 929 625 889 795 560 1347 1542 1097 1352 604 626 1301 979 1274 809 893 1236 1401 675 1393 1395 443 1105 508 1299 473 474 415 773 419 1324 691 815 1027 925 1079 1156 1019 824 449 1276 617 724 1093 1189 1281 517 1421 423 811 1384 972
1303 1474 864 2201 1073 1500 2355 1984 2256 1223 1634 1963 1851 1484 1336 1399 360 1007 1883 491 2139 1687 1384 1067 1114 1083 1307 1453 1466 1644 1299 614 1191 1423 1083 1265 1445 2422 1806 1623 1303 806 1680 1291 1610 1974 512 657 1446 1533 1270 1524 668 1431 1147 1452 1976 1292 750 941 2140 1224 2343 830 1697 1057 1689 1205 1443 1344 2369 1147 1083 965 1383 1398 1376 1063 1292 1671 1369 1407 1275 1862 1329 1290 969 1747 1516 1116 1381 1735 1897 963 1026 1540 1379 1935 1455 1635 1531 869 979 2308 1381 1341 1280 1334 941 1046 1799 1354 2297 1365 1476 1820 1533 1019 635 1595 1389 1745 1529 649 1346 1990 1939 1436 1614 996 1358 1370 968 1102 1632 1451 1387 2519 2376 1622 1433 1440 1688 1640 1107 1437 871 2378 1655 1408 1199 1298 1334 1309 1963 2319 1243 1924 968 1608 1512 1175 695 1434 1316 1177 2156 1375 2019 1515 570 1675 1605 2003 577 1552 2038 1101 1551 758 1387 2131 1138 1774 2446 1468 1263 1376 1797 1640 1216 1152 1320 2230 1674 794 923 1962 950 1912 1724 1370 1450 1122 1252 1626 1712 1036 1784 1750 1560 755 1163 1243 1232 1297 1668 1704 1267 1430 1500 746 1463 1456 2167 1611 2137 2068 1465 1419 1625 1489 1142 732 1626 1624 1295 1168 1294 1288 1731 2059 1411 1713 2409 1565 1682 1798 2305 2321 1603 1568 1229 1879 1168 2369 1190 1759 1081 1834 1654 1928 1798 1594 823 1899 2075 2339 1163 1317 1911 787 835 1562 1687 842 860 1086 2060 2418 1407 2130 1305 2324 1411 1349 1410 1149 1395 1326 1698 1852 2057 1959 1050 2101 1956 1761 1476 1946 1301 1189 1638 2218 2304 1371 2070 1335 1052 2423 1944
722 1102 506 1614 563 956 1707 1809 1640 578 1102 1315 1254 950 952 788 1007 360 1242 1049 1583 1259 1303 999 467 1096 862 943 819 1034 1504 877 695 811 436 1471 805 1774 1626 1070 675 917 1137 797 989 1639 856 1122 1104 999 715 917 883 808 618 930 1753 742 1149 1300 1522 770 1696 536 1081 1014 1443 1339 843 839 1730 1455 573 592 822 751 793 726 645 1024 779 955 1050 1215 1016 741 1336 1104 885 479 747 1306 1310 1068 1217 1074 847 1288 1532 1499 900 506 909 1676 794 751 632 789 629 488 1360 776 1658 821 831 1696 905 374 1136 982 804 1230 993 819 796 1630 1520 1216 1043 1252 725 944 1009 591 1059 820 794 1899 1735 975 813 843 1255 1304 676 909 1072 1811 1223 1024 681 654 689 1480 1641 1783 875 1376 552 1095 927 890 1000 1019 914 864 1753 1278 1723 913 799 1032 1211 1384 927 933 1595 534 929 1108 927 1500 493 1152 1799 892 674 806 1607 1033 715 967 970 1864 1028 647 719 1457 816 1353 1126 794 869 667 720 1044 1348 588 1137 1532 948 1095 561 1178 912 1161 1159 1135 1274 806 894 656 829 825 1718 1195 1556 1522 852 1074 1248 864 515 648 991 1125 1082 577 733 999 1129 1415 945 1156 1940 1031 1034 1237 1687 1808 981 1070 672 1277 1114 1862 774 1121 1141 1322 1053 1306 1153 965 1107 1723 1519 1692 618 671 1580 583 856 1114 1058 1015 983 553 1703 1774 826 1533 752 1681 841 783 817 790 768 1315 1116 1238 1454 1349 986 1570 1311 1227 876 1581 655 786 1322 1616 1661 727 1725 730 728 1802 1391
861 1215 1379 877 1265 895 879 1857 1081 1039 1155 544 656 920 1396 860 1883 1242 360 1904 955 1140 1668 1556 1136 1817 1300 975 813 662 2066 1707 1118 839 1165 2043 798 922 1727 1095 940 1654 850 1063 660 1491 1735 1996 1263 900 1145 760 1750 938 1222 1166 1747 1006 1929 2023 698 1137 872 1415 870 1582 1526 1893 836 1027 998 2109 1182 1383 932 856 909 1294 961 617 909 1082 1410 462 1293 1009 2056 501 730 1149 861 1150 705 1716 1858 1041 1153 540 1970 1710 857 1374 1531 803 902 931 977 983 1348 1248 1148 931 776 964 771 1849 717 1229 2013 689 1049 930 899 1694 969 1441 1261 1466 1045 1925 884 1128 1776 1168 1036 794 889 1043 853 661 821 842 1130 1324 1209 950 1889 1094 1121 1190 1096 947 913 2020 1516 1155 1225 1196 1293 934 809 1326 1788 1140 1170 1294 1436 1638 1612 774 1673 700 1194 593 1806 890 1251 1211 710 1878 1074 899 1119 834 950 854 997 925 1702 675 1099 1439 1242 1584 654 1469 1415 1355 1582 825 952 922 858 1185 1050 1009 1292 1320 569 1616 720 1948 1083 1626 1282 1544 941 766 1743 819 779 1504 780 789 1314 1150 1176 945 799 1482 1236 762 1138 1530 786 963 1432 1082 995 1325 646 701 1059 804 1433 893 612 791 846 1232 663 1227 1047 635 1785 1289 1186 718 1719 958 686 531 461 660 1845 1798 915 860 1105 954 1465 1456 1676 1078 804 1732 1795 1171 1491 896 888 781 994 801 901 949 871 1252 850 1747 729 564 705 617 1556 1016 637 875 807 1403 964 1199 1364 830 782 875 1527 923 1306 947 859
1305 1422 902 2190 1146 1486 2390 1887 2320 1267 1720 1997 1846 1467 1439 1409 491 1049 1904 360 2117 1639 1286 985 1154 1212 1401 1432 1507 1649 1172 566 1181 1433 1123 1138 1469 2453 1712 1704 1324 725 1661 1274 1621 1902 594 780 1389 1516 1344 1529 791 1489 1221 1537 1886 1288 621 810 2144 1203 2380 875 1760 971 1608 1086 1448 1326 2419 1016 1087 1047 1378 1432 1378 1034 1328 1706 1372 1375 1206 1892 1273 1286 838 1773 1534 1165 1404 1687 1889 860 906 1505 1461 1970 1335 1537 1586 903 908 2318 1384 1346 1319 1327 930 1108 1751 1356 2313 1356 1505 1717 1549 1059 754 1602 1459 1716 1512 761 1340 1923 1885 1357 1690 870 1380 1333 1095 1103 1708 1469 1392 2521 2395 1659 1446 1444 1641 1575 1092 1421 1002 2357 1610 1361 1193 1328 1365 1184 1889 2289 1202 2008 973 1582 1510 1123 590 1392 1278 1131 2094 1279 1939 1519 619 1721 1553 2007 704 1613 1987 1166 1563 634 1357 2187 1182 1835 2479 1464 1271 1374 1705 1644 1205 1083 1271 2161 1715 795 891 2055 1063 1894 1794 1370 1448 1110 1245 1699 1651 1116 1821 1662 1567 885 1180 1149 1183 1211 1640 1693 1161 1446 1506 761 1483 1474 2116 1563 2214 2044 1475 1528 1568 1504 1194 801 1679 1595 1222 1182 1292 1229 1731 2103 1381 1697 2360 1546 1717 1782 2307 2284 1615 1659 1230 1876 1295 2329 1164 1810 976 1803 1654 1935 1824 1608 703 1802 2054 2374 1167 1360 1839 826 954 1523 1744 740 988 1094 1991 2441 1408 2124 1301 2346 1407 1347 1413 1114 1413 1221 1690 1856 2054 1960 969 2072 1998 1738 1481 1880 1343 1160 1570 2213 2326 1401 1998 1345 1022 2426 1923
1102 1116 1683 524 1689 1002 1232 1475 1614 1444 1735 1109 720 1016 1922 1160 2139 1583 955 2117 360 914 1538 1589 1500 2278 1816 1046 1294 934 1990 1910 1310 1138 1519 1977 1196 1204 1405 1674 1280 1785 819 1207 994 1065 2013 2329 1165 966 1633 1036 2101 1452 1671 1713 1352 1218 2051 2080 705 1275 1236 1723 1456 1614 1249 1840 1102 1155 1438 2097 1428 1787 1128 1287 1150 1443 1364 1165 1163 1105 1371 1057 1260 1219 2105 1041 1105 1536 1227 885 655 1768 1876 981 1680 1117 1821 1465 1399 1673 1614 862 1149 1192 1385 1172 1557 1644 834 1169 937 1140 1206 1535 1080 1569 2336 986 1567 763 971 2032 1161 1001 839 1327 1621 1955 1243 1150 2211 1407 1615 1158 1149 892 1014 1190 1145 1101 907 1088 1391 1062 2293 601 927 1149 1305 1329 1309 1934 1099 571 1284 1792 1539 894 1016 1377 1938 1106 1207 1360 916 1513 1179 1036 1940 1271 1011 729 2130 1445 766 1629 1047 1997 1120 1444 1498 1429 1232 1052 1270 1140 1381 930 1285 1460 1237 1059 1216 1706 1585 1950 2011 590 1542 1151 1074 1377 1253 1587 1015 1742 1159 1312 1013 2316 1383 1563 1317 1466 838 808 1662 1157 1057 1758 1159 1154 769 978 1752 437 1103 2024 1027 1109 1543 1850 1352 884 1376 1370 1221 1306 838 1240 1096 790 839 934 1165 707 745 637 1004 1797 1287 714 2266 694 1312 1310 1720 686 904 784 1035 1033 1941 1443 424 1214 1351 1390 1069 1749 2075 977 1387 1832 2202 1431 1023 1082 1117 572 1205 1021 1105 1166 1126 1363 1196 1641 829 786 620 699 1597 462 1213 738 1071 984 1390 1317 1124 612 1019 1277 1059 1214 1454 831 555
828 580 1310 1048 1427 722 1611 1082 1857 1213 1706 1323 866 711 1761 943 1687 1259 1140 1639 914 360 985 1058 1214 1996 1652 691 1193 885 1435 1439 926 933 1220 1422 1052 1619 947 1647 1040 1283 652 822 933 767 1583 1921 622 682 1455 885 1722 1346 1440 1612 979 888 1533 1539 1126 859 1609 1347 1485 1081 750 1285 890 781 1769 1544 1055 1490 833 1135 883 991 1155 1192 902 664 829 1218 731 888 1562 1120 993 1264 1037 408 851 1234 1330 548 1551 1315 1275 949 1345 1296 1102 1325 888 919 1175 845 1129 1361 472 888 1372 818 1093 1071 974 1247 1920 901 1444 576 687 1648 843 742 623 772 1597 1411 1038 687 1905 1034 1599 1002 901 1430 1463 1185 959 884 370 552 976 734 1950 1144 396 638 938 1112 1113 1380 781 1037 805 1868 1141 592 820 875 1437 616 734 870 855 959 875 872 1510 1301 457 1040 1727 1403 712 1371 942 1480 692 1673 1228 1498 1649 815 972 856 921 871 904 933 728 967 1247 1277 1125 2010 1716 764 1574 872 836 973 900 1571 512 1470 1260 837 899 1938 1070 1010 816 912 561 735 1107 976 891 1335 1015 1000 841 436 1918 838 926 1880 475 967 1289 1468 1352 553 829 1050 902 778 857 1481 674 696 1082 663 1200 723 1245 1013 941 1735 952 898 2010 1054 875 1385 1174 601 845 1022 1153 972 1416 1018 864 1591 1001 1207 720 1356 1743 504 1417 1314 1867 1069 813 1529 861 1030 881 1445 833 868 888 902 1001 1087 775 948 1003 974 1069 837 1406 633 880 694 1196 871 593 1113 1434 1100 839 958 1000 1354 766
1125 820 1255 1673 1507 1136 2178 960 2334 1401 1987 1836 1445 1111 1896 1265 1384 1303 1668 1286 1538 985 360 699 1331 1942 1803 1057 1521 1369 814 1141 1050 1274 1316 804 1392 2201 787 1940 1290 943 1205 1026 1388 1047 1348 1674 769 1128 1633 1299 1557 1625 1558 1839 965 1118 1081 1007 1734 981 2174 1276 1852 699 729 684 1249 1038 2304 949 1114 1505 1145 1435 1191 939 1390 1620 1203 950 641 1719 742 1115 1019 1599 1384 1382 1339 1012 1449 786 796 995 1760 1820 662 611 1672 1241 802 1935 1200 1198 1400 1110 1044 1432 1066 1177 1973 1111 1444 797 1378 1299 1658 1354 1681 1178 1129 1486 1121 1088 1129 574 1899 873 1325 908 1829 1105 1908 1353 1217 2054 2064 1592 1304 1241 993 814 1010 1089 1810 1760 978 838 1079 1354 1377 757 1023 1637 854 2220 1113 1109 1235 788 1056 888 879 821 1279 390 1049 1282 1287 1705 892 1630 1518 1727 1241 1473 1362 1039 963 2156 1361 1894 2232 1198 1189 1163 782 1355 1050 696 799 1302 1663 1127 970 2335 1685 1381 1929 1174 1203 1029 1089 1885 894 1525 1720 754 1332 1741 1212 503 796 506 1127 1283 510 1317 1288 1177 1371 1354 1354 930 2336 1462 1295 2017 870 1346 1421 1351 1721 1090 611 1194 1136 722 1390 1989 974 1256 1591 1137 1631 1314 1865 1590 1391 1980 1133 1480 1992 1619 945 1804 673 1224 1342 1593 1645 1410 963 875 1489 2158 1127 1450 990 1253 1651 969 1797 906 1752 1139 1144 2128 1194 1650 1123 2038 1169 1151 1222 896 1317 467 1310 1510 1613 1566 716 1454 1896 1230 1263 1058 1431 927 783 1735 2025 1389 1139 1233 936 1976 1388
947 839 929 1695 1199 1035 2076 1286 2153 1136 1721 1702 1398 1011 1587 1083 1067 999 1556 985 1589 1058 699 360 1048 1604 1501 960 1304 1257 893 815 825 1098 1027 864 1197 2115 1104 1681 1067 621 1170 854 1257 1279 1014 1347 796 1047 1347 1158 1218 1377 1257 1560 1271 925 836 852 1704 784 2069 946 1630 386 983 718 1088 889 2168 912 842 1182 986 1215 1017 664 1146 1445 1023 865 592 1584 690 922 880 1457 1217 1094 1134 1101 1421 538 663 971 1478 1681 893 939 1442 916 463 1899 1026 1008 1151 937 730 1125 1166 998 1919 953 1247 1133 1219 997 1334 1227 1414 1189 1045 1147 951 1302 1282 732 1645 735 1115 815 1490 840 1657 1169 1042 2061 2008 1409 1125 1081 1063 960 753 972 1471 1828 1035 800 854 1118 1148 858 1264 1733 695 1976 807 1075 1108 592 760 845 762 622 1479 682 1315 1142 951 1511 963 1580 1183 1492 1390 1173 1214 784 861 1986 1080 1684 2145 1062 971 996 1093 1246 836 489 714 1538 1479 791 645 2076 1350 1389 1697 1003 1058 777 884 1637 1040 1210 1557 1043 1197 1407 956 557 644 591 1119 1229 636 1134 1141 839 1188 1172 1516 984 2121 1512 1132 1706 969 1179 1134 1013 1508 1073 602 941 940 643 1309 1843 882 1217 1761 1069 1457 1294 1855 1711 1256 1701 911 1432 1656 1751 736 1611 525 1262 1244 1525 1508 1265 718 1199 1531 2057 881 1203 1216 918 1312 971 1584 621 1412 866 1369 2066 1033 1649 935 1971 1016 975 1054 670 1121 682 1243 1439 1594 1521 377 1525 1742 1226 1113 1261 1183 720 950 1739 1955 1169 1375 1034 656 1973 1409
648 1078 612 1522 572 888 1600 1806 1542 473 1034 1208 1162 885 937 699 1114 467 1136 1154 1500 1214 1331 1048 360 1152 837 888 712 940 1568 978 671 722 391 1536 701 1667 1625 996 581 1000 1064 759 892 1607 963 1222 1088 932 661 826 980 714 597 872 1741 686 1244 1387 1423 751 1589 643 985 1066 1434 1399 758 793 1624 1533 576 649 755 644 718 754 538 916 702 918 1064 1108 1012 686 1423 997 785 413 647 1259 1220 1137 1289 1026 791 1180 1578 1510 801 610 967 1573 717 676 525 731 690 509 1310 704 1553 761 725 1704 806 455 1238 887 728 1162 926 920 735 1593 1471 1222 965 1330 626 915 1075 587 979 720 713 1798 1629 868 719 759 1210 1280 683 849 1153 1723 1178 1002 649 550 583 1540 1612 1704 870 1298 610 1032 844 906 1094 989 896 875 1704 1304 1697 824 906 927 1177 1285 1030 838 1539 519 832 1201 889 1398 393 1054 1692 814 606 736 1605 941 686 997 961 1822 921 742 782 1389 876 1271 1036 722 791 666 676 961 1317 616 1029 1526 855 1188 505 1215 916 1186 1095 1053 1318 710 804 758 728 725 1659 1156 1467 1442 760 1060 1217 766 449 754 889 1065 1096 525 673 1003 1037 1308 904 1077 1874 964 927 1156 1587 1734 883 1013 622 1184 1158 1789 767 1017 1200 1254 962 1206 1047 866 1193 1721 1437 1584 586 565 1550 689 935 1070 958 1096 1062 552 1665 1667 749 1439 694 1574 769 716 736 799 671 1354 1031 1141 1359 1253 1037 1492 1204 1154 789 1544 548 782 1302 1520 1554 621 1689 647 759 1701 1310
1440 1832 1070 2278 949 1681 2157 2505 1894 1193 1211 1811 1926 1678 846 1483 1083 1096 1817 1212 2278 1996 1942 1604 1152 360 905 1677 1370 1704 1984 1218 1431 1503 1141 1949 1443 2244 2319 1235 1363 1394 1855 1534 1647 2372 1012 875 1829 1725 1032 1603 786 1241 968 1075 2463 1474 1459 1653 2145 1503 2143 1040 1416 1607 2153 1859 1543 1576 2090 1856 1304 866 1548 1356 1510 1419 1274 1560 1494 1692 1735 1751 1729 1474 1683 1679 1535 1109 1410 2043 1988 1580 1690 1811 1049 1783 2097 2171 1331 1084 1501 2256 1509 1468 1252 1521 1283 1003 2096 1496 2213 1552 1442 2369 1559 1109 913 1652 1136 1955 1719 839 1526 2365 2257 1909 1256 1681 1395 1678 479 1324 1275 1479 1504 2500 2270 1516 1493 1546 1992 2032 1397 1640 597 2489 1960 1754 1418 1309 1329 1983 2372 2486 1595 1466 1238 1825 1631 1584 1359 1754 1644 1566 2490 1923 2450 1604 1047 1501 1946 2014 867 1315 2330 1010 1592 1453 1664 1830 1147 1495 2261 1605 1398 1529 2303 1708 1452 1627 1691 2601 1532 1176 1339 1440 640 2053 1393 1515 1581 1394 1457 1286 2082 898 1641 2235 1624 743 1291 1801 1620 1816 1888 1837 1866 1481 1582 1125 1480 1484 2451 1931 1710 2225 1536 849 1982 1529 1096 951 1421 1856 1764 1309 1464 1704 1802 1844 1682 1865 2667 1756 1566 1940 2302 2522 1637 1118 1406 1941 456 2578 1500 1543 1691 2046 1734 1933 1716 1612 1502 2417 2216 2147 1355 1251 2312 1054 652 1851 1445 1473 583 1288 2438 2290 1541 2188 1484 2209 1561 1508 1525 1501 1442 1920 1811 1885 2105 1997 1587 2279 1758 1945 1572 2317 1249 1510 2047 2261 2187 1361 2459 1437 1416 2405 2093
1063 1544 952 1790 663 1297 1612 2279 1371 801 698 1273 1456 1303 469 1076 1307 862 1300 1401 1816 1652 1803 1501 837 905 360 1321 881 1248 1996 1292 1145 1090 848 1962 993 1699 2101 705 971 1390 1444 1220 1186 2056 1168 1257 1558 1340 556 1170 1035 727 605 533 2211 1135 1577 1752 1636 1224 1597 952 871 1516 1906 1836 1134 1246 1550 1927 1052 721 1179 900 1129 1224 857 1043 1110 1375 1540 1224 1488 1136 1787 1168 1079 784 985 1693 1521 1558 1701 1465 508 1246 2035 1987 802 962 1409 1729 1124 1093 837 1172 1131 736 1735 1124 1680 1196 973 2180 1104 865 1288 1200 612 1554 1334 1023 1171 2035 1896 1699 717 1726 979 1380 902 1064 736 1039 1113 1976 1732 1004 1070 1139 1646 1743 1159 1278 1048 2007 1617 1470 1120 900 903 1976 2065 2028 1347 984 1055 1442 1218 1381 1436 1450 1367 1351 2124 1776 2154 1176 1149 969 1630 1514 1125 777 1947 690 1140 1547 1346 1290 810 950 1716 1207 1047 1156 2080 1255 1156 1466 1436 2253 1007 1113 1219 1014 756 1606 852 1140 1184 1143 1138 744 1771 665 1109 1999 1179 1158 974 1681 1393 1659 1500 1405 1777 1053 1155 1094 1033 1043 2056 1603 1213 1774 1110 588 1673 1086 747 969 884 1479 1572 994 1118 1480 1341 1299 1357 1440 2247 1367 1047 1502 1786 2079 1175 622 1083 1465 854 2137 1243 1001 1639 1638 1284 1434 1198 1145 1564 2196 1759 1602 1060 810 2003 998 885 1512 902 1488 965 1027 2105 1749 1153 1696 1139 1670 1180 1145 1129 1276 1021 1818 1370 1400 1614 1507 1488 1836 1215 1529 1154 1987 818 1259 1768 1761 1649 924 2132 1053 1227 1883 1648
