140 416 645 669 778 859 867 765 1220 929 966 876 381 550 1062 713 1099 359 714 992 785 592 465 1035 1259 1138 1198 1215 663 709 928 1011 1223 267 800 217 767 338 287 790 670 1351 1340 849 1318 796 1079 1123 1104 616 523 1118 1265 985 327 651 650 713 334 329 982 966 429 463 1043 376 1261 698 562 719 438 998 1187 643 211 666 465 356 715 293 1039 558 426 1323 1035 674 350 1086 902 688 522 247 1371 1235 461 1339 685 425 1282 1378 475 1301 496 1223 560 530 1171 1178 511 1273 924 1141 622 553 250 459 996 995 1296 295 618 743 1054 341 1271 1053 255 361 634 1232 741 511 404 1335 786 210 843 1396 1374 728 794 313 467 1060 1189 1378 973 648 1208 378 830 236 451 274 1214 865 501 1067 775 503 876 642 1038 384 211 534 1182 765 258 1016 944 207 665 202 1325 1184 237 1119 881 1020 892 635 1258 1209 1346 1131 1042 709 421 620 338 554 973 1306 328 1338 1199 1387 315 808 833 373 1145 853 1375 895 990 1098 888 916 223 275 1134 1277 1121 1186 587 347 1216 688 338 1352 806 1097 897 816 363 722 1159 998 446 324 1042 259 219 692 882 1020 958 1004 909 499 681 1104 225 359 571 383 1183 549 531 532 1262 274 1072 1050 987 461 317 326 1234 362 1182 439 420 227 1135 997 801 977 1004 882 565 1098 911 1182 252 1217 1254 547 405 641 355 449 466 1242 715 729 753 276 430 567 1121 987 955 491 428 1363 1067
516 360 1021 960 1068 807 854 812 1544 1240 1216 1068 514 528 1094 812 1452 731 1072 1150 1138 713 841 1136 1259 1163 1355 1425 909 822 1272 1380 1175 520 1173 589 1034 633 583 1165 799 1335 1661 795 1677 907 1068 1492 1123 692 829 1347 1277 1099 698 601 663 760 710 665 1346 1047 561 698 1361 620 1365 821 705 663 625 1092 1467 676 569 955 552 555 678 617 1367 565 384 1546 1411 838 677 1260 1213 835 835 592 1486 1578 807 1713 967 800 1238 1407 792 1628 441 1555 508 660 1452 1316 728 1329 1191 1456 566 704 626 582 963 1330 1630 652 644 717 1128 680 1507 1334 589 414 787 1454 689 525 651 1400 1035 584 899 1637 1530 1086 1120 552 611 1272 1138 1628 1206 754 1487 576 1198 605 435 545 1434 1073 502 1065 721 618 1149 804 1359 395 565 633 1470 1015 541 1211 1316 572 771 577 1282 1140 571 1116 1163 977 856 932 1594 1526 1705 1272 1174 964 796 972 497 858 962 1373 486 1399 1192 1358 560 980 885 448 1520 1163 1427 854 990 1043 1262 936 575 582 1218 1357 1490 1531 585 605 1570 1064 665 1645 876 1431 1238 764 602 715 1513 1086 796 498 1174 527 588 701 1249 975 1302 1380 1233 592 824 1144 554 584 854 753 1547 728 475 788 1206 503 1020 1359 1347 820 532 531 1316 738 1530 811 778 562 1152 1356 942 1265 1148 1254 819 1203 1246 1132 526 1283 1198 889 738 977 614 505 720 1399 663 1016 917 607 663 800 1182 1314 1272 867 727 1572 1188
745 1021 360 825 883 1460 1430 1277 1116 919 1110 1164 951 1141 1574 1190 929 655 593 1333 678 1066 540 1442 1802 1655 1493 1423 944 1172 821 770 1820 864 536 793 955 810 821 512 1111 1912 1256 1454 1092 1242 1640 874 1628 1128 754 1278 1781 1379 691 1254 1215 1234 673 756 771 1411 966 887 1008 856 1638 1151 1037 1324 934 1420 1216 1187 812 830 1022 902 1310 793 945 1132 1031 1491 756 1083 758 1364 898 1100 752 797 1722 1089 654 1067 875 588 1875 1877 744 1181 1102 1095 1165 1030 1198 1508 924 1725 1038 1096 1228 1012 755 996 1581 888 1155 740 1170 1329 1512 742 1394 1123 803 967 1058 1392 1344 1089 862 1785 1008 797 1336 1493 1671 599 780 865 975 1291 1791 1455 1155 1134 1233 907 622 777 1052 852 1403 1145 1086 1610 1379 1018 992 1064 970 989 815 1050 1188 993 846 1267 693 809 1146 804 1917 1778 815 1660 967 1610 1482 816 1110 1127 1117 1460 1398 949 586 618 919 777 1538 1739 917 1779 1743 1954 860 1165 1343 970 861 868 1843 1490 1534 1704 619 1442 808 820 1573 1710 863 1016 1162 843 1010 405 757 1326 1286 997 787 1417 868 1289 962 1443 651 911 1398 857 795 1248 665 1613 823 719 860 1033 1115 1591 827 881 813 642 944 978 1136 857 1867 880 1675 1041 780 625 883 894 1667 644 1021 584 654 821 1650 793 1206 1047 1366 635 886 1509 845 1780 855 1674 1860 662 713 673 841 1027 861 1530 1317 862 1121 790 872 921 1592 933 942 516 774 1558 1457
769 960 825 360 469 1280 1151 950 952 643 674 702 1004 975 1681 1342 1392 735 652 1605 1132 755 761 1008 1859 1754 1028 1785 1239 1338 1282 1216 1742 832 841 834 1307 947 760 951 750 1934 1720 1348 1158 1425 1668 1306 1717 838 506 839 1408 942 831 1186 1255 925 802 907 1230 1003 781 1074 1459 700 1185 1326 1190 1220 1066 996 878 921 824 368 1087 986 1274 902 786 933 982 1876 1148 1295 925 899 617 717 1049 866 1260 1553 606 1451 1218 814 1812 1998 1012 1038 1029 972 1094 1159 861 1046 1124 1303 619 1552 1126 709 800 1087 1556 762 1048 740 922 1317 1683 905 980 1542 875 927 698 956 1185 910 1020 1963 1345 819 978 1098 1981 660 554 774 748 1636 1691 1074 703 1277 898 1007 1086 796 1029 903 1775 1454 925 1281 1225 776 570 1265 768 948 829 793 875 1325 813 802 1136 824 1294 827 1856 1715 866 1324 571 1374 1448 1157 1018 929 1186 998 945 1270 749 1020 823 1085 1563 1306 837 1348 1406 1642 766 1420 1457 973 1153 568 2002 1441 1213 1567 1052 1107 850 900 1764 1907 1045 975 957 718 1040 861 691 1047 923 1460 696 1243 988 1039 983 1627 622 943 945 830 838 989 1127 1383 759 1090 651 807 1307 1202 829 987 466 840 1060 663 1042 540 1695 878 1573 1485 861 911 792 954 1864 784 1485 834 900 856 1284 864 1424 1463 1623 1086 1148 1726 1299 1560 841 1846 1705 1007 629 518 708 1061 1067 1065 1160 419 700 754 659 1164 1749 1386 1384 754 603 1929 1692
878 1068 883 469 360 1371 1225 1017 855 547 587 690 1114 1074 1791 1452 1440 837 675 1710 1199 838 849 1020 1967 1864 989 1880 1339 1447 1345 1250 1842 942 863 943 1401 1054 869 992 817 2040 1779 1447 1095 1534 1776 1332 1826 920 615 756 1446 953 935 1291 1364 998 905 1012 1274 1033 884 1181 1529 809 1173 1435 1299 1321 1175 1015 768 1005 934 474 1197 1095 1380 1009 701 1028 1091 1967 1164 1402 1030 860 524 777 1146 974 1234 1603 706 1456 1312 908 1912 2107 1111 941 1135 882 1200 1269 752 1021 1230 1316 521 1619 1228 797 908 1197 1661 688 957 848 1010 1424 1793 1010 885 1624 984 1036 770 871 1281 1010 1127 2073 1441 929 1033 999 2083 679 513 883 848 1733 1788 971 633 1387 789 1116 1138 905 1138 1013 1869 1554 1025 1338 1320 872 471 1372 676 1056 939 886 765 1422 923 758 1171 934 1404 936 1956 1816 975 1378 463 1454 1553 1250 931 828 1122 976 939 1368 843 1101 932 1181 1671 1312 946 1355 1458 1699 876 1525 1567 1083 1142 480 2112 1544 1274 1660 1086 1166 960 1008 1873 2016 1014 900 1052 828 976 913 800 938 978 1520 646 1335 1096 1122 921 1736 723 1053 938 940 947 1072 1175 1464 703 1103 575 904 1415 1236 938 1095 574 938 1013 752 1147 643 1781 988 1670 1558 826 1004 901 1064 1973 885 1532 927 997 966 1327 825 1532 1546 1729 1126 1250 1835 1367 1640 951 1955 1795 1097 737 572 818 1171 1172 1022 1256 411 738 864 765 1268 1859 1455 1458 839 713 2024 1800
959 807 1460 1280 1371 360 610 780 1867 1558 1440 1220 931 684 1107 1051 1894 1164 1472 1399 1583 895 1280 1095 1141 1139 1389 1722 1291 1077 1711 1828 859 956 1600 1034 1423 1074 1001 1608 940 1147 2078 531 2063 1133 952 1940 1095 815 1188 1520 985 1097 1144 637 830 767 1154 1111 1794 985 880 1105 1780 991 1288 1090 1039 551 1023 1048 1715 730 1010 1273 912 983 679 1063 1706 711 805 1853 1854 1153 1122 1343 1534 988 1267 1040 1416 2013 1210 2158 1372 1245 936 1358 1228 1953 734 1892 687 1000 1704 1317 1118 1146 1445 1871 613 933 1067 954 788 1681 1968 1081 721 724 1234 1127 1675 1719 1037 861 972 1600 478 744 1074 1440 1407 1026 835 1804 1736 1485 1469 959 899 1581 793 1813 1402 1025 1735 997 1645 1043 806 992 1742 1398 740 769 450 865 1416 1127 1686 842 1008 846 1734 1390 974 1340 1763 1014 1034 1020 979 851 1019 808 1445 550 713 1350 1939 1838 2091 1289 1192 1349 1234 1417 902 1285 882 1209 903 1216 856 951 964 1274 1010 881 1951 1486 1433 679 723 651 1707 757 1021 1029 1324 1436 1902 1893 684 992 1949 1504 1074 1906 861 1862 1604 403 1032 621 1891 1229 1203 940 1192 964 1033 669 1697 541 1669 1820 1572 836 1118 953 995 1014 1184 1200 1946 979 694 1104 778 949 684 1770 1741 1268 939 970 1404 1180 1970 1258 1225 1008 896 1748 1203 1659 1375 1701 1219 1354 1679 684 967 1341 784 1332 1138 1353 998 873 1133 1428 504 1323 1064 1031 1004 1188 1247 1740 1692 1304 1101 1857 1371
967 854 1430 1151 1225 610 360 572 1711 1410 1250 1015 1006 686 1342 1220 1926 1142 1389 1577 1612 757 1257 848 1390 1380 1146 1884 1398 1242 1754 1826 1094 960 1544 1044 1526 1123 977 1582 768 1397 2155 776 1949 1311 1200 1936 1335 677 1093 1308 790 856 1152 801 1004 586 1152 1145 1805 738 824 1191 1854 933 1038 1250 1167 738 1114 802 1526 605 1016 1142 1019 1050 878 1097 1566 668 864 2011 1825 1295 1161 1111 1388 811 1327 1061 1166 2061 1148 2137 1461 1241 1173 1604 1282 1797 812 1744 800 1124 1517 1071 1218 907 1269 1950 739 808 1066 1058 1037 1550 1819 1058 619 932 1452 1159 1458 1827 1062 899 815 1378 629 716 1146 1676 1522 1030 600 1584 1934 1401 1345 934 817 1735 1022 1598 1203 1181 1545 1070 1650 1040 890 1028 1898 1541 728 572 643 774 1248 1265 1539 888 1015 745 1552 1504 971 1121 1754 1020 1194 1027 1213 1093 1040 622 1282 594 955 1427 1795 1677 1977 1045 951 1455 1212 1447 889 1352 1124 967 898 979 697 884 937 1430 1214 942 1892 1345 1674 924 501 870 1688 507 1037 1063 1544 1664 1817 1763 640 946 1831 1475 1032 1718 639 1919 1486 606 1097 504 1774 1437 1146 991 951 967 1044 541 1701 608 1550 1782 1437 757 1268 712 1001 1079 1069 1207 1846 854 773 992 941 973 924 1854 1643 1289 919 1025 1630 1172 2009 1258 1247 1026 677 1647 1370 1759 1560 1693 1312 1563 1733 779 976 1572 968 1371 1081 1256 948 972 1214 1184 633 1183 873 1010 925 1290 1475 1805 1765 1278 1028 2025 1571
865 812 1277 950 1017 780 572 360 1500 1201 1038 806 962 659 1441 1245 1806 1006 1206 1595 1497 572 1116 707 1530 1491 980 1877 1354 1260 1646 1684 1279 862 1373 942 1473 1045 856 1429 561 1556 2065 919 1748 1340 1333 1791 1447 512 911 1103 867 691 1040 867 1049 412 1033 1053 1672 604 697 1140 1768 790 929 1263 1156 836 1074 660 1314 496 913 942 1002 994 962 1010 1358 608 830 1998 1665 1288 1072 923 1180 601 1245 968 1055 1950 985 1978 1398 1114 1357 1728 1198 1585 805 1534 824 1111 1305 917 1176 878 1056 1866 791 627 953 1034 1179 1345 1609 929 527 1018 1523 1065 1256 1769 971 839 612 1180 742 647 1087 1771 1481 925 447 1384 1969 1218 1144 816 670 1724 1212 1396 992 1193 1333 1018 1515 927 872 949 1886 1525 669 697 773 628 1036 1256 1329 837 914 595 1339 1461 867 920 1609 917 1209 924 1399 1270 948 745 1071 807 1083 1355 1586 1465 1775 883 782 1407 1074 1336 789 1275 1244 921 803 947 829 1055 817 1430 1276 896 1715 1138 1781 1058 625 1064 1536 525 941 979 1616 1746 1628 1557 596 810 1629 1322 891 1506 444 1819 1286 759 1035 529 1572 1495 986 928 783 869 944 498 1566 820 1349 1618 1231 626 1271 700 901 1020 878 1090 1650 668 777 805 1151 890 1105 1775 1449 1178 808 962 1709 1046 1893 1134 1140 933 735 1453 1385 1696 1587 1549 1260 1619 1634 991 880 1660 1175 1271 924 1068 809 953 1157 1021 730 978 660 886 765 1246 1560 1711 1681 1133 864 2024 1616
1320 1544 1116 952 855 1867 1711 1500 360 669 858 1096 1561 1567 2241 1877 1523 1241 903 2079 1400 1332 1195 1418 2436 2318 1257 2179 1690 1867 1508 1303 2335 1401 977 1379 1712 1466 1328 1129 1303 2519 1886 1940 730 1948 2250 1335 2284 1415 1074 920 1877 1358 1333 1776 1826 1487 1303 1415 1361 1465 1373 1581 1708 1285 1498 1850 1719 1812 1597 1430 660 1500 1378 959 1645 1531 1862 1429 542 1523 1565 2240 1155 1800 1429 1158 694 1260 1491 1404 1510 1677 1119 1346 1630 1266 2404 2557 1469 446 1617 423 1683 1697 652 1327 1627 1699 813 1780 1717 1293 1338 1636 2145 593 475 1284 1506 1901 2217 1408 908 1859 1414 1505 1261 970 1776 1503 1537 2497 1763 1369 1503 927 2427 893 786 1352 1340 2048 2283 868 926 1814 658 1547 1285 1343 1608 1453 2157 1898 1517 1803 1816 1367 825 1774 544 1527 1383 1381 608 1748 1380 1070 1243 1377 1830 1377 2449 2307 1411 1838 789 1944 2037 1569 476 412 748 1297 1307 1701 1214 1375 1406 1521 2144 1674 1418 1719 1913 2159 1344 1902 2011 1543 1016 744 2545 2031 1746 2156 1170 1637 1397 1438 2289 2430 840 542 1547 1299 642 1117 1249 619 1450 1653 697 1830 1519 1616 627 2154 1135 1503 1307 1397 1382 1565 1296 1955 653 1095 671 1398 1822 1667 1387 1523 1056 1314 759 1248 1633 1132 2276 1443 2165 1751 736 1347 1372 1505 2387 1274 1605 1277 1358 1406 1770 723 1929 1787 2108 1229 1617 2237 1554 2129 1405 2381 2290 1412 1176 938 1289 1627 1564 1270 1751 904 1204 1314 1249 1645 2290 1633 1663 1173 1177 2310 2191
1029 1240 919 643 547 1558 1410 1201 669 360 635 833 1270 1258 1951 1598 1430 964 685 1830 1233 1025 943 1167 2137 2026 1075 1968 1447 1590 1366 1223 2026 1103 838 1091 1490 1190 1030 988 1002 2215 1784 1631 926 1675 1948 1287 1990 1108 773 773 1611 1102 1061 1469 1529 1185 1030 1142 1261 1196 1065 1312 1561 980 1290 1576 1442 1503 1317 1170 657 1193 1086 650 1354 1244 1557 1149 518 1214 1262 2045 1108 1534 1158 955 387 960 1248 1119 1331 1592 835 1373 1403 1011 2096 2267 1219 755 1311 694 1377 1415 639 1126 1360 1460 562 1645 1409 985 1052 1349 1839 522 770 995 1198 1598 1939 1137 852 1682 1129 1204 957 872 1467 1194 1263 2221 1536 1079 1212 939 2193 681 507 1051 1031 1828 1974 897 704 1533 674 1263 1146 1054 1307 1164 1952 1661 1208 1516 1506 1057 548 1506 488 1225 1091 1072 632 1519 1083 853 1148 1086 1550 1087 2140 1999 1123 1554 505 1640 1731 1341 744 646 952 1086 1071 1467 952 1167 1103 1281 1843 1447 1115 1492 1633 1876 1043 1648 1723 1246 1042 437 2264 1724 1454 1847 1064 1346 1109 1154 2016 2159 890 722 1238 996 807 936 954 789 1158 1533 535 1522 1238 1310 756 1879 852 1210 1070 1101 1095 1259 1173 1651 564 1044 431 1089 1551 1400 1094 1240 748 1052 866 939 1326 823 1969 1147 1856 1597 707 1102 1070 1216 2116 1005 1520 1026 1104 1117 1496 702 1664 1606 1853 1114 1365 1971 1399 1826 1110 2104 1982 1183 884 660 986 1332 1299 1100 1442 595 913 1020 942 1388 2009 1485 1500 926 876 2108 1931
1066 1216 1110 674 587 1440 1250 1038 858 635 360 603 1290 1181 1951 1634 1661 1048 893 1914 1427 914 1073 920 2106 2019 800 2099 1553 1633 1572 1465 1932 1115 1075 1133 1622 1253 1047 1212 859 2164 2004 1544 1182 1721 1909 1540 1979 989 814 528 1379 860 1143 1414 1520 1037 1115 1216 1493 970 1017 1381 1757 971 1019 1623 1488 1428 1365 932 636 1071 1119 674 1370 1280 1510 1206 773 1127 1240 2190 1365 1599 1235 681 633 812 1364 1167 1056 1824 921 1642 1532 1128 2006 2264 1326 936 1272 907 1331 1453 627 853 1430 1204 437 1847 1344 893 1104 1377 1780 793 974 1044 1086 1558 1971 1216 666 1851 1176 1194 832 644 1367 1121 1325 2248 1659 1117 1024 789 2291 895 709 1050 970 1950 1871 773 431 1569 655 1303 1362 1095 1291 1198 2089 1767 1142 1316 1406 981 478 1568 727 1212 1124 984 662 1640 1099 581 1387 1120 1587 1124 2050 1913 1164 1347 510 1485 1673 1471 963 813 1207 815 812 1584 1063 1328 1088 1399 1807 1185 1105 1230 1421 1667 1043 1728 1736 1249 1314 631 2281 1659 1264 1731 1301 1157 1148 1200 2055 2197 1165 971 1144 996 1067 1139 990 828 975 1746 803 1409 1289 1179 1021 1919 937 1230 811 1115 1137 1130 1397 1498 839 1302 702 1014 1607 1169 1121 1285 757 1154 1138 856 1275 798 1829 1164 1757 1786 981 1225 1065 1246 2155 1098 1753 1148 1214 1152 1274 976 1727 1773 1929 1345 1461 2024 1595 1668 1128 2130 1851 1320 938 800 985 1337 1376 826 1346 620 738 1049 919 1474 2032 1682 1686 1064 899 2244 1994
976 1068 1164 702 690 1220 1015 806 1096 833 603 360 1173 995 1794 1513 1733 1009 990 1824 1462 725 1071 694 1926 1856 695 2048 1495 1517 1614 1558 1717 1005 1181 1048 1585 1174 949 1293 651 1971 2053 1339 1399 1605 1727 1647 1815 785 787 661 1142 629 1092 1233 1367 813 1068 1150 1572 729 868 1300 1782 862 845 1511 1380 1233 1265 698 874 861 1027 696 1245 1176 1331 1127 988 937 1092 2151 1486 1504 1171 573 820 605 1325 1083 918 1893 905 1784 1497 1110 1794 2101 1282 1177 1109 1141 1159 1341 867 704 1347 989 644 1877 1159 724 1030 1260 1587 994 1211 975 882 1384 1837 1154 819 1845 1091 1060 643 753 1160 942 1241 2107 1613 1029 783 950 2207 996 844 937 817 1895 1653 955 548 1450 892 1201 1426 1014 1144 1099 2045 1701 966 1072 1196 812 645 1471 948 1073 1031 804 904 1592 994 503 1478 1029 1468 1034 1837 1703 1073 1104 688 1249 1483 1439 1196 1053 1425 656 608 1536 1047 1334 959 1361 1629 981 977 1025 1178 1424 932 1642 1593 1120 1472 795 2131 1465 1022 1508 1394 915 1059 1111 1925 2065 1343 1192 948 890 1280 1202 918 1065 737 1793 972 1193 1197 958 1229 1793 917 1116 608 1008 1052 912 1468 1263 1023 1427 886 842 1503 931 1024 1188 722 1119 1334 702 1102 716 1596 1053 1542 1804 1154 1203 946 1140 2024 1061 1825 1132 1181 1059 1033 1153 1625 1766 1832 1428 1398 1906 1625 1430 1022 1990 1621 1304 891 860 881 1204 1302 736 1141 683 521 962 806 1403 1890 1712 1703 1072 832 2196 1885
481 514 951 1004 1114 931 1006 962 1561 1270 1290 1173 360 682 1041 703 1324 690 1051 1017 1014 840 780 1277 1239 1117 1478 1277 755 705 1139 1273 1230 534 1118 543 880 510 605 1082 926 1335 1515 880 1651 793 1062 1385 1082 834 860 1434 1430 1236 621 679 631 910 644 558 1232 1193 672 544 1215 680 1506 698 568 760 471 1235 1522 827 543 1000 444 413 720 518 1380 718 501 1396 1322 697 562 1375 1242 956 695 522 1624 1442 802 1614 815 723 1284 1357 657 1642 561 1564 604 527 1506 1446 575 1481 1254 1309 677 818 585 447 990 1336 1637 636 796 738 1041 574 1591 1180 514 485 904 1546 815 676 503 1320 881 551 1049 1719 1399 1064 1136 600 723 1123 1204 1704 1290 640 1542 426 1090 577 485 469 1284 924 655 1217 841 742 1208 664 1379 485 538 765 1519 861 552 1316 1215 543 657 543 1326 1187 511 1268 1215 1111 891 784 1598 1550 1678 1401 1305 810 741 852 574 714 957 1523 555 1550 1343 1501 607 839 814 426 1452 1193 1358 900 1143 1132 1171 1090 524 492 1124 1267 1444 1525 739 654 1551 989 676 1690 1023 1291 1237 890 461 869 1495 988 787 420 1305 535 539 855 1140 1107 1297 1299 1250 723 691 1297 536 443 902 668 1512 831 603 852 1306 486 1092 1210 1320 713 588 418 1224 676 1398 728 673 514 1306 1331 813 1112 1020 1155 666 1096 1108 1254 523 1202 1290 764 746 982 664 436 568 1522 791 1063 1032 610 734 646 1105 1171 1126 807 760 1425 1072
650 528 1141 975 1074 684 686 659 1567 1258 1181 995 682 360 1166 945 1607 845 1148 1296 1293 630 961 1000 1291 1225 1246 1584 1077 960 1432 1521 1127 644 1276 726 1203 796 679 1290 705 1343 1828 733 1743 1040 1092 1632 1182 575 869 1291 1108 972 838 598 754 611 842 821 1493 902 559 867 1528 666 1226 963 861 608 792 954 1448 526 700 968 707 723 696 773 1399 419 541 1707 1536 993 836 1166 1232 750 1000 740 1351 1738 885 1844 1135 933 1198 1467 956 1653 505 1587 531 816 1435 1196 896 1170 1171 1623 524 648 754 743 959 1370 1663 760 495 749 1232 836 1451 1503 740 572 714 1388 575 424 820 1489 1203 715 746 1583 1669 1162 1156 636 586 1432 1076 1581 1157 894 1468 745 1341 729 576 702 1595 1234 415 896 614 563 1135 961 1383 561 699 557 1459 1183 659 1133 1452 704 909 711 1242 1102 719 947 1158 831 852 1100 1631 1542 1771 1156 1056 1133 915 1127 581 1025 993 1217 585 1240 1024 1198 641 1133 984 617 1627 1183 1506 838 821 957 1392 769 718 738 1324 1458 1577 1579 423 667 1631 1185 750 1634 734 1594 1288 642 770 546 1573 1200 878 664 1056 651 727 535 1392 832 1353 1500 1264 530 973 981 685 753 873 893 1623 688 479 795 1101 649 958 1527 1419 970 617 698 1419 866 1688 948 928 706 984 1426 1086 1434 1287 1391 988 1322 1408 1000 658 1376 1103 1048 814 1032 673 659 888 1290 549 1023 835 710 685 968 1275 1478 1439 985 778 1729 1317
1162 1094 1574 1681 1791 1107 1342 1441 2241 1951 1951 1794 1041 1166 360 745 1733 1363 1719 848 1494 1429 1430 1788 614 441 2051 1165 1058 766 1550 1779 916 1209 1750 1222 1148 1142 1282 1671 1509 756 1754 936 2303 714 582 1880 429 1381 1540 2081 1730 1770 1277 935 791 1402 1305 1196 1714 1682 1295 1047 1507 1345 2003 789 897 970 1010 1740 2196 1325 1225 1677 957 1070 839 1176 2060 1226 1070 1293 1881 871 1187 1972 1924 1552 1198 1197 2131 1786 1482 2122 1165 1362 907 676 1194 2322 1045 2243 996 910 2181 1996 1011 1889 1923 1568 1011 1431 1263 965 716 2014 2314 1317 1296 783 542 1207 2241 1352 1188 1118 1510 2185 1076 1213 1078 694 1096 1233 1520 2371 1055 1732 1817 1268 1344 1078 959 2363 1940 800 2217 1055 1615 1258 1020 1149 1202 986 1189 1516 1058 1342 1879 880 2061 1099 1219 1349 2196 1093 1229 1935 1746 1225 787 1225 927 860 1190 1554 1890 1263 756 1193 2274 2231 2329 1959 1858 1093 1400 1378 1224 1186 593 1950 1208 1960 1594 1624 1276 867 592 1068 2047 1874 700 792 1469 1029 1733 1483 1204 1163 607 691 2077 2196 1223 1324 2212 1602 1357 2369 1524 1627 1914 1098 1086 1278 2159 593 1466 1101 1858 1211 1219 1303 1656 1247 1972 1877 1931 1312 830 1693 1217 1080 1577 1308 2158 1461 1052 1518 1185 1164 930 1471 1979 1309 1251 1096 665 1336 1774 1358 1282 1195 1644 1990 784 1330 798 1696 1069 677 1492 1276 1201 594 1134 1296 1427 1663 1334 980 1073 2094 1079 1740 1636 1291 1394 1028 510 1508 1440 1457 1438 1262 731
813 812 1190 1342 1452 1051 1220 1245 1877 1598 1634 1513 703 945 745 360 1382 996 1345 716 1120 1166 1052 1582 984 826 1807 1031 696 391 1194 1405 1130 878 1366 869 810 770 947 1286 1251 1110 1465 918 1921 455 854 1510 803 1141 1196 1778 1649 1549 904 783 581 1196 934 822 1344 1487 1005 664 1188 1024 1810 414 518 862 640 1538 1860 1111 878 1339 628 716 734 809 1695 999 789 1162 1499 503 810 1710 1570 1286 814 839 1933 1458 1122 1751 804 983 1158 1048 809 1955 800 1874 786 542 1844 1768 626 1749 1595 1264 841 1152 906 616 866 1647 1944 964 1079 699 701 831 1935 1073 829 813 1237 1889 964 968 701 983 771 883 1332 2063 1084 1357 1458 944 1057 891 1136 2047 1634 424 1881 695 1236 907 740 799 1051 717 943 1427 969 1069 1549 501 1700 801 873 1086 1855 761 894 1656 1368 877 407 875 1192 1075 837 1474 1554 1240 812 821 1902 1871 1946 1725 1626 742 1026 995 914 803 770 1800 896 1820 1535 1639 951 587 520 752 1663 1522 1028 842 1361 1128 1350 1338 852 804 781 924 1692 1820 1008 998 1832 1217 1011 2023 1318 1297 1544 1021 719 1110 1779 645 1106 763 1626 878 865 1115 1279 1229 1600 1493 1571 1044 458 1555 874 717 1243 930 1774 1170 828 1195 1311 829 1051 1162 1598 925 931 748 881 963 1435 977 899 845 1537 1610 512 1030 703 1316 688 753 1142 1328 865 865 1276 912 1076 1301 1008 669 688 1851 952 1402 1366 948 1078 646 773 1173 1110 1078 1100 1168 736
1199 1452 929 1392 1440 1894 1926 1806 1523 1430 1661 1733 1324 1607 1733 1382 360 1160 1127 1315 674 1605 1055 2006 1987 1811 2060 1211 1046 1353 550 580 2139 1326 952 1242 945 1180 1314 809 1661 2123 722 1836 1313 1382 1876 588 1800 1654 1319 1825 2313 1944 1134 1639 1517 1758 1136 1147 529 1967 1473 1165 636 1376 2207 1329 1282 1723 1245 1981 1712 1696 1270 1398 1358 1271 1657 1195 1395 1618 1451 1210 737 1239 1134 1931 1416 1657 991 1227 2291 522 1210 790 938 1052 2175 1979 1026 1558 1520 1478 1568 1303 1695 2077 1168 2282 1585 656 1641 1553 1221 1318 1876 1339 1511 1237 1674 1654 1602 1132 1923 841 1227 1400 1610 1934 1777 1571 1184 1822 998 1256 1875 2006 1518 1126 1314 1356 1496 1148 2131 1959 1713 1354 1726 1259 666 1247 1448 1267 1172 1125 1560 2125 1805 1538 1542 1242 1436 1416 1271 1571 1673 1000 1315 1832 644 1266 1358 1259 2211 2087 1248 2176 1512 2069 1800 931 1466 1554 1326 2029 1967 1003 1095 840 1397 979 1792 2301 1388 2339 2257 2446 1354 1227 1539 1373 925 1399 1898 1821 2047 2084 726 1966 1250 1230 1625 1731 1075 1363 1646 1356 1300 891 1276 1774 1829 520 1263 1852 1222 1782 1279 1529 1203 1315 1967 1319 1242 1750 625 2067 1267 792 1361 1544 1285 2136 1284 1241 1380 1080 1180 1525 1561 1418 2263 1318 2029 688 1149 997 1368 1284 1695 1121 452 1033 1039 1261 2182 1162 1308 810 1366 676 1074 1536 601 2218 1311 1736 2242 922 1254 1237 1357 1388 1134 2096 1752 1425 1686 1282 1407 1114 1686 597 666 1043 1320 1296 1467
459 731 655 735 837 1164 1142 1006 1241 964 1048 1009 690 845 1363 996 1160 360 720 1233 854 805 476 1226 1569 1441 1343 1413 865 987 1005 1044 1542 571 802 511 940 586 526 805 868 1666 1436 1166 1321 1070 1393 1154 1408 854 595 1210 1514 1168 457 969 962 959 427 538 1026 1175 678 707 1149 576 1442 972 839 1034 716 1196 1240 902 523 734 772 653 1034 547 1059 839 743 1509 1051 929 554 1222 937 871 679 528 1542 1307 491 1360 851 470 1601 1677 639 1320 812 1240 877 816 1223 1337 756 1489 994 1247 937 755 468 758 1314 1012 1311 444 883 1061 1337 533 1354 1197 537 678 820 1327 1049 795 658 1618 973 509 1075 1473 1606 733 822 570 696 1263 1507 1448 1068 933 1260 667 870 486 771 581 1405 1079 791 1331 1084 739 944 901 1064 701 527 772 1229 953 551 1139 972 520 949 517 1644 1503 540 1381 940 1315 1211 791 1271 1234 1348 1288 1209 897 430 701 623 715 1288 1513 621 1549 1464 1666 566 1049 1131 691 1149 891 1664 1214 1254 1413 908 1168 529 560 1412 1554 1121 1195 869 557 1220 700 476 1393 1030 1182 910 1121 638 999 1164 1275 474 639 1209 564 513 961 921 1317 969 1015 934 748 946 1336 537 642 657 470 1184 732 844 654 1574 593 1390 1166 990 556 587 632 1511 412 1248 491 532 541 1382 1000 1060 1118 1253 911 773 1366 1002 1485 564 1501 1568 657 477 665 557 763 696 1385 1021 792 916 494 609 790 1409 1085 1066 499 538 1559 1327
814 1072 593 652 675 1472 1389 1206 903 685 893 990 1051 1148 1719 1345 1127 720 360 1535 908 995 654 1300 1929 1798 1303 1650 1146 1332 1045 935 1888 913 550 869 1176 937 849 678 1015 2025 1472 1502 965 1411 1753 1019 1766 1072 656 1058 1687 1234 802 1314 1322 1171 773 883 960 1290 951 1043 1237 841 1475 1314 1187 1369 1069 1286 982 1145 876 659 1132 1012 1386 904 724 1122 1088 1722 856 1259 894 1174 665 991 947 888 1544 1290 625 1159 1091 725 1950 2031 925 976 1152 892 1220 1169 964 1330 1088 1594 818 1323 1270 942 827 1116 1669 670 959 783 1138 1417 1681 873 1165 1357 897 1024 960 1169 1363 1087 1004 1960 1225 864 1248 1261 1887 373 550 884 940 1513 1848 1222 946 1283 999 1025 830 839 1123 941 1632 1356 1093 1543 1401 979 775 1234 743 1047 881 1006 955 1209 892 1072 856 874 1298 872 1994 1852 900 1589 745 1596 1564 1030 917 907 993 1284 1236 1160 679 845 944 978 1648 1598 949 1640 1673 1900 877 1359 1486 1047 871 637 2011 1565 1471 1741 770 1369 887 920 1750 1890 791 836 1151 842 861 612 767 1097 1194 1216 566 1430 993 1260 805 1615 636 998 1236 908 872 1213 863 1602 616 798 627 1003 1283 1485 888 1000 689 775 836 898 1178 760 1889 946 1729 1272 634 803 905 992 1847 743 1219 734 815 899 1560 643 1387 1280 1564 812 1074 1695 1075 1777 912 1845 1891 871 696 500 835 1123 1024 1337 1336 668 987 825 831 1103 1757 1162 1175 630 730 1787 1648
1092 1150 1333 1605 1710 1399 1577 1595 2079 1830 1914 1824 1017 1296 848 716 1315 1233 1535 360 1143 1497 1248 1926 1091 910 2135 694 749 696 1151 1411 1379 1179 1500 1143 764 1021 1237 1382 1583 1238 1278 1253 2050 627 1052 1498 916 1483 1461 2069 2004 1889 1135 1138 935 1545 1165 1058 1338 1835 1329 892 1059 1323 2156 692 808 1214 919 1883 2113 1460 1161 1604 958 1008 1079 1067 1900 1347 1129 827 1543 680 1040 2030 1804 1613 948 1108 2277 1337 1364 1733 826 1179 1384 1032 971 2149 1150 2064 1142 851 2095 2102 843 2103 1865 1105 1197 1475 1170 932 1134 1845 2127 1229 1428 1037 676 1060 2220 881 1099 1139 1561 2184 1318 1313 949 867 704 1160 1682 2343 743 1546 1683 1247 1380 589 1406 2320 1925 761 2132 983 1279 1180 1083 1085 725 560 1288 1782 1321 1398 1816 714 1915 1132 1156 1419 2099 713 1190 1966 1400 1159 746 1154 1408 1321 1114 1829 1813 1585 1116 879 2082 2082 2073 2057 1961 747 1238 1085 1230 918 1011 2153 1211 2174 1889 1981 1252 545 766 1077 1732 1759 943 1151 1718 1434 1412 1694 1129 1077 675 776 1804 1990 1359 1295 1980 1345 1284 2259 1665 1186 1741 1372 989 1465 1934 615 1348 1069 1961 1176 1139 1469 1307 1573 1788 1557 1790 1377 687 1911 1162 996 1517 1137 1899 1486 1181 1484 1610 1131 1345 1017 1753 1092 1238 1044 740 1187 1338 1165 1086 1127 1894 1766 569 876 413 1363 824 582 1087 1655 1162 784 1567 1030 1336 1529 1304 1005 898 2179 1308 1664 1688 1229 1379 802 752 1078 1009 1268 1376 819 512
885 1138 678 1132 1199 1583 1612 1497 1400 1233 1427 1462 1014 1293 1494 1120 674 854 908 1143 360 1299 758 1714 1742 1574 1796 1154 796 1093 513 645 1852 1012 783 928 739 868 1002 632 1361 1870 951 1532 1289 1139 1611 750 1557 1345 1037 1595 2003 1654 820 1332 1226 1448 824 833 586 1668 1162 867 690 1069 1923 1070 998 1415 943 1686 1529 1384 956 1136 1056 961 1358 882 1241 1304 1138 1202 760 983 821 1669 1214 1361 689 912 2015 813 921 991 692 744 1893 1768 719 1454 1208 1368 1259 1013 1511 1804 879 1983 1356 780 1331 1249 908 1017 1593 1182 1418 927 1361 1360 1388 818 1712 819 913 1086 1312 1709 1465 1256 879 1638 799 942 1568 1810 1431 912 1097 1044 1187 1041 1838 1770 1470 1081 1545 951 497 934 1138 953 1127 943 1246 1812 1494 1228 1309 978 1272 1103 957 1261 1498 791 1001 1574 618 952 1088 945 1932 1802 934 1863 1285 1756 1510 660 1372 1418 1309 1755 1685 770 793 526 1083 685 1520 2005 1073 2042 1944 2131 1042 1010 1281 1061 949 1185 1707 1527 1734 1782 632 1655 935 916 1429 1552 1038 1271 1332 1047 1237 656 969 1627 1524 692 1088 1540 913 1468 1200 1314 912 1002 1685 1005 927 1436 525 1754 1113 774 1171 1233 1026 1830 970 931 1101 767 1139 1225 1248 1128 1959 1003 1732 723 1032 683 1056 972 1513 811 757 723 725 947 1872 1046 1078 748 1187 580 794 1350 527 1907 996 1538 1940 610 956 987 1048 1082 836 1835 1440 1174 1397 971 1103 836 1472 615 627 752 1022 1276 1287
692 713 1066 755 838 895 757 572 1332 1025 914 725 840 630 1429 1166 1605 805 995 1497 1299 360 910 804 1561 1491 1001 1752 1208 1174 1450 1475 1379 698 1160 768 1318 885 671 1218 446 1612 1878 989 1553 1260 1363 1580 1449 442 699 1020 1074 758 852 868 1005 535 840 881 1465 735 530 997 1585 592 1032 1172 1048 874 945 766 1186 527 740 747 901 857 966 844 1177 573 737 1866 1452 1178 901 907 1002 482 1073 798 1146 1752 773 1765 1236 915 1453 1735 1026 1418 745 1360 793 1005 1174 965 1040 1046 912 1683 794 414 769 924 1228 1157 1436 735 535 1018 1479 891 1181 1604 804 717 443 1118 814 576 940 1746 1333 749 631 1312 1879 1008 949 638 484 1597 1321 1311 887 1106 1206 883 1309 745 788 794 1755 1398 600 910 853 458 881 1144 1154 725 742 440 1202 1313 696 866 1399 744 1123 750 1497 1359 782 958 909 979 1122 1187 1409 1302 1581 920 824 1257 869 1143 633 1106 1264 1076 651 1109 1042 1265 637 1320 1233 779 1504 956 1767 1106 836 1186 1325 738 771 818 1569 1707 1421 1370 589 617 1435 1111 689 1375 584 1626 1090 861 890 644 1378 1439 774 792 824 704 770 594 1359 988 1154 1405 1045 481 1170 891 731 877 672 898 1448 457 737 595 1303 738 1205 1596 1245 988 637 822 1667 849 1693 936 953 766 943 1250 1290 1529 1498 1339 1111 1557 1443 1164 717 1630 1317 1085 714 860 613 857 1008 1045 792 792 567 697 557 1105 1529 1524 1499 925 652 1900 1541
565 841 540 761 849 1280 1257 1116 1195 943 1073 1071 780 961 1430 1052 1055 476 654 1248 758 910 360 1316 1648 1510 1407 1392 863 1038 911 929 1645 684 697 614 913 649 643 689 966 1752 1348 1275 1235 1117 1479 1038 1480 965 644 1240 1623 1256 519 1076 1049 1070 496 595 915 1272 794 749 1070 688 1525 1020 895 1144 780 1289 1233 1017 632 763 856 735 1135 624 1014 956 851 1478 934 965 603 1282 918 963 664 621 1619 1206 526 1243 824 430 1702 1740 636 1269 922 1186 986 880 1216 1410 794 1587 1010 1166 1048 858 575 834 1410 962 1254 561 998 1157 1387 583 1374 1141 628 787 916 1357 1163 911 712 1666 955 617 1182 1487 1609 666 796 687 808 1247 1613 1456 1104 992 1252 743 758 597 874 676 1380 1077 908 1444 1198 851 960 940 1027 809 635 884 1215 937 665 1192 856 629 1006 624 1744 1604 638 1494 948 1432 1309 762 1211 1195 1262 1361 1288 884 406 622 740 698 1375 1608 737 1645 1577 1782 683 1068 1198 793 1039 876 1717 1316 1367 1524 791 1279 630 647 1456 1596 1023 1128 986 671 1141 583 586 1371 1134 1090 858 1237 708 1115 1088 1321 515 736 1288 677 616 1076 809 1434 910 900 901 862 989 1441 647 717 709 482 1094 830 956 730 1687 700 1497 1092 908 518 704 722 1553 465 1145 443 523 643 1492 920 1093 1062 1274 795 784 1402 915 1601 675 1551 1680 607 559 647 670 856 730 1447 1136 812 999 611 713 810 1463 1001 991 387 625 1535 1356
1135 1136 1442 1008 1020 1095 848 707 1418 1167 920 694 1277 1000 1788 1582 2006 1226 1300 1926 1714 804 1316 360 1868 1837 662 2193 1653 1595 1867 1849 1582 1143 1488 1211 1762 1330 1112 1584 725 1883 2302 1251 1733 1678 1672 1946 1793 804 1048 903 822 426 1288 1215 1394 750 1271 1324 1853 470 974 1441 2016 1027 589 1596 1480 1181 1385 407 1165 833 1183 1000 1328 1299 1309 1288 1321 944 1157 2309 1794 1613 1344 661 1155 715 1515 1242 711 2161 1155 2099 1680 1336 1660 2071 1468 1495 1143 1467 1169 1436 1162 583 1483 656 974 2113 1139 842 1208 1356 1514 1329 1534 1167 865 1365 1870 1333 1027 2046 1248 1151 766 939 1081 974 1384 2119 1778 1192 628 1140 2305 1308 1172 1082 929 2039 1509 1167 852 1528 1180 1324 1701 1185 1204 1238 2198 1840 999 810 1108 899 979 1579 1280 1155 1186 873 1204 1757 1140 717 1770 1187 1544 1194 1700 1582 1226 827 1022 1054 1423 1629 1523 1373 1758 561 484 1702 1281 1567 1076 1548 1587 658 1094 700 887 1129 1080 1755 1622 1213 1797 1128 2127 1396 787 1355 1689 706 1215 1262 1962 2094 1674 1524 937 1054 1614 1484 1115 1347 626 2046 1305 1084 1333 871 1564 1840 1163 1233 484 1148 1214 845 1747 1072 1357 1738 1221 914 1600 619 1175 1320 990 1329 1668 855 1119 948 1398 1182 1413 2030 1486 1418 1082 1264 2056 1275 2097 1358 1387 1211 732 1485 1717 1970 1923 1715 1555 1963 1867 1214 1162 2008 1435 1518 1117 1162 1049 1281 1452 697 1073 1003 680 1136 981 1549 1907 1951 1931 1324 1051 2341 1956
1359 1259 1802 1859 1967 1141 1390 1530 2436 2137 2106 1926 1239 1291 614 984 1987 1569 1929 1091 1742 1561 1648 1868 360 541 2150 1393 1308 1009 1803 2027 781 1395 1977 1422 1401 1358 1467 1908 1634 507 2005 976 2524 966 558 2130 546 1501 1724 2222 1729 1860 1491 1053 969 1500 1517 1413 1964 1758 1450 1277 1761 1518 2068 1032 1127 1057 1229 1820 2364 1432 1419 1854 1157 1277 956 1386 2256 1348 1236 1515 2124 1118 1407 2086 2110 1680 1438 1401 2196 2040 1680 2372 1416 1583 740 596 1429 2519 1195 2442 1135 1132 2349 2086 1245 1921 2087 1821 1127 1574 1464 1174 713 2214 2515 1514 1407 907 775 1425 2382 1603 1392 1293 1645 2319 1148 1347 1300 764 1350 1430 1601 2514 1233 1943 2010 1446 1495 1320 848 2511 2086 1033 2385 1265 1861 1456 1190 1349 1433 1239 1325 1533 1120 1485 2046 1124 2253 1271 1415 1486 2369 1347 1416 2062 1992 1421 1022 1421 743 737 1391 1562 2062 1256 807 1441 2477 2421 2551 2053 1953 1345 1614 1619 1395 1428 658 1987 1382 1990 1586 1566 1454 1122 824 1253 2285 2060 715 832 1500 967 1975 1537 1404 1369 805 818 2305 2405 1338 1501 2428 1832 1547 2544 1615 1882 2116 1146 1300 1361 2373 838 1665 1295 1953 1398 1419 1396 1902 1238 2177 2117 2124 1453 1076 1732 1410 1291 1753 1527 2381 1609 1191 1686 1081 1353 872 1725 2196 1539 1427 1297 813 1548 2028 1581 1508 1393 1664 2207 1038 1584 1040 1940 1312 894 1746 1217 1390 731 1024 1535 1620 1859 1511 1170 1305 2191 1160 1915 1765 1481 1562 1270 707 1762 1695 1675 1621 1473 959
1238 1163 1655 1754 1864 1139 1380 1491 2318 2026 2019 1856 1117 1225 441 826 1811 1441 1798 910 1574 1491 1510 1837 541 360 2106 1217 1138 848 1629 1859 891 1283 1831 1299 1226 1221 1356 1753 1569 688 1823 967 2384 794 570 1960 404 1439 1614 2146 1755 1822 1356 989 860 1455 1384 1276 1794 1729 1362 1128 1581 1416 2049 870 978 1016 1090 1789 2268 1379 1300 1750 1033 1148 891 1254 2137 1284 1139 1342 1962 952 1267 2031 1998 1613 1280 1274 2177 1861 1559 2202 1245 1442 872 605 1276 2399 1109 2320 1057 990 2252 2048 1092 1924 1993 1640 1066 1496 1340 1043 726 2092 2392 1394 1352 836 595 1287 2306 1422 1265 1189 1573 2248 1119 1274 1158 666 1173 1309 1569 2437 1081 1811 1893 1340 1410 1139 942 2430 2006 881 2288 1133 1697 1335 1089 1225 1256 1059 1250 1546 1098 1406 1950 962 2137 1169 1295 1412 2269 1170 1303 1997 1828 1301 868 1301 886 837 1267 1581 1962 1284 786 1274 2352 2307 2410 2012 1911 1172 1480 1459 1294 1267 616 1987 1279 1995 1617 1631 1348 944 672 1141 2129 1949 654 820 1503 1030 1815 1524 1281 1241 637 687 2158 2275 1279 1396 2292 1683 1432 2442 1575 1703 1991 1134 1165 1326 2238 657 1543 1176 1911 1285 1295 1353 1737 1267 2050 1959 2008 1375 912 1731 1292 1158 1650 1388 2239 1526 1114 1588 1174 1238 930 1545 2059 1390 1323 1172 670 1415 1850 1439 1362 1271 1675 2070 862 1403 859 1778 1150 721 1570 1281 1276 590 1120 1378 1503 1739 1406 1054 1154 2148 1124 1812 1698 1366 1464 1110 535 1584 1516 1537 1512 1305 781
1298 1355 1493 1028 989 1389 1146 980 1257 1075 800 695 1478 1246 2051 1807 2060 1343 1303 2135 1796 1001 1407 662 2150 2106 360 2374 1821 1816 1948 1878 1881 1320 1492 1372 1916 1497 1271 1616 915 2174 2386 1538 1609 1902 1953 1961 2062 1033 1123 697 1078 651 1424 1477 1639 1012 1401 1478 1897 769 1166 1620 2117 1182 609 1813 1687 1455 1578 705 968 1086 1348 1022 1542 1488 1574 1452 1207 1187 1378 2480 1792 1815 1499 489 1073 882 1657 1406 617 2221 1241 2078 1829 1446 1959 2345 1613 1322 1380 1315 1418 1645 971 450 1666 844 875 2212 1400 1019 1357 1563 1799 1233 1371 1305 1115 1629 2116 1483 770 2180 1414 1357 933 682 1362 1207 1561 2376 1941 1353 913 864 2518 1307 1134 1253 1115 2219 1809 902 732 1748 977 1514 1754 1339 1429 1416 2372 2023 1232 1108 1392 1099 904 1781 1160 1367 1352 1081 1016 1921 1312 590 1798 1351 1765 1357 1999 1878 1394 1119 944 1357 1703 1772 1371 1206 1631 460 557 1864 1383 1670 1265 1693 1862 801 1283 844 1169 1402 1248 1955 1868 1419 1753 1065 2392 1678 1089 1655 1713 1007 1381 1432 2207 2343 1606 1397 1188 1211 1497 1529 1248 1125 895 2127 1242 1373 1514 1149 1454 2079 1253 1425 557 1324 1375 1115 1795 1374 1280 1731 1142 1123 1810 901 1344 1504 1057 1453 1576 1011 1364 1049 1700 1366 1710 2140 1421 1539 1259 1453 2304 1396 2153 1467 1515 1380 1015 1417 1930 2101 2138 1751 1724 2198 1960 1516 1338 2262 1737 1640 1225 1183 1203 1498 1625 403 1350 996 807 1288 1128 1725 2161 2047 2039 1408 1166 2522 2183
1315 1425 1423 1785 1880 1722 1884 1877 2179 1968 2099 2048 1277 1584 1165 1031 1211 1413 1650 694 1154 1752 1392 2193 1393 1217 2374 360 913 1006 1096 1368 1710 1416 1567 1362 839 1236 1462 1424 1836 1540 1054 1583 2081 951 1379 1428 1231 1751 1648 2263 2314 2150 1321 1453 1253 1826 1348 1258 1290 2110 1581 1115 934 1551 2423 995 1082 1534 1168 2152 2263 1741 1385 1785 1236 1254 1404 1282 2009 1630 1407 493 1522 951 1237 2260 1945 1859 1095 1327 2539 1177 1538 1640 928 1331 1710 1284 1133 2239 1441 2153 1444 1127 2245 2351 1071 2394 2041 936 1506 1722 1378 1203 1469 1951 2207 1433 1710 1365 984 1254 2404 730 1320 1403 1806 2380 1634 1590 1174 1082 799 1381 1964 2519 670 1658 1822 1482 1629 514 1739 2489 2122 1064 2282 1229 1286 1395 1367 1320 405 713 1568 2093 1640 1655 1991 983 2033 1401 1382 1680 2241 819 1423 2185 1382 1382 1052 1376 1732 1652 1339 2141 1980 1910 1450 990 2161 2191 2100 2305 2213 875 1396 1165 1479 1059 1344 2439 1461 2464 2205 2309 1486 813 1101 1343 1721 1906 1166 1485 2025 1768 1421 1991 1352 1301 948 991 1829 2061 1646 1522 2031 1421 1491 2387 1941 1056 1851 1693 1222 1763 1993 936 1522 1320 2213 1412 1358 1760 1297 1899 1886 1553 1917 1639 975 2205 1390 1234 1710 1305 1932 1724 1476 1695 1945 1374 1680 882 1821 1235 1478 1289 971 1361 1202 1313 1244 1354 2199 1835 879 778 734 1363 1010 858 1034 1988 1398 1041 1902 1147 1528 1679 1530 1285 1108 2417 1621 1840 1928 1446 1605 1008 1045 986 927 1406 1579 508 796
