140 555 727 531 1362 649 385 228 480 353 597 1011 1082 463 820 1339 428 679 978 728 372 293 1078 566 535 416 864 1283 1040 1348 297 284 781 1005 994 1194 1317 1090 1071 384 476 416 463 337 370 599 1375 759 371 1086 996 524 545 756 460 1140 885 546 344 905 446 685 448 1205 1051 577 958 1392 581 1279 876 829 408 830 784 1025 1167 545 1130 732 707 1340 497 756 1027 317 617 453 1152 1102 251 932 962 464 1347 622 958 1394 1105 512 1074 1357 1205 1142 1299 1035 302 1059 1106 1258 848 978 1123 1292 1015 531 1230 679 482 1335 772 216 979 295 1371 974 977 914 1251 605 209 531 1206 246 1381 862 572 385 842 1050 912 838 648 1264 702 1084 334 724 953 783 365 236 768 1090 461 314 935 823 1101 1087 308 331 1082 533 841 1372 716 1161 966 459 265 775 1016 1121 1145 1171 728 446 941 1034 314 1047 1273 303 753 1016 988 657 1236 216 671 1388 206 912 222 347 839 338 1148 301 645 1289 1054 538 475 888 531 418 1135 1289 1376 399 1323 655 730 270 961 1004 891 1248 552 950 1391 486 1378 641 958 238 729 1292 1095 1363 235 1006 523 1255 655 347 514 877 1339 770 1032 1101 1048 1231 951 1367 1331 1392 877 850 998 1094 324 1331 1018 1395 315 237 372 289 1003 778 907 1120 880 1222 981 522 783 1207 552 462 341 699 568 613 896 279 517 221
655 360 1152 885 1844 952 898 697 814 865 1086 1062 1344 659 748 1500 933 1165 1407 1120 857 662 1473 1077 458 619 1077 1093 951 1753 725 683 967 1274 1509 1315 1210 1134 1440 836 695 520 975 830 884 468 1449 795 544 1539 1106 913 873 610 853 1049 1050 446 787 767 831 1040 956 1033 1132 956 1236 1224 513 1764 1264 1283 578 1229 890 1529 1529 738 939 1067 1066 1792 435 1258 1520 832 770 703 1272 1578 687 1181 779 511 1648 579 952 1264 1590 885 1373 1163 1225 1044 1108 1361 615 1205 1330 1391 1341 1449 1416 1537 943 754 1374 1187 816 1491 1281 713 1493 627 1885 1485 1492 912 1671 1045 722 787 1174 708 1398 1076 956 800 917 1456 744 1138 956 1092 894 893 669 1061 936 1000 880 696 931 1426 974 710 1281 693 1593 892 769 695 1529 964 1261 1811 1229 1659 1021 869 649 1042 1462 957 1544 1111 621 756 1181 1151 763 1553 1386 815 1268 1116 1477 844 1728 723 888 1857 716 1334 715 821 1308 605 994 794 952 1218 1558 1037 514 1398 744 910 1194 1441 1777 895 1402 914 1163 651 1076 841 701 1279 1051 932 1900 493 1709 1150 1402 725 612 1696 1051 1873 680 1168 435 1654 1170 746 989 1083 1695 1220 838 1554 855 1703 1410 1211 1151 1862 1240 1073 1513 1609 592 1612 1413 1312 599 712 804 754 1518 1161 1040 988 1336 1483 1479 988 943 1422 1015 858 807 506 571 1124 931 752 453 721
827 1152 360 636 1563 643 772 916 1128 845 581 1136 868 1150 1493 1984 878 563 1387 444 927 980 713 860 1179 1102 815 1861 1357 981 814 857 1446 801 993 1160 1611 1200 1559 982 1161 1073 729 755 833 1130 2052 1447 995 750 1671 1118 659 1233 1076 1813 1549 1093 978 1553 680 1262 862 1644 1119 1162 757 1804 1077 1480 529 1217 933 477 945 1176 818 831 1635 570 1276 1638 1077 1007 1242 832 863 818 1819 1367 938 1552 1566 1004 1042 1292 1182 2051 844 1125 808 1914 1319 1451 1791 739 967 1721 942 1918 669 1284 854 1886 1312 1210 1887 687 701 1983 961 875 931 970 1271 1082 1017 1149 886 482 887 1201 1892 929 1465 814 560 722 1009 1488 1536 658 635 1698 1371 1596 851 566 1639 783 799 875 1441 773 821 819 1473 1474 1303 1641 782 826 738 1075 473 1699 760 949 1651 645 923 699 1381 1550 778 1853 1386 1115 1565 1056 962 1180 1232 861 813 1069 755 817 991 870 1335 1075 891 546 869 943 1187 1016 1555 788 1269 1969 1193 639 1139 818 1212 920 1818 1940 1779 905 1999 1304 1194 948 1636 1633 1480 1337 633 1193 1227 1143 1884 691 1338 852 1183 925 1332 1209 914 1664 1158 888 795 776 591 1525 1816 1189 1604 1432 1624 1486 630 2003 1782 1079 1405 1493 1014 1079 957 1893 654 2073 961 920 997 802 996 473 1580 1489 559 1809 1178 1013 871 1827 1031 1076 952 1265 1243 874 1091 810 1160 900
631 885 636 360 1666 483 680 717 969 732 671 957 912 941 1246 1831 801 725 1380 595 806 774 949 864 924 885 717 1585 1114 1228 596 629 1273 834 1163 1072 1382 1032 1513 847 961 830 696 607 731 854 1861 1224 747 1026 1483 995 394 958 937 1562 1376 821 822 1291 445 1154 799 1379 968 1046 787 1546 801 1580 739 1213 668 704 732 1288 1016 560 1361 562 1174 1696 809 1056 1327 699 606 544 1641 1433 738 1419 1293 734 1177 1047 963 1789 1110 990 903 1638 1154 1213 1519 869 741 1550 943 1749 893 1326 952 1775 1073 1020 1722 811 428 1827 1037 676 1119 748 1494 1208 1171 924 1146 557 696 1022 1659 737 1319 716 435 507 800 1469 1267 666 480 1434 1193 1321 604 555 1407 645 695 665 1258 927 775 588 1396 1214 1397 1364 587 586 1013 979 739 1743 881 1203 1443 452 701 611 1397 1285 1020 1611 1131 938 1429 928 796 1301 1151 719 935 924 1009 586 1255 675 1163 1352 697 810 669 804 1202 793 1295 618 1130 1725 1311 670 896 1006 1019 825 1615 1781 1785 804 1809 1146 1149 733 1448 1364 1206 1185 678 967 1471 896 1832 789 1344 653 909 1172 1115 1450 706 1497 901 1130 869 546 582 1368 1781 1168 1329 1467 1348 1561 905 1734 1516 1356 1332 1341 1178 1261 718 1805 889 1824 726 729 848 604 1169 637 1396 1236 832 1703 1267 939 687 1695 965 939 806 991 1003 898 877 614 905 710
1462 1844 1563 1666 360 1766 1383 1528 1415 1375 1375 2262 2066 1578 1901 1687 1295 1362 871 1643 1354 1546 1754 1176 1781 1596 1993 2494 2358 1858 1573 1593 1518 2004 964 2353 2635 2338 1022 1368 1549 1684 1338 1474 1362 1914 1930 1740 1680 1538 1683 1309 1700 2074 1359 2137 1555 1860 1418 2048 1614 1243 1279 2516 2273 1280 1961 2706 1902 445 1696 931 1729 1654 2034 747 1897 1812 2417 1754 1223 585 1805 976 700 1416 1882 1731 1712 627 1529 1381 2175 1786 2163 1783 2249 2416 1360 1341 1992 2587 2459 2461 2584 1912 1602 1626 2146 1725 1294 758 2033 1431 2328 1521 1687 1242 1676 1701 989 1531 1040 1587 1026 842 921 2206 1745 1519 1513 1482 2064 1509 2625 1992 1629 1579 2101 904 2103 1858 1760 2575 1515 2370 1639 1747 1892 1937 1385 1554 1556 1920 1281 1598 1139 1978 628 2344 1537 1622 1562 1245 1596 665 1167 1260 1775 1582 1583 1873 789 2437 1770 2097 1890 1468 1401 2226 1444 744 2428 1421 1112 2227 1319 1886 1335 1522 1484 1562 1518 1611 1533 1388 897 1599 2468 1493 1350 2203 730 1357 1706 1132 1532 1304 1840 1691 867 1323 1888 1424 1062 1568 1662 2169 2135 2491 1352 2247 1172 1727 1167 1250 840 1532 2050 1831 2396 1143 1549 1578 1785 1827 1158 1597 1446 1475 1058 995 2274 697 2285 517 1479 2461 2635 1567 1118 1444 938 922 1639 1331 1728 2307 1626 1509 1399 1538 967 1676 1620 2442 1480 1367 758 1216 1993 1496 1188 1354 1401 1988 1733 1135 2172 1532 1771 1507
749 952 643 483 1766 360 801 832 1088 855 754 869 793 1049 1329 1947 922 790 1499 572 929 886 893 977 1006 991 597 1616 1073 1171 712 740 1387 717 1238 956 1329 939 1635 969 1072 924 810 730 854 901 1968 1323 839 1014 1592 1118 463 977 1059 1639 1490 877 943 1359 567 1277 920 1367 868 1169 670 1523 842 1681 688 1331 747 667 663 1384 936 581 1371 477 1297 1806 879 1164 1430 822 590 614 1753 1541 853 1539 1342 802 1072 1134 901 1854 1127 1112 795 1660 1061 1167 1522 772 847 1664 820 1862 940 1438 842 1897 1028 1133 1836 894 528 1943 1139 793 1187 856 1546 1299 1252 866 1102 616 814 1137 1749 854 1221 596 497 628 729 1589 1325 555 368 1420 1306 1334 706 472 1500 531 817 779 1370 834 893 700 1519 1285 1498 1391 707 692 997 1102 720 1856 967 1233 1545 573 811 488 1513 1273 964 1696 1208 1054 1549 820 917 1394 1034 842 1023 821 1038 535 1274 793 1278 1342 815 785 786 926 1318 899 1275 740 1251 1806 1405 769 988 1072 1131 948 1720 1896 1903 927 1916 1264 1270 843 1558 1422 1251 1087 774 911 1509 985 1955 879 1462 771 924 1115 1052 1491 820 1612 981 1071 968 661 681 1485 1903 1288 1364 1581 1384 1667 908 1788 1505 1345 1455 1459 1256 1333 818 1928 835 1903 828 846 970 723 1244 594 1507 1207 840 1825 1369 1062 596 1815 1087 1061 928 1038 1095 1008 810 734 987 828
485 898 772 680 1383 801 360 567 720 433 593 1253 1210 774 1151 1571 481 673 1061 800 514 624 1123 567 879 741 1038 1628 1337 1379 555 586 1037 1134 972 1392 1615 1330 1194 570 775 761 439 451 421 932 1645 1070 713 1092 1265 707 708 1083 664 1468 1139 881 573 1246 607 856 479 1533 1276 753 1086 1717 905 1298 937 895 724 887 1021 1026 1230 790 1468 847 873 1389 836 766 1043 435 862 707 1409 1135 584 1141 1307 792 1440 958 1227 1729 1091 712 1181 1701 1450 1440 1636 1127 647 1310 1255 1506 832 1019 1230 1483 1306 813 1475 655 667 1570 767 545 954 640 1347 965 959 1184 1274 653 539 798 1517 566 1622 1036 681 560 1086 1148 1256 963 797 1592 964 1423 624 839 1267 965 388 561 1035 1173 462 579 1085 1164 1116 1431 515 604 1092 672 880 1432 691 1140 1257 588 609 928 1081 1446 1184 1491 1067 714 1154 1244 565 1045 1471 464 730 1235 973 877 1217 534 927 1380 545 947 542 533 889 678 1469 474 856 1610 1053 527 816 862 817 513 1418 1528 1465 495 1592 893 829 614 1230 1347 1236 1487 540 1224 1366 829 1516 617 1027 533 1050 1326 1373 1337 580 1253 868 1291 634 573 540 1113 1462 848 1376 1156 1392 1264 957 1708 1663 1385 1019 1080 978 1073 665 1501 1066 1718 659 559 589 520 981 852 1174 1433 890 1408 990 622 995 1418 646 664 544 1041 902 610 1153 517 862 544
328 697 916 717 1528 832 567 360 618 528 785 1182 1266 594 952 1474 598 866 1134 916 533 424 1267 740 671 547 1044 1422 1199 1537 480 459 915 1189 1172 1371 1475 1261 1219 536 608 553 647 525 547 748 1508 891 516 1274 1128 670 729 907 605 1272 1019 695 492 1039 632 829 620 1354 1224 723 1143 1542 734 1445 1064 988 568 1019 956 1196 1355 718 1275 918 853 1500 643 926 1195 496 790 627 1285 1267 382 1070 1100 618 1533 755 1124 1527 1292 655 1260 1498 1374 1301 1444 1222 441 1193 1288 1392 1034 1141 1309 1431 1175 664 1365 863 665 1470 945 401 1160 432 1551 1148 1155 1079 1440 794 390 665 1337 384 1551 1043 759 572 1012 1203 1048 1023 832 1413 835 1229 507 910 1084 963 546 413 901 1277 637 494 1081 957 1269 1229 496 508 1270 685 1030 1530 898 1346 1097 647 415 958 1174 1271 1334 1302 862 581 1078 1210 461 1219 1449 477 933 1191 1175 834 1422 405 806 1575 385 1101 408 504 1001 471 1300 489 784 1421 1225 725 609 1070 664 583 1267 1424 1529 565 1455 792 885 406 1093 1139 1031 1419 739 1114 1573 621 1524 825 1116 425 882 1481 1259 1545 382 1140 661 1443 835 531 703 1012 1488 928 1172 1261 1188 1394 1139 1501 1479 1580 1024 986 1176 1273 471 1473 1207 1526 460 380 519 477 1182 966 1040 1275 1068 1362 1150 681 959 1344 711 607 494 843 700 787 1064 467 654 384
580 814 1128 969 1415 1088 720 618 360 646 950 1424 1521 524 875 1224 645 1025 954 1146 569 579 1481 769 734 555 1303 1443 1392 1739 737 717 677 1444 1202 1626 1659 1502 993 511 493 662 782 740 662 906 1285 747 701 1447 905 466 984 1063 433 1167 780 858 511 1007 883 591 672 1481 1472 502 1396 1672 918 1340 1290 845 795 1241 1204 1146 1583 971 1367 1166 616 1343 800 887 1112 656 1040 882 1050 1147 600 812 1121 815 1778 728 1349 1443 1424 434 1509 1534 1611 1490 1532 1465 638 953 1546 1150 1166 1017 1558 1173 1376 480 1120 975 922 1221 934 656 1213 623 1584 1129 1168 1305 1634 1006 634 448 1180 595 1788 1301 1001 821 1256 1002 1051 1275 1087 1539 604 1320 762 1158 941 1222 691 672 675 1516 713 752 841 932 1182 1288 742 767 1448 537 1239 1358 979 1450 905 890 655 1215 1013 1410 1544 1169 839 417 820 1463 533 1175 1704 627 994 1442 1305 1089 1536 654 567 1719 633 1306 662 546 880 603 1448 716 527 1289 1177 881 663 1150 489 599 1060 1176 1323 603 1232 538 716 623 870 1125 1079 1658 893 1336 1636 684 1282 936 955 677 1055 1686 1473 1604 634 896 745 1651 897 787 898 761 1255 780 1219 1108 1230 1267 1312 1452 1591 1724 792 732 1197 1293 682 1218 1423 1398 666 602 491 725 1213 1197 814 1442 1248 1105 1084 594 1215 1087 612 436 536 948 677 806 1300 714 729 619
453 865 845 732 1375 855 433 528 646 360 665 1283 1273 710 1091 1499 440 742 1020 871 442 574 1197 573 835 682 1089 1588 1343 1453 560 578 963 1197 1005 1438 1621 1362 1141 496 708 718 501 486 380 913 1571 1002 684 1163 1192 636 757 1069 591 1406 1065 860 502 1193 652 789 456 1518 1312 683 1148 1705 893 1291 1010 860 715 960 1051 1032 1303 815 1443 911 807 1365 810 764 1038 402 888 726 1336 1119 539 1070 1264 776 1509 903 1246 1670 1155 639 1248 1665 1480 1446 1612 1197 610 1237 1313 1432 895 998 1297 1415 1315 742 1401 712 708 1497 778 519 996 599 1386 981 986 1202 1347 725 505 725 1448 519 1654 1087 743 596 1114 1102 1209 1026 852 1577 890 1397 624 902 1200 1013 405 541 961 1243 469 585 1024 1111 1111 1397 532 610 1164 608 954 1402 737 1197 1186 642 579 984 1048 1433 1258 1425 1014 643 1082 1285 498 1054 1517 410 768 1274 1037 912 1278 509 853 1447 511 1020 520 460 862 631 1460 487 784 1545 1061 597 768 911 746 453 1345 1454 1424 432 1518 819 780 575 1157 1298 1198 1520 609 1241 1413 783 1459 672 992 518 1040 1399 1389 1384 546 1179 827 1365 669 594 613 1039 1409 808 1339 1128 1355 1248 1028 1655 1645 1452 959 1007 1009 1105 637 1437 1139 1653 627 514 516 527 1015 922 1100 1429 962 1340 989 568 1034 1347 595 590 472 1011 846 619 1177 520 819 504
697 1086 581 671 1375 754 593 785 950 665 360 1262 1080 1006 1377 1785 676 441 1166 643 741 847 909 639 1087 968 978 1818 1422 1153 720 763 1264 1010 851 1337 1692 1333 1338 798 1009 970 528 622 648 1094 1873 1303 907 858 1495 921 706 1227 889 1696 1365 1048 807 1461 654 1054 655 1667 1262 960 963 1842 1053 1291 748 996 880 697 1043 991 1030 858 1628 740 1067 1432 1015 792 1043 667 915 805 1635 1162 805 1349 1505 955 1262 1180 1274 1952 868 932 1028 1884 1455 1522 1792 960 855 1534 1146 1727 615 1070 1075 1674 1383 1047 1695 500 707 1785 754 751 808 852 1191 905 860 1236 1045 504 754 1031 1750 790 1615 977 618 656 1111 1266 1461 850 747 1724 1194 1584 779 733 1500 923 622 760 1265 993 612 736 1256 1380 1109 1609 677 754 858 869 670 1489 572 933 1491 612 812 857 1163 1575 965 1722 1285 948 1364 1212 799 1000 1413 696 628 1215 752 897 1002 743 1156 1150 760 729 747 765 968 896 1590 659 1074 1842 1011 428 1032 697 1051 721 1650 1745 1561 710 1820 1118 974 827 1460 1556 1427 1482 418 1279 1183 1041 1663 485 1118 732 1184 1100 1427 1159 792 1475 1071 1069 583 704 461 1333 1594 968 1562 1218 1580 1285 723 1922 1802 1155 1188 1299 866 949 861 1676 855 1948 859 782 821 693 857 687 1403 1538 657 1595 980 802 988 1622 817 887 777 1219 1125 653 1188 697 1068 763
1111 1062 1136 957 2262 869 1253 1182 1424 1283 1262 360 890 1313 1422 2202 1362 1300 1943 1053 1336 1206 1252 1452 1158 1256 698 1438 699 1488 1088 1087 1656 867 1748 641 871 439 2042 1356 1348 1149 1286 1164 1290 956 2146 1497 1087 1451 1808 1491 923 889 1425 1668 1746 980 1314 1375 1010 1648 1369 1048 448 1544 865 1144 910 2177 1106 1783 988 1113 591 1885 1215 829 1137 927 1673 2282 1026 1649 1923 1242 756 920 1975 2025 1194 1855 1273 980 1183 1281 508 1801 1601 1474 980 1441 558 750 1236 1029 1145 1907 810 2094 1444 1912 997 2218 651 1415 2077 1402 948 2193 1633 1156 1696 1160 2047 1805 1761 528 1463 1126 1180 1436 1834 1206 731 698 1003 1053 529 2020 1299 876 877 1083 1578 1120 1037 931 1619 713 1259 1134 1624 1089 1354 1064 1901 1329 1993 1222 1111 1042 1428 1504 1180 2324 1474 1717 1721 1040 1134 800 1971 966 1314 1756 1296 1373 1858 517 1283 1898 698 1250 1529 472 1527 736 1744 1163 1563 1764 1177 1224 1151 1317 1782 1183 939 1155 1588 1843 1908 1267 1189 1581 1407 1372 1891 2143 2344 1351 2100 1573 1698 1164 1779 1379 1185 597 1275 538 1998 1173 2344 1384 1915 1144 848 1440 594 1982 1161 1867 1131 1395 1466 1049 1178 1769 2310 1731 1234 2048 1254 2153 1375 1691 1171 1766 1846 1753 1766 1842 1101 2278 1212 1916 1117 1201 1341 1117 1753 1050 1740 847 1317 2157 1864 1486 633 2112 1515 1428 1312 1040 1272 1490 491 1126 1147 1192
1182 1344 868 912 2066 793 1210 1266 1521 1273 1080 890 360 1480 1732 2381 1331 1071 1883 797 1352 1320 778 1351 1414 1422 632 1912 1219 969 1146 1173 1821 437 1478 741 1395 911 2040 1396 1504 1346 1197 1153 1268 1268 2396 1745 1263 1018 2024 1545 897 1287 1489 2028 1923 1260 1374 1737 997 1702 1323 1565 820 1594 485 1674 1207 1984 733 1712 1162 772 859 1681 699 970 1627 722 1721 2147 1277 1512 1750 1245 934 1033 2185 1876 1287 1971 1684 1204 674 1546 1015 2215 1202 1541 464 1932 996 1280 1747 541 1279 2097 463 2296 1141 1790 467 2326 1169 1567 2270 1195 961 2377 1469 1226 1409 1289 1689 1584 1511 1009 965 944 1247 1571 2157 1288 1086 633 890 1059 881 1980 1685 607 794 1605 1740 1600 1138 731 1913 703 1231 1213 1803 581 1289 1134 1936 1671 1810 1685 1139 1125 991 1521 833 2207 1268 1331 1971 995 1244 672 1884 1477 823 2096 1606 1488 1981 738 1349 1682 791 1268 1320 779 1167 860 1330 1227 1712 1291 1248 836 1219 1353 1688 1330 1458 1169 1682 2200 1696 1125 1408 1303 1564 1363 2146 2330 2281 1344 2345 1698 1672 1277 1989 1778 1591 986 1124 1041 1605 1402 2364 1198 1838 1204 1233 926 1124 1598 1254 2046 1387 884 1301 1095 1051 1919 2304 1678 1678 1938 1698 1994 993 2129 1694 1293 1870 1892 1502 1553 1247 2351 760 2290 1258 1280 1400 1156 1479 755 1939 1369 964 2252 1685 1472 779 2248 1495 1490 1356 1395 1513 1371 939 1166 1397 1262
563 659 1150 941 1578 1049 774 594 524 710 1006 1313 1480 360 744 1269 743 1086 1118 1149 657 530 1501 886 572 419 1240 1286 1247 1771 706 671 709 1404 1329 1537 1509 1390 1141 609 396 525 850 756 729 759 1280 658 591 1502 903 630 947 909 581 1056 808 714 574 860 859 742 771 1318 1370 666 1359 1509 780 1502 1298 1009 696 1253 1107 1298 1588 890 1202 1144 768 1507 659 1032 1270 699 951 811 1065 1311 571 901 962 693 1758 571 1224 1322 1505 599 1483 1374 1493 1342 1368 1450 561 979 1491 1177 1245 1180 1531 1264 1236 461 1153 1062 881 1263 1071 635 1331 552 1713 1272 1301 1181 1672 1028 622 488 1105 581 1668 1238 990 802 1152 1161 895 1243 1049 1376 628 1156 702 1136 854 1158 746 639 685 1507 806 712 982 781 1341 1125 730 716 1499 695 1263 1521 1081 1547 864 879 599 1168 1178 1249 1568 1077 685 470 904 1372 571 1325 1614 670 1105 1345 1387 1012 1628 639 610 1795 618 1335 642 620 1042 509 1289 722 654 1196 1328 941 504 1256 454 704 1035 1215 1479 699 1228 622 881 568 869 974 916 1543 954 1208 1754 526 1413 1022 1119 659 907 1715 1338 1723 598 931 586 1678 1005 754 932 819 1397 944 1056 1272 1068 1431 1366 1316 1427 1799 941 800 1328 1425 595 1327 1441 1303 582 589 575 710 1340 1199 819 1287 1297 1204 1239 740 1133 1161 762 586 605 786 517 929 1185 701 569 610
920 748 1493 1246 1901 1329 1151 952 875 1091 1377 1422 1732 744 360 1197 1128 1458 1404 1476 1041 890 1833 1269 682 770 1466 963 1229 2110 1039 996 785 1662 1711 1689 1437 1487 1356 992 756 780 1229 1117 1111 837 1089 532 860 1864 803 974 1241 902 946 680 818 834 959 515 1178 1018 1156 1152 1499 990 1622 1328 894 1832 1624 1335 942 1584 1273 1660 1901 1123 991 1440 1040 1794 815 1402 1619 1075 1158 1075 956 1637 931 1004 679 889 2034 560 1294 939 1883 942 1758 1063 1563 1300 1130 1741 887 920 1718 1074 1623 1509 1802 1306 1240 755 1067 1443 1178 1184 1448 987 1715 887 2095 1644 1680 1260 2020 1375 982 792 785 947 1725 1464 1310 1131 1293 1416 598 1520 1332 1201 757 951 1005 1433 557 1389 1125 983 740 1804 1190 1034 1191 479 1686 870 1074 1028 1859 1050 1606 1790 1465 1929 685 1208 932 1427 1478 1115 1903 726 488 838 994 1527 954 1689 1757 1048 1489 1490 1764 1232 2009 995 781 2167 977 1679 993 1005 1380 842 1167 1080 911 839 1690 1315 713 1640 745 1087 839 1135 1703 1083 1046 839 1203 912 785 635 694 1619 1329 1269 2138 710 1552 1404 1423 1009 936 2053 1358 2107 947 904 708 2013 1390 1077 1294 884 1570 1272 794 1574 796 1746 1730 937 1223 2172 1178 894 1708 1805 896 1409 1772 939 892 955 958 1055 1722 1521 774 1205 1658 1273 1596 1109 1330 1172 1127 950 989 744 612 1311 1293 1049 701 973
1439 1500 1984 1831 1687 1947 1571 1474 1224 1499 1785 2202 2381 1269 1197 360 1469 1850 1233 2008 1416 1421 2332 1536 1403 1329 2149 1687 2057 2576 1595 1568 921 2304 1851 2442 2274 2274 1032 1363 1241 1424 1619 1603 1510 1608 643 1073 1499 2260 759 1225 1843 1716 1268 1169 821 1581 1375 1322 1745 1095 1489 1981 2267 1184 2257 2147 1651 1657 2149 1312 1604 2099 2011 1666 2442 1800 1811 2030 1087 1486 1537 1526 1571 1516 1860 1720 601 1499 1453 798 1493 1590 2642 1285 2092 1367 2191 1219 2373 1792 2365 2134 1928 2329 1467 655 2399 489 1954 1422 2421 631 2062 1176 490 1767 1779 379 1596 1514 1896 1455 2176 1713 1798 2053 2464 1864 1494 1169 982 1453 2535 2147 1865 1684 2049 1158 1418 2137 1947 2026 1002 1776 1606 2022 1022 2066 1544 1527 944 2379 1532 1607 972 1315 1605 1678 1605 1617 2267 1276 2090 1435 1741 2177 872 1754 1498 2071 1312 1951 2390 1069 1302 1252 782 2276 1397 1697 2517 1489 1730 2246 2081 1921 2270 1515 1028 2486 1493 2153 1522 1404 1373 1417 2003 1580 1074 1113 1689 1717 1375 1881 1180 1425 751 422 1254 1439 626 1045 1237 1465 785 1410 1528 2419 1727 2071 2278 1389 963 1734 1293 1537 1739 2525 2178 2244 1486 698 1430 2494 1659 1646 1752 822 1047 1286 1606 1377 1602 1542 2131 1486 2035 2491 1029 852 1833 1909 1504 760 2276 1178 1490 1461 1352 1587 1862 2060 821 2042 2076 681 1593 1347 2041 556 1338 1268 1397 1557 1290 1551 2071 1577 1414 1480
528 933 878 801 1295 922 481 598 645 440 676 1362 1331 743 1128 1469 360 746 943 915 446 633 1223 507 893 727 1158 1646 1423 1469 641 658 952 1255 949 1511 1701 1441 1073 498 734 780 510 560 432 987 1560 1023 755 1166 1184 605 828 1144 577 1436 1051 934 529 1239 724 743 388 1593 1390 644 1207 1780 970 1212 1047 781 794 996 1130 958 1337 895 1512 968 758 1284 882 688 959 483 968 806 1320 1038 605 1034 1321 853 1554 948 1327 1706 1138 617 1299 1726 1559 1526 1681 1243 678 1218 1376 1411 880 917 1348 1368 1395 756 1378 689 782 1469 708 596 947 666 1333 912 926 1283 1360 764 579 731 1464 584 1733 1157 802 672 1194 1028 1262 1084 919 1652 885 1466 705 960 1220 1084 466 619 956 1286 428 666 965 1158 1033 1461 612 691 1169 556 981 1322 699 1169 1190 709 652 1050 969 1509 1281 1447 1061 658 1048 1361 540 981 1590 485 721 1350 1020 990 1253 587 846 1434 585 1044 598 484 781 691 1537 567 757 1567 987 608 823 873 762 406 1343 1428 1347 404 1507 804 707 643 1149 1348 1259 1598 618 1322 1370 840 1394 651 913 597 1117 1417 1470 1339 618 1159 889 1386 622 673 650 1016 1340 730 1401 1047 1416 1167 1032 1698 1718 1439 898 982 950 1047 710 1382 1168 1676 699 582 530 608 960 966 1092 1508 972 1292 912 501 1110 1309 524 575 499 1079 891 552 1257 601 879 576
779 1165 563 725 1362 790 673 866 1025 742 441 1300 1071 1086 1458 1850 746 360 1196 640 816 928 854 685 1168 1049 999 1897 1480 1085 800 843 1338 1004 808 1354 1747 1369 1378 873 1088 1052 602 703 725 1170 1946 1383 987 781 1569 990 759 1299 962 1778 1437 1125 885 1543 722 1116 723 1735 1294 1026 960 1907 1127 1279 716 1027 957 667 1089 975 982 920 1701 754 1127 1436 1094 808 1039 747 972 874 1706 1165 887 1413 1585 1032 1226 1261 1324 2033 787 1004 1008 1961 1490 1579 1865 935 937 1605 1145 1796 537 1083 1053 1729 1439 1125 1763 485 770 1851 759 833 756 934 1128 883 825 1287 974 534 836 1107 1830 871 1645 998 662 731 1156 1299 1542 855 783 1792 1269 1658 857 748 1580 953 701 841 1340 960 679 815 1307 1461 1101 1686 757 832 783 933 627 1497 557 856 1568 679 893 879 1185 1643 905 1803 1367 1026 1428 1238 878 981 1428 776 610 1245 671 947 922 825 1230 1069 841 675 828 842 993 978 1656 741 1142 1923 993 506 1113 642 1129 792 1726 1811 1582 783 1893 1190 1020 909 1534 1637 1506 1514 493 1331 1112 1123 1702 494 1144 814 1255 1035 1476 1088 873 1546 1152 1005 597 781 537 1402 1629 1006 1640 1232 1658 1283 646 2003 1871 1074 1238 1368 826 902 942 1725 805 2029 940 863 898 774 813 675 1477 1601 586 1650 975 864 1027 1683 875 960 855 1297 1207 688 1236 778 1149 845
1078 1407 1387 1380 871 1499 1061 1134 954 1020 1166 1943 1883 1118 1404 1233 943 1196 360 1448 968 1131 1680 892 1329 1148 1737 2005 1969 1868 1215 1221 1008 1810 1017 2093 2242 2022 579 958 1084 1250 1052 1143 1016 1493 1447 1238 1269 1531 1174 853 1409 1652 915 1627 1044 1442 1005 1555 1307 749 941 2076 1973 812 1762 2267 1496 815 1551 530 1342 1501 1712 800 1815 1474 1958 1528 725 752 1384 755 700 1061 1547 1383 1217 633 1128 876 1694 1383 2063 1307 1897 1905 1410 882 1835 2101 2139 2070 2122 1767 1193 1125 1941 1247 1224 551 1882 1013 1948 1043 1208 1077 1366 1244 819 1152 1078 1177 1307 864 960 1853 1750 1299 1129 1004 1554 1112 2314 1736 1370 1256 1774 466 1618 1644 1495 2134 1011 1912 1271 1520 1382 1665 1049 1175 1048 1796 966 1239 637 1490 732 1871 1192 1262 1547 812 1463 763 1019 1363 1264 1288 1188 1624 444 2004 1721 1586 1408 1012 896 1944 1036 830 2172 1053 983 1934 1319 1573 1456 1144 983 1687 1133 1506 1156 991 564 1176 2041 1148 855 1692 820 1118 1257 1101 1055 930 1335 1224 764 951 1402 925 609 1164 1153 1677 1664 2180 1119 1889 1419 1279 878 1061 424 1161 1639 1826 2033 1384 1156 1074 1340 1807 959 1254 1194 965 795 573 1799 534 1808 713 1425 1954 2185 1692 607 933 995 1055 1236 955 1636 1796 1221 1114 981 1185 1027 1494 1109 2031 1392 936 730 817 1694 1037 788 911 999 1543 1262 873 1833 1177 1324 1119
828 1120 444 595 1643 572 800 916 1146 871 643 1053 797 1149 1476 2008 915 640 1448 360 953 979 716 916 1157 1098 730 1814 1283 994 805 845 1461 727 1077 1077 1533 1116 1612 1004 1164 1057 771 766 861 1087 2062 1442 975 803 1682 1147 610 1180 1099 1794 1565 1055 994 1526 658 1296 902 1579 1034 1193 681 1735 1032 1559 509 1277 903 469 868 1256 799 777 1579 486 1312 1712 1044 1075 1318 851 800 779 1834 1441 939 1581 1527 970 999 1276 1104 2024 917 1150 748 1863 1234 1375 1731 688 958 1739 866 1936 753 1353 796 1923 1238 1218 1907 762 663 2006 1033 875 1016 962 1354 1163 1100 1073 911 512 890 1212 1883 932 1380 730 525 709 930 1546 1502 575 564 1632 1384 1540 831 482 1630 700 825 870 1452 732 864 805 1518 1448 1381 1591 779 808 787 1111 510 1770 837 1027 1654 631 915 614 1446 1485 786 1840 1363 1126 1593 971 975 1261 1149 879 891 984 834 747 1064 871 1350 1131 893 578 868 963 1251 1009 1487 794 1294 1954 1273 690 1123 902 1218 953 1823 1962 1844 936 2010 1324 1244 943 1647 1600 1439 1252 688 1117 1306 1125 1937 762 1401 851 1128 938 1253 1290 911 1683 1134 897 864 761 625 1546 1872 1245 1559 1501 1579 1562 696 1969 1717 1135 1450 1516 1097 1163 942 1936 656 2055 948 923 1016 799 1080 411 1592 1419 630 1847 1254 1054 790 1858 1074 1100 970 1224 1229 935 1012 808 1137 903
472 857 927 806 1354 929 514 533 569 442 741 1336 1352 657 1041 1416 446 816 968 953 360 555 1278 592 812 641 1159 1563 1372 1532 608 613 884 1275 1035 1504 1648 1415 1073 417 648 701 573 559 454 919 1493 939 686 1237 1114 554 829 1079 509 1350 985 866 442 1153 723 709 474 1524 1371 603 1227 1713 908 1273 1092 816 740 1042 1106 1031 1385 867 1437 990 728 1327 812 760 1024 467 940 776 1255 1093 534 988 1237 791 1591 861 1289 1619 1219 557 1329 1644 1532 1474 1606 1278 607 1156 1389 1351 960 967 1378 1335 1347 673 1320 771 775 1415 788 544 1034 593 1419 991 1010 1245 1425 807 522 652 1382 514 1707 1158 822 664 1167 1044 1177 1104 927 1583 813 1390 663 982 1136 1082 487 567 884 1325 510 632 949 1072 1098 1381 591 654 1239 534 1035 1360 785 1253 1113 718 589 1058 1004 1443 1339 1363 975 574 1000 1348 456 1056 1583 448 808 1334 1101 972 1336 536 775 1513 527 1101 548 398 827 612 1473 550 702 1483 1061 672 740 959 679 412 1270 1373 1368 402 1439 739 721 573 1079 1263 1178 1574 684 1281 1456 757 1388 732 946 553 1055 1479 1427 1426 555 1098 809 1445 708 650 695 958 1342 759 1320 1089 1334 1221 1103 1612 1647 1519 886 925 1035 1132 644 1359 1220 1592 631 514 445 580 1046 1004 1022 1449 1039 1261 981 511 1096 1265 540 509 413 1004 804 636 1225 571 798 515
393 662 980 774 1546 886 624 424 579 574 847 1206 1320 530 890 1421 633 928 1131 979 555 360 1330 779 621 483 1090 1374 1197 1601 537 506 861 1243 1218 1407 1471 1284 1201 538 547 506 703 589 593 728 1447 826 498 1338 1069 649 783 889 583 1209 963 675 488 982 690 803 658 1330 1253 700 1197 1520 724 1465 1127 994 578 1082 985 1227 1417 752 1241 976 827 1506 619 956 1218 549 821 665 1227 1282 402 1026 1050 611 1591 694 1137 1466 1353 629 1317 1453 1395 1298 1410 1282 422 1137 1338 1336 1094 1154 1366 1389 1177 607 1310 919 718 1417 981 464 1210 406 1600 1185 1198 1093 1504 858 453 612 1272 417 1572 1089 820 632 1038 1194 995 1079 886 1389 780 1195 546 968 1020 1008 599 469 844 1337 681 546 1056 900 1292 1188 559 555 1334 679 1094 1532 950 1404 1035 708 437 1009 1178 1250 1397 1238 803 533 1033 1244 462 1252 1485 525 982 1222 1235 872 1481 469 752 1638 449 1165 471 519 1013 418 1282 554 746 1357 1256 785 554 1124 605 608 1205 1370 1519 594 1395 744 882 404 1034 1085 986 1441 799 1126 1627 569 1498 880 1119 488 870 1545 1267 1597 427 1085 615 1507 883 587 767 961 1467 932 1128 1267 1143 1408 1203 1444 1452 1642 1002 937 1221 1318 466 1437 1270 1463 451 425 511 539 1228 1029 982 1263 1132 1323 1177 690 996 1297 719 586 505 808 639 825 1084 530 606 443
1178 1473 713 949 1754 893 1123 1267 1481 1197 909 1252 778 1501 1833 2332 1223 854 1680 716 1278 1330 360 1179 1513 1451 920 2149 1546 639 1160 1201 1799 760 1149 1157 1763 1293 1870 1333 1513 1413 1072 1109 1183 1432 2405 1796 1332 609 2025 1467 960 1508 1427 2151 1901 1404 1331 1880 1015 1604 1204 1871 1201 1508 749 2008 1374 1677 569 1515 1257 609 1133 1384 503 1114 1895 776 1616 1872 1398 1285 1471 1185 1119 1130 2172 1605 1290 1898 1873 1322 769 1633 1347 2378 803 1475 674 2189 1394 1625 2038 598 1313 2074 881 2269 830 1547 693 2222 1496 1563 2238 964 1018 2332 1225 1226 1073 1317 1293 1283 1193 1327 575 836 1239 1554 2239 1281 1500 921 882 1065 1182 1785 1853 754 887 1919 1724 1860 1187 780 1986 942 1151 1223 1794 562 1161 1161 1801 1804 1519 1922 1131 1165 581 1418 602 1942 1021 933 2004 986 1270 856 1659 1777 431 2196 1720 1468 1912 1121 1315 1377 1209 1215 1061 1153 800 1052 919 1221 1688 877 1243 540 1219 1295 1475 1364 1771 1140 1618 2311 1392 976 1480 986 1565 1266 2171 2290 2051 1253 2352 1656 1514 1296 1989 1950 1783 1392 967 1367 1197 1482 2192 985 1624 1202 1454 583 1481 1193 1264 2016 1490 540 1084 1117 943 1876 2115 1499 1897 1693 1917 1710 634 2318 2007 879 1732 1843 1176 1205 1298 2220 420 2412 1304 1272 1350 1151 1147 672 1934 1692 648 2144 1407 1352 1044 2171 1366 1427 1304 1570 1586 1181 1258 1160 1494 1252
666 1077 860 864 1176 977 567 740 769 573 639 1452 1351 886 1269 1536 507 685 892 916 592 779 1179 360 1040 873 1213 1793 1544 1404 760 786 1055 1278 803 1573 1822 1529 1058 637 874 926 527 658 556 1126 1654 1156 897 1083 1287 702 896 1281 697 1573 1148 1073 674 1385 802 802 481 1731 1470 725 1230 1917 1104 1091 1028 721 925 977 1221 821 1306 996 1656 996 809 1192 1023 559 836 611 1066 914 1410 932 750 1099 1468 988 1542 1093 1433 1846 1027 724 1304 1873 1650 1647 1825 1239 822 1307 1409 1492 779 822 1352 1405 1513 887 1457 590 864 1539 565 732 805 810 1187 768 778 1390 1290 766 718 858 1589 729 1820 1212 843 763 1288 989 1409 1112 971 1790 997 1609 828 988 1351 1147 571 753 1066 1273 467 785 981 1304 909 1607 722 809 1091 630 947 1239 574 1042 1308 775 792 1097 898 1645 1230 1579 1207 793 1115 1432 687 842 1652 623 584 1427 912 1076 1130 722 956 1325 724 1000 732 630 701 838 1671 679 847 1699 849 585 970 741 895 542 1451 1501 1292 549 1602 906 695 786 1253 1495 1406 1685 588 1430 1229 987 1383 559 848 728 1251 1355 1580 1198 759 1247 1035 1328 490 781 663 1102 1316 689 1548 964 1563 1061 956 1843 1858 1331 913 1066 803 900 850 1400 1129 1808 840 725 671 724 814 963 1196 1637 905 1326 783 556 1189 1363 559 694 645 1224 1036 406 1357 720 1026 717
635 458 1179 924 1781 1006 879 671 734 835 1087 1158 1414 572 682 1403 893 1168 1329 1157 812 621 1513 1040 360 544 1153 1113 1047 1791 731 688 868 1343 1480 1406 1302 1230 1352 781 608 478 958 825 855 567 1360 703 544 1559 1011 838 918 703 782 997 952 538 734 736 860 955 919 1106 1225 877 1302 1297 607 1703 1304 1214 619 1266 978 1481 1578 804 996 1117 980 1717 500 1210 1463 807 846 752 1177 1513 656 1083 789 570 1713 492 1051 1232 1595 808 1436 1192 1323 1139 1163 1418 593 1108 1407 1296 1340 1383 1481 1439 1041 662 1278 1174 856 1394 1240 697 1471 599 1861 1443 1459 1010 1705 1066 700 696 1104 676 1496 1151 991 818 1009 1373 736 1198 1010 1164 796 949 688 1111 858 1073 857 686 832 1481 943 722 1191 655 1536 930 772 712 1552 895 1291 1733 1209 1655 931 893 635 1106 1388 1036 1584 1049 566 678 1083 1241 715 1506 1479 785 1244 1208 1479 917 1729 707 791 1871 694 1364 701 773 1243 563 1076 787 862 1161 1510 1031 434 1382 652 864 1105 1345 1691 852 1312 820 1089 625 980 829 726 1377 1045 1031 1885 414 1614 1136 1329 715 709 1735 1150 1857 659 1070 388 1694 1144 763 995 984 1604 1150 868 1481 882 1636 1427 1195 1217 1876 1152 974 1483 1579 587 1514 1453 1260 587 681 747 754 1490 1201 942 1077 1354 1385 1426 928 1024 1323 954 787 758 573 473 1086 1027 750 379 695
516 619 1102 885 1596 991 741 547 555 682 968 1256 1422 419 770 1329 727 1049 1148 1098 641 483 1451 873 544 360 1180 1284 1200 1723 653 615 769 1346 1316 1478 1465 1333 1185 602 451 471 819 712 702 713 1336 704 532 1461 961 655 890 868 597 1088 867 666 559 872 805 783 754 1288 1312 697 1301 1480 729 1518 1247 1029 636 1203 1048 1301 1535 830 1181 1088 809 1534 608 1032 1280 665 892 751 1124 1328 525 958 959 636 1701 581 1170 1348 1472 626 1426 1368 1437 1297 1348 1394 504 1039 1432 1236 1213 1198 1473 1322 1187 518 1212 1034 824 1323 1066 586 1314 496 1700 1269 1291 1127 1627 981 576 540 1150 538 1613 1179 936 749 1093 1197 897 1186 992 1347 688 1134 644 1080 897 1098 714 588 745 1452 784 656 1029 791 1352 1112 680 660 1457 710 1216 1552 1059 1519 917 827 544 1109 1204 1216 1519 1116 694 497 962 1313 547 1327 1554 637 1087 1286 1354 952 1598 592 668 1759 572 1288 593 603 1058 451 1253 677 701 1234 1331 905 470 1233 512 692 1090 1275 1518 683 1285 677 906 515 927 981 905 1487 919 1155 1734 492 1463 994 1145 609 862 1667 1287 1704 547 990 552 1629 986 700 890 878 1444 965 1046 1298 1060 1451 1326 1333 1402 1764 984 859 1317 1414 535 1382 1391 1340 523 546 567 660 1327 1147 878 1247 1255 1261 1245 745 1073 1220 770 602 587 755 524 917 1129 652 536 566
964 1077 815 717 1993 597 1038 1044 1303 1089 978 698 632 1240 1466 2149 1158 999 1737 730 1159 1090 920 1213 1153 1180 360 1646 988 1171 927 946 1587 573 1444 721 1204 752 1870 1195 1267 1095 1047 962 1089 997 2146 1490 1014 1112 1779 1343 691 1016 1282 1758 1688 992 1165 1466 796 1504 1157 1323 666 1395 550 1450 937 1909 768 1569 910 777 592 1608 903 713 1369 606 1525 2041 1014 1398 1660 1053 667 789 1943 1774 1063 1755 1413 943 945 1285 787 1943 1264 1334 687 1672 867 1064 1498 713 1041 1860 614 2057 1124 1673 721 2116 938 1333 2033 1113 745 2143 1369 1008 1386 1053 1721 1520 1465 769 1134 834 1031 1342 1892 1068 1010 361 731 855 627 1826 1413 537 602 1367 1506 1339 904 612 1651 442 1053 991 1566 778 1131 910 1749 1401 1727 1419 931 896 1089 1333 845 2092 1188 1383 1718 809 1013 480 1751 1231 985 1828 1339 1263 1763 600 1137 1616 798 1071 1243 616 1196 595 1407 1010 1482 1427 1030 886 1001 1153 1555 1091 1219 969 1469 1931 1628 1001 1153 1271 1329 1182 1893 2095 2141 1161 2096 1475 1506 1046 1745 1506 1319 882 1005 808 1664 1145 2188 1103 1699 988 962 1120 921 1650 1029 1811 1125 1075 1197 877 914 1691 2138 1525 1408 1817 1429 1900 1038 1857 1456 1429 1686 1668 1464 1533 1005 2154 876 2020 1018 1061 1192 945 1448 718 1698 1136 984 2046 1598 1296 508 2028 1322 1284 1153 1123 1256 1244 699 955 1136 1045
1383 1093 1861 1585 2494 1616 1628 1422 1443 1588 1818 1438 1912 1286 963 1687 1646 1897 2005 1814 1563 1374 2149 1793 1113 1284 1646 360 1114 2424 1458 1417 1386 1860 2233 1715 1162 1469 1959 1527 1311 1229 1706 1564 1607 1092 1481 1135 1276 2251 1345 1549 1565 1001 1507 881 1402 1133 1482 810 1549 1616 1672 813 1526 1574 1834 897 1144 2421 1945 1923 1300 1920 1414 2224 2173 1398 665 1733 1639 2395 1162 1956 2196 1558 1390 1403 1457 2227 1408 1596 685 1226 2225 1075 1289 811 2319 1517 1974 465 1485 1119 656 1988 1341 1460 1858 1558 2073 2098 2007 1858 1156 1333 1565 1919 1520 1670 1990 1443 2222 1349 2614 2193 2212 1280 2359 1765 1449 1372 1084 1428 1595 1645 1661 1527 1392 2020 752 1770 1623 823 1360 678 1399 1729 1054 1592 1608 1428 1340 2055 1696 1442 1794 875 2266 587 1502 1424 2239 1619 1963 2393 1960 2392 1214 1590 1379 1665 2076 858 2220 987 964 1395 1584 1589 1466 2251 1758 1537 1996 1543 2207 1459 2459 1453 1384 2576 1443 2033 1446 1524 1963 1316 904 1527 1509 993 2254 1770 1183 2130 1322 1615 1296 1627 2304 1604 1460 1440 1791 1375 1340 688 752 1540 1784 1260 2633 1166 2136 1882 2020 1457 1055 2369 1257 2605 1407 1463 1120 2325 1897 1475 1720 1476 2163 1859 617 2172 598 2341 2128 662 781 2580 1781 1491 2236 2332 1324 1975 2091 1003 1329 1433 1492 1488 2243 1847 1348 994 2054 1840 2165 1666 1499 1719 1689 1512 1509 960 1129 1838 1344 1486 1128 1446
1140 951 1357 1114 2358 1073 1337 1199 1392 1343 1422 699 1219 1247 1229 2057 1423 1480 1969 1283 1372 1197 1546 1544 1047 1200 988 1114 360 1799 1144 1124 1552 1185 1911 965 637 717 2025 1372 1284 1089 1393 1247 1355 848 1955 1345 1059 1716 1658 1482 1081 706 1417 1418 1627 894 1323 1142 1132 1622 1438 709 784 1530 1174 822 834 2274 1372 1827 991 1366 779 2003 1529 925 809 1166 1648 2339 952 1743 2019 1301 868 994 1819 2102 1202 1770 1006 945 1521 1141 564 1509 1841 1457 1301 1108 734 462 897 1339 1135 1768 1146 1939 1645 1978 1324 2122 410 1345 1928 1558 1075 2045 1744 1189 1871 1151 2248 1936 1913 579 1761 1309 1209 1376 1605 1220 870 987 1181 1151 724 2029 1052 1152 1081 745 1483 800 1078 1167 1423 966 1333 1166 1512 1403 1437 1120 1869 1118 2093 913 1182 1095 1696 1517 1427 2368 1623 1946 1551 1172 1143 1056 2013 627 1612 1517 1116 1335 1769 857 1294 2021 1004 1298 1674 811 1751 900 1987 1198 1479 2040 1204 1484 1186 1343 1839 1155 600 1225 1541 1588 2029 1406 1104 1759 1335 1418 1708 1996 2354 1399 1915 1506 1719 1165 1633 1115 931 791 1417 540 2220 1083 2300 1531 1954 1186 699 1748 505 2200 1177 1738 1026 1703 1593 1124 1325 1668 2284 1767 941 2100 958 2230 1619 1386 835 2043 1824 1660 1924 2011 1093 2201 1498 1648 1108 1218 1348 1180 1918 1295 1606 509 1553 2071 1968 1520 865 2001 1550 1421 1333 861 1153 1588 648 1185 1044 1217
1448 1753 981 1228 1858 1171 1379 1537 1739 1453 1153 1488 969 1771 2110 2576 1469 1085 1868 994 1532 1601 639 1404 1791 1723 1171 2424 1799 360 1434 1475 2056 980 1268 1343 1998 1517 2072 1589 1781 1690 1321 1375 1438 1711 2665 2068 1609 697 2285 1714 1239 1783 1681 2428 2157 1684 1591 2160 1292 1842 1448 2133 1425 1752 985 2261 1653 1789 849 1712 1536 885 1395 1518 632 1392 2165 1054 1852 2006 1677 1476 1617 1446 1394 1409 2428 1752 1559 2138 2152 1602 795 1909 1597 2657 857 1726 870 2463 1605 1871 2304 820 1587 2327 1067 2520 1006 1715 863 2448 1749 1828 2488 1177 1297 2577 1409 1497 1192 1590 1297 1420 1321 1581 478 1103 1508 1816 2512 1550 1687 1172 1160 1340 1438 1975 2132 1019 1165 2178 1983 2132 1464 1058 2259 1205 1408 1496 2054 758 1404 1436 2021 2082 1652 2198 1403 1442 681 1659 867 2082 1218 965 2271 1262 1543 1124 1836 2040 568 2472 1998 1731 2154 1343 1578 1504 1379 1476 1247 1381 917 1326 909 1491 1947 753 1512 795 1490 1553 1665 1637 2030 1408 1867 2588 1519 1221 1756 1134 1830 1515 2436 2537 2215 1503 2611 1910 1732 1569 2250 2230 2062 1594 1211 1619 1170 1759 2387 1205 1808 1473 1729 416 1721 1178 1535 2269 1769 459 1293 1393 1203 2126 2302 1706 2174 1854 2194 1841 810 2598 2267 752 1952 2092 1295 1296 1574 2434 699 2690 1579 1541 1609 1423 1262 951 2193 1947 860 2368 1556 1589 1305 2407 1600 1680 1563 1849 1861 1397 1511 1431 1772 1521
