140 740 738 1045 1138 993 1032 732 849 475 652 438 447 799 631 648 878 829 438 987 1355 799 1334 879 1038 1196 773 238 414 440 796 237 214 224 1116 982 327 656 846 1186 1241 402 1086 1111 1060 1075 985 378 242 1165 238 1270 377 618 241 354 542 921 382 973 438 926 731 702 557 1147 482 722 1262 775 1039 274 959 634 724 1322 1043 341 346 1067 722 1173 612 1109 1314 1274 1125 348 962 681 727 1147 1356 1141 1097 201 1142 1373 1303 1004 935 1335 1127 895 545 592 213 1120 394 1224 1009 1168 261 585 1001 222 805 858 765 261 369 915 1028 998 1136 998 1329 1341 619 532 831 992 1356 958 1120 591 1204 460 957 854 562 1203 1231 335 451 1192 936 1354 926 276 1141 688 939 248 1352 503 278 679 230 1229 1221 451 894 716 957 864 443 463 1271 679 1135 357 1271 769 397 1086 1209 206 954 1095 409 1250 940 325 705 428 1335 1214 1234 456 1083 879 404 1143 216 1272 1155 1287 213 1169 942 882 394 735 481 1171 382 612 563 634 676 905 563 1270 1052 1295 212 993 434 380 783 496 601 719 631 927 1291 1255 1238 266 217 435 1352 1161 1122 621 1265 539 656 1372 401 705 1327 1314 888 654 424 585 560 312 1351 857 1078 1271 1123 396 1307 389 1219 618 725 502 557 657 668 1258 251 696 843 1291 1000 452 409 925 813 423 941 864 215 1306 737 254 1221 807 833 386 674 1094 1016 1284 905 1309 857 262 1025 629 280 1106 560 355 834 967 494 1344 460 418 1224
840 360 686 1414 1760 1633 1517 704 1538 1087 1058 690 1045 788 1304 805 1156 527 789 640 1128 1218 1653 1579 1264 1625 578 934 954 664 1492 899 896 901 1488 1678 996 1345 1352 1879 906 716 716 901 1705 1775 1441 802 943 1201 871 1849 1043 1285 940 745 937 1471 972 1644 977 1608 1276 733 919 1688 949 523 1160 655 1693 960 1270 1173 907 2003 1556 949 964 1079 1348 1069 1183 1659 1524 1072 1137 1003 1531 541 930 1765 2045 1299 1197 899 1192 1924 943 1679 1257 986 1207 516 740 765 913 1242 705 846 739 863 958 1061 1495 883 1494 1497 1338 951 1067 1444 1718 1651 1409 1060 1385 2032 1191 579 1245 1690 1874 1657 795 628 1017 1140 1467 1242 1039 1830 1930 1026 1149 1153 643 1456 1609 975 1640 1267 1611 898 977 950 969 1356 930 1351 1467 1012 1590 1411 1607 1329 681 986 1448 1181 1425 743 1967 1118 850 1066 920 904 1193 1323 1063 956 1473 776 1405 706 1924 1613 1694 1107 1770 561 702 1336 914 1787 1854 1968 892 1857 693 600 1092 1430 867 1563 728 1311 1096 1259 898 1601 711 1611 757 1965 912 1405 869 922 1161 1068 1021 1137 781 1409 1770 1664 1907 893 908 1050 974 795 1762 1303 1859 1015 1233 2050 1066 1210 953 1970 1518 1115 1123 807 1257 876 1060 1535 901 1796 1653 939 1904 1004 1726 1284 513 609 1249 1263 658 921 854 1145 1215 1989 1346 1150 872 548 1425 986 1639 757 913 1472 1359 952 866 1303 482 1086 1125 1566 1653 1477 1585 1539 1417 957 1224 1024 953 1757 961 1043 869 1152 839 1849 1154 1094 1660
838 686 360 1115 1563 1459 1681 382 1531 1161 1237 815 916 1085 1190 1047 849 852 932 723 977 1403 1895 1521 941 1334 896 937 1053 703 1468 919 888 913 1704 1648 934 1343 1111 1769 917 707 967 1226 1531 1700 1169 727 936 1510 891 1961 965 1166 928 788 731 1243 864 1667 1081 1487 1066 430 1098 1824 779 832 1485 965 1737 973 963 974 606 1864 1707 1011 878 770 1184 813 1287 1418 1799 895 830 927 1647 511 630 1565 1923 1582 1492 899 876 1674 1191 1695 1484 1246 1507 778 565 540 909 1533 761 997 1060 1164 935 853 1236 893 1394 1330 1447 923 1028 1583 1607 1696 1089 1358 1073 1914 1295 638 1434 1607 1609 1608 798 518 825 1058 1617 960 1182 1633 1873 978 1096 1473 963 1757 1612 957 1375 1369 1632 869 1184 768 937 1245 925 1645 1729 1109 1503 1331 1444 1498 806 831 1731 960 1671 792 1934 838 740 767 1227 905 874 1000 969 893 1610 815 1357 677 2029 1313 1876 1000 1762 880 786 1611 905 1524 1770 1970 885 1736 597 924 1051 1348 1022 1263 808 1255 910 1329 1131 1574 539 1298 716 1811 907 1119 1000 1014 1360 914 796 883 1020 1572 1492 1869 1931 854 914 930 1167 1044 1581 1314 1638 1156 1335 1904 982 986 1066 2011 1341 886 1104 577 1238 814 987 1548 1227 1943 1402 1034 2002 1070 1462 1316 533 753 1244 1347 931 1196 848 904 931 1945 1043 1134 991 752 1507 855 1558 1074 905 1147 1190 949 1127 1455 652 1050 1289 1738 1715 1756 1461 1214 1536 933 1493 1203 910 1588 747 989 543 828 1006 2008 1094 1117 1852
1145 1414 1115 360 1040 1033 1981 1092 1504 1432 1656 1342 978 1722 1060 1612 627 1579 1414 1464 1435 1794 2331 1378 621 585 1590 1220 1417 1233 1423 1243 1192 1230 2107 1538 1110 1393 651 1435 1582 1182 1722 1948 1082 1468 531 1098 1204 2134 1235 2105 1083 1038 1194 1244 891 737 1025 1671 1438 1198 759 1051 1559 2042 931 1522 2175 1638 1774 1246 517 804 871 1439 1973 1340 1064 957 921 1151 1565 799 2319 1347 965 1084 1852 1235 847 1033 1530 2140 2082 1207 908 989 1945 1676 1939 2000 2109 1530 1050 1013 1203 2112 1255 1730 1793 1913 1179 820 614 1222 1194 976 1684 1166 1172 1848 1306 1743 544 1968 963 1530 1569 1251 1825 1378 895 1460 1487 1151 1292 1092 1898 552 1562 1097 1646 1144 1166 2134 1697 2347 1585 1191 688 1618 1640 1158 1928 913 1162 1088 1204 2223 2226 1444 1294 1208 1053 1839 1339 942 2274 744 2139 1253 1754 663 1045 1006 1973 1209 632 612 1053 1499 1865 1245 1299 1164 2148 559 2182 1029 1675 1616 1290 2146 1195 821 1500 1866 1195 1381 1303 1651 1174 1212 1479 509 1292 1224 853 1528 1664 1490 1072 585 1402 1356 1201 447 1434 1386 1786 925 813 687 1589 1889 758 2227 1884 1141 1220 998 1906 1799 1100 1404 1030 1541 1594 1454 1073 728 1775 1989 953 751 1236 975 1298 1105 1553 1562 1937 2168 755 1400 2111 1371 762 1447 1276 1339 1329 1568 1562 1951 1190 709 570 1739 432 1254 1412 1507 1678 983 1347 1748 1196 785 909 1213 1882 1774 1406 1185 1670 2046 1792 2289 1172 702 1771 1176 2027 1634 1139 1137 868 1134 970 709 1485 2251 1150 1320 2186
1238 1760 1563 1040 360 517 1773 1542 1133 1365 1636 1528 1082 1896 882 1738 1202 1892 1533 1922 2050 1711 2196 947 1283 928 1857 1284 1436 1476 1067 1323 1292 1314 1972 1076 1172 1143 835 810 2112 1417 2115 2207 477 918 873 1322 1267 2230 1337 1738 1121 887 1263 1427 1199 697 1159 1273 1443 711 857 1493 1608 1749 1173 1797 2355 1870 1379 1284 1145 953 1345 765 1736 1368 1177 1584 779 1774 1449 614 2273 1958 1608 1154 1586 1620 1323 375 862 2157 2145 1299 1564 695 2344 1256 1885 2387 2180 1910 1396 1394 1287 2157 1460 2194 2091 2244 1240 1073 787 1321 813 641 1492 1237 1153 1636 748 1364 1223 2069 1643 867 1448 1544 1734 862 767 991 1998 1509 1894 1045 1690 1040 1537 430 1062 1168 1086 2277 2009 2376 1185 1235 753 1457 1255 1272 2364 1175 1221 850 1276 2253 2167 1426 838 901 564 1699 1531 1134 2258 962 2062 1434 1188 1127 1272 1631 2291 1298 1257 1289 1091 2060 1641 1408 996 1420 1754 998 1946 1043 1197 1940 1484 2139 1282 734 911 1339 1298 752 1797 1955 1136 888 1552 1003 1469 1000 1026 1354 1746 1070 1428 1134 1913 677 1287 961 1506 1426 1737 1053 1127 1053 1725 1715 835 2032 1398 1267 1302 1083 2354 2194 439 1186 517 1528 1450 774 1097 937 2269 1506 609 1037 1158 1351 1112 1264 2136 1207 2176 1861 669 1429 1715 1360 739 1247 1671 1573 1148 1399 1765 2318 1322 1024 1067 1156 1083 1153 1481 1915 1426 1137 862 1962 1283 1460 765 1266 2267 1630 1808 1148 1611 1832 1428 2260 704 1355 1552 1238 2036 1631 1220 494 1179 1148 1497 1334 1574 1948 1070 1251 1973
1093 1633 1459 1033 517 360 1621 1439 991 1208 1480 1386 948 1748 729 1588 1148 1759 1384 1811 1980 1553 2042 811 1252 972 1718 1135 1282 1342 921 1176 1147 1167 1817 952 1028 987 778 762 2014 1284 1990 2064 431 822 862 1191 1119 2075 1191 1605 976 736 1116 1287 1089 657 1024 1139 1288 575 762 1390 1454 1605 1053 1660 2204 1727 1246 1134 1110 845 1256 784 1586 1215 1039 1527 644 1711 1291 673 2116 1888 1558 1012 1437 1502 1236 530 865 2000 1989 1153 1521 835 2217 1126 1727 2258 2024 1786 1281 1284 1141 2000 1322 2081 1953 2108 1093 966 785 1175 661 496 1337 1091 1002 1484 649 1228 1217 1915 1622 863 1291 1415 1577 749 886 867 1898 1390 1821 895 1537 988 1380 573 988 1020 932 2124 1874 2219 1050 1086 805 1301 1118 1129 2244 1059 1075 694 1129 2096 2010 1270 703 745 409 1543 1390 1010 2101 867 1905 1294 1107 1056 1143 1571 2154 1152 1213 1268 948 1972 1490 1266 842 1289 1626 1038 1798 900 1082 1807 1344 1982 1136 834 837 1243 1153 707 1696 1819 983 733 1400 1031 1327 843 911 1198 1592 936 1313 1169 1814 717 1141 947 1354 1274 1579 926 1025 973 1575 1561 921 1880 1289 1126 1155 947 2235 2069 490 1030 670 1372 1293 814 952 846 2161 1397 478 942 1003 1243 955 1127 2052 1064 2031 1720 725 1276 1587 1205 820 1090 1554 1435 991 1243 1621 2187 1179 937 1012 1083 1062 997 1330 1795 1275 1007 737 1817 1137 1459 634 1118 2139 1474 1689 996 1454 1681 1290 2103 561 1368 1399 1092 1879 1475 1076 488 1072 999 1413 1286 1423 1807 916 1095 1823
1132 1517 1681 1981 1773 1621 360 1682 1019 922 818 1231 1370 1197 1326 1086 1859 1481 1113 1796 2268 661 797 1205 2021 2077 1376 1162 994 1338 1070 1158 1206 1169 603 1138 1247 998 1721 1520 2059 1342 1734 1489 1658 1340 1874 1363 1173 1168 1180 756 1263 1339 1183 1257 1530 1731 1342 939 966 1428 1597 1665 959 563 1463 1384 1409 1310 877 1127 1926 1537 1715 1702 431 1053 1304 2052 1482 2134 783 1880 956 2199 2111 1271 567 1571 1719 1787 1669 977 1056 1191 2132 2094 1870 978 714 1868 1092 1624 1518 1571 1188 1029 1280 1939 1519 1660 1191 1541 1856 1186 1320 1537 659 1206 1172 498 1442 859 2103 1097 2321 1648 778 1410 638 1330 2128 1201 1952 1523 2134 1250 445 1804 858 1811 1365 1205 1176 1287 1515 1148 1000 1173 1967 722 936 1238 1970 1486 1204 1327 1179 1060 855 944 1307 1240 1571 548 1240 1429 988 1597 754 1251 1301 1742 1389 2066 1660 1186 1939 2075 1291 2113 491 1233 1139 1373 836 2115 563 1312 1101 1517 1255 922 1194 2059 1414 1181 1205 1547 1827 1480 1167 1249 1024 2080 1233 1163 1492 816 997 1102 1528 2201 1911 1735 1190 1911 1041 1033 727 1421 1574 1674 1106 469 2116 619 1066 1256 1174 1349 1991 1780 1714 965 1930 885 748 1761 1270 1613 2057 1055 1578 1602 1105 1572 1063 1304 2216 947 1431 644 1916 1013 833 1003 2023 910 1596 1304 1027 774 1239 1783 1231 1641 1799 1352 1950 1087 1050 1684 706 1383 1304 1295 1194 2291 1499 1161 1795 587 1639 1157 755 424 802 970 1430 2281 582 1195 898 853 1232 1669 1544 1212 1812 1958 1046 692 1193 1024 566
832 704 382 1092 1542 1439 1682 360 1520 1157 1240 819 900 1098 1174 1056 826 872 935 746 985 1406 1902 1507 921 1311 913 930 1052 704 1456 914 881 908 1709 1636 923 1333 1089 1752 936 704 989 1245 1511 1685 1147 718 928 1524 886 1957 952 1149 920 786 712 1222 851 1657 1080 1470 1045 409 1102 1822 762 848 1503 980 1730 967 940 954 583 1846 1706 1008 866 759 1165 812 1285 1396 1809 902 819 915 1644 527 608 1544 1905 1593 1504 892 863 1651 1214 1685 1490 1269 1520 800 554 524 902 1545 761 1020 1080 1186 927 833 1213 887 1378 1310 1444 914 1017 1582 1590 1688 1068 1372 1061 1896 1292 644 1437 1592 1586 1594 818 519 832 1044 1616 937 1183 1612 1858 968 1084 1489 983 1770 1602 949 1352 1367 1623 861 1207 750 927 1228 918 1657 1738 1107 1487 1316 1424 1499 810 815 1742 939 1679 791 1921 815 728 759 1248 898 853 979 955 908 1609 813 1344 674 2024 1291 1877 986 1751 901 788 1621 898 1501 1755 1959 879 1719 616 944 1040 1333 1025 1241 809 1242 891 1324 1139 1562 530 1276 734 1792 900 1096 1002 1013 1364 897 775 861 1029 1573 1469 1873 1921 846 908 915 1189 1067 1561 1305 1616 1157 1333 1885 969 965 1087 2002 1321 865 1094 559 1227 804 1001 1539 1246 1942 1380 1033 1997 1066 1439 1309 553 760 1235 1343 943 1219 842 882 908 1932 1021 1124 991 775 1503 840 1542 1090 898 1129 1171 941 1149 1455 674 1039 1291 1740 1708 1766 1443 1194 1533 924 1502 1207 900 1568 728 978 527 808 1010 2008 1082 1110 1855
949 1538 1531 1504 1133 991 1019 1520 360 838 1050 1210 1011 1444 807 1275 1479 1596 1136 1795 2144 1047 1455 548 1631 1536 1515 971 972 1247 441 1001 1016 1002 1242 515 957 552 1214 870 2050 1211 1866 1787 1015 696 1359 1164 967 1646 1030 980 932 831 972 1156 1222 1174 1037 526 958 781 1108 1482 1102 976 1152 1482 1835 1487 631 940 1504 1096 1440 1051 973 953 1015 1787 944 1929 823 1283 1576 2057 1837 966 820 1489 1432 1148 1032 1515 1541 1009 1830 1464 2066 536 1217 2088 1579 1688 1326 1362 996 1537 1196 2024 1735 1898 960 1163 1315 1022 699 940 780 971 862 891 783 604 1664 1510 1989 1011 818 1340 1060 671 1516 548 1929 1394 1986 852 942 1366 977 1163 785 912 798 1730 1684 1724 445 939 1395 782 497 1027 2132 1172 956 776 979 1611 1469 924 655 656 942 992 1219 1099 1582 1156 1360 1157 793 1356 1152 1817 1925 1003 1561 1672 937 2056 889 1125 567 1235 1011 1588 1178 922 594 1644 1195 1480 997 1457 778 799 1019 891 1748 1633 840 655 1095 1565 1169 659 1094 706 1233 450 1351 1699 1860 1077 998 1420 1067 992 1098 1042 1220 1267 1276 984 1532 1273 768 1039 997 991 2137 1935 1067 596 1290 985 795 1110 920 1160 2130 861 979 1197 788 1339 653 1077 2154 435 1739 1089 1328 980 973 903 1433 629 1535 1289 651 737 1379 2005 1059 1225 1374 822 1498 758 1052 1726 682 1059 645 1537 998 1891 957 955 1983 930 1639 840 992 1074 662 1575 790 1841 811 962 1401 1063 981 1018 1223 901 1584 1609 1126 1176 803 803 1211
575 1087 1161 1432 1365 1208 922 1157 838 360 631 757 815 970 850 800 1297 1125 665 1360 1773 729 1261 939 1459 1552 1039 602 497 829 816 606 649 615 1035 991 687 661 1192 1284 1623 814 1397 1313 1265 1137 1342 813 612 1233 632 1159 709 852 622 737 968 1230 781 920 480 1074 1068 1131 632 1032 901 1011 1389 1009 965 566 1367 993 1159 1447 929 509 742 1503 991 1604 498 1403 1285 1695 1561 711 848 1079 1161 1377 1457 1152 1142 634 1577 1649 1591 958 892 1611 1178 1230 977 1026 629 1152 771 1567 1257 1420 629 982 1339 634 944 1091 649 644 622 801 1146 923 1544 1078 1763 1439 504 917 758 1074 1657 996 1506 1006 1626 720 844 1249 532 1420 1259 648 655 1295 1208 1371 897 611 1466 572 888 679 1661 923 641 875 618 1248 1183 445 996 845 1163 767 767 867 1260 1049 1085 734 1270 1181 832 1521 1447 629 1377 1513 740 1650 825 708 781 843 1227 1582 1125 769 1060 1172 757 1137 635 1579 1222 1249 649 1283 1345 1157 625 862 617 1543 731 732 939 533 771 916 992 1656 1447 1443 631 1368 591 525 739 867 1013 1117 799 822 1618 1157 1181 697 618 794 1669 1463 1328 608 1511 527 540 1503 720 1069 1678 1243 1129 1045 576 1021 625 745 1752 818 1267 1156 1429 509 1201 451 1533 569 1116 839 595 546 901 1528 680 1086 1242 1301 1396 574 579 1275 708 821 1027 1061 635 1729 1009 599 1508 703 1199 613 613 985 928 1265 1062 1722 741 632 1031 627 670 1297 981 658 1269 1396 648 1228 673 480 1120
752 1058 1237 1656 1636 1480 818 1240 1050 631 360 781 1044 786 1120 642 1486 1034 664 1338 1812 526 1045 1184 1644 1796 932 796 599 897 1050 775 826 787 835 1205 911 904 1439 1534 1602 912 1297 1121 1536 1374 1584 956 812 968 786 1164 947 1121 821 827 1150 1490 991 1082 579 1340 1316 1228 501 993 1094 931 1145 874 1090 771 1571 1231 1305 1703 858 676 952 1624 1257 1690 586 1668 1028 1744 1685 936 854 1117 1314 1648 1704 881 873 811 1714 1918 1458 1124 642 1466 909 1171 1093 1147 814 881 843 1494 1106 1262 838 1196 1590 798 1211 1362 688 850 873 753 1405 1051 1747 822 1908 1685 591 961 556 1322 1921 1228 1494 1080 1681 980 770 1466 461 1692 1474 884 921 1042 1084 1100 1088 828 1722 641 1057 860 1547 1114 856 1146 812 976 931 581 1254 1112 1435 630 790 1075 994 1282 842 820 1462 1381 995 1633 1276 807 1560 1702 980 1654 782 810 1040 942 1243 1819 1003 1018 1243 1074 813 870 821 1841 1459 1405 823 1538 1370 1042 882 1129 574 1778 794 1001 1167 703 566 1137 1097 1881 1452 1705 815 1600 603 631 492 1096 1213 1331 657 710 1874 992 1315 877 796 1026 1563 1351 1599 850 1782 476 619 1760 963 1305 1611 1352 1400 1264 843 1157 892 919 1758 1008 1068 1097 1691 616 1227 654 1793 796 1139 850 859 675 789 1380 835 1307 1455 1500 1612 844 620 1229 800 1033 1279 887 820 1908 1274 804 1378 608 1181 869 434 869 1030 1003 1330 1919 745 841 761 394 877 1567 1169 900 1382 1565 591 1151 938 747 976
538 690 815 1342 1528 1386 1231 819 1210 757 781 360 813 748 1029 632 1127 754 477 963 1400 948 1447 1265 1273 1521 694 625 626 483 1169 585 601 591 1250 1354 719 1019 1192 1582 1227 521 1018 1038 1455 1464 1315 605 638 1152 562 1535 770 1015 638 465 810 1286 737 1313 651 1324 1089 810 642 1385 780 644 1212 701 1362 643 1227 985 912 1720 1261 618 712 1209 1110 1269 861 1477 1374 1329 1270 734 1217 700 925 1536 1752 1173 1104 597 1304 1744 1229 1349 1034 1259 1128 838 691 744 611 1137 446 1174 930 1089 660 903 1347 577 1202 1251 1020 659 766 1141 1426 1321 1395 986 1501 1738 869 540 978 1384 1717 1339 1110 660 1263 858 1170 1150 734 1595 1612 734 848 1157 858 1371 1280 672 1492 945 1280 617 1285 794 676 1077 626 1250 1295 685 1289 1111 1353 1045 369 790 1316 1016 1227 457 1642 1042 661 1215 1131 601 1190 1333 798 1260 1169 480 1091 544 1608 1528 1422 846 1442 804 411 1190 615 1630 1546 1638 595 1566 962 804 790 1130 567 1481 419 1004 906 930 698 1277 688 1562 1056 1693 610 1305 551 592 905 853 892 1020 607 1121 1637 1413 1576 621 600 808 1288 1091 1516 974 1648 708 911 1771 794 1045 1283 1640 1279 970 808 764 936 630 1363 1204 1009 1500 1484 610 1585 673 1574 953 729 442 925 936 599 1181 567 1010 1131 1666 1285 833 549 878 1099 768 1333 797 613 1525 1124 644 1147 1007 802 781 836 1286 1325 1336 1304 1556 1104 660 1069 748 671 1502 834 754 967 1180 550 1561 857 767 1397
547 1045 916 978 1082 948 1370 900 1011 815 1044 813 360 1195 634 1052 857 1171 842 1242 1508 1176 1713 970 1019 1113 1135 611 806 754 938 641 596 629 1489 1108 493 844 760 1216 1469 695 1402 1490 1020 1144 901 603 594 1572 643 1543 466 610 585 709 571 836 437 1165 824 936 643 856 962 1452 504 1075 1660 1153 1254 632 916 548 789 1324 1368 727 463 1135 664 1280 950 1027 1711 1419 1186 467 1260 926 781 1088 1375 1546 1504 608 1184 1292 1629 1185 1325 1669 1534 1200 715 736 600 1527 740 1505 1369 1522 566 532 914 627 838 812 1079 555 559 1241 1053 1216 1092 1404 1353 1364 954 827 1207 1051 1271 1059 1348 815 1348 518 1289 794 947 1150 1319 526 582 1596 1287 1760 1096 575 1054 1009 1131 567 1659 522 548 689 596 1635 1615 827 946 777 921 1222 815 449 1672 598 1524 716 1387 736 557 1166 1569 609 940 1069 442 1449 1261 694 817 700 1597 1135 1573 449 1232 1219 766 1546 593 1186 1214 1441 601 1186 1151 1233 567 793 888 1094 754 715 484 926 1083 1038 746 1202 1269 1281 599 917 840 778 1171 412 577 664 1034 1274 1204 1611 1419 556 618 382 1653 1481 1078 835 1196 927 982 1368 463 621 1593 1511 835 591 633 704 735 544 1542 1046 1462 1578 1037 791 1564 754 1132 863 977 851 757 962 1053 1599 613 631 789 1395 941 658 816 1213 1091 422 1001 1251 594 1289 676 600 1550 1158 1109 576 1053 1435 1251 1684 910 1271 1169 563 1429 1024 530 1072 571 518 938 974 901 1657 572 706 1572
899 788 1085 1722 1896 1748 1197 1098 1444 970 786 748 1195 360 1380 530 1491 677 723 1025 1542 902 1245 1548 1625 1907 578 972 849 848 1426 932 966 942 1108 1599 1086 1272 1581 1889 1269 901 901 703 1814 1747 1703 992 989 786 920 1575 1136 1371 993 852 1193 1671 1121 1499 855 1656 1475 1111 701 1392 1168 624 825 497 1515 974 1598 1372 1256 2044 1252 901 1092 1493 1481 1497 994 1862 1098 1494 1552 1106 1275 934 1274 1905 2061 871 770 958 1601 2128 1036 1541 878 1041 783 832 1042 1088 970 814 832 1112 683 835 1016 1290 1735 937 1527 1615 1115 1020 1106 1166 1743 1476 1758 634 1798 2044 1001 842 920 1680 2104 1607 1181 965 1442 1212 1171 1532 831 1960 1868 1088 1182 771 680 1032 1494 1021 1880 1063 1472 990 1133 1180 1035 1422 980 924 1048 886 1596 1429 1710 1021 749 1178 1020 1404 1019 844 1870 1419 1048 1486 849 959 1546 1686 1168 1349 1195 862 1383 917 1655 1911 1345 1216 1655 699 799 911 975 2018 1832 1826 961 1883 1118 653 1127 1448 721 1863 805 1315 1294 1105 581 1526 1027 1937 1164 2029 970 1690 762 845 832 1238 1276 1405 535 1100 2025 1290 1740 999 954 1188 1153 942 1876 1219 2024 820 1036 2098 1160 1433 1231 1779 1647 1358 1121 1119 1222 1015 1448 1414 657 1481 1871 849 1643 928 1961 1176 927 743 1199 1086 521 955 942 1397 1511 1905 1661 1137 784 899 1225 1154 1632 460 974 1860 1497 990 959 1023 896 1115 860 1233 1457 1050 1639 1909 1169 1017 804 761 1038 1856 1217 1108 1265 1522 693 1518 1196 1046 1299
731 1304 1190 1060 882 729 1326 1174 807 850 1120 1029 634 1380 360 1219 1039 1414 1017 1514 1773 1210 1723 715 1187 1117 1363 770 914 1002 726 811 788 803 1495 867 672 700 774 942 1743 947 1659 1702 793 874 924 864 755 1708 829 1406 622 386 752 935 832 764 697 973 921 665 661 1128 1085 1356 772 1310 1835 1367 1075 766 1058 655 1042 1059 1305 846 699 1372 516 1532 950 920 1772 1683 1417 661 1170 1197 1028 892 1104 1641 1624 792 1402 1160 1882 982 1379 1919 1659 1460 990 1010 778 1638 973 1773 1599 1758 730 741 894 813 564 603 1028 730 634 1188 779 1043 1217 1546 1550 1092 951 1084 1236 779 1174 805 1622 1087 1612 531 1241 919 1019 942 1052 656 563 1755 1525 1861 890 721 1001 976 942 775 1921 787 713 414 765 1736 1668 905 675 521 689 1218 1033 719 1749 712 1566 941 1130 918 826 1408 1800 789 1121 1226 600 1723 1200 911 600 958 1447 1162 1519 557 1001 1463 990 1628 774 1099 941 1206 793 915 1425 1470 614 533 1031 1133 971 527 670 875 1224 807 1021 1263 1543 1025 779 978 985 904 1228 640 804 827 1207 1249 1150 1583 1202 775 792 622 1916 1737 856 722 1023 1008 962 1106 598 713 1865 1303 640 761 637 976 623 787 1814 862 1667 1480 952 907 1410 838 1059 776 1248 1086 660 919 1259 1844 824 784 929 1133 1051 635 961 1478 996 696 731 1452 776 1444 533 752 1801 1148 1376 627 1101 1390 1091 1754 641 1394 1106 729 1521 1112 719 836 824 636 1197 1174 1054 1565 547 732 1533
748 805 1047 1612 1738 1588 1086 1056 1275 800 642 632 1052 530 1219 360 1399 755 570 1076 1573 785 1214 1378 1543 1785 651 816 680 751 1256 778 817 789 1042 1430 935 1102 1447 1719 1336 793 1015 873 1652 1576 1577 874 833 884 770 1446 983 1211 839 727 1081 1528 981 1336 685 1489 1336 1058 534 1271 1045 659 976 592 1357 814 1499 1236 1179 1875 1134 735 949 1455 1327 1488 832 1718 1113 1514 1515 956 1136 906 1194 1748 1892 904 832 807 1556 1981 1179 1377 812 1191 857 898 958 1009 818 865 717 1214 831 991 862 1165 1602 786 1360 1457 963 867 945 1034 1574 1317 1667 717 1754 1874 839 776 809 1510 1964 1437 1234 905 1455 1053 1047 1420 668 1801 1699 931 1018 904 802 1099 1328 864 1745 905 1308 845 1265 1060 881 1259 826 978 1042 716 1427 1261 1548 901 636 1047 1050 1273 988 719 1703 1314 927 1454 1011 807 1461 1604 1016 1399 1064 730 1213 815 1525 1795 1254 1063 1489 793 682 926 824 1879 1662 1665 812 1714 1133 760 964 1280 552 1749 679 1147 1159 939 453 1356 950 1833 1202 1862 818 1572 595 678 722 1099 1160 1288 386 982 1893 1219 1582 856 801 1042 1281 1069 1715 1049 1870 654 876 1930 1006 1301 1332 1626 1490 1234 954 1033 1053 880 1502 1247 827 1370 1730 680 1509 759 1824 1007 915 660 1029 924 512 1105 800 1275 1402 1737 1556 969 618 959 1069 1017 1462 622 822 1792 1343 833 1098 889 926 952 716 1130 1303 1072 1473 1827 1026 863 807 611 888 1693 1104 951 1216 1448 525 1417 1033 877 1217
978 1156 849 627 1202 1148 1859 826 1479 1297 1486 1127 857 1491 1039 1399 360 1323 1214 1196 1211 1638 2171 1391 522 850 1343 1062 1252 1009 1400 1075 1024 1063 1954 1546 972 1332 731 1529 1323 966 1455 1695 1211 1521 718 895 1049 1913 1060 2039 962 1013 1039 1039 696 865 876 1642 1276 1261 768 787 1373 1949 757 1274 1933 1397 1737 1095 474 744 609 1572 1862 1180 914 742 942 932 1436 998 2132 1120 769 949 1758 976 586 1199 1652 1939 1871 1039 736 1228 1678 1655 1766 1734 1894 1266 809 765 1039 1904 1042 1464 1536 1651 1029 686 800 1050 1218 1050 1573 1014 1055 1734 1381 1701 628 1749 871 1649 1441 1011 1669 1427 1146 1480 1224 899 1058 1006 1780 522 1400 1268 1704 1016 1076 1901 1440 2138 1564 1046 920 1501 1609 990 1661 735 1015 1082 1045 2017 2046 1289 1329 1201 1152 1700 1122 790 2079 688 1966 1047 1798 483 851 788 1712 1043 443 576 940 1249 1755 1047 1273 943 2092 825 2063 934 1681 1357 1077 1952 1032 1066 1571 1884 1026 1482 1037 1395 1065 1210 1291 775 1084 1180 749 1422 1461 1486 827 814 1139 1499 1037 648 1249 1216 1618 812 645 572 1374 1759 1017 2091 1881 972 1055 880 1640 1532 1245 1329 1233 1377 1472 1598 961 692 1511 1980 1042 641 1131 732 1226 927 1312 1525 1688 2076 968 1233 2058 1222 1004 1361 1014 1110 1251 1457 1330 1685 1010 614 495 1792 555 1156 1229 1241 1589 836 1386 1508 1033 792 938 1060 1615 1640 1141 1073 1512 1923 1741 2097 1233 793 1664 1025 1832 1460 988 1270 678 1012 704 500 1290 2154 1064 1199 2057
929 527 852 1579 1892 1759 1481 872 1596 1125 1034 754 1171 677 1414 755 1323 360 820 709 1228 1180 1563 1660 1432 1787 465 1019 988 776 1560 980 990 984 1418 1743 1101 1407 1503 1976 953 835 632 733 1830 1859 1599 930 1030 1060 955 1839 1151 1397 1030 839 1088 1617 1095 1685 1006 1714 1420 901 907 1666 1091 473 997 541 1721 1038 1436 1315 1074 2111 1529 1004 1080 1238 1476 1210 1197 1806 1410 1185 1294 1112 1526 709 1096 1898 2146 1181 1070 989 1352 2073 834 1723 1186 866 1076 514 896 926 1003 1118 801 819 574 712 1051 1208 1649 969 1594 1622 1343 1047 1159 1427 1818 1680 1577 934 1542 2131 1205 711 1203 1779 2028 1732 863 789 1138 1245 1442 1403 1039 1961 2004 1123 1241 999 480 1319 1661 1065 1795 1277 1653 999 896 1095 1065 1464 1019 1222 1364 1042 1683 1505 1729 1297 748 1122 1329 1329 1336 834 2029 1281 982 1222 764 993 1360 1491 1175 1032 1457 865 1486 833 1917 1777 1644 1222 1824 409 785 1225 1005 1941 1941 2014 984 1959 820 432 1183 1524 877 1727 807 1399 1236 1289 844 1667 870 1777 851 2079 1002 1566 894 964 1115 1200 1174 1294 737 1377 1928 1599 1942 999 994 1172 904 699 1889 1360 1999 1019 1245 2160 1175 1358 937 1996 1646 1266 1203 967 1330 991 1131 1583 735 1765 1803 977 1899 1052 1881 1332 679 688 1317 1284 604 790 950 1299 1377 2056 1511 1227 905 581 1441 1115 1728 618 1004 1637 1488 1038 752 1283 598 1175 1106 1524 1674 1360 1693 1706 1413 1051 1121 1001 1055 1880 1112 1143 1035 1320 846 1810 1250 1157 1603
538 789 932 1414 1533 1384 1113 935 1136 665 664 477 842 723 1017 570 1214 820 360 1068 1516 830 1336 1212 1366 1580 739 609 528 593 1103 569 607 580 1136 1285 725 949 1238 1542 1333 616 1092 1048 1450 1412 1370 680 625 1091 560 1423 774 1008 631 535 886 1318 771 1225 548 1298 1126 924 528 1269 843 706 1184 721 1267 612 1309 1026 1013 1690 1144 549 739 1322 1119 1386 753 1507 1278 1446 1382 746 1105 817 1024 1542 1714 1087 1030 597 1414 1771 1290 1263 924 1313 1058 927 796 850 608 1058 542 1263 966 1129 653 960 1393 576 1171 1252 909 658 744 1025 1391 1225 1481 923 1610 1698 761 657 861 1338 1753 1279 1219 776 1381 848 1053 1221 617 1596 1549 725 821 1114 909 1293 1200 658 1535 837 1194 635 1356 860 672 1060 617 1169 1193 584 1248 1076 1347 927 487 840 1225 1066 1120 527 1569 1121 729 1329 1163 597 1282 1426 807 1372 1054 529 1041 644 1497 1592 1304 854 1363 868 510 1098 614 1668 1496 1554 602 1532 1077 856 765 1095 449 1547 494 963 951 833 610 1209 797 1637 1168 1671 608 1370 439 504 790 889 961 1087 553 1003 1684 1297 1485 646 591 832 1364 1159 1513 900 1662 592 803 1743 797 1093 1375 1544 1283 1030 765 864 880 673 1475 1122 1010 1383 1520 517 1475 593 1614 871 844 553 863 833 610 1232 591 1071 1205 1598 1361 785 445 974 995 809 1288 796 612 1624 1135 626 1207 889 907 753 718 1168 1225 1242 1281 1647 991 655 977 631 678 1493 908 745 1079 1279 437 1443 834 703 1280
1087 640 723 1464 1922 1811 1796 746 1795 1360 1338 963 1242 1025 1514 1076 1196 709 1068 360 880 1496 1910 1819 1259 1687 808 1184 1229 908 1744 1154 1141 1153 1756 1929 1224 1602 1474 2097 625 947 648 1010 1883 2009 1531 1013 1190 1400 1125 2130 1265 1492 1185 999 1083 1606 1177 1911 1253 1818 1425 794 1199 1968 1119 778 1299 888 1965 1215 1308 1329 965 2205 1836 1217 1180 986 1530 904 1461 1782 1759 843 1032 1225 1812 677 990 1924 2257 1530 1418 1147 1101 2037 849 1944 1523 909 1422 555 891 887 1160 1466 960 634 841 883 1200 1209 1599 1133 1714 1678 1618 1191 1306 1725 1934 1923 1411 1282 1272 2246 1469 815 1522 1920 1970 1901 517 787 804 1363 1747 1320 1319 1992 2173 1260 1384 1325 760 1661 1870 1220 1737 1545 1877 1135 824 1112 1208 1569 1178 1569 1713 1287 1817 1639 1792 1608 953 1166 1678 1321 1682 998 2219 1200 1047 956 948 1152 1206 1312 1278 685 1754 1030 1647 927 2205 1660 1970 1317 2029 699 965 1574 1159 1886 2085 2231 1137 2069 531 753 1331 1657 1147 1611 992 1548 1260 1533 1169 1853 859 1628 506 2158 1158 1476 1147 1195 1437 1251 1155 1247 1054 1688 1850 1935 2175 1126 1158 1252 804 714 1936 1563 2001 1295 1511 2248 1286 1347 711 2242 1693 1247 1371 930 1507 1098 786 1798 1034 2076 1766 1213 2183 1274 1824 1550 627 880 1504 1539 924 877 1097 1267 1291 2237 1391 1400 1149 488 1702 1180 1869 966 1159 1411 1538 1201 798 1583 521 1327 1405 1843 1928 1709 1793 1505 1697 1199 1470 1303 1187 1939 1102 1276 855 1144 1120 2128 1387 1355 1934
1455 1128 977 1435 2050 1980 2268 985 2144 1773 1812 1400 1508 1542 1773 1573 1211 1228 1516 880 360 1976 2421 2119 1175 1649 1323 1554 1657 1305 2078 1535 1505 1530 2255 2255 1546 1958 1575 2334 708 1320 1116 1511 2047 2287 1565 1343 1553 1919 1506 2570 1572 1747 1545 1396 1301 1713 1469 2283 1684 2052 1579 1021 1670 2425 1364 1285 1803 1404 2354 1590 1289 1512 1095 2403 2301 1623 1488 837 1732 643 1894 1848 2278 452 833 1537 2253 1060 1111 2048 2474 2050 1938 1516 901 2064 1232 2310 2025 1295 1942 1076 1178 1141 1526 1986 1364 956 1349 1353 1552 1400 1649 1509 1976 1866 2054 1539 1642 2181 2175 2313 1303 1802 972 2468 1902 1222 2004 2192 1969 2208 737 1127 521 1660 2210 1372 1774 2117 2465 1592 1706 1839 1276 2181 2226 1574 1759 1977 2248 1486 1142 1348 1553 1826 1542 2089 2230 1715 2088 1925 1976 2081 1390 1419 2198 1477 2193 1399 2536 1285 1351 788 1414 1521 1170 1201 1572 582 2209 1425 1963 1291 2640 1598 2454 1597 2373 1219 1383 2093 1522 1896 2351 2582 1502 2294 801 1273 1664 1940 1604 1556 1408 1860 1469 1943 1666 2182 1155 1516 737 2337 1524 1486 1592 1619 1923 1493 1336 1367 1548 2159 1827 2430 2546 1471 1531 1526 1103 1150 2087 1931 2084 1748 1943 2434 1587 1495 908 2627 1866 1405 1719 1166 1851 1429 537 2164 1543 2540 1815 1639 2614 1682 1837 1933 1032 1324 1860 1959 1426 1302 1464 1403 1344 2543 1369 1749 1587 1009 2121 1452 2145 1486 1522 1184 1734 1566 1221 2046 1009 1664 1873 2321 2331 2229 2025 1314 2141 1550 1986 1777 1525 2107 1308 1602 937 1090 1582 2600 1702 1734 2423
899 1218 1403 1794 1711 1553 661 1406 1047 729 526 948 1176 902 1210 785 1638 1180 830 1496 1976 360 896 1207 1797 1921 1075 938 745 1063 1066 922 973 935 676 1196 1044 940 1561 1553 1758 1076 1435 1213 1604 1383 1711 1114 952 967 938 1032 1074 1215 962 990 1301 1599 1131 1040 721 1392 1437 1394 667 850 1241 1083 1181 1010 1023 908 1717 1359 1466 1729 711 818 1092 1789 1357 1857 622 1769 923 1910 1849 1069 743 1283 1473 1723 1718 828 859 958 1877 2009 1579 1083 535 1580 897 1323 1257 1310 959 851 1008 1638 1226 1373 976 1337 1709 947 1267 1446 633 989 991 627 1440 990 1894 853 2070 1698 622 1127 391 1344 2022 1234 1653 1246 1847 1090 628 1607 597 1761 1457 1011 1023 1066 1216 1040 1066 963 1835 627 1021 1007 1675 1263 992 1227 954 924 818 711 1291 1172 1506 479 957 1217 909 1414 716 984 1426 1528 1150 1799 1378 954 1713 1854 1106 1815 655 971 1086 1106 1113 1949 838 1138 1208 1216 978 797 966 1945 1465 1345 971 1566 1534 1180 995 1187 740 1909 959 1070 1301 723 696 1137 1262 2018 1614 1743 960 1733 767 782 431 1229 1359 1473 804 558 1987 827 1244 1026 942 1157 1694 1482 1665 890 1862 621 624 1788 1086 1435 1756 1264 1486 1403 945 1318 959 1070 1918 991 1156 945 1797 764 1102 783 1901 830 1304 1016 922 681 937 1495 989 1445 1598 1470 1754 938 781 1383 747 1173 1306 1002 965 2063 1375 942 1501 494 1341 982 485 707 955 909 1386 2069 650 979 713 560 1017 1628 1319 1024 1547 1722 757 992 1041 849 809
1434 1653 1895 2331 2196 2042 797 1902 1455 1261 1045 1447 1713 1245 1723 1214 2171 1563 1336 1910 2421 896 360 1640 2329 2453 1461 1474 1280 1569 1502 1457 1508 1469 588 1576 1581 1414 2093 1958 2154 1592 1768 1428 2083 1778 2244 1641 1489 995 1471 1081 1609 1732 1499 1508 1835 2122 1668 1375 1256 1857 1968 1897 1169 921 1777 1495 1242 1382 1305 1445 2253 1894 1988 2140 854 1354 1629 2296 1876 2341 1138 2283 613 2366 2357 1606 1004 1760 1998 2210 2106 789 911 1493 2391 2511 1842 1413 772 1821 930 1718 1772 1826 1494 863 1519 1983 1520 1624 1513 1874 2238 1481 1743 1948 1064 1526 1524 925 1877 1292 2430 1023 2587 2085 1135 1618 865 1767 2536 1638 2066 1744 2309 1619 873 2144 1132 2238 1797 1547 1549 1126 1552 841 1438 1500 2359 1107 1373 1542 1958 1798 1529 1732 1490 818 579 1247 1740 1657 1993 865 1455 1754 694 1950 587 1501 1724 2064 1681 2300 1601 1489 2245 2387 1641 2234 926 1493 1560 1621 1146 2484 705 1671 1533 1584 1486 727 1502 2462 1851 1590 1506 1984 1986 1535 1526 1668 1251 2444 1471 1569 1837 1209 1125 1539 1773 2555 2045 2173 1496 2269 1286 1315 913 1766 1895 2009 1240 841 2511 577 1472 1560 1478 1693 1987 1790 2141 1374 2352 1154 1121 2199 1621 1970 2099 1437 1989 1940 1472 1839 1461 1603 2334 1384 1371 898 2315 1298 1163 1319 2421 1314 1770 1501 1424 1164 1355 1744 1521 1982 2134 1777 2290 1461 1305 1784 1137 1710 1740 1320 1501 2593 1893 1479 1780 934 1771 1514 1021 750 1231 658 1857 2604 1007 1516 805 1073 1553 2098 1853 1559 2054 2250 1259 864 1567 1379 644
979 1579 1521 1378 947 811 1205 1507 548 939 1184 1265 970 1548 715 1378 1391 1660 1212 1819 2119 1207 1640 360 1534 1384 1589 1005 1060 1277 501 1042 1043 1039 1423 519 955 640 1087 709 2062 1232 1923 1889 830 560 1222 1168 996 1791 1069 1154 918 742 999 1193 1179 1025 1016 687 1052 597 995 1464 1212 1163 1114 1548 1965 1572 795 982 1400 1008 1393 882 1161 1022 1004 1728 820 1885 963 1113 1751 2030 1773 957 1008 1504 1381 963 879 1674 1691 1039 1757 1281 2134 677 1381 2162 1728 1734 1315 1343 1025 1691 1234 2063 1818 1982 982 1096 1168 1056 543 780 951 989 873 1074 598 777 1548 1646 1902 861 959 1368 1224 498 1338 450 1940 1400 1959 823 1126 1261 1100 975 714 918 794 1866 1758 1888 598 963 1233 939 668 1044 2189 1131 972 669 1008 1771 1643 1022 468 555 764 1165 1272 1059 1751 1063 1535 1196 777 1272 1143 1763 2014 1035 1471 1568 911 2054 1074 1164 534 1251 1176 1441 1366 882 657 1709 1240 1644 1025 1283 644 854 1047 718 1750 1705 848 542 1188 1422 1216 630 1025 848 1350 485 1344 1559 1866 898 1027 1291 1152 1071 1251 988 1158 1180 1374 1164 1364 1460 866 1052 1031 953 2191 1996 880 695 1104 1102 945 940 899 1060 2164 972 816 1116 817 1314 691 1081 2148 623 1845 1274 1161 1063 1137 983 1263 748 1552 1338 710 887 1462 2082 1086 1137 1274 784 1381 792 1134 1764 863 1028 460 1636 1026 1783 830 987 2052 1100 1669 854 1136 1261 840 1746 609 1720 993 982 1558 1192 991 830 1174 902 1546 1527 1218 1360 791 868 1399
1138 1264 941 621 1283 1252 2021 921 1631 1459 1644 1273 1019 1625 1187 1543 522 1432 1366 1259 1175 1797 2329 1534 360 834 1463 1223 1411 1152 1552 1234 1184 1222 2114 1691 1134 1490 836 1646 1345 1113 1534 1805 1309 1653 772 1049 1210 2050 1218 2199 1124 1162 1200 1190 855 957 1038 1796 1436 1387 901 890 1527 2111 918 1395 2056 1522 1893 1256 502 895 729 1671 2024 1340 1076 700 1077 891 1597 1054 2284 1089 703 1111 1920 1083 711 1278 1757 2086 2013 1199 646 1251 1748 1808 1923 1807 2035 1357 946 897 1199 2048 1189 1514 1641 1744 1190 847 859 1209 1357 1170 1736 1175 1217 1896 1504 1858 511 1889 733 1755 1603 1143 1828 1560 1153 1622 1259 1023 1037 1165 1942 635 1559 1345 1835 1178 1237 2031 1544 2281 1716 1207 949 1663 1763 1150 1718 896 1177 1227 1206 2162 2199 1449 1466 1348 1264 1861 1267 952 2228 835 2122 1198 1934 643 1008 749 1807 1203 443 420 1101 1253 1917 1200 1424 1088 2250 787 2225 1094 1827 1462 1224 2102 1192 1082 1697 2028 1185 1596 1090 1504 1227 1356 1445 743 1233 1335 908 1584 1610 1634 958 731 1178 1593 1197 685 1405 1374 1776 973 807 726 1518 1921 1012 2252 2030 1131 1215 1041 1692 1608 1336 1489 1288 1535 1634 1692 1122 834 1547 2130 1156 798 1293 870 1385 1087 1300 1680 1804 2238 1013 1392 2216 1383 1024 1521 1114 1248 1410 1619 1464 1766 1168 766 620 1926 562 1317 1385 1323 1751 999 1522 1634 1193 630 1071 1222 1692 1801 1230 1235 1672 2085 1899 2248 1360 643 1826 1187 1981 1617 1149 1367 838 1174 769 475 1443 2316 1223 1361 2219
1296 1625 1334 585 928 972 2077 1311 1536 1552 1796 1521 1113 1907 1117 1785 850 1787 1580 1687 1649 1921 2453 1384 834 360 1791 1364 1559 1421 1456 1392 1344 1380 2226 1539 1246 1457 720 1365 1806 1366 1941 2151 1002 1433 571 1275 1347 2310 1389 2153 1209 1101 1338 1419 1075 722 1174 1699 1577 1171 844 1268 1714 2114 1101 1723 2367 1833 1806 1385 742 925 1088 1333 2060 1481 1210 1174 963 1366 1677 674 2464 1563 1176 1220 1928 1449 1064 917 1430 2298 2250 1357 1113 789 2166 1697 2077 2220 2278 1747 1252 1220 1351 2276 1436 1955 2001 2127 1320 980 583 1375 1203 963 1778 1308 1290 1940 1262 1780 714 2142 1133 1435 1680 1450 1951 1354 682 1457 1712 1358 1511 1194 1993 743 1698 971 1601 1272 1266 2318 1906 2510 1610 1328 534 1719 1672 1311 2152 1087 1301 1130 1349 2385 2367 1577 1286 1242 1006 1952 1519 1099 2426 876 2274 1428 1719 866 1220 1223 2185 1359 856 810 1176 1722 1955 1415 1342 1352 2188 431 2274 1143 1675 1826 1469 2299 1344 621 1449 1850 1348 1307 1528 1858 1286 1241 1637 455 1467 1285 993 1621 1828 1505 1277 567 1628 1243 1350 580 1590 1532 1922 1061 990 862 1764 1993 538 2331 1885 1297 1369 1130 2130 2019 1001 1479 873 1679 1699 1336 1195 851 2000 1993 929 911 1342 1179 1376 1267 1774 1602 2137 2238 619 1544 2149 1503 574 1529 1492 1528 1411 1664 1750 2169 1350 870 769 1696 657 1355 1566 1727 1754 1133 1332 1942 1345 923 947 1354 2101 1884 1624 1299 1800 2142 1835 2438 1149 801 1860 1317 2182 1778 1282 1048 1051 1258 1195 931 1647 2322 1248 1434 2284
873 578 896 1590 1857 1718 1376 913 1515 1039 932 694 1135 578 1363 651 1343 465 739 808 1323 1075 1461 1589 1463 1791 360 958 903 745 1483 918 935 924 1313 1665 1052 1329 1489 1913 1057 805 727 721 1787 1789 1595 902 971 982 896 1736 1103 1349 973 790 1080 1596 1058 1597 919 1658 1398 935 808 1562 1072 428 952 440 1629 973 1454 1292 1097 2054 1425 928 1039 1297 1438 1286 1103 1787 1316 1276 1355 1066 1425 745 1118 1864 2084 1088 982 932 1409 2055 911 1636 1081 934 990 617 900 938 946 1028 756 922 596 755 994 1193 1639 911 1536 1581 1245 993 1099 1325 1758 1588 1604 845 1603 2069 1110 701 1098 1713 2017 1659 964 803 1225 1192 1338 1408 942 1924 1929 1068 1181 936 529 1238 1577 1006 1786 1182 1566 949 985 1080 1010 1412 961 1135 1266 955 1619 1443 1685 1192 689 1096 1237 1313 1234 784 1948 1288 957 1285 797 935 1388 1523 1130 1133 1354 812 1417 809 1815 1786 1539 1177 1740 502 734 1129 949 1930 1872 1926 930 1899 902 477 1123 1462 786 1737 751 1334 1213 1199 739 1589 878 1797 946 2028 945 1570 808 883 1010 1169 1166 1291 634 1273 1924 1494 1851 952 934 1133 996 786 1848 1280 1971 923 1150 2105 1127 1342 1041 1902 1608 1256 1136 975 1258 952 1232 1498 706 1660 1788 895 1798 972 1871 1248 728 643 1242 1191 504 852 899 1291 1384 1977 1525 1159 822 682 1346 1083 1662 539 948 1683 1451 977 828 1180 679 1113 1005 1419 1580 1267 1638 1743 1313 995 1022 899 1004 1835 1104 1088 1080 1354 754 1705 1191 1082 1498
