140 1067 443 1248 259 553 1262 735 804 1317 671 357 729 1336 736 909 829 1088 726 440 445 1094 1193 1241 1020 821 411 1175 903 823 866 594 1266 994 1243 1192 955 896 483 1299 1166 1318 473 582 912 592 1331 858 220 1067 1287 1093 401 586 763 1145 440 662 370 278 1078 753 943 705 552 917 970 1107 551 1249 1285 874 866 1337 1383 472 1341 1050 761 913 1362 617 329 1069 586 475 356 1110 792 1235 238 529 1118 290 539 1109 833 236 829 1169 1055 1237 1069 978 784 1196 1220 1021 1269 348 353 421 604 987 914 485 1047 639 1190 305 1160 1335 642 970 491 909 236 526 527 1056 1300 871 811 1318 371 1064 456 1347 1016 223 1168 944 1311 1306 1263 969 1021 363 1374 390 739 831 804 682 1251 1353 643 928 1375 653 1040 843 1189 989 332 960 1087 449 317 1085 371 906 970 483 357 665 499 1071 1228 1179 1239 1138 784 252 357 1336 689 243 846 441 889 1387 663 977 843 585 1196 1159 358 1101 620 1191 751 724 487 588 479 434 1259 570 453 1352 594 972 386 456 492 525 762 407 636 1393 984 502 350 989 783 672 499 1041 401 600 554 681 946 812 723 398 1017 492 887 531 517 314 328 977 331 1078 1138 685 919 1387 209 1246 1290 1013 1070 776 1233 428 1237 1175 535 595 353 491 1231 513 367 263 1203 710 975 1173 317 381 296 983 739 1086 851 617 241 469 808 696 389 491 901 1299 658 513 841 447 1399 219 463 711 847 314 776 1321 1331 781 1216 1158 593
1167 360 1419 2260 1187 990 2117 699 1145 2110 841 1300 882 1724 1706 1852 654 1443 1681 1454 1070 391 1331 2261 1821 1356 1373 1744 1438 1568 1866 1388 2197 1663 2102 937 1488 1338 1510 1372 1779 1266 967 953 1509 1250 989 1874 1243 1133 1837 1768 1052 1359 997 635 1189 1683 1369 1175 1485 1773 1911 950 1549 1942 1943 890 1208 890 2195 859 1767 1402 2138 1144 1546 1555 1447 1297 2130 948 1217 1948 947 1405 1087 2106 1562 2142 1200 967 1802 1313 1466 2137 1139 1200 1273 713 1446 788 1065 1142 715 1661 1200 2034 1642 1084 1267 1112 834 1019 1834 1046 536 1664 2176 1226 2075 1378 1483 1923 941 1837 1190 1000 1412 1496 2181 660 1559 1817 1213 772 1358 997 759 1232 630 1833 1051 1020 1926 1548 1420 1370 1065 1392 916 1760 977 1661 1659 2089 1613 1874 2111 1430 2031 731 1343 1936 1224 1641 2057 979 1210 2052 1276 1404 1488 1302 1320 771 1500 454 977 1712 565 812 1580 1183 1243 1796 1070 1238 700 1139 1133 1913 1539 1579 705 1409 1972 2037 1132 1331 1576 971 1447 1744 1195 1041 1285 1021 940 1586 1391 2204 1184 1817 1398 1483 936 1240 1732 1289 900 2414 1527 1035 1261 1863 797 851 1506 1436 1427 1477 1377 1708 921 659 1511 1420 611 951 1901 915 1073 1280 1142 1984 1146 2086 2014 996 1393 1752 1220 828 2205 709 2013 687 2008 1033 1645 2170 1558 1122 1326 1025 1254 1060 1149 1166 1129 910 1063 2086 1293 1109 1143 1648 1766 2085 1054 1245 1236 1025 1665 1150 1412 1020 1052 1321 1151 1482 1329 1407 1314 1246 1396 959 1825 1297 1461 1465 1347 1393 1966 1166 959
543 1419 360 1299 662 956 1181 1104 1198 1244 1066 691 1131 1686 658 1071 1151 1459 644 447 849 1448 1318 1276 953 1183 693 1493 1256 1120 965 599 1409 1297 1436 1593 1303 975 561 1692 1143 1718 813 984 1248 689 1572 926 602 1467 1274 1056 727 610 1166 1449 617 733 630 616 1441 820 1074 944 716 899 896 1349 680 1648 1202 1276 784 1731 1314 867 1720 1075 1091 1011 1595 1020 713 1264 988 429 754 1048 753 1152 641 822 1077 575 468 1112 1228 609 927 1559 1120 1629 1260 1376 1170 1217 1389 1082 1626 708 511 823 945 1186 1096 749 1368 698 1281 556 1077 1729 928 1115 871 1083 630 929 495 1415 1217 1181 1109 1645 753 1333 463 1748 1289 615 1550 1145 1534 1536 1545 980 1390 613 1776 423 1142 748 1019 607 1602 1289 563 1084 1621 969 1137 1136 1310 908 713 933 1013 811 569 1010 722 1266 1319 548 673 1039 447 1437 1459 1507 1605 1536 737 654 727 1671 1088 627 1235 659 1046 1375 922 978 1233 896 1437 1077 646 1213 820 1419 756 795 870 990 832 831 1503 542 736 1543 980 896 444 521 864 896 916 504 917 1418 1005 764 711 1195 1180 964 665 1107 559 876 558 719 1349 1192 1018 475 1401 827 845 863 746 659 731 925 634 1027 1329 1088 1282 1421 612 1516 1207 1406 1215 1103 1472 745 1272 1113 540 771 456 767 1386 916 630 643 1390 1113 1161 1335 494 785 650 1289 769 1027 1252 717 627 759 736 845 569 893 1088 1696 1050 734 1210 387 1564 591 745 944 774 642 1104 1428 1475 1129 1153 1558 860
1348 2260 1299 360 1438 1651 1476 1921 1689 1628 1803 1320 1812 1773 1163 843 2038 1723 1203 1227 1555 2284 2227 438 1510 1511 1247 1492 1507 1251 756 1493 762 1333 970 2208 1510 1867 1135 2060 1828 2164 1681 1689 1435 1621 2510 749 1389 1953 1963 1720 1606 1517 1763 2353 1552 947 1252 1475 1668 855 756 1877 1070 825 1097 2286 1619 2298 1347 1930 1302 2087 1725 1495 1966 1886 1350 1915 1203 1708 1402 931 1696 1353 1534 989 1520 1338 1428 1728 1717 1317 1330 631 1717 1441 1838 2279 1983 2327 2198 1853 1934 1998 2320 586 1763 1556 1430 1513 1812 2126 895 1667 2255 975 535 1447 1296 2103 1203 777 1680 877 1444 1634 1397 1627 1427 2079 1252 1629 1409 2260 1399 2366 2214 1398 2306 949 2474 2475 1371 1782 1663 1252 2363 1291 1798 1243 1958 1160 1717 1745 1201 823 1271 1282 616 2047 2215 1179 1395 1666 1100 1654 1466 1114 1345 1548 1529 1485 1300 1848 1214 2248 2398 1544 2411 2206 1486 1445 1377 1686 1661 1388 1981 1587 1979 2047 1140 1762 1977 1264 1153 1388 1542 2115 1056 2358 1604 884 1453 1627 1358 1598 2440 1120 1233 1009 1510 1420 1274 1171 1689 1423 906 1442 1832 545 1822 1684 1359 965 1893 1874 1115 1972 1207 1185 1465 943 1960 1977 1231 1240 2156 1701 926 1739 1677 1340 1478 937 1520 915 927 1712 1573 2204 1413 2444 1330 2119 751 1984 1160 1631 2072 992 1120 1711 1361 1680 2310 1582 1537 1471 2326 1783 2099 820 1382 1511 1502 1340 890 967 1795 1647 1390 1664 1390 1781 1218 1608 2026 2099 1576 1140 1558 1324 2490 1389 1229 1879 1102 1323 1347 2316 2391 1432 1660 2034 1781
359 1187 662 1438 360 655 1482 851 907 1536 776 504 831 1449 954 1078 962 1197 945 655 546 1213 1374 1435 1238 934 572 1298 1019 956 1050 806 1435 1123 1399 1293 1072 1090 686 1401 1377 1418 609 684 1032 790 1482 1049 423 1167 1496 1306 551 796 863 1280 635 856 547 461 1189 946 1118 866 732 1124 1188 1259 745 1352 1505 976 1085 1440 1600 576 1447 1252 885 1103 1507 719 447 1227 689 694 464 1325 1006 1455 381 680 1332 487 758 1311 935 429 1021 1276 1250 1342 1235 1079 892 1399 1391 1211 1381 488 565 522 735 1152 1077 650 1177 836 1371 511 1380 1437 783 1142 606 1074 404 628 745 1169 1519 1007 945 1438 485 1209 673 1450 1161 410 1278 1102 1467 1460 1396 1175 1131 545 1475 609 840 1051 969 900 1365 1570 862 1097 1517 784 1222 984 1371 1208 453 1172 1304 576 519 1303 505 1019 1086 693 513 780 716 1186 1382 1300 1354 1242 1000 376 482 1454 790 410 953 625 1066 1596 812 1185 950 720 1340 1379 533 1286 787 1346 960 917 596 689 602 540 1410 783 607 1508 701 1191 603 663 612 638 935 619 786 1588 1188 667 483 1145 888 818 683 1236 600 746 767 881 1046 924 858 611 1126 630 1099 667 690 467 428 1190 508 1291 1296 785 1030 1587 410 1390 1509 1118 1240 907 1378 579 1437 1389 745 777 572 652 1405 614 551 421 1369 812 1145 1338 536 482 458 1111 939 1300 952 813 409 627 1027 880 585 592 1072 1401 762 681 951 667 1569 432 616 873 1065 478 901 1505 1507 898 1434 1258 751
653 990 956 1651 655 360 1772 664 671 1818 512 706 538 1287 1249 1224 857 1005 1240 948 471 1010 1476 1661 1517 799 772 1207 893 954 1254 1066 1566 1078 1478 999 949 1265 959 1142 1618 1139 649 397 942 1003 1436 1275 718 891 1724 1559 683 1048 580 1158 855 1102 790 715 1018 1183 1287 923 949 1396 1482 1233 950 1061 1799 682 1377 1181 1877 517 1223 1458 841 1260 1528 424 633 1319 404 981 566 1614 1271 1749 675 747 1588 769 1048 1564 691 709 1189 1000 1422 1060 1278 815 644 1601 1443 1429 1209 646 840 508 674 1195 1204 780 1037 1091 1555 782 1674 1174 853 1296 537 1208 686 387 1024 1010 1812 915 944 1320 611 1149 953 1156 1104 704 1016 1203 1447 1431 1356 1398 951 797 1180 904 545 1345 1027 1195 1205 1842 1157 1246 1519 803 1412 926 1478 1503 638 1422 1598 601 779 1597 675 874 957 949 730 601 1010 962 1358 1191 1122 952 1271 662 646 1320 540 697 690 820 1171 1821 909 1414 686 779 1364 1670 740 1410 957 1329 1202 1155 565 438 658 497 1366 1072 779 1582 569 1476 897 945 564 610 1111 889 813 1816 1401 787 667 1235 606 815 916 1408 871 847 1032 1140 752 693 886 901 865 661 1382 672 834 703 587 1475 730 1575 1386 502 875 1768 704 1311 1804 839 1384 805 1401 694 1625 1677 1030 934 864 765 1473 430 767 679 1402 517 1206 1456 825 534 686 1064 1197 1588 678 1018 697 740 1311 1030 853 423 1143 1132 572 873 793 959 1613 727 782 934 1359 724 856 1618 1579 807 1706 979 816
1362 2117 1181 1476 1482 1772 360 1858 2018 517 1864 1501 1940 2453 922 1606 1824 2257 914 1216 1667 2149 1517 1405 661 1979 1481 2220 2039 1849 1418 1099 1809 2017 1946 2400 2078 1226 1269 2511 887 2540 1568 1796 2012 1227 2009 1332 1423 2288 978 810 1491 1126 1986 2047 1316 1284 1424 1418 2231 1296 1549 1534 1403 1075 779 1830 1272 2444 525 2085 757 2549 612 1688 2524 1084 1859 1285 2164 1833 1534 1811 1799 1150 1566 847 915 506 1460 1528 782 1392 1084 1207 2048 1422 1260 2333 1232 2409 1647 2197 1949 1111 1683 1385 2403 1499 1294 1644 1677 1618 1659 1451 2011 1258 1585 1351 540 2549 1672 1603 1658 1638 1446 1744 1111 2199 449 1828 1840 2378 1573 1876 1181 2550 1846 1436 2306 1730 1930 1950 2211 1018 2187 1409 2584 1241 1956 801 1541 977 2373 644 998 1605 2214 1735 1507 1762 1499 705 1533 880 737 1587 1356 724 1535 2058 2097 1204 1479 1805 1150 2162 1891 2248 2320 2330 898 1472 1545 2416 1910 1449 2017 1365 1441 1028 1640 982 2016 1667 2041 471 1412 1414 1502 1853 1034 1297 1689 1811 1638 1640 1958 1132 1514 2030 1797 663 1254 1256 1643 1708 1496 1249 1578 1457 1059 1458 1527 1778 1979 1626 1381 1229 1333 1619 1120 1222 2163 1957 1758 1265 2167 1575 985 1601 1413 1476 1550 924 1413 921 1855 1908 2077 1267 1432 2029 547 2191 1672 1792 2067 1497 1190 854 1184 1355 1269 1473 1642 1736 1387 1453 1730 1925 1569 1799 1307 1604 1449 2013 1208 869 2073 1232 1448 1482 826 1338 1350 1709 1526 2517 1869 1468 2012 1175 1800 1412 1521 1526 859 1457 1869 1532 1674 1914 620 2380 1521
835 699 1104 1921 851 664 1858 360 896 1873 537 961 620 1518 1399 1517 576 1230 1379 1129 733 723 1298 1923 1573 1078 1034 1484 1168 1258 1526 1119 1865 1373 1782 949 1223 1180 1177 1263 1595 1205 655 632 1228 1002 1153 1535 909 998 1678 1561 739 1092 749 855 902 1346 1031 851 1257 1435 1574 776 1210 1613 1638 969 952 964 1916 693 1484 1300 1915 812 1397 1395 1142 1156 1830 638 878 1623 625 1101 749 1793 1313 1864 865 693 1594 979 1166 1802 901 871 1105 835 1320 913 1061 963 482 1524 1224 1695 1437 758 956 775 542 986 1501 767 733 1328 1838 908 1793 1283 1154 1588 604 1504 859 670 1120 1259 1913 635 1248 1581 874 870 1058 1077 829 898 810 1505 1178 1157 1647 1361 1190 1032 1125 1070 661 1468 856 1351 1443 1871 1305 1539 1819 1108 1692 670 1305 1641 885 1425 1755 653 895 1751 937 1141 1227 1016 981 432 1180 696 1090 1460 864 851 1323 848 904 1571 788 902 542 853 1022 1766 1207 1387 543 1080 1668 1768 822 1258 1238 1066 1212 1406 864 729 952 682 1086 1261 1052 1887 871 1554 1073 1151 604 913 1394 987 678 2076 1352 762 922 1538 572 646 1167 1308 1091 1144 1099 1373 785 461 1191 1092 669 645 1579 617 810 941 803 1665 830 1767 1690 715 1136 1659 887 1017 1925 705 1679 537 1704 727 1529 1857 1230 888 1009 745 1265 731 843 836 1170 639 1012 1757 972 770 817 1359 1431 1771 838 1006 901 736 1393 953 1077 685 966 1231 855 1143 1061 1096 1380 914 1058 788 1517 959 1157 1442 1370 1100 1740 1064 720
904 1145 1198 1689 907 671 2018 896 360 2081 722 881 637 987 1468 1214 1111 700 1468 1164 737 1155 1782 1716 1785 581 917 959 654 837 1307 1350 1509 889 1369 882 703 1575 1135 854 1914 889 961 675 730 1305 1688 1354 960 643 2026 1850 989 1336 510 1373 1152 1223 964 993 722 1285 1295 1229 1061 1537 1684 1503 1253 977 2024 660 1621 893 2147 692 913 1765 716 1571 1359 645 845 1240 677 1239 849 1789 1553 1976 928 1058 1876 985 1301 1664 391 974 1499 1000 1733 1028 1572 543 807 1909 1738 1485 907 943 1111 747 971 1492 1174 1090 1247 1225 1559 1055 1901 891 846 1286 847 1186 949 693 1292 723 2048 1170 831 1046 805 1406 1220 1037 1365 947 1057 1147 1714 1693 1141 1700 654 977 1034 1137 597 1579 1331 1412 909 2118 1383 1235 1333 766 1433 1198 1785 1720 845 1713 1795 912 1058 1797 846 618 702 1234 904 858 1230 1084 1625 930 1209 900 1548 920 833 1035 491 932 805 1122 1480 2124 909 1715 800 795 1210 1911 1036 1720 1018 1600 1497 1262 690 599 755 799 1622 1267 897 1461 583 1734 1123 1136 875 679 1149 1165 1119 1868 1706 1098 852 1162 711 1114 1051 1719 1056 874 1312 1276 649 865 822 1114 935 972 1548 981 1144 902 843 1645 1021 1737 1298 547 608 2079 956 1548 2025 859 1354 1067 1244 1002 1935 1849 1218 1244 1117 1076 1772 667 1061 952 1692 616 1507 1391 1082 793 970 874 1327 1760 473 1322 933 1050 1572 1341 1038 719 1447 858 509 977 546 1208 1903 971 894 1241 1565 922 724 1925 1879 640 1981 734 1126
1417 2110 1244 1628 1536 1818 517 1873 2081 360 1897 1573 1979 2547 1017 1732 1816 2338 1000 1291 1718 2141 1431 1558 662 2060 1561 2324 2125 1949 1548 1120 1951 2121 2081 2433 2168 1174 1358 2576 782 2594 1592 1839 2105 1231 1945 1463 1481 2343 850 730 1520 1144 2036 2015 1341 1397 1501 1462 2315 1418 1680 1520 1503 1213 913 1780 1280 2469 677 2122 833 2614 457 1748 2602 1004 1949 1231 2294 1877 1596 1939 1841 1202 1612 1000 920 663 1515 1540 697 1459 1139 1357 2110 1472 1220 2348 1153 2427 1588 2256 1971 1004 1605 1527 2493 1536 1338 1699 1690 1568 1783 1466 1991 1368 1731 1396 691 2612 1766 1734 1689 1762 1497 1790 1153 2286 593 1814 1940 2482 1637 1838 1225 2578 1811 1494 2314 1853 1862 1884 2327 957 2268 1485 2616 1306 1998 889 1512 1068 2465 488 1080 1733 2341 1825 1647 1746 1413 834 1596 835 887 1616 1398 873 1605 2141 2185 1234 1553 1826 1227 2161 1830 2349 2315 2355 912 1525 1611 2517 1966 1508 2040 1387 1395 887 1740 920 2039 1755 2165 602 1446 1336 1605 1794 1025 1416 1755 1864 1712 1682 1899 1224 1598 2167 1864 707 1323 1339 1672 1780 1613 1289 1577 1614 992 1470 1595 1901 2010 1623 1475 1153 1414 1713 1149 1336 2204 1973 1855 1339 2181 1595 1118 1618 1422 1543 1603 1066 1450 1073 1986 1957 2159 1139 1486 1980 699 2213 1808 1790 2192 1522 1080 1010 1275 1353 1324 1488 1560 1789 1420 1500 1658 1967 1518 1936 1360 1656 1491 2117 1329 1021 2127 1230 1507 1500 869 1320 1429 1755 1483 2577 1933 1561 2090 1233 1709 1469 1605 1511 975 1526 1960 1430 1581 2000 516 2434 1523
771 841 1066 1803 776 512 1864 537 722 1897 360 852 460 1348 1364 1376 750 1060 1351 1071 612 860 1438 1812 1595 901 921 1307 991 1090 1406 1137 1717 1198 1621 896 1046 1274 1096 1128 1660 1094 672 474 1052 1047 1329 1425 839 864 1757 1613 737 1114 581 1029 917 1248 932 812 1084 1331 1440 892 1098 1535 1600 1141 994 942 1904 587 1476 1166 1949 670 1243 1480 972 1259 1659 467 774 1466 468 1080 674 1741 1340 1853 795 751 1644 900 1147 1709 730 817 1197 860 1424 925 1216 811 491 1617 1381 1580 1267 725 933 653 628 1137 1355 808 905 1234 1707 877 1779 1154 1003 1448 567 1359 798 529 1113 1084 1911 809 1081 1405 758 1046 1044 1045 1003 826 868 1352 1352 1332 1471 1432 1016 938 1079 1020 498 1450 987 1312 1271 1911 1270 1398 1645 948 1565 836 1443 1615 780 1475 1717 641 870 1715 822 964 1050 1023 875 497 1130 810 1263 1283 969 829 1345 779 792 1396 610 824 540 873 1145 1850 1060 1453 537 929 1498 1767 812 1386 1109 1238 1256 1303 717 560 810 596 1262 1199 930 1724 703 1563 1017 1078 586 759 1264 975 783 1967 1429 810 812 1382 474 767 1063 1411 1007 999 1108 1283 675 542 1029 1027 716 674 1514 666 860 843 713 1606 810 1707 1532 538 960 1770 822 1194 1911 702 1536 705 1534 737 1632 1805 1161 954 970 788 1418 583 838 783 1333 469 1157 1605 932 666 779 1184 1340 1717 677 1058 823 769 1398 1038 991 557 1102 1105 680 1024 884 1064 1543 847 934 904 1478 864 986 1582 1524 925 1776 941 805
457 1300 691 1320 504 706 1501 961 881 1573 852 360 882 1359 947 937 1094 1128 948 645 600 1324 1510 1324 1284 852 433 1184 927 826 926 891 1294 999 1255 1330 976 1212 621 1370 1460 1409 749 743 927 907 1625 936 499 1159 1586 1380 696 887 878 1413 758 755 446 593 1110 839 982 1011 609 1051 1165 1403 867 1401 1502 1019 1105 1408 1645 567 1389 1358 772 1231 1366 769 442 1082 749 745 580 1281 1076 1455 508 825 1403 477 799 1217 912 551 1146 1346 1371 1406 1379 1063 979 1504 1533 1094 1297 632 657 559 867 1296 934 794 1305 744 1241 619 1379 1409 644 1002 723 931 536 684 808 1085 1528 1142 815 1330 455 1350 742 1490 1303 495 1360 957 1612 1604 1266 1274 1058 458 1506 628 880 1060 1113 891 1275 1621 863 957 1378 658 1093 1124 1507 1199 435 1251 1278 711 634 1279 395 936 992 788 384 889 711 1289 1527 1192 1454 1296 1064 519 420 1352 787 475 1033 758 1205 1687 668 1279 1029 589 1199 1393 671 1419 647 1491 1052 811 552 708 501 638 1553 748 463 1364 657 1225 609 616 736 567 799 709 931 1478 1291 811 400 1000 953 961 571 1356 536 604 848 793 1076 1020 725 595 1209 771 1044 806 831 403 521 1139 645 1237 1151 807 951 1699 515 1530 1504 1186 1100 1039 1237 724 1549 1343 700 913 630 796 1546 644 684 562 1513 857 1288 1195 606 551 600 988 850 1254 950 932 477 772 1068 1013 518 654 1214 1379 732 544 878 707 1712 509 472 1017 1044 411 786 1639 1647 801 1485 1251 895
829 882 1131 1812 831 538 1940 620 637 1979 460 882 360 1258 1426 1368 837 969 1415 1126 650 896 1538 1826 1677 836 945 1234 921 1050 1416 1220 1697 1141 1587 822 974 1373 1137 1028 1754 997 765 507 988 1139 1411 1443 895 763 1853 1704 823 1199 489 1097 1003 1275 967 882 997 1354 1437 993 1119 1573 1659 1229 1085 882 1973 505 1548 1066 2034 681 1144 1578 927 1359 1608 473 811 1439 502 1151 736 1792 1426 1922 851 849 1734 948 1218 1736 641 881 1296 828 1524 884 1313 711 531 1716 1478 1593 1176 802 1006 686 729 1235 1340 902 971 1266 1706 949 1848 1053 988 1440 654 1347 860 564 1189 1001 1983 895 1041 1323 787 1130 1119 978 1090 881 855 1331 1438 1417 1407 1527 930 975 1005 1080 400 1518 1088 1372 1183 1997 1333 1390 1589 924 1567 928 1543 1678 816 1566 1775 729 944 1774 849 890 976 1105 906 595 1187 833 1350 1207 979 774 1428 837 822 1311 547 875 545 961 1246 1947 1048 1547 541 917 1450 1840 893 1487 1116 1327 1346 1327 719 545 813 660 1345 1250 946 1687 675 1641 1074 1124 677 750 1267 1052 883 1981 1526 905 843 1356 447 868 1090 1511 1049 993 1190 1315 585 590 1001 1079 709 769 1560 764 955 881 764 1654 888 1753 1503 474 883 1870 880 1270 1978 667 1523 796 1486 826 1731 1856 1208 1051 1036 883 1516 598 919 849 1428 389 1256 1583 998 712 851 1126 1372 1766 579 1151 874 862 1476 1137 1031 599 1203 1005 631 1040 812 1131 1638 904 949 1005 1536 902 941 1683 1622 871 1861 842 905
1436 1724 1686 1773 1449 1287 2453 1518 987 2547 1348 1359 1258 360 1892 1322 1735 648 1906 1624 1323 1727 2403 1830 2272 875 1354 640 792 968 1497 1888 1440 818 1226 1257 743 2169 1549 828 2460 985 1570 1297 802 1878 2305 1576 1483 965 2583 2380 1582 1881 1129 1976 1722 1542 1416 1549 628 1559 1411 1850 1409 1827 2061 2127 1830 1362 2417 1228 2073 829 2627 1247 633 2342 958 2173 1071 1270 1366 1204 1300 1744 1428 2110 2076 2377 1467 1670 2402 1477 1795 1867 978 1518 2096 1476 2330 1462 2199 941 1419 2488 2365 1640 441 1525 1648 1316 1596 2118 1261 1689 1851 1562 1603 1599 2304 858 1141 1371 1462 1283 1494 1304 1808 641 2461 1793 976 535 1325 2027 1741 1349 1988 1474 1559 1195 2336 2314 809 2265 695 1433 1300 1623 1217 2019 1954 1840 444 2609 1827 1336 1009 1082 1536 1825 2405 2119 1363 2251 2155 1520 1609 2161 1333 791 727 1779 1374 1485 1685 1646 2248 590 1731 1349 2063 1466 1339 476 1111 1454 1400 1702 2096 2683 1175 2273 1395 1154 1013 2342 1610 2335 1314 2225 2047 1548 1215 1209 1220 1398 2241 1683 1313 1265 1119 2204 1602 1569 1490 1171 1361 1702 1740 1956 2278 1700 1350 1170 1319 1739 1433 2315 1498 1194 1846 1605 1163 1474 1054 1578 1482 1585 1878 1598 1742 1397 1400 1970 1589 2041 1221 1174 781 2672 1489 2159 2413 1387 1381 1693 1025 1600 2523 2159 1632 1841 1629 1679 2398 1262 1632 1507 2319 1240 2131 1337 1603 1363 1535 817 1634 2079 1044 1900 1456 1652 2057 1942 1484 1323 2070 895 1080 1346 863 1704 2531 1495 1305 1861 1958 1410 947 2544 2504 917 2475 971 1742
836 1706 658 1163 954 1249 922 1399 1468 1017 1364 947 1426 1892 360 1104 1428 1695 401 665 1139 1736 1434 1118 773 1417 920 1667 1476 1292 938 728 1382 1464 1470 1888 1516 1074 706 1957 1057 1995 1105 1279 1451 877 1785 865 891 1745 1195 951 1020 758 1452 1710 880 748 866 914 1668 790 1070 1185 845 701 598 1570 896 1945 915 1571 549 1994 1102 1144 1962 1084 1297 1126 1667 1313 991 1313 1283 660 1051 762 717 868 934 1100 958 847 601 922 1499 906 1056 1857 1181 1928 1443 1650 1468 1202 1545 983 1841 1006 803 1110 1234 1382 1149 1022 1641 716 1200 852 792 1996 1111 1122 1169 1130 926 1223 662 1636 941 1451 1283 1824 1027 1575 707 2044 1533 905 1847 1214 1732 1740 1676 980 1624 851 2070 705 1435 488 1239 416 1811 1092 454 1109 1707 1173 1078 1399 1421 613 989 873 715 1107 864 712 982 1495 1534 773 924 1336 600 1729 1667 1692 1896 1833 683 948 996 1860 1368 913 1533 928 1217 1289 1082 961 1531 1104 1526 811 938 1321 948 1626 807 780 1138 1277 1080 1128 1720 570 952 1567 1245 689 712 695 1161 1153 970 776 1183 1238 1019 1035 977 1264 1478 1233 819 1170 774 1057 716 693 1640 1489 1199 715 1699 1118 610 1152 1005 927 1022 660 929 756 1368 1376 1514 1411 905 1753 918 1704 1210 1384 1556 1035 1274 826 621 996 754 1042 1528 1203 918 940 1563 1406 1346 1339 793 1075 948 1459 703 745 1533 898 913 1040 595 1036 792 1187 1280 1966 1319 906 1450 663 1707 882 959 1183 479 907 1307 1515 1600 1352 968 1837 1124
1009 1852 1071 843 1078 1224 1606 1517 1214 1732 1376 937 1368 1322 1104 360 1669 1242 1135 984 1143 1874 2025 885 1517 1028 866 1048 1024 768 551 1307 717 866 731 1736 1029 1686 870 1577 1792 1680 1326 1261 953 1393 2199 639 1048 1472 1930 1690 1267 1321 1302 1988 1277 722 898 1147 1189 676 450 1575 727 905 1187 1976 1371 1829 1529 1473 1291 1606 1825 1068 1493 1773 868 1721 924 1273 1016 569 1268 1139 1155 1185 1417 1499 1076 1396 1700 984 1150 905 1241 1106 1636 1826 1830 1867 1932 1373 1508 1908 2077 678 1301 1206 1152 1102 1444 1852 421 1354 1876 758 704 1144 1434 1620 740 433 1294 398 1099 1212 1202 1149 1590 1719 768 1198 1008 1927 1171 1891 1879 1052 1862 492 2181 2175 980 1672 1181 907 1885 1032 1348 1227 1671 1069 1258 1824 1085 382 969 812 588 1701 2017 1261 1008 1594 1255 1288 1163 1265 950 1064 1048 1251 924 1447 1009 1826 2098 1092 1983 1743 1390 1090 983 1250 1202 1036 1547 1296 1737 2027 679 1663 1542 810 795 1497 1225 1921 651 2060 1457 683 1019 1185 927 1203 2127 943 835 834 1055 1430 1008 910 1309 979 515 1184 1503 1028 1703 1372 970 534 1453 1537 783 1817 900 736 1268 771 1493 1557 752 969 1717 1347 983 1384 1381 971 1096 1059 1199 1109 625 1260 1089 2117 1071 2107 1520 1669 523 1614 820 1295 1970 1224 911 1444 1089 1361 2081 1154 1229 1128 2066 1338 1837 627 1093 1114 1164 870 765 1154 1323 1421 1038 1339 1330 1535 902 1193 1762 1616 1114 757 1075 1098 2255 1053 827 1579 1117 961 864 2139 2176 950 1707 1551 1463
929 654 1151 2038 962 857 1824 576 1111 1816 750 1094 837 1735 1428 1669 360 1446 1401 1197 898 685 1110 2031 1527 1287 1167 1695 1379 1448 1652 1098 2024 1575 1959 1107 1434 1056 1268 1467 1493 1396 716 830 1435 957 941 1648 1008 1203 1559 1477 795 1068 966 679 908 1451 1149 925 1473 1543 1716 657 1334 1686 1662 752 916 1097 1903 897 1478 1502 1846 987 1608 1274 1338 1020 2024 844 1013 1794 824 1129 874 1830 1268 1851 969 689 1511 1080 1187 1890 1117 957 987 937 1177 1019 859 1176 685 1389 1018 1811 1653 841 1000 935 587 791 1660 766 578 1427 1973 966 1784 1484 1325 1736 736 1660 953 855 1129 1474 1888 419 1438 1795 1021 656 1081 1211 613 1000 879 1673 962 942 1852 1260 1405 1147 1269 1133 877 1474 700 1387 1660 1797 1337 1689 2016 1289 1824 465 1119 1651 1021 1348 1775 745 948 1769 1078 1353 1439 1018 1110 618 1236 710 874 1673 858 993 1286 953 1045 1786 999 1010 727 859 865 1639 1372 1290 730 1251 1859 1745 869 1086 1381 850 1152 1514 1040 929 1118 828 873 1326 1194 2066 1066 1524 1143 1236 719 1093 1534 1014 609 2181 1242 752 1059 1709 783 559 1285 1166 1191 1306 1090 1467 985 639 1373 1170 779 697 1636 658 786 1065 933 1714 887 1816 1863 928 1349 1501 984 814 1915 852 1832 415 1896 772 1382 1894 1305 828 1064 746 1063 916 882 926 960 855 825 1920 1034 916 896 1560 1524 1811 1053 951 1008 752 1374 857 1179 859 793 1429 1061 1278 1273 1136 1168 1008 1202 667 1547 1079 1353 1252 1166 1303 1673 1263 668
1188 1443 1459 1723 1197 1005 2257 1230 700 2338 1060 1128 969 648 1695 1242 1446 360 1703 1407 1053 1448 2121 1768 2052 638 1137 711 589 838 1389 1643 1451 764 1264 1023 572 1901 1348 700 2215 828 1293 1013 649 1618 2017 1457 1239 713 2333 2141 1312 1633 840 1690 1462 1380 1197 1293 422 1417 1333 1568 1230 1686 1887 1839 1568 1130 2239 944 1866 725 2412 986 629 2082 773 1901 1178 985 1119 1186 1016 1511 1162 1961 1839 2196 1216 1392 2166 1244 1567 1765 689 1266 1826 1220 2060 1217 1913 665 1130 2227 2079 1553 567 1259 1401 1051 1311 1832 1187 1417 1565 1394 1566 1349 2121 743 964 1305 1182 1206 1242 1024 1571 461 2275 1505 840 739 1077 1739 1502 1142 1699 1228 1297 1135 2047 2026 920 2010 430 1213 1106 1396 928 1817 1671 1640 576 2389 1620 1261 1132 890 1470 1536 2124 1935 1117 2008 1989 1243 1356 1993 1097 561 554 1530 1146 1197 1471 1368 1960 661 1465 1097 1829 1212 1097 713 827 1210 1114 1438 1817 2433 1013 2022 1109 953 1065 2147 1347 2056 1151 1936 1798 1400 961 929 987 1124 1953 1485 1102 1333 857 1991 1377 1361 1210 925 1237 1455 1457 1908 2020 1427 1111 1127 1031 1454 1241 2046 1285 1012 1603 1441 887 1186 893 1358 1207 1306 1721 1317 1470 1161 1141 1816 1329 1898 1225 887 541 2405 1241 1872 2237 1115 1343 1404 1090 1328 2258 2015 1434 1570 1392 1405 2112 988 1371 1251 2032 951 1847 1336 1361 1099 1276 754 1480 1930 756 1638 1211 1379 1836 1670 1269 1046 1787 750 807 1155 609 1474 2243 1251 1096 1579 1775 1177 768 2264 2219 705 2253 750 1462
826 1681 644 1203 945 1240 914 1379 1468 1000 1351 948 1415 1906 401 1135 1401 1703 360 663 1131 1711 1393 1159 745 1425 926 1685 1487 1309 973 692 1419 1483 1503 1878 1528 1033 717 1959 1021 1993 1084 1268 1464 842 1749 901 883 1743 1159 916 1000 722 1446 1680 853 777 870 899 1678 824 1104 1153 863 742 621 1534 863 1932 919 1561 527 1996 1083 1141 1970 1044 1309 1086 1697 1304 987 1344 1272 638 1039 792 676 870 924 1075 924 844 575 963 1498 894 1016 1841 1140 1912 1405 1649 1452 1163 1505 1023 1853 989 783 1103 1211 1345 1179 996 1612 743 1239 835 795 1997 1125 1156 1153 1160 915 1213 633 1647 939 1423 1300 1842 1025 1541 683 2033 1500 897 1829 1243 1695 1703 1700 940 1633 854 2060 697 1426 473 1204 429 1825 1070 445 1142 1736 1185 1116 1369 1381 624 985 834 736 1089 846 731 983 1504 1546 744 926 1317 597 1707 1630 1709 1874 1820 643 938 994 1876 1365 906 1518 902 1178 1254 1100 921 1516 1115 1554 805 917 1280 968 1590 766 812 1138 1271 1084 1116 1684 584 961 1601 1245 664 707 701 1143 1155 998 753 1155 1279 979 1009 976 1293 1465 1205 834 1129 779 1072 682 724 1632 1470 1214 713 1681 1096 650 1130 977 925 1014 696 910 790 1400 1369 1523 1372 896 1719 923 1689 1245 1358 1585 1014 1234 855 634 963 740 1017 1488 1197 896 927 1524 1397 1308 1374 779 1067 933 1477 737 776 1529 862 906 1016 558 1000 796 1177 1242 1967 1318 920 1457 646 1667 873 967 1150 508 905 1320 1474 1560 1362 943 1834 1095
540 1454 447 1227 655 948 1216 1129 1164 1291 1071 645 1126 1624 665 984 1197 1407 663 360 837 1482 1404 1208 1009 1129 630 1421 1196 1046 882 685 1323 1223 1349 1587 1241 1062 473 1655 1219 1690 847 979 1183 773 1643 847 591 1439 1352 1128 763 697 1147 1503 685 651 570 638 1385 740 988 1010 630 849 894 1418 760 1647 1221 1270 820 1693 1366 839 1671 1160 1026 1097 1510 1012 685 1177 983 516 756 1030 829 1173 636 872 1147 541 541 1054 1195 618 1013 1569 1207 1637 1338 1345 1183 1301 1471 1007 1566 731 564 806 981 1263 1009 804 1415 618 1201 591 1097 1693 854 1029 888 996 634 921 581 1356 1243 1231 1035 1575 722 1396 548 1744 1350 605 1567 1059 1608 1608 1466 1063 1337 554 1767 424 1132 775 1091 610 1540 1345 578 997 1537 902 1055 1191 1396 919 683 1010 1009 836 608 1008 679 1210 1258 631 623 1061 426 1464 1531 1438 1633 1537 809 651 691 1604 1062 610 1246 720 1128 1452 844 1060 1243 830 1352 1108 688 1299 736 1491 841 714 834 971 782 834 1573 492 670 1456 942 944 415 434 885 852 829 576 972 1354 1090 821 672 1109 1183 1017 581 1194 486 801 645 644 1337 1210 945 409 1417 864 809 902 810 622 721 897 670 999 1242 1071 1228 1506 609 1580 1223 1413 1129 1147 1387 785 1357 1094 469 846 495 820 1469 899 677 654 1469 1105 1239 1249 523 773 671 1215 697 1006 1227 801 611 808 793 925 499 886 1166 1663 1015 655 1159 474 1646 583 678 1012 771 602 1037 1515 1559 1070 1211 1531 918
545 1070 849 1555 546 471 1667 733 737 1718 612 600 650 1323 1139 1143 898 1053 1131 837 360 1093 1448 1561 1418 815 669 1211 907 918 1158 975 1493 1061 1421 1109 963 1207 848 1226 1536 1235 614 505 941 928 1463 1174 608 985 1649 1473 618 959 678 1212 774 995 681 618 1056 1079 1200 903 847 1286 1371 1251 877 1172 1691 793 1271 1265 1780 452 1289 1391 817 1210 1492 536 523 1256 510 878 471 1502 1179 1641 567 713 1500 658 943 1457 763 605 1133 1108 1367 1170 1270 901 740 1535 1434 1330 1249 566 740 401 686 1186 1129 726 1096 983 1466 683 1566 1260 787 1214 528 1131 581 446 924 1042 1705 953 907 1337 506 1179 852 1267 1132 594 1120 1136 1465 1452 1341 1323 992 687 1290 794 655 1237 1009 1085 1240 1748 1048 1165 1490 752 1321 951 1448 1393 528 1336 1487 563 683 1486 571 896 973 858 622 663 900 1053 1377 1203 1216 1064 1176 555 540 1344 612 586 793 746 1138 1747 836 1337 789 713 1325 1565 658 1374 865 1345 1119 1051 504 505 581 440 1392 960 682 1527 566 1374 787 834 552 558 1021 792 799 1716 1330 737 560 1172 715 813 811 1353 760 772 938 1031 861 782 836 790 968 632 1270 655 778 593 477 1364 643 1463 1325 600 902 1711 596 1350 1695 948 1305 843 1363 637 1565 1566 918 878 758 715 1458 431 683 578 1400 628 1190 1386 720 424 593 1048 1089 1476 769 947 586 689 1210 978 742 414 1123 1222 606 774 820 853 1608 618 686 912 1248 614 833 1587 1563 802 1611 1075 788
1194 391 1448 2284 1213 1010 2149 723 1155 2141 860 1324 896 1727 1736 1874 685 1448 1711 1482 1093 360 1357 2286 1852 1368 1397 1753 1449 1584 1890 1419 2217 1676 2119 925 1498 1369 1537 1367 1810 1257 995 973 1521 1281 1002 1899 1270 1132 1867 1799 1081 1389 1009 648 1220 1709 1395 1203 1490 1798 1934 981 1574 1970 1973 912 1239 873 2226 865 1798 1396 2169 1166 1544 1585 1463 1326 2144 967 1242 1966 967 1435 1113 2135 1593 2173 1226 997 1833 1340 1496 2164 1148 1228 1303 696 1475 769 1091 1145 732 1690 1223 2058 1645 1111 1297 1135 863 1045 1854 1076 558 1690 2199 1254 2105 1372 1503 1945 967 1858 1218 1021 1442 1503 2212 690 1576 1823 1237 794 1388 978 783 1259 610 1853 1066 1035 1937 1578 1427 1396 1047 1421 929 1790 1007 1691 1663 2120 1643 1895 2124 1448 2054 761 1369 1967 1249 1672 2088 1006 1239 2082 1300 1414 1497 1332 1344 796 1528 444 994 1719 534 801 1611 1209 1268 1801 1084 1264 712 1170 1162 1942 1559 1610 717 1429 1987 2068 1161 1358 1599 990 1478 1770 1215 1059 1307 1046 956 1614 1414 2221 1201 1848 1427 1510 962 1259 1755 1319 931 2440 1557 1065 1285 1882 810 882 1531 1466 1453 1498 1408 1734 923 678 1529 1448 607 980 1930 944 1104 1305 1167 2013 1175 2115 2032 1011 1403 1780 1247 840 2236 706 2034 717 2023 1062 1674 2200 1586 1153 1355 1055 1278 1080 1179 1193 1151 924 1090 2106 1321 1133 1171 1661 1793 2115 1061 1276 1263 1055 1696 1181 1439 1042 1081 1314 1167 1506 1340 1436 1333 1273 1420 990 1855 1323 1477 1490 1369 1408 1997 1162 989
1293 1331 1318 2227 1374 1476 1517 1298 1782 1431 1438 1510 1538 2403 1434 2025 1110 2121 1393 1404 1448 1357 360 2189 1244 1903 1561 2298 1995 1970 1923 1096 2368 2133 2382 1857 2051 720 1517 2200 1010 2142 1195 1467 2027 991 908 1876 1373 1934 992 1068 1199 1076 1657 1115 1117 1691 1509 1278 2134 1774 2033 913 1659 1774 1591 824 1015 1839 1658 1632 1351 2237 1412 1534 2321 792 1891 671 2515 1498 1460 2207 1465 1253 1356 1772 1091 1613 1364 1095 1098 1421 1262 1996 1798 1319 752 1670 646 1751 626 1890 1419 803 544 2025 2326 1263 1237 1465 1173 679 2043 1090 1160 1655 2233 1257 1575 2221 1795 2073 1300 2033 1335 1459 1198 2125 1604 1067 1959 2426 1493 931 1216 1952 934 1375 1598 2084 813 843 2409 869 2068 1496 2014 1352 1576 1390 811 1428 2321 1351 1385 2039 2528 1797 2092 1005 378 1535 1466 1013 1671 1246 1240 1659 1518 1983 2062 1134 1510 1304 1393 1417 811 2291 1515 1741 1125 1357 1496 2431 1653 1395 1471 1112 670 1031 1816 903 1474 1734 2349 1491 1200 473 1752 786 987 1751 1577 1554 1612 1369 882 1479 1605 2490 1654 1300 1376 1476 1272 1630 1869 1200 1023 2312 825 1076 1496 2132 1509 1031 1604 650 1487 1753 1129 1669 1723 1382 1873 1415 1523 1179 1684 1164 1044 1467 1399 1718 1226 1798 2275 1597 1987 805 1355 996 1677 1601 2173 1127 2386 1176 747 1823 1494 957 1296 1096 491 1503 1186 1312 614 1547 646 2291 1296 1421 1275 2121 1711 1768 1756 964 1393 1123 1236 857 1487 1441 696 2169 1683 1649 1904 1291 646 1364 1615 902 1523 1467 1907 504 527 1888 1276 2002 1021
1341 2261 1276 438 1435 1661 1405 1923 1716 1558 1812 1324 1826 1830 1118 885 2031 1768 1159 1208 1561 2286 2189 360 1450 1547 1252 1550 1549 1292 772 1460 838 1384 1042 2233 1555 1828 1123 2102 1771 2202 1674 1699 1478 1592 2489 747 1384 1986 1904 1663 1596 1485 1784 2344 1532 939 1251 1466 1714 848 795 1858 1074 777 1035 2265 1593 2320 1273 1949 1248 2131 1655 1507 2016 1838 1386 1878 1276 1720 1405 992 1706 1326 1534 918 1474 1265 1424 1715 1659 1312 1299 567 1746 1433 1803 2294 1939 2345 2170 1885 1942 1946 2287 593 1817 1549 1413 1520 1806 2100 940 1651 2249 963 606 1433 1226 2145 1230 823 1680 921 1438 1643 1366 1673 1354 2070 1292 1690 1415 2244 1374 2392 2199 1393 2318 999 2449 2452 1437 1734 1706 1251 2391 1273 1814 1191 1936 1120 1772 1677 1164 867 1343 1310 658 2036 2177 1116 1398 1615 1031 1650 1452 1046 1350 1588 1573 1459 1303 1851 1189 2253 2376 1600 2418 2226 1440 1441 1382 1746 1682 1385 1992 1569 1949 1987 1167 1713 1988 1286 1220 1320 1529 2076 1071 2335 1563 877 1467 1641 1373 1600 2420 1094 1242 1085 1530 1361 1257 1157 1687 1440 928 1420 1819 514 1775 1669 1363 1019 1906 1862 1115 1928 1200 1207 1434 926 1983 1983 1264 1226 2167 1693 875 1732 1658 1341 1479 876 1508 846 994 1730 1613 2150 1407 2428 1256 2134 811 1978 1228 1621 2021 918 1100 1687 1344 1666 2276 1593 1522 1465 2297 1798 2071 890 1367 1515 1494 1390 871 897 1821 1617 1387 1651 1340 1753 1212 1615 2000 2140 1599 1148 1594 1300 2456 1382 1239 1860 1049 1323 1384 2274 2354 1468 1595 2068 1766
1120 1821 953 1510 1238 1517 661 1573 1785 662 1595 1284 1677 2272 773 1517 1527 2052 745 1009 1418 1852 1244 1450 360 1775 1279 2062 1845 1685 1346 818 1780 1861 1881 2131 1890 931 1089 2280 683 2294 1290 1537 1831 934 1715 1267 1185 2044 813 576 1217 843 1735 1746 1039 1161 1217 1161 2033 1201 1479 1235 1243 1053 776 1531 982 2168 778 1820 585 2318 722 1452 2313 817 1674 991 2080 1575 1302 1726 1540 906 1311 933 620 731 1217 1241 568 1168 845 1243 1813 1173 960 2049 958 2127 1353 1958 1670 883 1400 1365 2215 1234 1038 1400 1391 1319 1562 1166 1711 1128 1580 1095 691 2315 1498 1532 1387 1543 1198 1489 854 2005 737 1529 1676 2218 1343 1575 926 2276 1544 1197 2018 1627 1640 1658 2084 735 1982 1201 2314 1016 1696 650 1239 814 2189 696 812 1521 2120 1550 1473 1463 1227 699 1303 591 818 1314 1097 804 1315 1858 1907 931 1266 1525 948 1868 1596 2083 2025 2054 610 1226 1319 2250 1668 1213 1738 1085 1142 898 1478 700 1738 1478 1939 609 1143 1136 1350 1558 735 1193 1461 1564 1425 1381 1662 963 1319 1975 1570 450 1035 1065 1369 1489 1383 988 1284 1539 778 1171 1303 1677 1708 1331 1208 953 1134 1444 847 1106 1902 1674 1588 1055 1882 1294 950 1318 1124 1252 1305 935 1148 983 1780 1657 1874 1073 1189 1730 796 1912 1616 1498 1969 1220 963 972 1011 1060 1028 1188 1364 1489 1117 1200 1442 1665 1272 1746 1063 1357 1190 1855 1113 940 1828 936 1212 1199 576 1038 1148 1454 1226 2279 1638 1293 1803 939 1530 1173 1327 1227 778 1236 1686 1279 1407 1719 562 2134 1228
921 1356 1183 1511 934 799 1979 1078 581 2060 901 852 836 875 1417 1028 1287 638 1425 1129 815 1368 1903 1547 1775 360 859 768 453 629 1149 1375 1299 669 1150 1086 510 1655 1070 929 1947 1015 1068 820 512 1362 1868 1209 969 804 2069 1870 1070 1367 720 1570 1206 1112 918 1033 618 1157 1115 1354 957 1422 1611 1671 1315 1187 1963 881 1588 963 2135 733 905 1826 521 1661 1139 803 851 1029 825 1237 915 1692 1567 1919 952 1167 1894 969 1292 1520 599 1002 1582 1221 1816 1245 1715 707 1007 1972 1881 1322 807 1012 1134 803 1114 1632 982 1179 1444 1123 1370 1084 1843 972 699 1098 967 997 978 811 1298 595 1997 1346 625 883 810 1583 1230 1235 1539 959 1278 946 1885 1867 931 1749 568 935 1221 1120 799 1538 1460 1362 791 2112 1342 1049 1116 620 1255 1364 1903 1658 848 1739 1715 1016 1093 1719 823 445 519 1265 869 1028 1193 1299 1796 751 1429 1117 1555 950 826 889 651 940 1015 1187 1593 2169 755 1758 1010 677 988 1868 1094 1828 886 1768 1532 1137 699 722 711 893 1800 1207 824 1241 608 1713 1100 1083 994 656 992 1188 1247 1695 1762 1191 838 954 918 1253 965 1801 1006 742 1333 1171 867 1066 643 1081 1155 1084 1451 1102 1230 887 884 1547 1074 1632 1083 726 459 2157 974 1736 1961 1080 1156 1238 1022 1091 2008 1748 1156 1329 1119 1170 1908 760 1117 991 1842 810 1640 1182 1091 849 1020 654 1214 1662 692 1384 942 1143 1559 1430 990 823 1575 958 587 880 406 1199 2052 981 818 1364 1498 902 524 2042 2014 439 1977 882 1241
511 1373 693 1247 572 772 1481 1034 917 1561 921 433 945 1354 920 866 1167 1137 926 630 669 1397 1561 1252 1279 859 360 1161 926 792 852 912 1223 969 1191 1386 971 1252 579 1398 1475 1446 820 809 914 946 1694 865 551 1199 1604 1390 763 913 931 1486 804 690 423 650 1114 770 909 1075 538 993 1128 1471 911 1460 1472 1079 1089 1435 1637 625 1403 1387 757 1275 1313 834 515 1018 816 755 653 1233 1086 1426 571 892 1410 503 802 1151 948 608 1190 1412 1409 1469 1440 1101 1049 1532 1592 1022 1295 700 693 627 940 1358 866 855 1379 682 1167 664 1351 1438 603 930 797 862 597 752 821 1085 1502 1215 781 1312 522 1421 761 1546 1373 551 1428 893 1678 1672 1228 1299 1067 440 1560 631 940 1040 1175 865 1270 1616 843 885 1328 635 1020 1195 1557 1167 508 1265 1238 783 681 1240 458 940 988 818 418 962 694 1360 1594 1174 1525 1357 1071 584 490 1338 835 533 1101 811 1260 1704 614 1301 1097 563 1147 1371 729 1467 575 1557 1075 743 598 766 522 711 1622 713 405 1301 694 1215 608 585 809 598 726 740 998 1407 1319 873 471 937 1019 1031 505 1395 507 555 869 732 1131 1091 690 584 1277 841 993 878 889 465 594 1090 703 1185 1087 863 957 1731 571 1601 1472 1251 1028 1112 1184 790 1580 1294 663 965 651 860 1603 707 739 624 1575 919 1347 1126 636 623 662 960 788 1205 996 973 535 837 1063 1064 491 723 1273 1411 770 471 890 713 1771 558 415 1081 1010 457 770 1687 1702 799 1482 1291 961
