140 965 253 736 1188 346 1129 854 1197 1149 1314 653 224 753 409 373 617 534 685 470 1033 550 841 425 551 855 767 1025 996 667 1150 950 210 1015 911 201 930 402 1145 351 686 654 1111 372 1119 290 341 934 671 1358 1068 1079 1099 971 505 1155 339 761 771 1324 284 229 808 1293 1152 647 587 961 874 409 1047 965 200 1134 1135 1130 1098 1214 1042 716 1258 691 1278 353 1201 1346 352 658 1096 359 590 775 1324 254 1273 630 450 788 1059 746 331 276 372 573 977 699 690 743 764 371 541 555 327 680 219 479 652 1206 533 1065 646 759 382 931 1104 1304 240 338 1156 438 1245 1150 1079 610 257 955 1034 292 622 609 415 295 1051 727 814 333 459 747 643 408 895 297 1037 1267 577 511 1090 1020 719 1386 671 628 281 375 1324 643 236 990 1077 1276 576 1193 479 823 883 1225 385 540 1029 589 546 321 757 1185 908 669 656 819 725 967 1194 1399 423 745 1238 1000 1375 1091 370 506 1348 907 407 591 797 580 1157 411 339 725 350 683 330 1254 546 1058 1021 1326 1359 479 1050 1333 1275 273 1205 1306 830 793 1066 588 1116 950 1360 1224 566 526 966 240 958 610 248 1034 840 867 954 1181 958 516 360 594 769 675 1236 448 587 341 387 306 1195 291 767 432 242 470 1110 361 974 427 1184 1307 584 750 413 292 908 1136 450 459 687 1348 835 1001 903 404 279 924 1254 1160 1052 246 1072 431 985 1122 1063 1252 251 479 201 1304 902 1164 1256 1180 209 919 1373 1388 676 214 996 593
1065 360 1085 1147 648 981 1445 999 2063 1833 1018 889 1119 612 917 960 1356 1454 663 1329 1125 920 1765 1265 870 1503 1664 690 1632 1133 1913 1790 1133 488 1591 1124 1820 1100 1440 1023 669 682 1479 1297 708 1202 1143 507 1597 1746 1977 962 494 1364 1428 1013 1212 1539 1563 819 1200 1138 1664 2172 2034 743 1493 1846 1759 1135 613 1891 1126 1549 1787 772 646 2027 1398 1207 2073 762 705 1262 1842 744 978 1140 1488 998 1516 1300 1021 1114 785 1382 1035 1537 1350 1620 1087 1162 1149 1461 831 670 1301 1645 1574 1070 1300 996 1143 1571 1107 846 983 1295 1098 477 762 1522 1190 1239 1654 1966 1147 1261 729 1228 1288 1671 1804 1464 1179 1873 997 1153 1395 762 1271 1204 1823 598 918 1001 1384 642 1088 1039 1819 1045 1384 1088 1502 1172 1766 1665 1607 2293 1109 1481 1175 979 1178 1043 1161 1837 501 1540 1064 1544 897 1017 1606 2146 1128 1369 1688 1060 1375 1128 771 1951 1734 969 824 1627 1588 950 1959 830 1024 1667 1571 1911 1798 954 1111 819 1334 1806 1333 1025 645 1412 1762 932 1251 1651 985 644 1023 1362 1205 1663 866 2159 2167 962 1894 1849 1750 1184 696 1971 1655 1455 913 1064 2011 1876 2065 2145 792 1372 1715 1132 636 747 1174 1766 1645 1015 1813 1954 1883 1441 1233 1112 640 1473 2104 1296 1478 1266 1015 1222 1526 1090 1250 1356 1094 1280 1786 1103 1230 1099 1575 2178 1325 1614 934 1214 1752 1479 954 1054 1487 2267 1221 1921 1714 1292 1189 1595 2141 1698 1245 1079 1979 1223 1513 560 1894 863 1146 1056 1124 980 1827 1562 1803 1406 1118 1283 2295 2311 1452 1110 1903 1225
353 1085 360 918 1301 464 1248 1019 1410 1359 1461 809 427 882 528 487 764 729 814 638 1142 657 1046 584 699 1060 978 1163 1202 784 1310 1122 415 1141 1118 413 1141 590 1331 458 800 770 1301 579 1229 476 476 1062 874 1485 1277 1233 1219 1160 702 1310 504 919 983 1457 496 413 1021 1475 1364 757 774 1172 1056 536 1179 1165 413 1259 1282 1239 1209 1427 1162 904 1471 834 1393 565 1347 1464 467 775 1220 466 792 901 1471 451 1383 838 624 998 1176 924 516 487 571 753 1084 812 888 953 976 485 748 724 528 862 407 601 761 1379 717 1182 755 970 587 1046 1239 1513 421 546 1265 583 1355 1351 1233 781 469 1162 1141 444 775 745 579 508 1212 847 973 476 660 879 823 582 1094 405 1224 1374 777 637 1299 1164 901 1576 852 799 493 484 1482 755 441 1202 1193 1394 689 1383 587 932 1034 1430 511 752 1175 701 708 452 864 1397 1077 777 764 1031 900 1075 1356 1526 594 941 1360 1191 1504 1245 561 626 1457 1093 609 701 907 744 1299 551 551 927 462 806 488 1429 743 1198 1170 1499 1529 586 1224 1468 1474 486 1336 1515 998 999 1217 701 1327 1151 1515 1420 678 692 1123 447 1094 722 454 1245 1052 1033 1167 1344 1159 718 527 711 902 886 1449 611 800 548 495 496 1316 476 957 631 422 623 1259 551 1153 546 1377 1487 729 925 554 489 1081 1257 557 637 899 1543 952 1207 1069 580 464 1070 1438 1295 1229 400 1262 637 1184 1237 1235 1361 421 658 411 1411 1105 1357 1459 1296 403 1037 1578 1585 887 402 1205 789
836 1147 918 360 1434 893 1782 590 1386 1054 1116 623 871 904 895 917 1313 1119 879 1149 1602 1113 1280 1116 701 734 1099 977 850 1318 1822 1593 905 1108 826 894 1210 693 775 976 1050 1003 759 952 1452 969 1033 1026 1163 2036 1393 851 1245 618 1086 912 1030 1446 877 1279 886 925 1028 1876 1385 1076 1200 1225 1480 1093 1054 1433 896 1810 1830 1496 1402 1299 1700 438 1344 748 1488 888 1895 1493 906 1312 1766 958 1116 1454 1128 841 1565 724 656 821 1700 1379 765 844 738 1214 1429 1073 565 1096 904 1031 701 579 779 1301 884 878 1243 848 562 1264 1094 822 754 1566 1798 1180 935 931 1482 1134 1815 892 1764 1275 895 1334 1548 988 1314 793 1102 874 1724 993 628 826 1027 869 457 697 1391 927 673 1742 1123 1194 988 1716 1339 1913 427 1291 851 957 1039 1263 914 1161 1289 1922 1214 840 1009 1400 1574 1596 1069 803 1724 1224 1229 1010 1219 1199 1563 1251 1155 943 1370 1479 1865 1411 688 1278 1900 1544 2058 871 727 903 1903 1488 996 1210 1173 1259 1853 796 890 1215 918 937 798 887 595 1754 850 1954 2003 1068 1684 2026 989 874 1199 1185 1492 700 868 1225 1387 1407 2043 1710 1010 1205 1650 859 953 1022 915 1008 955 589 1156 1849 1420 1064 1048 1248 867 821 1427 1135 952 940 1010 975 1855 805 464 1029 860 1164 1803 734 600 1097 846 1899 1280 1392 789 955 1552 1796 1030 641 833 1838 1484 1390 1568 1077 963 1620 1826 1853 684 877 1619 731 728 1347 1706 1610 947 620 896 1705 1350 828 1022 1810 899 1570 1735 1845 786 892 1322 566
1288 648 1301 1434 360 1202 1418 1284 2320 2117 1210 1174 1347 893 1139 1174 1493 1660 934 1509 1071 1068 1987 1446 1142 1785 1907 936 1917 1226 2016 1933 1354 725 1873 1347 2067 1359 1723 1222 861 895 1764 1520 531 1413 1334 785 1815 1713 2215 1218 589 1652 1638 1257 1409 1671 1831 920 1428 1355 1921 2327 2286 910 1686 2096 1929 1307 842 2101 1348 1546 1851 598 487 2297 1393 1493 2343 1047 463 1495 1898 590 1195 1236 1484 1201 1732 1374 1209 1347 505 1652 1301 1810 1328 1789 1334 1397 1402 1645 774 849 1582 1886 1839 1255 1565 1273 1389 1751 1332 1078 1081 1560 1373 534 919 1794 1442 1246 1691 2252 1362 1486 519 1399 1176 1959 1897 1632 1404 2103 922 1355 1539 1033 1456 1435 1933 840 1205 1237 1601 926 1372 1299 2025 1257 1670 914 1714 1316 2050 1736 1784 2469 1394 1648 1409 1182 1403 1142 1382 2098 507 1481 1186 1828 1084 1044 1712 2372 1307 1627 1762 1178 1540 1323 858 2228 1874 1062 950 1893 1752 904 2060 841 1285 1871 1534 2097 1774 1206 1365 1047 1191 1983 1550 1144 763 1574 1810 1178 1482 1866 1199 897 1264 1627 1477 1719 1127 2286 2282 1129 2035 1857 2038 1414 834 2256 1798 1735 1167 1183 2257 2089 2135 2340 984 1544 1822 1363 902 939 1395 2045 1913 1301 2071 2059 2095 1658 1428 1228 926 1738 2361 1476 1722 1489 1203 1433 1494 1330 1536 1570 1323 1449 1860 1356 1515 1266 1860 2328 1466 1777 1181 1429 1900 1457 1134 1321 1753 2457 1262 2149 1847 1486 1401 1681 2303 1725 1525 1304 2161 1479 1801 448 2029 625 1358 1326 1346 754 2044 1848 2091 1350 1339 1302 2520 2510 1720 1333 2142 1501
446 981 464 893 1202 360 1249 959 1495 1404 1374 741 505 780 424 393 830 833 712 731 1102 602 1147 672 622 1091 1069 1067 1235 784 1391 1214 513 1037 1158 505 1231 598 1308 447 700 668 1289 678 1137 580 550 959 977 1503 1373 1156 1115 1147 806 1233 601 998 1045 1356 587 517 1101 1575 1453 665 877 1261 1156 583 1079 1269 506 1277 1342 1151 1114 1500 1166 895 1545 745 1292 655 1406 1361 373 779 1232 424 895 925 1384 511 1289 885 600 1050 1169 1022 533 560 605 853 1010 714 903 1046 1043 510 792 681 573 963 490 497 724 1329 705 1079 667 1024 636 1036 1281 1557 525 644 1173 657 1317 1366 1307 874 562 1261 1083 539 850 650 671 595 1293 743 905 431 763 779 795 563 1198 428 1206 1309 880 674 1342 1221 1001 1680 826 892 571 424 1409 734 541 1282 1091 1391 681 1371 510 892 1104 1531 563 818 1235 691 795 528 785 1460 1167 736 690 1098 996 1015 1437 1423 567 1046 1367 1295 1528 1166 581 522 1416 1195 712 680 814 832 1351 471 641 1030 385 702 466 1383 759 1249 1087 1592 1617 542 1317 1508 1484 573 1234 1559 1087 1030 1136 692 1419 1255 1587 1524 583 783 1199 523 996 625 554 1298 1119 975 1249 1426 1262 820 624 715 803 947 1535 702 887 647 477 601 1321 508 949 734 483 704 1323 568 1117 573 1371 1586 795 1021 477 592 1174 1263 504 619 961 1647 951 1307 1156 680 568 1130 1539 1335 1187 462 1365 684 1196 1136 1326 1274 525 639 504 1332 1207 1351 1481 1283 498 1037 1679 1689 942 491 1301 802
1229 1445 1248 1782 1418 1249 360 1810 2115 2217 2078 1589 1311 1450 1249 1224 977 1343 1409 1159 709 1039 1631 1139 1471 1942 1696 1731 2080 826 1161 1241 1283 1570 1991 1290 1842 1475 2195 1171 1218 1247 2178 1357 1249 1257 1152 1545 1496 660 1895 1936 1533 2036 1349 2007 1197 1031 1823 1901 1345 1265 1800 1596 2044 1148 1293 1876 1344 1080 1683 1654 1289 509 915 1191 1293 2201 449 1783 2238 1530 1515 1394 934 1648 1236 833 462 1185 1431 730 2084 1338 1374 1711 1489 1857 455 1247 1401 1363 1459 1232 1006 1200 1777 1666 1804 1124 1627 1565 1415 1275 1292 1281 910 2184 1593 1448 1124 1825 1471 582 715 2373 1260 1347 1270 1089 716 2239 1035 1157 1321 1763 858 1206 1019 1429 1161 1361 1122 1327 1738 1318 1366 1478 1684 1451 1576 1225 2095 990 1403 982 2164 849 1279 1797 1715 1159 1363 1185 2189 880 1290 1963 1434 508 927 2260 1140 796 953 1952 1104 1603 878 918 1108 1169 1048 2212 1185 909 1045 1853 1208 876 1191 1875 1457 1458 487 1535 716 1938 1449 1266 809 1416 1344 932 1169 1111 839 1347 1382 1516 1224 1347 1350 2244 1632 792 1845 1466 1420 1074 1309 810 2363 1346 1781 2374 1147 1881 1899 917 1983 1662 1175 1774 1176 1135 1030 1329 1656 1189 1297 2090 1873 1827 1917 1204 1659 1393 1193 898 1502 1734 2146 1145 1579 1341 1134 1267 441 1364 1837 1332 1311 1095 950 1438 1997 1062 2259 1577 989 1218 1353 1283 1232 401 1112 1507 1744 1848 658 1780 1143 1209 1256 868 1601 722 2060 1287 1565 1519 2073 1428 1279 1242 1246 1528 1287 1173 1649 2240 2345 480 1281 572 2074 1936 1745 1285 1845 1678
954 999 1019 590 1284 959 1810 360 1617 1260 888 583 991 791 936 972 1422 1292 794 1284 1581 1131 1491 1239 703 955 1320 768 1056 1363 1964 1754 1025 932 1046 1012 1437 833 805 1047 993 950 840 1114 1333 1100 1134 860 1361 2084 1619 624 1075 732 1259 690 1153 1575 1107 1057 1031 1043 1256 2063 1615 1042 1368 1453 1655 1181 854 1643 1014 1860 1939 1387 1276 1525 1735 668 1570 654 1324 1053 2004 1308 970 1361 1810 1022 1305 1518 900 964 1424 949 767 1052 1721 1542 889 984 891 1371 1362 1016 795 1314 1134 1109 912 659 923 1468 998 890 1259 735 719 1110 1064 1052 920 1588 1880 1372 1054 1087 1359 1243 1786 1047 1892 1420 1031 1554 1502 1100 1434 744 1229 1023 1865 907 443 907 1200 753 615 807 1595 1013 745 1667 1307 1274 1194 1820 1507 2116 607 1438 994 1015 839 1293 1041 1391 1137 1941 1259 905 1033 1394 1693 1820 1159 1013 1832 1266 1360 1110 1176 1419 1716 1261 1137 1173 1527 1436 2008 1196 791 1471 1934 1739 2116 643 867 903 1863 1672 1160 1244 1100 1394 1951 848 1050 1415 983 861 891 794 796 1848 621 2124 2165 1106 1850 2106 1115 1016 986 1378 1641 927 638 1268 1616 1618 2173 1920 996 1340 1780 986 761 992 1047 1229 1186 378 1386 1995 1630 1244 1174 1301 740 1048 1658 1263 1161 1096 1074 1111 1887 924 683 1193 972 1281 1918 869 592 1173 936 2083 1387 1551 842 1092 1712 1830 1070 764 1060 2049 1519 1610 1715 1215 1091 1726 2017 1934 623 982 1814 912 905 1196 1867 1492 1064 745 1014 1600 1561 923 1178 1819 1015 1603 1961 2061 1014 1006 1547 780
1297 2063 1410 1386 2320 1495 2115 1617 360 892 2137 1571 1351 1815 1552 1527 1500 1142 1759 1336 2141 1702 853 1376 1555 1042 798 1987 1009 1737 1623 1371 1354 2070 962 1357 637 1322 1505 1505 1829 1790 1408 1200 2271 1321 1431 1983 980 2234 621 1874 2187 1367 1144 1927 1357 1466 874 2298 1273 1360 758 1352 445 1801 1182 604 1213 1492 2050 897 1357 2050 1804 2286 2244 557 2028 1308 556 1685 2401 1204 1856 2444 1504 1724 2042 1517 1051 1754 2149 1343 2420 1051 1387 925 2079 1253 1347 1294 1278 1244 2133 1845 1182 827 855 1502 1125 1443 1293 1207 1369 1605 1782 1749 1338 2175 1802 926 1238 1978 1909 955 1357 1229 2307 1435 2337 1193 1661 1318 1300 733 2173 1387 1456 1660 1355 1263 1563 1840 1648 1448 1148 1791 1390 1383 950 1454 1425 2412 1079 1556 915 1753 1212 1242 1383 1317 1284 1533 2022 1754 1329 589 2193 2259 1681 1446 1637 1944 1585 752 1477 1054 1740 1694 1372 1429 1915 692 1395 1802 1813 807 1286 2110 1643 2418 1399 1025 2186 1085 2215 1894 1315 1637 2448 1154 1188 1710 1948 1364 1879 1503 1218 960 1505 1785 1418 1748 1230 1821 1876 1537 1626 1629 1387 2093 1287 1285 2205 950 1387 1054 1895 1692 517 873 1850 1030 1718 1346 1575 1332 1947 1758 1317 810 793 1614 609 1618 884 1105 1348 1674 1803 954 401 1359 969 1230 1537 1303 2155 1354 1298 1185 1372 1408 1755 1324 1520 1531 1391 1391 1493 1283 1499 1298 1350 2104 1605 1369 939 1115 1875 742 1433 1307 1330 1675 1294 1956 1598 1395 1120 1201 1185 2245 1429 2409 1366 1369 1359 2461 858 1377 1166 2205 1367 1941 820 1056 980 1370 640 1223
1249 1833 1359 1054 2117 1404 2217 1260 892 360 1731 1304 1291 1584 1442 1437 1622 1274 1545 1429 2141 1646 1158 1439 1341 691 973 1665 564 1771 1938 1674 1312 1803 609 1308 928 1172 1016 1454 1679 1634 918 1220 2114 1322 1433 1719 1177 2407 1068 1484 1938 923 1255 1521 1381 1665 756 1955 1240 1327 833 1783 945 1680 1349 913 1516 1505 1747 1279 1309 2194 2056 2147 2071 713 2128 987 744 1431 2178 1184 2117 2187 1417 1760 2168 1452 1202 1849 1743 1269 2240 880 1204 722 2157 1492 1230 1232 1159 1400 2042 1701 897 998 780 1480 972 1206 1195 1421 1311 1465 1759 1281 1113 1951 1691 752 1133 2034 2105 515 1330 1230 2147 1488 2354 673 1937 1482 1266 1107 2128 1380 1594 1449 1418 1224 1857 1651 1317 1338 1224 1551 1105 1223 1293 1395 962 2350 1228 1598 427 1973 1444 1720 1084 1491 1228 1462 1578 1753 1298 772 1974 2366 1685 937 1553 1930 1802 1257 1483 975 1968 1698 1495 1420 1818 570 1676 1774 1730 740 1510 2059 1970 2096 1230 1281 2315 1462 2406 1505 1184 1498 2456 1481 1236 1700 1807 1506 2112 1359 1197 1195 1424 1593 1301 1267 1020 2032 1514 1938 2016 1579 1726 2320 755 1242 1886 517 1636 745 1517 1697 994 1249 2177 1498 1600 1465 1831 1271 1647 1628 1290 498 723 1250 812 1947 1263 1212 1384 1698 1554 843 920 1438 1013 1236 1492 1311 2275 1258 950 1253 1300 1486 2013 1196 1094 1532 879 1819 1601 1519 1353 1297 1641 2218 1545 1182 833 1604 1934 1149 1702 1371 1325 1880 1725 2159 1154 1327 1520 1083 727 2032 1763 2268 1343 1171 1311 2348 1206 869 634 2281 1318 2015 1348 1563 834 1317 1032 986
1414 1018 1461 1116 1210 1374 2078 888 2137 1731 360 1026 1455 1003 1327 1373 1840 1786 1058 1739 1776 1455 2014 1684 1123 1460 1847 707 1536 1698 2405 2223 1484 890 1548 1472 1966 1327 1120 1453 1226 1205 1204 1606 1340 1564 1565 895 1874 2375 2148 624 989 1167 1753 570 1605 2012 1633 697 1513 1500 1784 2560 2140 1302 1854 1981 2144 1592 764 2163 1474 2165 2335 1411 1275 2030 2020 1193 2073 989 1189 1548 2396 1101 1380 1700 2107 1425 1812 1867 372 1433 1351 1478 1252 1574 1983 2020 1366 1465 1388 1847 1489 1241 1321 1841 1661 1516 1438 1150 1412 1951 1455 1257 1560 861 1233 1070 1326 1577 1423 1862 2236 1816 1511 1574 1349 1672 1946 1460 2316 1882 1506 2082 1654 1545 1864 1088 1680 1508 2308 1116 883 1345 1696 984 1140 1286 2111 1440 1136 1737 1810 1667 1671 2211 1991 2629 1135 1900 1477 1411 584 1611 1507 1914 1095 2185 1604 1230 1382 1641 2113 2349 1574 1538 2229 1606 1808 1542 1390 1912 2178 1553 1404 1698 1999 1603 2451 854 1267 1979 2205 2247 2421 605 1357 1252 1991 2169 1651 1575 1271 1845 2328 1270 1543 1930 1392 1108 1343 912 1321 2225 654 2600 2630 1462 2324 2449 1479 1496 738 1823 2099 1442 616 1610 2143 2139 2594 2440 1301 1793 2211 1456 782 1273 1515 1726 1710 887 1911 2441 2151 1746 1628 1653 958 1576 2177 1713 1684 1583 1467 1579 2159 1394 1198 1683 1431 1718 2323 1357 996 1571 1284 2576 1805 2024 1267 1562 2182 2108 1435 1256 1588 2568 1822 2137 2170 1678 1553 2127 2517 2285 940 1432 2321 1425 1363 1139 2336 1473 1517 1243 1473 1600 2083 1281 1581 2052 1471 1896 2489 2585 1542 1462 2076 1308
753 889 809 623 1174 741 1589 583 1571 1304 1026 360 793 642 713 751 1209 1120 616 1083 1372 909 1363 1033 480 974 1216 783 1103 1140 1760 1563 824 866 1063 811 1355 663 990 827 797 751 999 939 1188 903 922 780 1214 1862 1529 785 996 867 1087 861 950 1369 1058 1097 846 841 1183 1893 1555 835 1188 1377 1478 964 838 1508 814 1637 1723 1232 1139 1513 1513 678 1559 487 1234 882 1787 1250 750 1138 1587 802 1148 1296 1037 769 1302 880 587 1021 1501 1356 700 798 724 1183 1176 820 774 1204 1076 891 812 493 745 1286 795 667 1039 958 595 1007 855 1011 761 1367 1658 1437 852 908 1219 1031 1581 1155 1683 1224 841 1445 1304 893 1224 538 1026 841 1662 731 524 694 1030 607 559 619 1451 798 905 1487 1145 1055 1237 1602 1325 1966 580 1242 810 793 1033 1071 845 1342 1030 1722 1036 1075 810 1180 1482 1719 943 902 1616 1043 1156 898 975 1428 1521 1042 925 1125 1337 1236 1805 1207 600 1315 1712 1582 1893 798 692 683 1663 1502 985 1021 916 1192 1732 629 877 1270 763 676 684 1016 701 1629 732 1938 1973 883 1662 1884 1248 830 996 1442 1444 928 774 1045 1543 1486 1963 1782 781 1139 1573 792 736 782 852 1241 1141 599 1326 1793 1497 1081 972 1078 609 977 1613 1059 1039 916 852 916 1666 730 723 1017 771 1073 1704 690 779 954 1093 1910 1173 1362 623 899 1521 1608 847 593 992 1910 1297 1499 1517 1018 892 1510 1850 1712 832 776 1656 771 992 1088 1676 1347 860 583 813 1443 1431 1076 1286 1602 812 1381 1864 1934 950 803 1454 709
324 1119 427 871 1347 505 1311 991 1351 1291 1455 793 360 902 567 535 802 706 835 652 1209 722 1006 609 693 994 924 1170 1136 848 1332 1130 394 1165 1052 382 1086 538 1281 524 846 812 1247 537 1282 470 525 1083 837 1542 1228 1218 1252 1107 676 1294 522 944 917 1471 441 414 960 1469 1308 810 763 1116 1051 592 1194 1133 384 1317 1320 1295 1259 1364 1224 851 1408 835 1436 509 1385 1501 513 839 1279 528 758 959 1465 389 1434 771 586 931 1240 924 466 420 508 751 1146 860 827 901 911 550 681 692 464 857 380 633 828 1342 669 1221 811 903 521 1111 1288 1446 424 502 1318 623 1422 1288 1262 791 419 1117 1207 477 806 756 598 449 1233 881 953 481 627 895 779 544 1064 466 1173 1439 746 694 1232 1205 896 1559 806 809 428 543 1463 821 412 1141 1233 1457 755 1329 646 999 1067 1388 568 686 1214 768 728 504 924 1331 1088 844 825 966 904 1140 1377 1548 560 915 1421 1173 1559 1231 506 662 1525 1082 575 768 959 762 1342 558 496 892 513 836 472 1390 683 1242 1161 1505 1540 652 1229 1517 1412 427 1353 1448 1011 933 1206 767 1274 1117 1543 1394 728 708 1150 380 1104 771 421 1178 987 1004 1107 1363 1125 684 543 775 916 820 1391 631 742 507 562 484 1377 427 902 602 385 654 1294 497 1109 609 1320 1484 769 929 559 468 1088 1319 621 595 833 1519 1016 1164 1085 585 459 1109 1429 1344 1188 403 1245 571 1122 1279 1243 1417 435 615 385 1471 1068 1300 1395 1361 389 1101 1537 1557 820 385 1155 730
853 612 882 904 893 780 1450 791 1815 1584 1003 642 902 360 720 767 1217 1247 428 1149 1179 812 1541 1088 620 1252 1426 664 1384 1055 1785 1629 923 624 1340 912 1578 856 1235 843 592 564 1261 1078 910 998 964 541 1377 1742 1740 848 731 1137 1218 917 1021 1396 1312 936 979 932 1418 1995 1789 663 1297 1603 1577 974 660 1674 914 1527 1697 959 858 1775 1386 960 1821 515 957 1036 1757 988 781 1057 1471 815 1299 1224 1010 892 1020 1131 788 1285 1356 1442 852 937 908 1274 935 611 1049 1409 1324 901 1050 743 908 1384 894 644 918 1135 846 729 687 1271 950 1229 1593 1719 942 1043 939 1063 1374 1435 1688 1291 962 1641 1083 960 1248 516 1090 981 1690 486 707 781 1169 397 839 796 1607 848 1165 1237 1289 1037 1517 1573 1422 2099 862 1309 950 798 1099 968 950 1588 751 1567 963 1332 748 1015 1485 1917 961 1124 1592 964 1208 944 772 1699 1578 912 766 1376 1414 1020 1831 1006 779 1458 1577 1713 1784 849 871 628 1443 1616 1118 933 676 1245 1687 705 1026 1432 791 466 796 1201 953 1584 755 2005 2025 826 1733 1806 1522 962 814 1723 1498 1203 809 967 1769 1656 1961 1937 659 1199 1588 912 587 630 961 1514 1395 809 1566 1823 1665 1226 1044 1011 414 1223 1856 1119 1240 1049 848 1017 1531 862 1005 1145 876 1113 1687 864 1021 947 1356 2006 1183 1440 706 1006 1589 1477 803 805 1238 2062 1182 1692 1564 1101 986 1491 1960 1642 1052 866 1784 979 1273 808 1739 1070 943 806 912 1172 1606 1341 1566 1439 908 1259 2065 2099 1201 899 1666 972
509 917 528 895 1139 424 1249 936 1552 1442 1327 713 567 720 360 407 873 897 653 789 1078 579 1211 728 592 1123 1129 1012 1266 790 1438 1270 577 975 1194 568 1291 630 1307 486 639 605 1294 742 1079 644 604 898 1041 1513 1435 1117 1051 1152 870 1194 661 1046 1093 1297 649 581 1156 1635 1512 610 940 1321 1216 624 1020 1333 570 1287 1377 1095 1053 1552 1169 906 1597 699 1229 716 1441 1297 421 787 1239 458 959 942 1336 569 1229 927 614 1093 1165 1081 575 619 649 914 963 654 928 1107 1093 549 834 676 623 1024 553 436 709 1309 719 1015 615 1069 683 1031 1305 1593 589 707 1115 707 1293 1386 1350 931 625 1324 1047 600 897 599 729 656 1341 679 875 467 827 722 797 584 1262 489 1208 1267 944 706 1379 1255 1061 1742 829 949 630 444 1373 729 605 1337 1027 1387 686 1375 477 870 1146 1595 607 869 1270 693 849 583 738 1507 1220 717 648 1148 1053 978 1484 1361 582 1110 1369 1357 1541 1126 619 458 1388 1257 776 676 755 886 1381 458 703 1094 430 638 502 1366 787 1278 1044 1647 1670 535 1373 1530 1501 634 1174 1596 1140 1063 1094 695 1479 1319 1628 1588 526 839 1244 583 940 566 618 1341 1169 952 1305 1475 1326 885 684 725 746 995 1592 758 946 711 502 664 1323 559 960 799 543 755 1361 607 1109 606 1379 1645 838 1079 465 656 1230 1265 496 634 1010 1710 952 1370 1208 741 632 1166 1599 1358 1174 524 1427 729 1216 1072 1380 1218 588 652 568 1281 1271 1360 1505 1275 561 1038 1743 1753 987 554 1362 828
473 960 487 917 1174 393 1224 972 1527 1437 1373 751 535 767 407 360 827 855 700 742 1071 570 1173 681 631 1123 1099 1060 1267 761 1392 1222 540 1020 1191 533 1262 629 1331 440 673 643 1314 705 1106 602 556 944 1002 1483 1402 1161 1094 1172 829 1237 615 999 1079 1344 616 541 1133 1588 1484 634 895 1292 1170 579 1067 1292 534 1257 1335 1119 1084 1533 1143 921 1578 745 1265 685 1398 1337 382 757 1211 412 919 907 1382 543 1259 918 627 1083 1144 1034 566 592 638 868 976 685 934 1076 1076 503 825 702 606 978 519 483 695 1344 732 1055 635 1058 669 1010 1267 1589 548 671 1143 660 1286 1395 1304 884 591 1288 1050 554 851 646 682 625 1295 721 914 461 788 769 819 592 1220 445 1230 1276 904 664 1375 1213 1015 1697 850 901 602 402 1415 707 567 1314 1066 1365 657 1396 476 861 1101 1558 561 851 1228 666 801 536 752 1494 1173 706 656 1132 1006 982 1438 1406 594 1067 1343 1313 1509 1170 613 502 1384 1211 737 653 783 839 1341 485 671 1054 385 683 497 1399 790 1238 1089 1600 1623 513 1326 1493 1513 603 1221 1592 1093 1062 1139 668 1449 1279 1583 1545 553 791 1198 554 987 596 580 1332 1152 988 1281 1428 1286 845 637 694 794 981 1566 711 918 674 461 623 1298 542 976 758 514 708 1318 601 1137 563 1397 1598 792 1032 492 616 1182 1239 475 646 995 1667 926 1334 1161 695 590 1123 1553 1321 1205 492 1382 717 1225 1110 1333 1242 546 665 532 1299 1232 1377 1512 1256 525 1013 1706 1711 975 519 1330 833
717 1356 764 1313 1493 830 977 1422 1500 1622 1840 1209 802 1217 873 827 360 725 1153 552 1039 797 1024 560 1093 1377 1078 1519 1506 652 928 800 768 1445 1411 779 1225 979 1720 747 1047 1042 1680 772 1369 707 648 1381 879 1145 1290 1627 1485 1542 734 1704 644 542 1225 1785 797 748 1186 1194 1431 973 677 1259 815 608 1514 1073 777 933 878 1349 1375 1583 889 1289 1620 1212 1595 824 943 1697 823 638 913 775 814 614 1849 832 1529 1140 1026 1268 939 682 909 832 940 616 1147 1046 1245 1048 1202 684 1070 1128 896 679 791 943 775 1782 1111 1424 956 1236 935 846 857 1776 738 774 1403 540 1214 1688 836 549 782 1158 1115 686 412 1112 578 811 832 1137 1373 875 758 1226 1221 983 992 770 1610 1352 785 544 1573 762 696 1348 1249 556 827 789 1880 718 760 1346 1426 1123 666 1761 831 881 633 1374 627 1022 772 674 490 672 994 1599 742 796 906 1248 641 1069 973 1825 997 856 1060 1002 1148 1637 946 951 1325 879 747 709 1099 496 900 941 815 903 810 1119 892 1831 1110 802 1557 1163 1172 757 903 1084 1817 805 1659 1776 664 1318 1606 670 1373 1075 1116 1254 931 519 731 813 1444 973 760 1489 1267 1436 1299 966 1075 778 628 626 1252 1144 1531 550 971 765 733 707 1024 869 1338 728 816 511 855 938 1552 631 1747 1195 395 662 946 726 767 970 774 1036 1152 1356 745 1182 718 618 712 666 1173 913 1630 802 1054 976 1532 1453 899 1456 726 1057 777 1460 1052 1727 1779 1065 774 803 1509 1426 1161 782 1235 1156
634 1454 729 1119 1660 833 1343 1292 1142 1274 1786 1120 706 1247 897 855 725 360 1180 554 1363 969 698 601 1033 1068 713 1514 1183 957 1080 836 684 1509 1084 695 865 821 1485 798 1162 1137 1426 540 1573 612 689 1428 529 1499 954 1539 1588 1300 393 1613 612 753 881 1817 636 677 822 1133 1078 1110 445 898 723 733 1540 800 693 1296 1150 1572 1560 1218 1254 1070 1255 1178 1755 600 1213 1831 836 944 1278 820 451 975 1797 721 1731 842 894 937 1300 622 781 683 762 486 1393 1172 987 683 854 769 801 1000 734 543 713 970 1022 1607 935 1550 1103 904 732 1196 1191 1425 667 572 1609 659 1555 1382 1047 568 648 827 1408 665 688 1102 583 639 986 1216 1270 827 452 1241 1047 860 725 769 1373 1649 423 779 1231 1060 580 1213 1066 577 670 840 1771 984 657 980 1559 1489 912 1503 936 1173 891 1080 725 719 1057 925 594 698 1192 1236 812 1043 1089 894 621 1350 1120 1893 879 572 1424 827 1495 1554 790 995 1666 742 495 947 1259 596 1200 904 603 571 829 1175 817 1644 885 1118 1492 1195 1243 899 925 1406 1514 653 1699 1424 751 1016 1533 922 1026 789 1313 1051 1037 567 934 699 1449 1083 646 1138 912 1302 933 1101 794 424 595 899 1262 815 1176 579 622 564 818 592 1389 756 1107 464 731 627 1111 790 1356 775 1477 1151 714 640 905 602 795 1336 888 892 820 1174 1092 863 825 541 625 966 1090 1245 1442 741 900 748 1243 1601 948 1691 668 908 695 1722 747 1457 1458 1426 700 1160 1225 1216 841 708 891 923
785 663 814 879 934 712 1409 794 1759 1545 1058 616 835 428 653 700 1153 1180 360 1082 1153 757 1476 1020 568 1214 1364 726 1348 1000 1721 1562 855 690 1300 844 1518 797 1233 776 561 523 1251 1011 933 930 896 608 1310 1698 1678 887 789 1122 1151 959 953 1331 1260 1004 912 864 1361 1927 1731 621 1229 1544 1509 908 727 1607 846 1480 1637 976 886 1725 1342 929 1771 501 1005 971 1698 1045 713 1002 1425 748 1232 1169 1066 825 1054 1080 732 1236 1316 1374 788 871 847 1206 928 583 1009 1346 1270 834 996 700 845 1316 827 576 869 1154 799 778 645 1221 889 1187 1538 1684 874 976 965 996 1354 1411 1625 1224 894 1578 1067 891 1182 459 1022 915 1625 476 713 714 1102 435 805 736 1540 780 1156 1236 1221 973 1479 1513 1354 2031 830 1242 884 731 1142 916 882 1533 797 1531 906 1325 685 979 1422 1853 895 1066 1532 908 1140 876 745 1654 1511 865 723 1324 1346 1002 1766 1073 720 1391 1536 1645 1738 890 810 562 1428 1547 1051 878 666 1178 1629 639 960 1366 723 426 730 1218 904 1526 798 1938 1959 764 1665 1754 1505 896 882 1688 1431 1162 852 911 1709 1590 1899 1870 604 1131 1524 845 651 581 894 1471 1342 813 1510 1758 1599 1159 976 954 460 1169 1800 1051 1178 982 781 949 1489 797 976 1078 809 1046 1626 802 1018 881 1345 1938 1118 1372 640 938 1522 1435 740 750 1184 1994 1135 1628 1497 1032 917 1430 1891 1589 1058 799 1716 920 1246 852 1672 1091 875 753 845 1186 1540 1330 1541 1404 840 1213 2001 2032 1149 831 1604 927
570 1329 638 1149 1509 731 1159 1284 1336 1429 1739 1083 652 1149 789 742 552 554 1082 360 1169 803 885 424 977 1186 903 1438 1314 763 1040 844 619 1399 1218 632 1058 819 1547 668 1024 1006 1501 582 1408 543 546 1325 722 1338 1146 1508 1462 1366 553 1585 493 656 1032 1726 623 602 1001 1206 1272 961 542 1092 790 562 1449 967 629 1125 1045 1401 1402 1405 1070 1117 1443 1112 1608 637 1111 1695 729 750 1101 695 645 788 1749 679 1568 950 877 1075 1111 652 755 666 771 495 1214 1029 1062 873 1010 619 883 984 730 603 647 865 837 1630 949 1414 950 1043 759 1003 1047 1584 591 588 1444 474 1361 1498 974 503 615 1017 1218 554 533 1021 420 636 941 1095 1245 754 567 1150 1063 836 887 663 1436 1459 618 587 1380 938 638 1325 1088 521 658 714 1755 795 602 1167 1421 1306 725 1582 793 982 785 1259 563 829 943 737 439 565 1024 1413 799 858 924 1057 624 1162 1084 1786 853 735 1248 947 1341 1521 785 883 1472 837 554 762 1105 470 1079 829 630 758 718 1063 759 1675 934 986 1448 1222 1251 739 946 1272 1628 635 1603 1584 720 1128 1494 734 1220 961 1254 1191 898 416 860 657 1367 944 597 1298 1077 1296 1122 1071 965 595 471 707 1174 951 1370 393 781 579 674 535 1210 719 1163 536 672 433 1015 779 1390 603 1565 1216 532 650 832 555 803 1155 738 883 959 1307 899 1050 793 432 552 841 1173 1103 1472 668 1013 795 1345 1457 957 1517 583 903 630 1541 927 1544 1587 1237 630 970 1402 1362 969 640 1084 978
1133 1125 1142 1602 1071 1102 709 1581 2141 2141 1776 1372 1209 1179 1078 1071 1039 1363 1153 1169 360 860 1691 1125 1266 1834 1703 1433 1977 765 1418 1423 1191 1253 1898 1193 1863 1341 2001 1046 952 991 2001 1314 901 1196 1082 1241 1531 1002 1955 1665 1199 1861 1358 1731 1150 1169 1763 1572 1268 1177 1780 1811 2081 898 1341 1897 1483 1014 1373 1752 1193 844 1204 842 947 2191 698 1621 2233 1288 1166 1331 1238 1300 1089 779 784 1050 1454 808 1780 1231 1026 1620 1332 1780 623 1358 1274 1269 1344 1282 664 930 1645 1674 1753 1023 1528 1383 1305 1359 1189 1084 741 1947 1437 1113 877 1752 1367 586 1018 2295 1176 1293 921 1066 575 2105 1290 1227 1240 1824 509 1132 1091 1198 1145 1282 1356 1052 1502 1172 1354 1212 1507 1301 1671 1105 1910 688 1427 945 2080 1106 1376 1993 1538 1236 1274 1041 1910 753 1208 1957 1096 777 825 2080 961 570 1147 2053 1033 1533 1136 812 1150 1090 767 2174 1362 726 808 1807 1317 536 1455 1535 1300 1530 823 1675 1063 1664 1323 1059 675 1551 1317 803 870 1169 1144 1174 1317 1566 1081 1086 1208 2011 1501 1070 1570 1716 1688 922 1511 1155 2219 1263 1455 2297 1302 1773 1623 813 2029 1753 1483 1926 954 1170 1248 1230 1362 950 1218 2027 1828 1599 1915 1462 1753 1396 1155 827 1233 1667 2177 1143 1551 1289 1008 1212 783 1244 1676 1317 1200 1095 1226 1310 1791 980 2089 1800 1032 1335 1181 1222 1402 748 958 1353 1680 2020 663 1854 1324 1193 1190 1084 1804 1042 1842 1173 1721 1417 1934 1085 1491 898 1164 1370 1191 845 1726 2071 2223 644 1183 649 2189 2097 1669 1184 1894 1544
650 920 657 1113 1068 602 1039 1131 1702 1646 1455 909 722 812 579 570 797 969 757 803 860 360 1305 740 792 1334 1266 1115 1477 603 1354 1234 712 1015 1401 711 1430 840 1522 559 612 616 1512 862 965 742 640 957 1133 1315 1552 1277 1048 1371 952 1351 719 980 1279 1359 793 703 1318 1623 1652 536 983 1462 1220 600 1096 1405 711 1092 1246 962 959 1725 963 1125 1769 859 1168 861 1305 1263 589 605 1040 555 1050 772 1462 740 1125 1126 833 1289 952 1080 775 783 846 938 791 609 1144 1240 1273 563 1033 893 811 1043 703 602 490 1506 938 988 518 1262 874 818 1141 1799 705 833 1001 691 1075 1605 1249 923 765 1430 844 677 838 755 753 805 1263 712 1061 672 926 831 1016 800 1327 616 1425 1076 1028 613 1584 1122 1075 1760 1047 939 790 543 1534 523 734 1499 991 1174 511 1593 463 651 1048 1689 604 1049 1143 511 831 637 583 1694 1177 498 481 1329 1044 777 1400 1390 801 1173 1163 1389 1350 1282 823 587 1173 1274 880 480 666 866 1234 678 846 1180 581 707 708 1565 1001 1132 1193 1600 1607 433 1338 1358 1720 784 1232 1801 1099 1273 1246 515 1611 1396 1516 1634 513 835 1155 743 1038 546 746 1537 1350 1148 1462 1395 1401 980 734 560 857 1182 1741 770 1094 832 525 761 1116 747 1180 891 708 740 1239 811 1320 559 1598 1627 766 1069 684 765 1198 1059 461 853 1195 1749 748 1471 1155 789 732 1044 1597 1192 1381 682 1452 923 1434 1021 1336 1082 696 871 709 1120 1356 1579 1722 1058 701 832 1835 1806 1179 699 1484 1043
941 1765 1046 1280 1987 1147 1631 1491 853 1158 2014 1363 1006 1541 1211 1173 1024 698 1476 885 1691 1305 360 937 1301 1081 565 1780 1146 1286 1156 894 994 1806 1053 1002 609 1062 1564 1127 1486 1456 1485 829 1907 934 1025 1721 532 1740 625 1753 1898 1386 713 1821 947 973 846 2092 925 992 699 1002 776 1439 710 637 732 1071 1820 513 1001 1559 1316 1908 1892 982 1545 1212 1009 1446 2079 864 1370 2147 1153 1272 1554 1146 616 1278 2025 1012 2064 925 1139 921 1601 759 1050 964 1003 770 1731 1498 1095 554 808 1104 940 1230 994 716 1018 1280 1359 1745 1141 1867 1434 896 963 1510 1415 1288 985 864 1943 995 1876 1363 1178 835 946 493 1743 995 976 1387 920 921 1085 1528 1490 1125 745 1528 1236 1116 496 1089 1459 1984 637 1113 1138 1260 718 998 1245 832 951 1165 1960 1320 966 768 1879 1772 1249 1550 1265 1507 1091 745 1063 838 1247 1261 902 1031 1528 1048 910 1380 1425 814 792 1686 1183 2184 1135 533 1695 668 1721 1771 1039 1308 1987 686 796 1284 1589 888 1388 1197 875 486 1148 1482 1105 1768 1054 1327 1724 1142 1218 1235 932 1602 1489 941 1981 1286 894 1050 1758 1258 713 486 1392 790 1363 881 1085 993 1723 1408 953 1022 822 1496 719 1159 499 689 931 1232 1546 842 879 914 690 860 1150 914 1666 1038 1231 778 1031 958 1268 1044 1490 1113 1510 1034 1023 789 1196 917 868 1617 1221 1129 836 918 1408 525 945 878 946 1181 946 1462 1578 1047 733 951 1268 1923 971 2028 989 1139 1003 2060 430 1491 1400 1726 1009 1467 892 931 880 1016 575 1075
525 1265 584 1116 1446 672 1139 1239 1376 1439 1684 1033 609 1088 728 681 560 601 1020 424 1125 740 937 360 924 1181 939 1379 1313 721 1087 902 575 1337 1220 587 1098 783 1520 605 960 942 1479 580 1346 507 484 1263 770 1335 1195 1458 1398 1342 593 1534 446 696 1043 1664 596 555 1027 1269 1315 897 602 1131 854 499 1388 1026 584 1117 1073 1340 1339 1435 1050 1089 1475 1056 1544 626 1139 1631 669 708 1089 633 690 769 1694 637 1506 945 835 1081 1085 715 715 633 741 559 1156 965 1044 910 1024 555 871 940 697 667 601 804 781 1591 914 1350 886 1049 735 971 1057 1594 545 576 1382 419 1322 1490 1013 563 582 1068 1166 500 558 962 381 610 988 1031 1196 700 592 1090 1026 793 947 605 1410 1408 664 540 1388 961 702 1389 1053 581 627 651 1706 743 562 1198 1356 1288 671 1560 728 932 818 1316 499 829 968 684 483 504 962 1435 854 802 862 1074 686 1109 1132 1723 809 794 1235 1011 1343 1469 749 820 1432 901 565 706 1042 520 1100 774 616 811 658 1000 709 1638 910 1003 1394 1280 1306 676 1005 1285 1619 605 1541 1595 775 1121 1442 681 1265 1019 1294 1255 834 470 901 617 1308 880 561 1311 1094 1252 1154 1120 1023 631 428 659 1114 957 1411 391 801 568 610 506 1196 676 1138 556 626 409 1046 742 1356 541 1546 1278 531 712 777 525 862 1139 674 843 966 1371 868 1103 845 430 513 864 1236 1113 1436 617 1077 775 1333 1393 1013 1457 535 864 584 1484 983 1526 1585 1211 584 943 1460 1425 971 593 1131 955
651 870 699 701 1142 622 1471 703 1555 1341 1123 480 693 620 592 631 1093 1033 568 977 1266 792 1301 924 360 1009 1172 843 1147 1020 1649 1460 721 877 1094 709 1321 602 1095 708 710 663 1095 854 1133 801 808 790 1143 1742 1487 895 991 957 1001 971 843 1257 1052 1151 757 737 1158 1802 1530 735 1095 1346 1384 846 879 1440 711 1517 1605 1169 1090 1516 1394 736 1563 506 1213 803 1669 1248 631 1017 1468 683 1071 1175 1133 673 1260 872 529 1028 1384 1257 614 710 658 1084 1089 734 804 1157 1064 772 790 495 667 1190 692 549 922 1078 591 986 753 1012 699 1250 1538 1482 748 821 1165 917 1477 1227 1568 1119 746 1394 1207 784 1110 469 918 754 1551 670 643 583 946 597 613 544 1378 683 1004 1402 1065 935 1274 1484 1229 1885 642 1137 723 673 1147 952 745 1328 1006 1606 916 1174 691 1068 1366 1669 826 866 1498 923 1047 784 878 1445 1416 926 817 1117 1236 1138 1695 1245 525 1236 1594 1499 1772 906 621 569 1564 1413 898 902 836 1084 1612 512 795 1199 644 611 580 1135 695 1509 831 1837 1868 763 1561 1763 1329 740 1040 1486 1337 956 878 925 1512 1420 1849 1710 672 1031 1459 696 782 681 754 1263 1135 720 1306 1683 1430 1000 865 957 610 963 1597 951 988 828 732 817 1548 636 788 929 669 961 1586 616 889 834 1186 1817 1057 1261 507 801 1418 1490 726 545 978 1837 1178 1446 1409 915 790 1393 1761 1591 948 669 1573 722 1058 1061 1573 1288 754 546 710 1375 1368 1168 1354 1488 708 1263 1817 1867 942 699 1412 718
955 1503 1060 734 1785 1091 1942 955 1042 691 1460 974 994 1252 1123 1123 1377 1068 1214 1186 1834 1334 1081 1181 1009 360 876 1352 503 1483 1782 1525 1020 1477 451 1014 927 853 853 1150 1350 1304 767 964 1782 1047 1150 1392 1028 2156 1108 1201 1610 691 1042 1250 1110 1456 595 1651 957 1037 755 1721 1057 1355 1152 931 1381 1222 1428 1229 1015 1936 1855 1817 1739 931 1854 661 975 1101 1848 915 1920 1862 1104 1473 1903 1144 1021 1581 1472 969 1908 596 878 519 1874 1320 919 939 851 1191 1717 1372 565 888 633 1185 675 874 892 1242 1014 1140 1454 1073 783 1621 1367 544 833 1746 1873 834 1042 964 1815 1222 2048 674 1755 1270 980 1087 1810 1096 1359 1117 1161 942 1691 1320 1003 1022 996 1220 775 900 1213 1091 757 2027 1040 1320 625 1758 1273 1710 756 1282 938 1152 1340 1454 1011 831 1643 2090 1390 829 1237 1623 1594 1316 1198 717 1759 1402 1260 1133 1494 824 1512 1467 1410 641 1327 1741 1819 1785 905 1148 2048 1383 2164 1222 871 1172 2147 1365 992 1400 1478 1279 1900 1035 926 1065 1113 1261 986 1080 696 1810 1216 1843 1909 1271 1597 2097 805 956 1573 838 1458 421 1227 1402 1075 1199 2018 1491 1276 1231 1643 975 1327 1302 1005 634 643 949 841 1799 1213 1003 1118 1409 1224 618 1081 1186 816 973 1189 1040 2006 951 633 1017 999 1230 1818 883 838 1243 790 1752 1351 1342 1029 1023 1487 1948 1235 856 617 1613 1650 1141 1530 1119 1047 1662 1666 1929 917 1024 1452 784 547 1701 1628 1937 1056 843 1017 2019 1145 771 764 1995 1023 1734 1440 1598 588 1020 1046 658
867 1664 978 1099 1907 1069 1696 1320 798 973 1847 1216 924 1426 1129 1099 1078 713 1364 903 1703 1266 565 939 1172 876 360 1639 943 1300 1325 1061 922 1689 849 927 524 931 1362 1071 1408 1373 1281 764 1846 884 992 1602 573 1843 674 1584 1794 1186 710 1649 918 1078 641 1953 843 927 500 1207 746 1374 769 555 903 1053 1688 713 926 1645 1455 1857 1823 864 1608 1027 901 1313 1993 774 1514 2048 1077 1287 1630 1084 625 1329 1859 920 1998 736 1004 717 1653 887 937 870 877 828 1698 1423 905 390 603 1065 770 1082 881 821 940 1189 1344 1551 984 1772 1373 692 835 1547 1526 1112 923 793 1882 998 1902 1160 1329 908 869 594 1734 950 1039 1270 918 834 1246 1433 1329 1030 710 1408 1067 990 699 1023 1258 1974 653 1119 945 1382 839 1197 1072 912 859 1102 1778 1315 896 627 1788 1842 1242 1346 1206 1505 1210 863 1038 674 1374 1255 948 991 1481 895 1064 1363 1379 611 909 1672 1357 2056 1008 668 1776 871 1833 1602 914 1220 2012 871 749 1271 1523 946 1518 1093 788 582 1076 1381 1004 1571 887 1445 1564 1340 1413 1193 1115 1730 1286 856 1848 1111 1031 847 1593 1253 710 684 1564 982 1292 921 1226 906 1588 1335 884 834 621 1323 580 1334 698 668 909 1236 1423 646 835 924 546 794 1102 865 1742 937 1041 747 946 974 1410 922 1298 1092 1305 1239 1068 915 1090 861 1029 1689 1171 990 638 1108 1443 650 1093 870 893 1294 1151 1578 1385 967 938 810 1063 1837 1151 1979 931 996 928 2026 629 1287 1202 1780 936 1513 1008 1107 683 941 599 899
