140 559 775 1116 1291 1012 931 854 894 1124 773 983 220 1337 903 1384 1056 572 647 644 727 232 986 719 1312 1225 774 812 998 339 616 332 401 500 579 439 1276 574 1076 226 868 234 837 1324 515 614 937 1183 823 988 275 1366 1028 880 605 1167 941 1078 947 393 227 783 1391 829 1048 420 758 738 717 322 229 316 970 917 1307 371 325 885 400 804 269 419 209 254 397 842 603 513 420 1397 905 1052 1305 1374 989 837 391 732 279 967 982 447 276 1384 664 919 650 1156 310 428 852 340 618 449 1146 1124 264 535 948 439 1276 948 698 1026 471 681 991 217 318 955 873 411 641 353 1137 1231 497 789 672 233 568 867 1029 824 377 1343 1282 288 1309 1055 741 578 345 1300 1038 392 1230 1176 1035 491 688 822 531 1125 1363 875 394 1142 397 275 643 456 815 262 796 664 1037 982 1209 441 392 234 959 1285 622 600 1349 1058 503 237 251 275 311 498 967 746 971 541 1250 621 843 531 375 1241 380 1000 205 1118 743 225 213 892 743 697 705 1356 1387 684 1021 654 1076 521 679 724 1056 984 794 623 1326 747 822 1048 976 1254 941 821 917 1261 381 905 318 1048 1145 954 1307 350 1083 495 201 1050 964 776 1042 637 330 1251 758 774 358 509 1247 1007 933 469 343 1070 903 1245 890 1054 703 439 420 1296 1233 403 911 990 233 376 698 817 1181 1295 1015 268 597 1053 1312 1151 920 689 489 1013 347 1359 748 878 552 1266 324 960 1029 1351 1214 656 220 1378 938
659 360 1152 1566 1775 1091 764 1357 707 1411 732 1479 699 1517 1172 1882 877 1083 1056 1074 993 722 854 792 1458 1139 938 713 1172 729 726 825 905 837 1098 675 1508 606 1135 705 1212 695 1166 1259 980 873 1429 1638 1339 1506 795 1386 1472 823 1080 1542 775 1592 849 539 692 1023 1894 637 1248 569 1263 1200 1003 768 696 832 1365 955 1611 869 778 687 526 1182 742 876 710 764 628 647 817 621 940 1787 1395 1560 1800 1770 859 1264 838 701 647 863 901 712 764 1859 556 898 1151 1667 825 883 946 767 1127 922 1238 1572 671 1052 1378 604 1467 1426 1205 1406 447 1199 1458 735 757 1161 923 850 917 872 1655 1623 973 1224 594 750 1084 1134 1478 1330 894 1856 1778 807 1725 1197 1228 421 847 1476 1056 901 1744 1335 976 527 782 833 791 1622 1286 692 524 1199 744 788 1099 548 634 665 1292 1133 1424 849 1682 800 907 746 1466 1409 1141 987 1849 1571 992 690 712 779 782 953 1484 551 794 831 1670 499 1253 749 893 1438 734 1404 714 920 1087 709 713 780 1149 1168 1218 1597 1276 1179 1390 1036 1168 948 762 1190 1054 890 615 1060 1410 1101 794 1356 1309 1467 1315 1314 720 1640 541 1221 819 1382 1291 1441 1571 869 1144 444 720 1523 1431 894 1065 1053 838 1209 1276 578 600 427 1205 1455 1362 813 647 1589 1275 1140 1307 1130 821 803 597 1495 1217 654 715 1413 724 825 1217 658 1302 1182 1067 651 587 1404 1648 1475 1417 1023 896 1499 810 1443 639 827 736 1736 806 761 1413 1505 1014 826 736 1215 1066
875 1152 360 812 1643 1747 1553 828 1357 1796 1477 1343 947 2054 1601 1220 1464 1010 496 523 600 964 1307 895 2039 1919 1508 1491 1725 1070 861 816 983 676 875 836 1973 1285 1049 961 470 924 477 2030 658 666 824 886 918 1186 911 1323 1526 1122 642 1755 1341 1076 1223 1073 944 638 1256 1413 1766 1128 1146 1265 1424 1035 929 871 1555 1648 904 799 810 1440 1012 390 867 722 939 949 888 1413 1337 906 884 997 792 1005 1137 1915 1305 520 1072 1031 993 1244 1676 800 982 1755 1329 1088 742 1109 869 714 888 800 787 712 1881 1601 922 836 614 907 992 762 1093 617 1089 900 757 923 821 743 1605 723 1360 906 1188 1790 1085 521 1071 911 975 602 1517 1180 926 1538 1589 908 1824 904 693 1125 978 2019 1767 813 1433 958 1215 988 869 1001 727 1449 1488 1475 1040 1095 781 944 581 1157 1282 984 1203 1199 632 1640 1609 722 940 905 1269 2017 900 1264 1199 1306 1062 929 986 962 824 1121 1034 1270 1577 684 1764 1273 482 776 856 954 796 614 939 1653 446 960 948 1565 434 1216 1066 2046 2065 718 1632 482 996 618 1410 1246 1781 1239 1264 547 2062 1410 1533 659 1626 1961 527 753 1416 1834 1047 535 835 1691 957 1357 1984 878 1049 1068 935 1477 1423 1511 1086 1262 962 1338 910 1349 934 1084 1962 710 1475 1187 1074 1220 488 1927 1460 1789 835 721 1139 997 1957 1135 1401 638 903 1061 937 1242 1914 1971 1023 970 1297 638 1931 744 837 501 1166 847 1034 2094 1418 1113 801 1668 1004 1461 1621 2076 1709 772 939 2001 1673
1216 1566 812 360 1550 2058 1969 741 1803 1969 1849 1314 1294 2282 1822 805 1915 1159 871 851 1049 1297 1760 1348 2291 2300 1804 1880 1988 1386 1310 1143 1230 1096 1018 1257 2170 1650 1457 1302 826 1279 876 2401 962 1116 644 433 866 1078 1223 1697 1568 1574 872 1844 1792 837 1674 1452 1295 1076 855 1838 2008 1494 1199 1381 1670 1339 1282 1175 1665 1983 949 1107 1167 1873 1409 789 1219 1064 1283 1267 1298 1842 1639 1340 1127 741 649 757 729 1947 1757 666 1345 1483 1350 1696 2057 1220 1294 1661 1724 1535 867 814 1177 1056 1329 1170 921 1027 2176 1613 1289 1017 558 1326 1245 567 1174 659 1492 966 505 1260 1185 1125 1938 1083 1628 1181 954 1850 1295 701 1516 1244 1123 1002 1552 1197 1186 1338 1468 1215 1841 1281 758 1549 1254 2252 2105 1097 1259 1281 1659 1412 1321 1451 1165 1367 1910 1897 1430 1490 1181 1252 834 1528 1726 1336 1251 1339 636 2042 1559 1126 1191 1242 1222 2285 1011 1486 795 1199 1262 1285 1319 1271 1173 1343 880 1705 1999 1120 1786 1672 691 1215 1131 1214 1192 591 1281 2093 897 1299 1289 1959 786 1340 1134 2228 2459 824 1755 903 1391 978 1748 1364 2127 1690 1707 866 2351 1609 1898 876 1789 2173 713 711 1859 1903 1430 879 1158 1840 1301 1357 2153 1161 1455 1482 1276 1470 1452 1826 1511 1454 1244 1757 914 1775 1330 1499 2323 471 1560 1472 1419 1060 738 2318 1571 2099 1287 1123 1496 1232 2304 1475 1845 539 1251 1340 991 1690 2191 2366 1444 1330 1671 748 2036 840 678 952 1417 576 1321 2382 1812 1564 1244 1610 1295 1904 1729 2320 2156 1224 1271 2422 1966
1391 1775 1643 1550 360 1677 2036 1215 2122 1222 1765 676 1467 1580 1274 1369 2292 1091 1542 1499 1793 1434 2237 1935 1655 2108 1484 1854 1486 1406 1837 1420 1250 1618 1167 1664 1415 1637 2250 1454 1746 1485 1761 2139 1419 1740 1282 1557 1097 837 1385 2546 725 2125 1376 938 2184 1083 2198 1596 1477 1855 1316 1996 1436 1571 903 938 1286 1369 1480 1371 919 1715 2095 1388 1480 2066 1642 1652 1472 1455 1459 1397 1641 2017 1436 1756 1267 1926 1294 1158 1357 874 2241 1542 1297 1979 1503 2218 1935 1654 1385 473 1781 2152 1265 1139 1380 1455 2034 1506 1229 1416 1704 651 1515 1221 1565 1685 2275 1372 966 1740 1694 1110 1430 1440 1497 2009 1680 1484 1334 1314 983 869 1163 1506 1923 1432 1109 1873 708 847 1283 688 462 1374 768 2158 1316 1812 1306 1574 1799 1347 687 2236 2276 1743 1901 2050 1697 554 2602 2018 1623 2311 1582 1376 1430 1601 2049 1487 858 1002 1730 2017 479 1582 1265 1439 735 1698 1128 1182 1334 713 1149 1488 1436 1377 1461 1182 1031 1965 2089 1677 745 1768 1589 1725 1325 2237 1574 1661 1454 2284 1691 1449 1451 1923 1569 967 974 1418 2288 1285 984 1597 2223 1497 1592 946 1846 2233 2028 1481 1813 1142 1770 1915 1102 1460 1717 1282 2128 921 1601 1817 1410 1088 2227 696 1330 1332 2254 1733 1450 619 713 1554 2244 1104 1320 2478 1093 1958 1609 1743 2039 1518 840 1341 1488 852 1705 2164 906 1700 1899 1576 1547 2278 1976 1489 2126 1600 1465 1310 1073 2061 1658 2219 2200 1509 1675 1826 1095 1948 1251 1686 1247 1335 1328 1831 1827 2122 1757 469 1338 2165 933 1655 2398 1834 1431 2404 1564
1112 1091 1747 2058 1677 360 973 1729 1279 913 739 1493 1160 825 764 2232 1422 1300 1618 1613 1665 1143 1502 1520 742 809 616 813 570 1041 1441 1297 1189 1454 1417 1326 884 858 1865 1145 1836 1183 1802 822 1476 1541 1829 2118 1645 1664 1206 2105 1312 1536 1551 1184 1385 1877 1535 1060 1163 1710 2220 1057 654 995 1379 1196 793 1083 1177 1251 1119 506 2271 1324 1297 1120 1142 1776 1240 1389 1167 1164 1263 1084 778 1322 1291 2365 1804 1885 2166 1406 1510 1801 1072 1430 1116 1542 733 1355 1132 1711 911 1620 1553 1966 1251 1398 1675 1307 1503 1412 507 1392 1188 1406 1908 1270 2183 1867 1356 1997 1095 1498 1920 1184 1286 1867 529 1383 802 1238 1883 1283 1143 1751 1321 1198 1329 1810 1330 1433 1231 1904 1732 1211 1421 1922 1661 1150 1163 785 496 1325 1815 2058 1676 1230 1506 1563 1450 1612 1950 1024 1104 1929 1342 1174 1600 976 1256 1123 1366 1184 2008 870 1559 1397 1227 1203 1539 682 1439 973 2194 1659 1178 1179 1121 1155 1283 1094 1753 1164 1022 1477 1389 959 1812 1424 1288 2152 1324 1967 1168 1230 1710 1146 1158 819 1714 1206 1393 971 981 1595 1072 1625 1899 1492 707 1202 545 1573 1249 1590 683 921 684 2011 949 823 1913 1724 1228 1267 1088 1868 1279 989 2017 1427 986 1260 1875 1143 1172 1435 1351 595 1792 1037 1174 1905 1575 1076 1204 1134 722 1954 1200 945 1034 1758 1875 875 1136 402 1541 1397 977 2209 660 972 1240 1952 1203 1077 1491 1315 579 927 1798 1140 866 2024 1179 2119 1803 1652 1009 1913 1097 716 861 1543 1425 1590 1124 1236 1120 791 1352 1530 1169 1153 474
1031 764 1553 1969 2036 973 360 1745 710 1465 648 1769 1071 1438 1247 2274 820 1417 1461 1478 1378 1084 940 1124 1349 795 975 552 1144 1045 1091 1213 1244 1240 1464 1078 1488 766 1395 1070 1607 1075 1558 926 1379 1264 1823 2041 1712 1845 1163 1580 1694 1037 1478 1678 815 1968 999 898 1066 1398 2282 513 1234 881 1576 1464 1138 1095 1074 1207 1542 832 1986 1256 1173 536 922 1583 1130 1274 1082 1125 1032 527 964 1010 1304 2185 1790 1943 2194 1913 948 1668 1145 988 1012 999 621 1114 1113 2103 632 1130 1539 2047 1201 1282 1260 1165 1509 1319 1102 1791 1057 1425 1782 1007 1792 1825 1527 1805 839 1566 1860 1108 1153 1512 831 1251 1072 1235 2019 1772 1278 1628 892 1124 1427 1511 1705 1643 1250 2172 2059 1175 1896 1510 1623 788 1189 1398 870 1283 2064 1648 1143 924 1127 1112 1188 1911 1371 448 907 1450 1148 1147 1501 843 725 1030 1593 1411 1824 491 1930 1204 1259 1123 1776 1280 1504 1214 2240 1891 1306 1069 1067 1133 1174 1243 1853 673 415 1230 1849 670 1657 1142 1266 1768 1137 1807 1086 628 1485 1074 1081 514 1553 1445 1548 1577 894 1571 1535 1439 1450 1352 815 1459 840 1031 730 1463 1235 1274 673 1738 1426 1431 1714 1708 641 1774 914 1609 1204 1489 1599 1719 1580 1239 1406 848 1092 1777 1683 902 1304 1292 1186 1354 1645 573 1001 831 905 1858 1575 1064 973 1935 1674 773 1511 997 1170 1207 893 1823 948 942 658 1817 1105 1138 1578 792 1186 803 1333 1025 729 1797 1731 1859 1809 1421 1162 1896 1134 1264 569 1047 1123 1977 1143 635 1571 1398 752 1196 1104 812 1015
954 1357 828 741 1215 1729 1745 360 1654 1593 1574 948 1034 1915 1458 889 1795 797 775 732 1037 1025 1672 1279 1932 2021 1473 1623 1637 1092 1207 893 907 957 672 1089 1797 1378 1507 1036 916 1029 943 2109 749 1039 463 780 488 739 946 1788 1190 1507 652 1464 1670 621 1601 1207 1039 1089 897 1634 1649 1232 818 1003 1319 1040 1030 899 1284 1673 1241 849 939 1683 1190 827 976 847 1023 987 1107 1644 1319 1188 816 1117 451 568 812 1573 1672 696 1026 1383 1093 1623 1784 1059 1006 1328 1479 1497 566 678 904 840 1321 952 598 797 1836 1241 1049 692 710 1147 1439 534 795 885 1272 596 598 997 960 1212 1628 877 1289 882 723 1472 947 671 1380 981 764 1070 1175 818 876 1072 1146 935 1470 1372 510 1358 946 1887 1793 822 970 1423 1628 1232 1246 1398 1044 1022 1927 1685 1199 1557 997 967 668 1269 1573 1076 870 965 875 1795 1205 958 875 981 859 1931 651 1132 855 863 912 1035 1044 984 934 997 566 1527 1783 1006 1413 1435 746 1091 842 1402 1000 807 1019 1915 898 1033 1025 1704 757 964 755 1851 2191 539 1375 832 1460 809 1448 986 1821 1627 1552 726 2006 1244 1615 1067 1412 1803 867 434 1695 1524 1191 988 901 1461 1425 984 1775 871 1508 1279 1013 1100 1075 1506 1531 1090 941 1782 534 1575 1118 1295 2024 676 1179 1151 1145 756 860 2049 1191 1769 1225 953 1227 1438 1995 1192 1684 746 999 1024 615 1553 1842 2101 1473 1079 1406 972 1655 1093 434 919 1079 548 1012 2036 1561 1499 1125 1259 992 1740 1348 1958 1998 1154 1003 2193 1629
994 707 1357 1803 2122 1279 710 1654 360 1702 904 1825 1035 1740 1466 2164 531 1425 1297 1326 1143 1062 590 850 1662 1142 1205 826 1416 1076 856 1139 1248 1075 1424 926 1764 894 1059 1043 1385 1025 1332 1273 1265 1051 1714 1877 1654 1841 1128 1230 1815 703 1364 1865 467 1903 650 886 1026 1146 2183 583 1502 913 1607 1546 1315 1115 1028 1160 1698 1133 1714 1183 1084 534 854 1384 1061 1168 1045 1103 908 557 1125 830 1271 1959 1678 1862 2080 2097 598 1497 1185 702 988 649 963 958 1107 2205 763 794 1452 1971 1153 1173 958 1066 1439 1218 1419 1915 997 1374 1606 867 1477 1694 1548 1591 790 1524 1716 1068 1062 1227 1117 1137 1233 1207 1976 1951 1320 1467 647 1081 1422 1256 1822 1674 1231 2197 2125 1141 2059 1195 1513 675 1190 1699 1198 1220 2084 1329 793 783 865 800 999 1969 1032 630 864 1110 1017 1127 1368 886 441 1005 1638 1480 1612 841 2029 1060 1246 1076 1809 1599 1469 1326 2134 1912 1338 1020 1055 1120 1094 1300 1802 518 691 1043 2006 744 1474 948 1219 1457 1013 1610 1049 664 1278 1048 1049 838 1377 1515 1559 1855 1218 1474 1715 1260 1121 1214 1021 1537 1175 681 462 1318 1568 1429 955 1484 1623 1714 1501 1602 436 1964 884 1370 1138 1693 1279 1788 1843 1200 1070 758 1055 1869 1778 1143 964 1396 1179 1004 1596 568 910 745 1255 1695 1703 1154 994 1921 1463 1112 1646 1310 907 1064 939 1510 1297 997 417 1635 1052 1172 1546 478 1498 1133 1000 987 860 1564 1954 1605 1707 1216 1241 1775 1156 1598 783 714 919 2082 1151 472 1742 1711 712 954 1072 1062 1293
1224 1411 1796 1969 1222 913 1465 1593 1702 360 1182 1146 1284 723 599 2010 1866 1177 1660 1636 1807 1251 1896 1774 792 1360 859 1277 702 1152 1676 1362 1174 1578 1323 1512 571 1175 2139 1265 1903 1312 1886 1353 1497 1698 1696 2013 1476 1381 1271 2417 887 1870 1532 658 1797 1648 1900 1288 1292 1865 1979 1501 620 1227 1145 950 778 1161 1305 1299 702 1015 2340 1365 1394 1574 1373 1820 1347 1450 1285 1245 1456 1529 955 1556 1271 2330 1682 1684 1961 859 1903 1789 1101 1735 1273 1914 1265 1527 1212 1227 1298 1937 1481 1734 1304 1456 1921 1417 1425 1447 882 933 1333 1342 1873 1484 2357 1761 1158 2009 1369 1362 1824 1287 1396 2037 1001 1461 864 1254 1612 752 1071 1737 1637 1292 1214 1941 909 1170 1231 1509 1300 1269 891 2138 1587 1470 1187 712 1049 1344 1446 2260 2026 1487 1749 1855 1615 1222 2337 1490 1335 2206 1481 1240 1594 1233 1654 1268 1104 990 2012 1390 1106 1521 1216 1301 1224 838 1321 895 1970 1327 1097 1311 1236 1226 1373 1035 1533 1556 1519 1624 872 1322 1817 1610 1302 2321 1464 1955 1283 1734 1792 1263 1274 1315 1739 989 1198 618 1526 1523 613 1690 2150 1547 1040 966 1098 1941 1640 1610 958 746 1152 2093 540 601 1942 1618 1671 724 1311 1955 1342 505 2229 1078 548 1283 2147 1423 1283 1030 976 927 2089 894 1206 2259 1418 1495 1398 1423 1255 1885 817 1020 1201 1464 1911 1427 778 918 1772 1517 1198 2375 1180 1155 1678 1918 1316 1115 1338 1697 816 1478 2074 1295 1205 2064 629 2179 1663 1749 1002 1779 1145 973 1292 1873 1627 1120 1175 1691 660 794 1858 1735 1270 1706 825
873 732 1477 1849 1765 739 648 1574 904 1182 360 1513 915 1196 959 2102 1056 1197 1362 1368 1351 914 1124 1164 1121 811 687 456 875 842 1096 1065 1037 1164 1272 1014 1223 558 1496 908 1551 930 1510 914 1247 1227 1663 1917 1520 1617 992 1727 1415 1159 1338 1389 1009 1772 1155 763 914 1387 2102 687 963 715 1336 1202 852 894 926 1040 1256 594 1969 1103 1043 756 828 1507 990 1146 926 949 954 715 689 985 1118 2113 1632 1759 2026 1624 1131 1563 924 1060 858 1162 570 1048 927 1826 538 1244 1375 1856 1037 1154 1316 1045 1335 1181 884 1510 922 1242 1676 948 1839 1680 1293 1734 760 1369 1724 949 1027 1531 573 1130 792 1051 1808 1483 1045 1517 951 965 1214 1495 1427 1401 1058 1923 1794 1002 1608 1568 1472 787 990 1155 685 1120 1819 1706 1296 890 1154 1194 1139 1651 1572 668 797 1558 1055 968 1374 682 877 872 1346 1158 1748 613 1655 1114 1062 967 1530 1062 1307 948 2065 1648 1077 924 893 950 1036 1003 1652 785 703 1173 1562 593 1563 1103 1093 1810 1040 1719 928 916 1424 910 920 517 1459 1189 1320 1313 976 1412 1247 1355 1535 1240 532 1200 682 1193 869 1349 1047 992 421 1710 1137 1170 1644 1549 860 1485 789 1570 1051 1201 1662 1458 1307 1064 1505 799 933 1506 1413 615 1418 1027 993 1525 1450 698 904 786 846 1739 1296 819 792 1709 1604 835 1231 774 1193 1115 712 1867 849 741 870 1716 957 921 1374 935 958 886 1429 879 539 1744 1445 1825 1643 1361 916 1742 926 1080 482 1166 1097 1700 943 875 1284 1169 1040 1194 939 1013 749
1083 1479 1343 1314 676 1493 1769 948 1825 1146 1513 360 1160 1507 1114 1242 1993 776 1235 1193 1480 1128 1929 1619 1559 1895 1268 1595 1328 1111 1521 1105 942 1302 853 1350 1357 1364 1935 1147 1449 1176 1459 1945 1105 1425 1032 1336 821 614 1074 2231 638 1812 1069 930 1881 896 1886 1299 1169 1543 1204 1714 1300 1280 588 671 1069 1070 1171 1057 804 1502 1822 1072 1165 1782 1338 1354 1159 1139 1151 1090 1329 1734 1185 1443 951 1695 1035 952 1206 994 1932 1255 1002 1666 1199 1907 1699 1339 1080 780 1505 1837 961 974 1066 1139 1718 1191 921 1100 1551 661 1206 906 1294 1374 1975 1118 651 1465 1395 803 1181 1131 1182 1700 1463 1168 1095 1001 835 912 865 1215 1614 1122 793 1566 618 531 971 774 660 1063 887 1847 1025 1512 999 1490 1601 1031 681 1930 1962 1434 1585 1735 1381 503 2287 1742 1321 1996 1267 1067 1126 1313 1749 1182 547 718 1458 1766 626 1266 953 1129 453 1585 815 925 1203 540 846 1179 1132 1070 1146 891 803 1670 1820 1361 833 1486 1300 1409 1010 1937 1259 1390 1146 2006 1385 1143 1144 1669 1269 684 658 1387 2076 986 895 1288 1909 1183 1344 672 1644 1921 1729 1173 1688 932 1528 1625 983 1385 1432 1006 1836 967 1300 1518 1095 1001 1919 429 1301 1018 1939 1430 1141 516 531 1331 1928 847 1012 2162 801 1671 1300 1442 1846 1263 690 1065 1193 684 1415 1944 739 1523 1583 1260 1258 1981 1793 1202 1833 1333 1154 1014 766 1758 1523 2000 1885 1203 1401 1546 1122 1669 999 1376 967 1100 1028 1711 1560 1809 1441 684 1034 1875 852 1570 2116 1518 1123 2164 1379
320 699 947 1294 1467 1160 1071 1034 1035 1284 915 1160 360 1492 1061 1564 1197 751 820 819 891 396 1130 871 1465 1367 925 953 1151 494 768 510 578 665 759 593 1434 717 1230 378 1038 388 1006 1467 692 776 1116 1361 1004 1167 455 1519 1200 1027 783 1333 1083 1259 1092 533 370 946 1571 968 1203 561 936 911 874 486 381 496 1137 1063 1476 549 496 1025 541 976 439 594 371 430 547 981 754 662 601 1572 1084 1232 1485 1543 1133 1013 558 879 418 1112 1124 603 446 1559 804 1068 829 1336 490 603 1006 508 798 626 1295 1297 413 716 1124 587 1438 1127 876 1199 611 861 1169 397 487 1116 1020 584 797 533 1317 1399 670 965 816 413 747 1032 1202 1002 556 1522 1459 468 1479 1214 920 719 521 1454 1184 572 1409 1335 1183 635 841 972 691 1302 1510 1015 534 1296 559 452 820 597 956 402 972 837 1211 1122 1384 606 571 413 1137 1436 802 764 1529 1237 678 386 408 449 484 668 1148 886 1111 703 1420 760 1018 687 556 1403 542 1174 375 1258 912 381 375 1033 916 871 884 1514 1528 863 1187 825 1231 694 825 898 1201 1129 935 798 1476 911 965 1216 1139 1410 1113 1001 1057 1428 520 1073 497 1212 1304 1130 1466 531 1237 636 381 1225 1138 924 1194 804 507 1400 939 913 503 649 1391 1184 1104 626 488 1250 1075 1387 1060 1202 857 604 562 1458 1378 549 1051 1166 403 543 878 959 1332 1436 1168 408 739 1224 1476 1321 1100 857 653 1193 515 1509 888 1025 707 1441 495 1100 1196 1504 1353 812 397 1518 1088
1437 1517 2054 2282 1580 825 1438 1915 1740 723 1196 1507 1492 360 821 2359 1886 1483 1918 1902 2023 1465 1960 1929 473 1194 947 1276 708 1358 1840 1601 1438 1797 1624 1698 528 1272 2287 1474 2156 1519 2131 1142 1760 1904 2019 2332 1806 1736 1506 2543 1251 1977 1812 1004 1845 1995 1985 1443 1498 2075 2331 1520 649 1376 1484 1285 990 1384 1512 1543 1064 970 2597 1615 1620 1585 1530 2081 1566 1694 1496 1472 1637 1547 1105 1717 1542 2629 2002 2025 2306 1160 1967 2072 1342 1859 1464 1994 1191 1721 1437 1575 1356 2055 1780 2083 1546 1702 2083 1638 1724 1702 704 1294 1533 1633 2166 1655 2565 2077 1487 2287 1501 1679 2137 1505 1616 2243 982 1698 1057 1510 1967 1087 1352 2020 1752 1515 1519 2165 1273 1517 1492 1872 1662 1507 1220 2320 1889 1578 1436 401 936 1603 1810 2451 2123 1634 1910 1989 1815 1586 2408 1489 1491 2353 1690 1473 1871 1368 1712 1465 1449 1311 2292 1331 1465 1739 1481 1522 1582 551 1631 1162 2319 1688 1383 1516 1446 1455 1601 1308 1877 1617 1486 1833 1214 1398 2094 1799 1561 2530 1672 2241 1495 1691 2036 1474 1485 1284 2006 1316 1528 566 1328 1823 976 1939 2312 1797 1115 1298 977 2024 1703 1877 665 1032 1146 2341 887 482 2212 1932 1692 1046 1470 2199 1581 868 2414 1438 634 1537 2296 1554 1497 1394 1338 983 2222 1188 1452 2355 1743 1534 1576 1548 1059 2190 1177 1231 1383 1821 2177 1265 1133 802 1940 1736 1351 2587 978 1325 1704 2211 1531 1353 1660 1767 615 1307 2221 1488 1290 2330 893 2438 1988 1985 1250 2103 1380 664 1318 1982 1808 1475 1411 1701 1024 443 1811 1917 1488 1555 813
1003 1172 1601 1822 1274 764 1247 1458 1466 599 959 1114 1061 821 360 1920 1632 1023 1465 1445 1590 1030 1658 1540 834 1206 632 1056 575 927 1443 1154 980 1362 1163 1284 734 936 1905 1042 1705 1089 1683 1226 1304 1477 1561 1872 1353 1314 1060 2180 909 1631 1353 798 1560 1557 1661 1052 1068 1646 1898 1270 554 989 1043 845 546 943 1082 1093 715 826 2146 1163 1180 1344 1137 1627 1129 1245 1063 1029 1226 1297 715 1322 1083 2167 1543 1580 1863 1031 1664 1612 891 1497 1044 1675 1071 1301 995 1307 1063 1698 1318 1646 1097 1252 1689 1200 1263 1249 798 987 1108 1172 1705 1252 2139 1617 1038 1828 1131 1221 1677 1068 1178 1818 802 1253 629 1055 1542 896 891 1560 1398 1075 1059 1728 928 1085 1036 1515 1333 1060 1029 1911 1427 1231 983 790 892 1148 1433 2036 1787 1251 1516 1618 1392 1222 2097 1264 1099 1972 1260 1027 1412 994 1416 1041 1016 859 1833 1184 1155 1303 1023 1083 1172 843 1171 701 1880 1288 922 1087 1013 1011 1160 847 1435 1318 1302 1404 992 1084 1635 1383 1105 2104 1243 1781 1061 1515 1588 1041 1052 1102 1550 869 1078 813 1383 1361 671 1489 1918 1346 807 856 940 1702 1402 1420 937 574 937 1893 549 720 1755 1472 1438 890 1075 1752 1134 604 2003 1045 768 1083 1913 1185 1062 1038 959 705 1852 728 1000 2019 1288 1261 1167 1184 1126 1729 802 794 969 1404 1721 1268 741 786 1541 1301 961 2159 1062 920 1444 1750 1096 904 1204 1459 770 1322 1840 1067 967 1875 849 1986 1531 1542 795 1646 933 962 1063 1634 1398 1186 963 1461 717 859 1639 1506 1051 1531 654
1484 1882 1220 805 1369 2232 2274 889 2164 2010 2102 1242 1564 2359 1920 360 2294 1292 1236 1201 1461 1555 2154 1745 2392 2547 1978 2153 2117 1619 1690 1420 1428 1451 1191 1598 2221 1907 1894 1566 1258 1558 1305 2631 1263 1503 812 749 949 991 1475 2141 1520 1975 1163 1813 2169 723 2074 1736 1568 1497 425 2159 2115 1762 1237 1436 1807 1567 1559 1429 1672 2189 1363 1377 1463 2206 1716 1203 1504 1366 1552 1517 1624 2168 1834 1694 1343 1051 847 708 444 1850 2152 1060 1546 1867 1623 2096 2312 1565 1535 1467 2009 1948 1094 635 1434 1359 1749 1474 1128 1319 2328 1531 1576 1219 978 1661 1686 832 1244 1105 1798 1099 824 1527 1484 1565 2144 1394 1790 1411 767 1789 1451 1074 1881 1510 1266 1436 1500 1201 1403 1075 1269 1464 1739 1723 1014 1879 1471 2336 2307 1352 1042 1726 2076 1748 1715 1857 1532 1228 2343 2212 1726 1931 1510 1496 1155 1799 2084 1606 1269 1423 1081 2325 1421 1464 1400 1511 1154 2403 1161 1621 399 1073 1416 1564 1574 1513 1461 1500 844 2045 2311 1489 1694 1964 1100 1582 1372 1656 1516 1034 1549 2435 1306 1563 1554 2233 1173 1410 1205 2260 2718 1063 1766 1282 1831 1309 1970 1424 2338 2094 2063 1206 2489 1709 2142 1321 1834 2240 1153 927 2210 1845 1719 1317 1429 1867 1745 1305 2176 1401 1893 1802 1543 1390 1411 2018 1942 1566 1468 2191 1019 2099 1641 1819 2543 879 1557 1668 1675 919 1173 2577 1591 2271 1686 1459 1756 1671 2510 1720 2198 974 1528 1546 1102 2057 2323 2629 1877 1609 1936 1193 2005 1276 824 1351 1588 749 1537 2517 2091 1967 1614 1458 1518 2255 1727 2412 2512 1618 1533 2722 2127
1156 877 1464 1915 2292 1422 820 1795 531 1866 1056 1993 1197 1886 1632 2294 360 1588 1419 1452 1235 1227 548 932 1802 1226 1367 970 1571 1246 966 1293 1413 1203 1580 1066 1920 1064 1053 1207 1477 1186 1423 1355 1406 1159 1848 1989 1804 2000 1290 1166 1987 731 1502 2035 484 2048 641 1055 1189 1227 2317 729 1659 1084 1773 1717 1485 1283 1189 1319 1870 1276 1765 1336 1235 661 1017 1489 1218 1312 1207 1267 1057 701 1295 966 1431 2039 1812 2003 2210 2268 555 1611 1354 792 1153 627 1081 1095 1273 2376 929 808 1597 2113 1311 1318 1006 1215 1587 1363 1557 2087 1157 1529 1717 1014 1491 1822 1713 1683 958 1678 1838 1230 1214 1278 1266 1281 1404 1368 2126 2122 1489 1587 774 1242 1584 1331 1994 1839 1393 2359 2293 1302 2231 1217 1650 841 1355 1845 1328 1374 2246 1341 755 935 955 851 1121 2136 916 757 1031 1091 1159 1290 1500 1058 603 1171 1806 1650 1705 947 2199 1196 1409 1237 1974 1736 1625 1498 2266 2075 1506 1182 1220 1284 1247 1470 1952 689 784 1164 2178 914 1584 1071 1377 1476 1158 1710 1212 659 1380 1212 1213 967 1492 1685 1722 2010 1270 1616 1885 1377 1125 1348 1185 1707 1300 653 623 1447 1695 1600 1101 1553 1791 1867 1596 1738 556 2134 1052 1453 1294 1862 1290 1957 2002 1359 1063 922 1217 2040 1948 1302 953 1567 1343 924 1748 730 1067 910 1353 1809 1875 1326 1163 2078 1560 1184 1817 1449 993 1201 1111 1526 1404 1168 547 1741 1212 1341 1702 603 1639 1194 1004 1151 1029 1645 2120 1672 1844 1322 1412 1904 1324 1724 937 742 1039 2253 1318 546 1913 1851 640 1052 1235 1071 1446
672 1083 1010 1159 1091 1300 1417 797 1425 1177 1197 776 751 1483 1023 1292 1588 360 881 847 1096 722 1515 1204 1495 1628 1045 1264 1200 733 1106 689 538 896 506 933 1373 1018 1531 741 1121 764 1116 1704 727 1023 900 1209 704 788 661 1828 886 1395 730 1104 1474 943 1470 905 759 1159 1282 1338 1212 901 548 614 883 683 760 641 906 1258 1542 659 749 1401 931 1030 743 733 741 681 912 1355 904 1026 536 1513 880 944 1225 1269 1518 977 634 1249 797 1491 1403 923 678 1190 1145 1421 664 1030 649 735 1310 775 608 703 1402 970 793 534 1056 958 1624 954 486 1199 996 560 1014 719 765 1326 1214 760 858 585 970 1141 519 927 1200 708 397 1202 880 612 556 1132 1073 649 1184 1462 770 1109 596 1453 1375 620 1020 1558 1545 1022 1171 1319 971 916 1871 1376 920 1594 852 658 793 937 1346 779 593 551 1200 1440 1021 855 539 715 746 1494 508 695 1254 847 484 768 731 664 730 567 820 1274 1464 955 1123 1115 1010 995 594 1586 842 1140 736 1632 1029 736 735 1344 944 565 494 1434 1804 706 986 925 1512 798 1049 596 1408 1505 1325 823 1570 810 1229 1309 998 1374 1140 808 1443 1183 902 1182 679 1056 1540 759 1363 601 1536 1026 731 868 795 1086 1518 655 605 1748 635 1289 887 1039 1613 1069 825 743 809 877 1112 1664 810 1339 1172 850 885 1635 1578 835 1438 1101 740 640 550 1349 1405 1718 1478 797 1052 1261 1284 1381 871 1005 656 985 643 1599 1214 1392 1026 1080 639 1485 972 1523 1734 1109 713 1845 1197
747 1056 496 871 1542 1618 1461 775 1297 1660 1362 1235 820 1918 1465 1236 1419 881 360 405 624 835 1278 873 1905 1810 1377 1383 1591 938 814 683 846 584 753 745 1837 1167 1096 833 603 799 594 1917 522 630 801 944 840 1102 777 1383 1403 1103 526 1624 1294 1036 1201 958 818 681 1263 1327 1630 1009 1028 1135 1288 902 804 736 1423 1524 1041 663 684 1362 905 522 740 589 812 816 788 1330 1205 830 749 1112 766 974 1151 1790 1277 567 936 991 870 1223 1565 709 849 1652 1223 1085 639 1083 734 581 905 678 674 576 1751 1481 801 708 681 815 1106 763 972 739 986 792 779 794 697 826 1480 596 1225 769 1138 1662 949 530 1011 780 847 691 1395 1067 789 1465 1495 774 1701 979 625 1038 842 1883 1644 677 1355 1054 1216 901 841 989 658 1349 1511 1387 930 1150 674 810 475 1040 1219 859 1084 1067 750 1539 1500 616 803 775 1167 1883 783 1127 1209 1217 927 804 857 828 696 984 972 1194 1489 614 1641 1169 560 709 719 1068 686 716 811 1582 510 832 820 1460 456 1086 948 1909 1961 627 1498 417 1055 486 1285 1117 1660 1223 1199 421 1931 1274 1416 793 1490 1824 656 705 1350 1705 934 661 702 1556 1045 1243 1848 741 1098 972 807 1362 1303 1382 1116 1127 826 1366 817 1263 826 989 1846 761 1346 1053 949 1148 619 1822 1329 1661 816 614 1018 1115 1837 1009 1336 717 776 926 830 1186 1782 1867 1059 847 1183 772 1798 880 805 508 1030 847 899 1963 1312 1095 740 1559 869 1395 1489 1941 1649 746 809 1912 1541
744 1074 523 851 1499 1613 1478 732 1326 1636 1368 1193 819 1902 1445 1201 1452 847 405 360 669 831 1314 912 1891 1817 1368 1393 1578 931 849 676 825 611 715 767 1816 1171 1141 831 633 800 630 1923 501 669 762 923 795 1057 767 1428 1366 1142 484 1591 1327 993 1238 966 818 726 1227 1347 1615 1013 988 1102 1271 892 804 724 1392 1522 1064 650 685 1384 918 544 740 585 810 808 806 1351 1197 856 724 1113 726 932 1117 1754 1313 554 921 1026 872 1261 1573 732 841 1609 1235 1126 595 1042 723 576 949 683 632 562 1743 1442 805 673 668 836 1145 730 934 747 1000 750 750 790 700 870 1478 597 1211 751 1094 1628 924 511 1041 776 812 733 1357 1026 769 1419 1451 763 1664 1023 581 1058 826 1867 1643 658 1310 1097 1258 922 880 1029 690 1306 1554 1406 940 1195 689 800 430 1046 1247 860 1045 1035 756 1552 1459 635 782 772 1124 1872 743 1106 1174 1172 900 806 853 819 694 962 928 1218 1507 647 1604 1182 559 740 700 1107 700 715 809 1608 551 829 818 1471 464 1053 909 1887 1972 582 1469 462 1100 488 1284 1083 1661 1262 1226 385 1922 1251 1421 822 1464 1805 670 663 1376 1671 942 695 694 1529 1088 1202 1824 725 1143 990 804 1321 1265 1377 1160 1101 811 1410 773 1284 838 1007 1849 740 1312 1041 948 1103 636 1832 1297 1655 856 631 1020 1153 1838 1008 1363 708 775 911 787 1216 1771 1878 1103 850 1189 789 1768 903 764 553 1012 812 886 1955 1323 1134 772 1517 856 1422 1458 1926 1677 785 804 1930 1533
827 993 600 1049 1793 1665 1378 1037 1143 1807 1351 1480 891 2023 1590 1461 1235 1096 624 669 360 920 1072 662 1992 1773 1448 1346 1679 1026 651 809 1009 588 988 700 1964 1174 832 909 602 863 549 1892 735 484 1051 1122 1104 1364 896 1121 1621 885 781 1815 1115 1295 985 965 884 423 1496 1230 1734 1029 1263 1339 1404 1007 870 873 1613 1549 978 815 772 1246 886 621 821 731 888 921 762 1225 1280 732 933 1177 1017 1229 1377 2000 1069 760 1065 806 919 1006 1534 669 955 1901 1185 847 898 1336 866 726 650 750 926 753 1807 1706 849 937 853 762 910 998 1203 808 950 1045 996 882 771 594 1509 712 1329 924 1400 1865 1121 751 863 875 1066 505 1616 1310 953 1728 1751 898 1919 727 888 954 983 1985 1662 847 1618 824 975 826 640 761 574 1601 1254 1294 922 886 692 926 738 1050 1073 917 1317 1266 830 1478 1743 646 971 867 1418 1959 1025 1273 1439 1476 1108 866 938 941 793 1145 1236 1077 1394 549 1858 1127 722 607 885 874 710 835 889 1445 514 910 899 1414 652 1290 1185 2043 1905 890 1679 566 793 659 1318 1321 1669 1000 1056 681 1987 1424 1411 722 1650 1942 720 965 1208 1903 937 591 827 1720 804 1481 1992 896 834 915 888 1597 1530 1435 855 1293 964 1107 1078 1166 820 930 1834 950 1551 1156 1002 1412 684 1772 1523 1707 602 649 1048 928 1840 1062 1192 871 854 1051 1081 1025 1853 1812 796 895 1178 783 1977 842 1059 477 1165 1083 1021 2020 1272 875 617 1802 991 1252 1677 2033 1491 549 899 1814 1607
332 722 964 1297 1434 1143 1084 1025 1062 1251 914 1128 396 1465 1030 1555 1227 722 835 831 920 360 1163 907 1441 1366 904 957 1126 467 805 515 546 692 741 629 1404 716 1265 380 1058 422 1029 1463 698 807 1111 1364 988 1143 439 1555 1164 1063 785 1297 1114 1244 1127 549 406 976 1560 987 1175 566 905 876 844 451 416 486 1101 1052 1498 550 516 1046 570 993 461 606 393 402 583 1001 732 698 581 1584 1079 1220 1478 1506 1166 1022 522 915 435 1146 1125 638 410 1525 814 1104 822 1323 482 614 1042 532 787 632 1276 1261 449 701 1133 623 1469 1126 846 1214 635 843 1170 401 510 1147 1008 601 769 512 1299 1363 635 974 850 414 721 1060 1166 972 531 1494 1428 451 1443 1247 917 747 488 1428 1173 565 1382 1368 1219 669 877 1008 723 1270 1546 1031 558 1332 590 425 826 603 984 417 940 802 1225 1129 1350 634 545 419 1107 1414 783 729 1520 1209 644 422 382 417 500 632 1131 912 1125 733 1384 773 1030 722 543 1433 573 1186 391 1278 934 375 382 1038 930 835 856 1484 1530 858 1151 844 1267 709 814 862 1192 1164 963 809 1457 876 961 1239 1104 1381 1130 996 1082 1392 541 1096 499 1177 1338 1097 1434 515 1272 664 392 1190 1103 907 1230 768 476 1437 922 934 539 677 1385 1189 1067 596 482 1227 1092 1388 1023 1186 893 631 562 1488 1369 538 1077 1175 425 506 858 990 1311 1438 1204 435 741 1242 1441 1342 1093 881 618 1188 478 1490 895 1061 742 1406 459 1124 1160 1479 1376 847 386 1528 1068
1086 854 1307 1760 2237 1502 940 1672 590 1896 1124 1929 1130 1960 1658 2154 548 1515 1278 1314 1072 1163 360 771 1885 1369 1407 1051 1628 1204 825 1200 1348 1074 1486 958 1974 1081 865 1143 1310 1113 1256 1499 1287 1010 1716 1833 1694 1909 1215 1004 1955 550 1379 2036 485 1930 454 1016 1120 1056 2181 812 1712 1060 1703 1674 1495 1233 1117 1236 1858 1356 1580 1240 1139 764 957 1331 1133 1203 1138 1200 965 787 1306 857 1347 1862 1680 1879 2069 2263 368 1461 1308 649 1096 439 1194 981 1212 2328 967 621 1482 1989 1228 1207 824 1116 1480 1252 1645 2054 1083 1432 1562 919 1302 1682 1642 1514 918 1579 1693 1158 1119 1095 1338 1170 1410 1290 2016 2117 1436 1440 674 1167 1505 1157 1960 1768 1319 2275 2228 1226 2216 1028 1523 802 1291 1918 1426 1280 2161 1153 573 854 799 675 987 2071 808 861 981 907 1051 1222 1368 1042 608 1111 1742 1602 1538 1071 2153 1078 1336 1160 1901 1823 1532 1477 2128 1994 1448 1109 1161 1220 1155 1425 1842 704 917 1028 2160 935 1429 940 1290 1287 1053 1547 1143 836 1222 1147 1145 1068 1343 1636 1645 2064 1433 1496 1885 1231 937 1222 1223 1662 1405 465 618 1313 1796 1595 1178 1374 1802 1926 1430 1611 659 2135 1005 1281 1204 1874 1101 1901 2047 1276 875 872 1147 1992 1904 1350 766 1539 1277 774 1644 786 989 865 1485 1657 1849 1304 1125 1982 1395 1334 1796 1535 832 1083 1089 1337 1528 1144 642 1583 1135 1294 1607 558 1722 1351 815 1088 1052 1472 2140 1491 1715 1168 1380 1766 1272 1827 1002 561 906 2208 1260 677 1907 1933 829 897 1166 1250 1509
819 792 895 1348 1935 1520 1124 1279 850 1774 1164 1619 871 1929 1540 1745 932 1204 873 912 662 907 771 360 1879 1545 1342 1135 1580 990 462 875 1064 691 1140 640 1900 1024 724 889 904 845 850 1671 909 602 1314 1421 1318 1555 926 1008 1702 590 992 1844 813 1540 689 850 861 657 1775 971 1649 916 1391 1411 1356 996 851 929 1648 1387 1228 906 816 973 763 919 836 845 874 930 684 961 1193 578 1028 1471 1279 1483 1661 2053 769 1049 1069 507 866 711 1319 643 956 2035 986 582 1103 1593 921 847 514 789 1111 890 1667 1796 817 1084 1150 650 1038 1274 1328 1110 788 1222 1283 883 802 748 1353 814 1271 988 1634 1910 1171 1031 591 886 1185 766 1702 1449 1019 1925 1910 935 1987 764 1129 736 1017 1889 1489 947 1812 902 713 655 394 480 604 1753 1030 1037 802 792 712 946 972 921 787 874 1438 1336 1133 1239 1865 715 1038 877 1574 1834 1184 1273 1720 1653 1171 844 916 952 837 1177 1462 812 1131 636 1928 930 1017 570 970 1010 723 1138 878 1154 810 892 885 1190 933 1366 1322 1986 1659 1110 1697 823 742 837 1181 1396 1486 710 773 914 1841 1415 1226 994 1642 1866 1023 1214 919 1939 825 883 887 1715 858 1603 1948 966 733 738 880 1709 1629 1310 683 1316 999 903 1276 911 738 746 1626 1245 1611 1118 932 1618 987 1534 1570 1560 420 721 942 1067 1645 980 902 1172 854 1054 1254 732 1727 1567 660 847 1014 1076 1982 1115 1316 756 1163 1359 1026 1874 1063 582 538 1924 1003 961 1707 1924 1192 487 898 1540 1485
1412 1458 2039 2291 1655 742 1349 1932 1662 792 1121 1559 1465 473 834 2392 1802 1495 1905 1891 1992 1441 1885 1879 360 1084 904 1195 674 1333 1794 1583 1433 1770 1632 1661 624 1216 2233 1448 2137 1491 2110 1029 1749 1871 2035 2344 1828 1777 1488 2481 1314 1913 1808 1086 1768 2028 1915 1399 1470 2042 2368 1439 643 1333 1514 1315 983 1364 1485 1528 1120 888 2579 1601 1597 1501 1486 2067 1541 1677 1470 1451 1598 1466 1071 1672 1538 2628 2016 2053 2336 1257 1892 2068 1329 1800 1432 1923 1096 1686 1417 1657 1288 1994 1785 2117 1530 1685 2034 1613 1730 1689 607 1366 1503 1636 2166 1612 2527 2089 1512 2278 1450 1695 2147 1481 1591 2206 907 1678 1039 1500 2008 1173 1356 2016 1692 1492 1530 2135 1335 1553 1485 1937 1732 1491 1310 2276 1894 1519 1425 452 840 1592 1869 2409 2055 1585 1862 1932 1781 1647 2333 1404 1447 2298 1660 1455 1865 1321 1638 1435 1484 1333 2285 1236 1538 1711 1475 1499 1628 438 1643 1165 2352 1738 1388 1488 1420 1437 1579 1309 1908 1545 1395 1802 1299 1333 2087 1761 1551 2494 1642 2236 1469 1596 2015 1448 1460 1196 1995 1343 1553 677 1215 1828 1039 1922 2261 1781 1059 1328 878 1954 1630 1866 552 1048 1067 2320 936 563 2200 1943 1609 1137 1427 2177 1564 930 2370 1489 737 1526 2242 1502 1472 1456 1392 929 2163 1201 1439 2286 1763 1458 1538 1495 947 2196 1230 1212 1349 1865 2164 1155 1180 713 1894 1709 1310 2551 867 1289 1622 2211 1506 1339 1678 1696 523 1196 2166 1456 1230 2317 992 2421 2005 1962 1243 2120 1365 555 1243 1918 1767 1553 1396 1616 1088 409 1714 1875 1465 1445 754
1325 1139 1919 2300 2108 809 795 2021 1142 1360 811 1895 1367 1194 1206 2547 1226 1628 1810 1817 1773 1366 1369 1545 1084 360 988 789 1020 1289 1498 1517 1479 1604 1715 1447 1300 1010 1831 1359 1988 1381 1943 490 1698 1653 2113 2368 1961 2033 1443 2012 1743 1473 1790 1634 1244 2210 1433 1211 1365 1802 2544 944 1100 1166 1747 1586 1188 1341 1378 1491 1557 754 2390 1555 1494 970 1267 1950 1441 1597 1377 1400 1391 962 1087 1401 1565 2557 2082 2202 2473 1856 1377 2012 1362 1416 1310 1432 604 1483 1377 2150 951 1565 1825 2295 1488 1605 1688 1494 1784 1633 861 1829 1372 1689 2126 1378 2220 2132 1711 2176 1191 1810 2176 1401 1477 1930 792 1580 1162 1500 2237 1733 1471 1967 1315 1417 1649 1913 1760 1808 1504 2310 2155 1453 1870 1940 1923 1182 1436 1160 675 1571 2213 2078 1576 1307 1544 1544 1569 2024 1782 882 1240 1886 1499 1418 1826 1132 1161 1324 1746 1557 2192 669 1991 1558 1507 1419 1928 1005 1748 1338 2510 2048 1504 1375 1345 1400 1487 1425 2088 1101 812 1607 1837 1008 2010 1528 1543 2195 1485 2165 1380 952 1862 1362 1372 719 1906 1584 1743 1378 540 1862 1517 1799 1884 1689 939 1588 626 1464 1165 1799 916 1330 766 2136 1394 1234 2086 1999 1069 1717 1235 2000 1503 1438 2030 1834 1411 1513 1841 1219 1385 1858 1769 924 1740 1413 1440 1781 1891 998 1346 1204 505 2190 1628 1245 1243 2127 2046 431 1562 802 1586 1559 1164 2251 581 1191 1088 2165 1409 1361 1812 1228 948 478 1768 1330 989 2180 1624 2254 2092 1798 1335 2193 1370 936 862 1482 1516 2027 1389 1053 1564 1129 1051 1602 1391 721 913
874 938 1508 1804 1484 616 975 1473 1205 859 687 1268 925 947 632 1978 1367 1045 1377 1368 1448 904 1407 1342 904 988 360 784 598 798 1253 1053 934 1228 1160 1116 930 692 1702 909 1602 951 1572 1039 1229 1326 1573 1863 1390 1420 960 1963 1122 1401 1300 1064 1303 1624 1419 856 930 1497 1966 1002 670 790 1134 961 560 835 944 1004 947 594 2041 1077 1060 1075 943 1537 1003 1147 931 920 1054 1029 531 1131 1036 2118 1548 1630 1911 1299 1414 1553 818 1276 888 1431 815 1141 887 1533 802 1476 1298 1713 1005 1155 1496 1074 1248 1165 735 1212 960 1150 1658 1069 1983 1611 1107 1755 915 1242 1665 945 1052 1662 556 1145 548 986 1635 1160 887 1503 1172 957 1073 1592 1138 1191 978 1682 1527 965 1288 1734 1406 999 911 906 697 1075 1587 1866 1552 1047 1323 1405 1236 1396 1852 993 904 1768 1117 927 1351 781 1161 893 1126 939 1764 918 1369 1170 973 963 1305 871 1183 723 1939 1425 923 947 883 909 1044 838 1501 1063 1030 1258 1246 831 1567 1217 1037 1949 1099 1721 931 1244 1478 909 921 832 1470 964 1142 1020 1169 1340 926 1388 1725 1251 543 965 737 1460 1148 1344 914 702 668 1782 812 889 1673 1468 1172 1159 884 1639 1035 874 1828 1205 1000 1009 1711 968 934 1231 1141 434 1639 792 923 1785 1320 997 993 964 942 1701 1004 691 805 1514 1635 1040 938 656 1354 1168 766 2006 897 745 1179 1702 967 824 1236 1209 767 1096 1635 913 716 1786 1119 1886 1547 1422 753 1657 846 947 794 1405 1223 1408 874 1192 967 947 1367 1332 929 1284 524
