140 307 907 372 546 258 664 455 409 413 446 716 1051 1395 898 673 463 448 378 1071 887 890 1319 584 1336 252 1203 1327 552 511 507 811 830 414 535 1101 978 587 368 658 659 639 773 291 1217 718 254 779 433 1113 1230 990 418 915 888 550 789 362 907 559 875 1042 200 352 1292 490 547 801 899 406 1000 227 1016 733 1386 1322 1234 777 410 1046 1022 1091 795 677 493 1382 1260 1353 750 334 724 1250 832 1114 1316 1221 211 695 1292 778 498 215 1224 1094 286 913 322 803 1365 271 703 742 894 1261 1220 1165 987 712 314 671 936 611 1370 218 928 873 1318 1165 950 632 1052 964 923 1295 1290 784 1399 517 894 272 1218 812 670 1256 1108 1062 986 1080 1215 604 325 348 845 1136 671 223 718 733 468 830 899 817 1294 941 555 318 1324 1288 567 1254 581 774 328 721 1024 421 941 935 409 1357 622 812 543 734 894 1184 958 223 437 260 520 1050 377 651 1357 1250 820 1284 851 329 779 592 1248 654 766 678 589 1217 1110 1329 429 594 729 1153 570 302 861 722 718 281 589 303 1300 715 1042 792 1027 420 373 852 357 1137 1306 724 394 1094 794 894 493 1103 1083 659 511 1035 1127 249 780 677 640 1168 1304 669 1144 616 855 757 764 1044 1004 315 1304 1053 1097 674 510 511 606 867 850 824 821 894 1334 217 1084 575 1022 1296 520 748 686 271 497 275 216 577 498 336 1242 750 958 1339 667 670 751 748 247 733 520 451 771 936 731 891 697 1207 709
407 360 1151 584 651 409 721 641 505 534 507 916 1180 1646 1089 780 573 650 618 1145 1122 974 1570 842 1396 437 1258 1380 611 763 771 1036 1095 650 748 1348 1243 640 609 858 734 856 1039 406 1470 943 460 871 651 1299 1289 1235 651 1180 1086 811 849 422 1146 679 1097 1309 468 443 1351 703 618 1051 1056 655 1084 467 1120 982 1460 1576 1310 972 677 1189 1086 1292 864 741 760 1618 1522 1474 858 599 778 1468 1046 1267 1583 1483 460 960 1465 964 679 459 1487 1285 496 1178 578 872 1436 421 888 1009 1147 1509 1273 1428 1079 874 472 822 1028 748 1536 481 1081 1104 1469 1218 1008 806 1291 1210 1078 1549 1391 1049 1495 607 980 451 1330 865 728 1523 1270 1300 1039 1319 1341 696 575 585 898 1208 757 480 918 806 734 990 952 1073 1519 1208 712 572 1553 1425 818 1412 841 971 583 785 1152 615 1145 1003 472 1609 708 1001 790 850 1148 1376 1012 490 697 527 734 1187 573 890 1413 1516 1038 1474 946 407 838 644 1305 920 855 743 841 1329 1244 1558 685 740 921 1406 827 374 1015 808 773 504 653 504 1367 867 1295 950 1084 526 460 1067 620 1377 1400 812 658 1147 943 1161 759 1337 1287 822 599 1239 1384 469 1039 858 791 1274 1537 779 1198 692 921 815 996 1124 1218 502 1546 1287 1171 903 627 731 869 1001 1046 1005 1040 1072 1454 482 1275 840 1077 1477 612 1009 941 406 762 455 466 629 741 586 1328 1014 1119 1596 766 778 835 980 487 958 652 712 1027 998 993 961 799 1294 888
1007 1151 360 1160 1133 1107 1500 1250 1277 1077 1297 739 1248 864 1573 1535 1328 887 1100 1935 1349 1758 1518 1036 2174 1119 2013 2063 1399 1064 810 1360 960 860 1239 560 1009 1385 902 1356 1301 703 907 1155 700 610 1116 1645 869 1771 1870 446 860 717 743 757 1478 1213 1333 1085 564 846 1066 1125 2123 1217 1245 1183 1000 860 1867 1052 1370 1162 1875 1474 2100 759 912 1155 1641 793 1426 1531 891 839 1293 2180 1609 1003 1542 796 631 1138 1084 817 1079 709 1125 1490 1288 1083 856 871 1014 1015 1052 1426 2226 1138 826 756 1198 1508 1967 797 1853 1496 1177 981 1803 1446 1233 1066 1706 493 2080 1944 1781 886 511 1317 1025 1459 2147 686 1723 1168 1395 1137 1466 1619 1509 1157 1847 522 1738 1455 1374 1198 942 1103 1620 1999 1539 1072 741 1597 851 1603 1699 534 793 870 1371 949 1728 1362 704 1196 722 749 940 1400 1848 1216 1556 1793 1193 837 1489 793 724 1155 487 1810 1763 1050 843 1026 1228 1199 1188 1187 2171 946 1403 1911 1716 1189 1618 1399 1911 893 1633 1533 1080 2061 1920 1726 843 998 1435 1377 1034 1154 1002 1590 1543 1114 1443 1144 2156 1518 554 1575 1855 1106 1239 612 1010 1487 2170 1591 895 1871 1595 785 916 578 1672 1447 1378 1627 664 1043 599 849 1453 2022 1681 1154 1860 1481 1711 1473 1289 1542 1555 1162 756 534 1631 628 1370 1204 976 1689 1514 1542 598 1612 1507 1050 869 950 1725 1956 1388 623 1080 1104 961 1056 1080 1382 770 931 1660 965 1001 1451 1531 1164 1313 1284 1090 1305 1368 837 564 1582 1007 1489 1561 1626 855
472 584 1160 360 868 561 856 453 565 739 655 1029 1383 1621 886 748 572 769 430 1188 899 991 1358 656 1492 514 1388 1552 744 571 715 811 935 709 526 1342 1083 826 665 646 958 941 892 539 1442 1007 492 870 745 1101 1494 1237 716 1089 1200 768 1060 601 924 887 1164 1194 532 661 1456 480 842 841 1230 683 1096 559 1340 771 1682 1370 1343 1092 609 1378 1301 1397 1084 842 656 1640 1336 1384 816 517 929 1538 1131 1445 1451 1408 524 884 1616 767 496 522 1401 1409 617 1010 468 1094 1487 524 1026 909 941 1293 1443 1347 1070 715 480 1003 1021 646 1697 516 932 1150 1322 1373 1127 960 1310 993 1254 1341 1348 968 1718 830 1204 494 1545 1018 859 1364 1104 1321 1217 1096 1546 919 617 417 1072 1258 783 510 1031 869 673 831 1105 1039 1571 1078 571 607 1328 1620 818 1583 803 1089 610 1002 1051 417 930 1076 695 1577 739 1131 806 1062 1121 1172 1157 527 679 523 510 1383 394 671 1535 1408 815 1272 931 565 957 822 1504 781 862 841 642 1261 1130 1333 684 926 717 1196 643 571 1192 830 917 451 764 440 1433 726 1266 796 1203 741 563 1148 511 1155 1378 827 627 1306 806 1050 641 1369 1072 662 643 1024 1337 581 989 1002 656 1222 1312 994 1383 756 1003 1021 772 1349 997 443 1553 1320 1393 959 593 507 703 892 838 814 1115 885 1665 538 1400 686 1273 1285 643 956 745 581 617 606 516 811 774 625 1553 850 1287 1394 753 994 1060 755 485 733 575 683 992 1212 817 1183 777 1519 1035
646 651 1133 868 360 667 808 932 769 493 701 791 894 1635 1380 1016 837 632 884 1273 1394 1147 1813 1076 1438 713 1257 1290 753 1011 906 1317 1283 717 1034 1331 1423 669 708 1149 529 790 1218 697 1473 885 736 1073 669 1590 1120 1219 709 1283 929 921 705 670 1412 417 1008 1429 706 568 1380 989 492 1300 811 755 1249 683 831 1234 1218 1809 1436 820 855 918 894 1129 664 870 940 1549 1724 1708 1090 822 819 1343 937 1005 1711 1545 709 1072 1232 1255 971 711 1564 1096 643 1369 826 667 1533 706 723 1140 1388 1759 1193 1501 1264 1159 763 589 1217 1020 1288 724 1358 1042 1739 1175 1050 635 1246 1466 826 1783 1588 1154 1213 421 714 735 1039 878 820 1689 1551 1252 967 1585 1053 431 718 854 858 1322 957 729 791 960 885 1272 947 1120 1415 1355 998 724 1831 1143 877 1155 937 824 733 627 1402 905 1436 1110 565 1611 914 830 840 560 1177 1668 1011 721 821 749 1019 908 862 1157 1414 1617 1323 1765 1150 688 914 691 1152 1104 1052 873 1088 1550 1499 1835 798 520 1212 1646 1062 665 768 1000 828 779 802 788 1449 1146 1313 1231 1118 487 729 963 849 1641 1578 1009 814 1102 1218 1288 952 1271 1577 1108 830 1530 1416 663 1111 690 1072 1484 1811 487 1088 875 1030 701 1271 869 1505 790 1500 1224 934 865 891 1014 1082 1261 1337 1295 947 1361 1164 708 1086 1046 953 1766 847 1088 1179 647 974 631 718 676 790 722 1059 1213 877 1821 992 486 579 1255 749 1238 927 842 1083 821 1206 745 1027 1023 707
358 409 1107 561 667 360 770 631 535 539 555 889 1186 1600 1080 808 597 620 583 1188 1092 1013 1532 800 1444 406 1308 1429 659 724 722 1011 1048 608 727 1303 1196 689 564 844 768 822 991 412 1423 906 429 906 615 1293 1333 1191 609 1130 1060 762 892 469 1113 687 1061 1259 419 462 1400 682 653 1013 1048 609 1123 417 1138 944 1495 1536 1353 947 628 1188 1127 1265 901 788 711 1577 1477 1498 886 552 828 1434 1013 1261 1533 1434 413 910 1451 957 672 413 1438 1262 457 1131 535 909 1480 406 867 959 1108 1472 1322 1379 1115 878 467 816 1064 762 1525 434 1089 1065 1479 1268 1057 789 1249 1174 1071 1509 1423 999 1518 631 1007 430 1344 915 777 1475 1275 1259 1088 1286 1349 719 528 551 947 1252 795 434 891 849 684 995 1002 1025 1483 1159 716 524 1526 1427 771 1404 792 945 534 825 1172 601 1130 1048 512 1563 745 979 744 861 1101 1367 1062 441 648 478 712 1189 557 857 1463 1466 1016 1466 980 442 887 694 1350 872 891 789 802 1356 1261 1531 637 736 911 1367 785 407 1009 846 822 472 700 481 1413 875 1249 956 1133 539 493 1034 574 1344 1435 848 608 1197 953 1111 711 1297 1272 825 634 1224 1336 424 991 838 799 1304 1508 793 1245 734 967 859 967 1155 1198 486 1503 1247 1205 864 649 707 823 1018 1034 1000 1005 1069 1465 432 1253 793 1124 1474 646 960 900 380 715 421 420 679 697 539 1356 968 1109 1554 798 793 863 951 447 932 667 663 980 1040 948 998 830 1321 870
764 721 1500 856 808 770 360 842 651 794 577 1214 1285 2000 1185 679 659 976 920 825 1349 711 1833 1153 1036 779 900 1059 474 1067 1131 1239 1427 1004 968 1699 1576 500 966 1021 730 1181 1378 735 1826 1275 794 670 991 1361 1049 1586 1002 1539 1368 1172 688 661 1383 865 1419 1663 825 735 990 933 678 1327 1255 1014 806 828 1148 1258 1311 1853 989 1256 1033 1338 907 1573 767 437 1111 1955 1832 1301 728 945 437 1775 1357 1435 1933 1844 815 1320 1675 1067 853 812 1848 1544 851 1505 910 780 1095 757 1160 1365 1430 1761 950 1789 830 927 753 1038 787 772 1723 834 1061 1437 1396 876 646 1070 1633 1465 1267 1824 1153 1409 1451 748 951 774 1365 523 372 1858 1256 1642 734 1546 1425 789 936 891 594 876 579 831 1215 529 1093 1008 609 1433 1839 1557 812 933 1737 1535 1176 1585 1202 1258 944 683 1033 844 1276 664 668 1966 566 1272 1146 966 1507 1450 661 847 1058 881 958 1316 825 1149 1053 1873 1220 1532 739 695 478 477 1045 1262 647 441 1138 1134 1133 1745 1046 964 1047 1677 1139 722 1211 600 421 823 456 803 1018 890 1653 968 723 766 664 1381 960 1607 1134 614 1018 810 934 1516 1105 1673 1404 895 588 1364 1744 829 1401 1127 839 1060 1735 898 905 513 583 637 1225 1042 1375 788 1891 1623 1044 1240 675 971 1195 928 1165 1086 1359 1132 1507 841 1534 1173 816 1507 597 1370 1241 766 1097 809 818 492 1096 947 1253 1343 1321 1882 645 890 834 1207 826 1173 724 1073 1388 820 1313 850 671 1226 1149
555 641 1250 453 932 631 842 360 567 809 667 1121 1457 1704 809 677 543 858 510 1126 873 925 1351 697 1445 585 1357 1541 738 614 802 773 980 803 487 1429 1124 839 758 578 1002 1034 944 595 1524 1101 566 802 837 1022 1508 1326 809 1159 1293 855 1084 637 904 957 1258 1255 615 723 1414 451 887 845 1314 777 1027 642 1402 777 1717 1370 1277 1184 698 1458 1327 1491 1120 813 735 1730 1357 1291 739 609 918 1631 1225 1528 1503 1480 605 962 1706 686 403 602 1469 1501 701 1048 561 1130 1425 587 1116 980 949 1281 1432 1418 995 622 528 1084 947 560 1785 602 839 1244 1229 1354 1097 1047 1401 983 1338 1341 1263 1044 1773 887 1254 560 1611 1006 842 1403 1014 1412 1213 1073 1619 976 710 508 1070 1198 730 595 1123 824 760 738 1090 1124 1664 1135 480 700 1288 1698 910 1669 890 1181 703 1034 959 396 865 1028 742 1659 692 1222 899 1130 1207 1096 1138 615 772 615 476 1460 437 666 1499 1470 766 1195 857 608 931 830 1513 841 798 812 671 1172 1036 1294 778 1005 640 1194 685 627 1275 772 903 534 746 512 1377 633 1350 703 1170 806 586 1241 600 1133 1297 766 719 1291 712 1115 716 1460 1006 568 615 959 1417 664 1071 1091 563 1136 1277 1060 1383 720 960 1041 747 1392 942 504 1641 1412 1430 1053 541 489 754 800 765 730 1209 800 1734 624 1492 745 1281 1203 609 1038 770 650 685 684 598 822 868 718 1601 895 1373 1400 688 1059 1109 730 568 699 508 774 1077 1236 855 1218 707 1567 1123
509 505 1277 565 769 535 651 567 360 671 460 1061 1304 1763 987 634 429 793 628 1023 1081 841 1554 861 1302 517 1187 1347 539 775 865 980 1136 780 694 1470 1285 631 736 777 808 997 1089 483 1585 1081 523 731 790 1190 1301 1360 783 1265 1231 912 877 460 1111 808 1237 1382 570 578 1263 653 696 1041 1196 776 950 585 1224 971 1512 1570 1185 1117 760 1322 1119 1437 917 644 830 1750 1541 1329 713 666 724 1610 1188 1404 1646 1578 557 1049 1608 861 592 554 1577 1431 632 1213 625 928 1319 499 1033 1087 1143 1486 1238 1520 940 751 468 961 889 611 1677 572 948 1239 1331 1168 928 951 1421 1187 1217 1541 1248 1138 1584 715 1062 501 1439 813 654 1566 1141 1431 1013 1280 1463 799 694 601 869 1089 622 566 1063 688 823 862 900 1183 1658 1271 593 688 1494 1552 936 1550 945 1116 697 829 1007 559 1058 893 564 1724 572 1147 912 969 1262 1272 953 587 803 615 682 1317 535 866 1336 1594 971 1365 805 458 756 623 1307 974 717 644 847 1183 1100 1500 797 880 825 1395 847 496 1155 673 712 540 561 516 1257 736 1409 821 1004 657 405 1209 676 1340 1260 675 756 1101 808 1235 821 1470 1196 703 461 1151 1491 597 1142 1003 663 1129 1484 895 1181 570 815 833 954 1194 1143 499 1673 1421 1226 1039 484 690 904 858 951 896 1181 958 1569 586 1421 883 1075 1361 471 1110 950 545 809 595 557 615 867 705 1405 1052 1260 1597 622 893 919 937 553 907 517 814 1136 1028 1021 1015 655 1372 1033
513 534 1077 739 493 539 794 809 671 360 629 782 1007 1582 1258 938 740 550 751 1253 1260 1104 1681 944 1459 586 1295 1366 710 877 790 1185 1159 611 905 1278 1302 668 591 1023 632 748 1096 576 1412 843 607 1014 576 1471 1225 1164 605 1183 942 812 791 571 1278 508 985 1325 573 453 1407 860 539 1167 885 641 1211 550 962 1100 1347 1679 1419 828 728 1015 1005 1149 773 840 815 1522 1599 1635 1015 689 827 1343 923 1093 1606 1461 577 966 1298 1135 850 579 1475 1132 511 1245 692 778 1530 582 736 1029 1255 1626 1264 1414 1216 1049 642 650 1166 920 1365 591 1255 1005 1641 1231 1066 649 1204 1332 905 1652 1536 1051 1346 478 846 609 1166 901 804 1572 1445 1213 1031 1451 1170 556 592 721 904 1309 897 596 783 922 764 1164 981 1037 1405 1242 886 596 1698 1251 784 1239 833 829 606 715 1318 780 1309 1097 491 1552 849 851 748 682 1102 1546 1045 588 704 616 890 1013 736 1023 1454 1520 1193 1644 1091 578 910 685 1251 979 995 843 954 1484 1412 1702 683 568 1089 1514 929 547 843 944 830 648 759 660 1452 1041 1245 1124 1139 388 627 947 716 1508 1535 951 689 1157 1116 1180 824 1240 1451 996 750 1403 1343 529 1019 704 965 1424 1677 615 1170 820 1015 773 1138 999 1376 665 1462 1191 1060 812 795 883 952 1170 1213 1177 924 1245 1286 575 1121 917 1039 1650 766 993 1046 519 843 498 586 668 696 598 1193 1086 948 1691 919 616 707 1122 618 1106 825 725 996 925 1076 862 953 1157 731
546 507 1297 655 701 555 577 667 460 629 360 1045 1232 1793 1082 674 511 787 712 1000 1180 837 1651 946 1250 561 1118 1260 465 862 914 1081 1215 797 793 1495 1364 532 756 876 715 994 1164 517 1617 1084 577 744 793 1281 1202 1382 797 1321 1210 956 777 445 1210 748 1236 1446 607 546 1205 752 609 1136 1145 803 946 612 1139 1066 1412 1665 1166 1095 815 1260 1019 1417 818 594 893 1762 1629 1370 750 727 642 1603 1180 1346 1716 1628 597 1102 1563 956 693 595 1630 1401 643 1294 694 829 1289 539 1005 1147 1237 1584 1151 1572 947 839 542 913 897 688 1626 616 1023 1246 1399 1087 864 918 1436 1284 1163 1636 1266 1191 1491 642 969 557 1355 731 584 1645 1220 1445 922 1380 1387 719 723 682 778 1062 627 613 1046 662 875 944 819 1220 1658 1340 687 719 1594 1482 965 1495 987 1095 729 730 1060 658 1156 855 501 1757 580 1120 937 896 1296 1364 876 629 842 663 781 1249 629 963 1271 1655 1071 1456 821 477 692 526 1210 1046 726 595 936 1216 1157 1600 832 832 922 1490 932 507 1103 675 633 609 506 592 1219 817 1443 903 940 608 452 1203 743 1439 1268 681 801 1018 884 1298 888 1481 1293 793 488 1248 1531 617 1185 973 747 1154 1585 822 1088 552 773 733 1054 1097 1242 579 1692 1431 1127 1046 559 788 983 920 1048 988 1177 1048 1489 623 1391 959 978 1448 505 1155 1039 554 882 601 600 516 888 733 1309 1132 1210 1690 653 818 828 1036 609 1007 603 857 1175 928 1104 916 687 1277 1000
816 916 739 1029 791 889 1214 1121 1061 782 1045 360 900 1221 1536 1336 1126 629 995 1675 1415 1523 1718 1059 1867 921 1688 1706 1132 1040 794 1382 1134 681 1165 923 1239 1082 723 1295 949 468 1066 941 1072 502 930 1426 644 1750 1497 818 673 1004 532 764 1125 972 1415 736 579 1154 875 859 1810 1128 918 1271 658 716 1631 851 996 1223 1497 1692 1841 426 838 829 1269 736 1063 1263 880 1118 1549 2027 1414 889 1240 921 506 851 1424 1190 887 855 960 1427 1164 891 1223 740 794 1213 928 1061 1950 932 446 931 1325 1686 1614 1162 1632 1383 988 604 1581 1287 1051 884 1600 623 1990 1604 1476 519 825 1434 688 1671 1947 902 1365 839 1017 946 1117 1305 1225 1456 1773 831 1394 1571 1046 846 771 981 1289 1731 1310 891 363 1343 810 1500 1377 798 986 1126 1230 781 1843 1068 674 960 751 421 779 1050 1699 1085 1554 1519 913 1204 1261 473 651 777 823 1810 1442 869 754 865 1151 863 1045 1197 1845 1301 1410 1912 1502 963 1329 1101 1540 987 1409 1265 1093 1885 1786 1845 735 637 1373 1558 1050 925 646 1360 1245 950 1181 977 1870 1389 933 1464 1546 808 1017 532 910 1617 1953 1365 795 1532 1469 1042 905 843 1689 1330 1155 1640 1042 832 823 472 1315 1831 1808 784 1502 1238 1436 1129 1317 1162 1588 991 1074 798 1252 522 1179 1132 1025 1543 1481 1477 519 1549 1182 862 731 987 1366 1938 1169 818 1144 877 950 827 892 1085 646 763 1286 1096 687 1684 1323 794 944 1306 917 1309 1194 766 781 1215 1116 1117 1356 1251 476
1151 1180 1248 1383 894 1186 1285 1457 1304 1007 1232 900 360 1659 1906 1542 1372 1016 1382 1720 1873 1637 2234 1527 1782 1232 1570 1467 1264 1481 1287 1814 1658 1114 1547 1395 1773 1152 1135 1669 915 994 1589 1224 1545 1041 1252 1583 1056 2119 1183 1310 1103 1544 871 1273 1014 1204 1884 860 1047 1694 1211 1097 1715 1502 990 1752 608 1159 1728 1185 565 1693 1045 2215 1871 857 1289 478 998 958 919 1359 1357 1476 2084 2222 1613 1296 1264 1194 976 570 1959 1704 1218 1387 835 1783 1497 1221 1744 870 1130 1741 1316 908 1932 1230 827 1464 1823 2194 1407 1685 1756 1693 1289 753 1713 1555 839 1228 1892 1115 2271 1447 1447 832 1281 1920 582 2192 2078 1441 836 950 746 1256 578 1284 1297 1996 2086 1281 1251 2051 524 874 1170 1356 1218 1753 1472 1234 897 1452 1288 1806 1317 1337 1296 1665 1531 1179 2313 611 1191 697 1270 867 1184 977 1927 1427 1953 1556 1100 1659 1434 816 1159 695 1352 2193 1370 1219 1220 1237 1531 424 1382 1639 1709 1830 1829 2292 1657 1221 1363 1176 1242 1495 1561 1363 1550 2057 2026 2316 1196 820 1737 2070 1514 1194 613 1509 1280 1291 1309 1306 1839 1680 1439 1765 1494 1013 1263 996 1322 2103 2052 1520 1241 1388 1752 1582 1377 1261 2095 1641 1360 2046 1547 1162 1364 825 1606 1985 2286 769 1279 1388 1486 1052 1759 800 2012 1312 1479 1233 894 1062 1425 1521 1510 1792 1860 1825 1010 1893 652 1207 863 1471 1165 2298 1377 1358 1624 1166 1414 1136 1226 1166 1132 1168 815 1608 615 2212 1516 774 815 1744 1258 1736 1462 1238 1321 1001 1619 895 1549 787 799
1495 1646 864 1621 1635 1600 2000 1704 1763 1582 1793 1221 1659 360 1948 2007 1808 1391 1555 2426 1656 2241 1637 1426 2676 1606 2518 2564 1896 1480 1267 1706 1230 1357 1665 664 1188 1888 1396 1764 1801 1205 1212 1646 539 1109 1600 2124 1371 2120 2358 777 1358 946 1160 1215 1979 1708 1626 1585 1007 949 1554 1626 2626 1653 1750 1493 1426 1351 2350 1543 1816 1500 2327 1570 2589 1221 1374 1549 2131 1077 1923 2028 1328 620 1353 2614 2078 1471 2045 885 1085 1498 987 688 1566 1104 1371 1889 1736 1570 745 1173 1510 1239 1519 1922 2720 1626 1306 1104 1464 1660 2468 746 2329 1927 1658 1466 2279 1905 1472 1551 2123 958 2470 2448 2283 1378 756 1576 1446 1568 2607 1030 2130 1672 1874 1622 1868 2123 2009 1158 2235 752 2242 1695 1751 1698 1432 1564 2124 2492 2024 1556 1223 2089 1309 2022 2203 943 787 1063 1824 1437 1939 1701 1188 1497 1181 1213 1427 1902 2287 1673 1903 2289 1695 419 1975 1242 1215 1637 861 2139 2267 1535 1320 1508 1657 1600 1653 1564 2676 848 1756 2232 2191 1681 2119 1902 2402 1261 2114 2029 1469 2511 2347 1934 1326 1494 1838 1544 1429 1647 1442 2074 2045 1591 1940 1620 2653 1957 715 2001 2358 1611 1728 1060 1471 1707 2640 2074 1369 2375 2029 1019 1349 758 1994 1883 1864 1956 656 1537 992 1333 1900 2480 1883 1646 2360 1972 2207 1976 1637 2011 1871 1638 550 793 2105 1132 1845 1632 1358 2131 1890 1940 1063 2003 1872 1537 1177 1347 2224 2293 1872 1026 1430 1599 1386 1553 1566 1885 1265 1421 2103 1280 1404 1524 2008 1656 1806 1639 1571 1670 1836 1310 989 2077 1332 1979 2035 2070 1333
998 1089 1573 886 1380 1080 1185 809 987 1258 1082 1536 1906 1948 360 881 931 1290 903 1245 706 1060 1149 898 1606 1034 1592 1838 1113 874 1141 612 1089 1216 731 1719 1185 1236 1177 603 1435 1438 1097 1043 1776 1486 1014 966 1261 575 1874 1633 1225 1362 1703 1190 1486 1076 751 1407 1635 1397 1058 1172 1598 772 1323 833 1756 1180 1115 1085 1847 810 2125 1200 1343 1602 1064 1905 1723 1889 1538 1125 1052 2034 1286 1077 872 1007 1260 1994 1618 1971 1569 1664 1050 1232 2133 485 769 1047 1632 1913 1143 1112 972 1550 1503 1036 1545 1210 903 1065 1734 1596 1052 618 977 1530 1027 773 2218 1043 610 1604 882 1635 1356 1484 1722 843 1781 1171 1169 1287 2211 1333 1690 1009 2059 1332 1180 1412 648 1734 1548 838 2069 1420 1131 923 1417 1314 984 1037 1539 1081 1108 570 1402 1414 2007 1268 755 1121 938 2146 1270 2108 1221 1597 1120 1449 812 839 470 1228 1184 1894 981 1645 1273 1579 1494 647 1430 1054 1150 1044 747 1908 883 749 1703 1593 559 746 965 1052 1228 1221 1867 1054 980 1122 854 1038 821 948 1165 1453 529 1040 899 1075 1719 994 1240 977 1097 960 1491 659 1616 597 1414 1255 1019 1630 986 889 1242 981 1103 1586 644 1292 1025 1792 579 653 978 541 1652 1108 1350 1523 706 1051 952 1508 1717 1032 1195 1438 674 1819 582 954 1932 1747 1844 1437 889 764 962 727 419 459 1595 446 2184 1065 1905 984 1641 761 963 1319 877 1100 977 1131 1043 1219 1258 1137 2031 1029 1812 1251 914 1507 1546 670 1011 637 841 1143 1374 1633 976 1635 901 1999 1557
773 780 1535 748 1016 808 679 677 634 938 674 1336 1542 2007 881 360 571 1068 817 812 1103 608 1595 1011 1146 783 1089 1319 644 930 1100 986 1293 1048 769 1723 1433 769 1002 767 1003 1270 1260 756 1828 1352 781 485 1063 1044 1359 1615 1051 1475 1506 1152 1003 728 1143 1062 1508 1573 834 847 1123 755 912 1126 1459 1037 710 854 1433 1063 1631 1627 960 1392 992 1574 1226 1712 1073 610 1045 2012 1645 1057 438 896 748 1883 1462 1661 1817 1795 822 1272 1876 773 658 818 1785 1704 905 1356 848 1086 1109 768 1307 1295 1228 1517 1214 1733 682 625 720 1226 632 498 1940 832 742 1507 1094 1118 841 1223 1682 1234 1478 1597 976 1356 1761 956 1248 761 1651 814 671 1709 938 1692 1028 1292 1694 1027 957 804 902 885 464 825 1338 561 1057 691 881 1424 1928 1451 577 949 1451 1793 1190 1810 1186 1391 957 985 746 702 980 734 815 1964 476 1421 1171 1207 1506 1134 910 848 1052 868 767 1562 715 950 1217 1787 955 1213 543 733 707 748 1348 1158 485 606 981 909 844 1459 1051 1144 766 1452 1000 770 1417 477 727 780 608 750 1065 582 1652 652 905 919 679 1483 896 1351 995 466 1001 1066 615 1432 1028 1735 1099 610 547 1062 1725 869 1376 1276 554 855 1456 1133 1197 529 684 952 991 1353 1086 732 1931 1686 1362 1308 524 789 1070 615 870 782 1453 819 1789 850 1694 1062 1126 1188 531 1343 1073 819 1000 869 819 752 1130 968 1566 1208 1524 1665 393 1128 1116 975 805 934 532 1060 1378 1139 1166 1162 390 1538 1305
563 573 1328 572 837 597 659 543 429 740 511 1126 1372 1808 931 571 360 857 642 983 1052 793 1534 865 1279 571 1178 1358 557 780 904 946 1147 837 669 1519 1293 670 792 734 866 1059 1104 545 1629 1140 571 677 851 1130 1332 1409 840 1295 1297 953 920 530 1085 877 1297 1405 623 647 1244 634 758 1028 1266 828 901 642 1287 959 1558 1554 1142 1183 796 1391 1161 1503 967 633 859 1804 1538 1262 649 700 735 1671 1251 1473 1664 1612 611 1084 1677 806 556 607 1607 1497 694 1219 654 979 1281 556 1101 1115 1132 1463 1249 1552 885 688 511 1031 834 543 1746 622 880 1297 1262 1172 918 1019 1474 1166 1286 1525 1187 1171 1642 782 1120 551 1503 822 659 1574 1074 1484 1031 1251 1529 863 747 619 888 1052 577 616 1128 657 861 796 907 1226 1716 1290 536 740 1454 1620 984 1620 987 1182 748 878 939 547 1007 865 631 1767 530 1214 963 1036 1306 1213 955 638 848 661 659 1385 538 850 1324 1619 932 1305 748 526 750 657 1334 992 666 632 846 1118 1031 1461 845 949 774 1378 852 562 1224 626 720 576 563 548 1224 670 1453 755 993 726 473 1271 705 1311 1203 625 799 1107 740 1260 847 1526 1144 642 433 1100 1531 657 1182 1071 598 1067 1448 962 1201 544 791 874 927 1247 1097 530 1725 1476 1275 1097 415 672 915 789 899 837 1242 897 1635 640 1488 898 1102 1298 431 1149 947 609 828 658 609 652 921 758 1459 1061 1329 1583 564 959 978 910 597 877 452 858 1179 1070 1026 1064 594 1427 1101
548 650 887 769 632 620 976 858 793 550 787 629 1016 1391 1290 1068 857 360 746 1426 1218 1263 1590 870 1648 652 1486 1552 882 827 649 1164 1032 460 918 1087 1166 857 479 1047 799 567 965 672 1222 658 661 1162 402 1505 1392 974 450 1010 801 654 970 709 1227 602 808 1157 607 604 1596 877 724 1096 830 505 1372 582 1031 1037 1474 1577 1592 689 632 989 1166 1005 936 1015 705 1339 1473 1757 1146 648 1015 1178 755 1046 1440 1276 619 802 1207 1174 902 623 1293 1006 525 1119 678 939 1710 663 617 872 1171 1544 1451 1231 1369 1119 719 623 1318 1017 1289 617 1335 821 1726 1421 1254 556 1017 1264 856 1553 1681 882 1422 651 966 677 1208 1091 986 1423 1513 1025 1219 1394 1180 703 520 726 1095 1485 1048 625 631 1089 639 1236 1172 851 1231 1087 963 530 1657 1236 605 1178 667 687 532 892 1430 823 1319 1276 668 1361 998 724 567 748 913 1571 1236 604 570 606 903 1003 781 985 1644 1344 1185 1672 1237 696 1094 872 1424 857 1146 1017 894 1616 1517 1660 546 568 1123 1423 857 658 796 1098 1017 685 929 710 1635 1123 1054 1199 1328 579 750 777 672 1447 1690 1102 584 1347 1202 1018 723 1056 1459 1065 889 1410 1154 563 839 593 1048 1563 1629 707 1353 979 1193 958 1106 1123 1367 723 1274 1007 1197 623 909 888 857 1274 1237 1222 750 1294 1308 595 996 819 1219 1691 903 816 968 608 758 558 624 855 518 516 1295 970 883 1582 1056 713 845 1093 651 1088 925 590 812 1093 973 1017 1089 1259 627
478 618 1100 430 884 583 920 510 628 751 712 995 1382 1555 903 817 642 746 360 1259 869 1061 1312 593 1562 541 1455 1612 807 510 652 794 868 674 531 1278 1016 879 634 660 991 901 822 577 1375 961 517 940 718 1118 1543 1175 682 1018 1165 705 1105 648 890 896 1116 1124 537 685 1526 492 875 793 1215 641 1166 562 1354 723 1718 1320 1414 1061 548 1369 1344 1357 1122 909 587 1580 1277 1440 884 467 991 1488 1088 1431 1382 1338 535 815 1590 791 547 533 1330 1374 612 944 428 1131 1558 557 1002 838 891 1250 1503 1276 1139 761 530 995 1090 710 1675 520 977 1098 1363 1436 1195 942 1251 952 1241 1292 1413 899 1738 853 1230 528 1554 1081 923 1298 1140 1262 1275 1063 1547 941 587 392 1131 1329 854 515 998 939 610 874 1168 973 1517 1008 631 577 1306 1615 762 1565 740 1056 577 1043 1108 477 934 1146 730 1510 810 1102 754 1071 1056 1184 1222 524 626 505 516 1378 464 634 1603 1338 806 1285 1000 610 1024 877 1556 710 933 909 586 1322 1182 1311 635 923 738 1148 579 606 1179 901 980 474 830 481 1504 778 1200 842 1271 758 620 1104 452 1121 1445 897 574 1368 857 979 570 1312 1075 710 712 1026 1269 583 922 980 712 1286 1286 1007 1439 826 1073 1068 746 1379 989 493 1490 1263 1428 912 663 501 635 949 850 841 1070 913 1669 537 1366 617 1326 1305 713 888 688 602 546 613 527 865 727 593 1579 783 1270 1342 823 1008 1087 730 496 715 644 626 927 1256 752 1220 847 1544 1013
1171 1145 1935 1188 1273 1188 825 1126 1023 1253 1000 1675 1720 2426 1245 812 983 1426 1259 360 1529 564 2016 1462 721 1179 760 1054 904 1381 1526 1411 1745 1435 1221 2131 1885 963 1393 1203 1175 1633 1711 1140 2248 1724 1186 686 1434 1337 1227 2020 1436 1917 1832 1574 1071 1083 1572 1329 1874 2021 1231 1182 721 1207 1141 1572 1715 1436 490 1243 1557 1511 1564 2055 526 1719 1419 1786 1201 2037 1166 772 1482 2403 2090 974 767 1323 821 2236 1815 1886 2269 2235 1219 1707 2134 1170 1111 1216 2229 2009 1282 1808 1278 1178 659 1159 1624 1737 1673 1934 976 2174 557 1031 1129 1503 578 946 2176 1235 1017 1886 1190 860 654 1534 2076 1667 1726 2026 759 1794 1790 1213 1352 1164 1762 797 813 2160 1158 2085 912 1705 1845 1249 1354 1240 875 433 766 1230 1676 698 1484 1034 784 1846 2296 1901 1029 1349 1819 1963 1598 2035 1608 1721 1358 1103 862 1148 1355 525 1122 2387 813 1737 1572 1420 1925 1426 753 1250 1466 1278 1220 1759 1154 1399 831 2235 1371 1475 650 1106 722 942 1189 1606 688 770 1433 808 938 1829 1460 1429 1182 1883 1451 1141 1672 718 808 1198 856 1171 615 983 2072 1013 648 1226 1058 1839 1329 1761 704 721 1418 850 964 1878 1468 2121 1443 1038 922 1418 2154 1252 1804 1591 989 724 1836 1355 1028 814 602 1029 1428 1395 1467 1153 2331 2071 1360 1686 955 1242 1520 879 1256 1157 1814 1163 1908 1248 1999 1510 1035 1418 915 1771 1525 1191 1445 1240 1219 957 1525 1365 1584 1660 1781 2098 798 1347 1265 1413 1215 1370 979 1477 1799 1140 1618 1218 781 1566 1614
987 1122 1349 899 1394 1092 1349 873 1081 1260 1180 1415 1873 1656 706 1103 1052 1218 869 1529 360 1330 852 715 1882 1048 1832 2043 1250 751 981 478 786 1123 747 1461 854 1352 1098 696 1497 1307 815 1077 1494 1328 1024 1217 1179 830 2022 1393 1134 1075 1564 1018 1595 1138 405 1402 1457 1081 1047 1194 1864 788 1381 527 1680 1079 1406 1070 1861 554 2221 885 1649 1481 948 1845 1837 1724 1623 1308 895 1776 943 1424 1126 940 1426 1785 1460 1893 1227 1353 1045 1001 2009 727 856 1043 1314 1767 1115 786 928 1633 1808 1061 1448 956 563 775 1935 1286 1351 858 1018 1480 1316 967 2105 1029 948 1411 1208 1849 1578 1410 1488 500 1708 856 1508 1032 2247 1363 1740 1031 2056 1511 1347 1066 983 1500 1722 559 2037 1451 1063 901 1580 1602 1193 1025 1418 1295 964 879 1592 1177 1779 956 903 1054 800 2093 1108 2014 1040 1474 1049 1540 1150 883 624 1477 1233 1600 1170 1528 1125 1576 1248 842 1633 1032 1026 1006 759 1861 917 597 1960 1263 521 936 1239 1104 1424 1344 2026 819 1224 1306 685 1380 1167 803 1048 1416 707 713 725 1109 1650 1220 1409 980 1252 978 1784 906 1349 887 1646 1268 1094 1466 913 619 1577 1209 996 1789 934 998 870 1562 698 855 1120 660 1366 1090 1111 1435 910 1387 777 1514 1893 1211 1426 1553 486 1887 575 982 1667 1523 1932 1282 1034 754 753 1038 663 755 1430 787 2164 1045 1760 789 1794 997 1111 1086 636 1111 826 1122 1036 1336 1130 1065 2089 750 1727 928 1130 1516 1595 504 1005 535 987 1011 1145 1747 703 1722 1131 2054 1467
990 974 1758 991 1147 1013 711 925 841 1104 837 1523 1637 2241 1060 608 793 1263 1061 564 1330 360 1819 1260 912 998 897 1165 757 1179 1336 1211 1541 1261 1017 1951 1682 847 1217 1001 1081 1470 1509 963 2062 1558 1002 483 1266 1176 1276 1841 1263 1720 1686 1386 1018 914 1372 1201 1711 1821 1051 1024 899 1004 1022 1368 1598 1257 469 1066 1495 1307 1589 1856 712 1572 1229 1689 1198 1893 1106 639 1287 2231 1887 958 564 1132 741 2080 1658 1784 2066 2040 1038 1513 2019 975 907 1035 2031 1874 1110 1604 1085 1119 860 980 1480 1540 1469 1738 1071 1978 479 833 943 1374 440 742 2072 1052 851 1718 1101 960 691 1392 1902 1466 1612 1826 802 1599 1774 1086 1294 981 1709 759 699 1956 1018 1912 939 1509 1775 1137 1175 1045 852 637 578 1046 1524 547 1294 850 787 1659 2134 1700 825 1169 1638 1886 1416 1934 1420 1573 1178 1029 739 948 1168 538 972 2200 628 1595 1393 1316 1739 1267 787 1068 1281 1094 1016 1668 957 1195 1002 2035 1174 1328 455 931 650 824 1250 1406 488 635 1230 787 834 1648 1277 1296 983 1683 1249 969 1555 528 722 1010 707 981 819 784 1886 824 731 1080 880 1680 1135 1567 792 527 1232 926 776 1679 1272 1951 1267 836 739 1238 1964 1077 1614 1448 786 710 1651 1246 1088 644 545 969 1226 1366 1280 963 2155 1901 1351 1517 759 1038 1319 705 1066 968 1653 983 1853 1068 1863 1310 1056 1282 730 1581 1321 1019 1246 1069 1038 836 1348 1186 1570 1457 1664 1897 598 1239 1184 1210 1030 1168 778 1291 1612 1122 1414 1177 578 1547 1473
1419 1570 1518 1358 1813 1532 1833 1351 1554 1681 1651 1718 2234 1637 1149 1595 1534 1590 1312 2016 852 1819 360 1097 2371 1493 2324 2530 1729 1168 1307 969 945 1489 1225 1550 869 1823 1479 1188 1939 1612 1012 1529 1518 1597 1469 1708 1547 1171 2493 1526 1499 1165 1833 1321 2057 1598 813 1809 1684 1075 1479 1631 2355 1261 1826 879 2012 1444 1890 1497 2260 948 2665 437 2127 1778 1323 2183 2297 1946 2073 1797 1244 1831 650 1827 1616 1352 1910 1933 1715 2209 1043 1309 1480 1228 2267 1206 1340 1479 1251 2012 1530 870 1357 2082 2287 1509 1775 1155 785 445 2422 1255 1832 1345 1477 1848 1800 1459 2372 1461 1399 1622 1557 2339 2069 1762 1620 728 2041 429 1953 1205 2651 1794 2167 1481 2436 1996 1832 852 1371 1631 2205 672 2393 1878 1458 1345 2062 2088 1684 1458 1722 1787 1311 1350 2079 1351 1895 1009 1393 1451 728 2426 1407 2307 1328 1769 1442 1996 1600 1354 1041 1969 1682 1577 1660 1827 1437 1974 1393 1127 2123 1459 1379 1427 1235 2209 1382 1048 2452 1155 1005 1176 1727 1561 1914 1818 2502 1099 1715 1795 1090 1819 1596 718 1404 1798 1195 526 1111 1559 1990 1712 1894 1426 1737 1432 2269 1394 1432 1365 2138 1695 1561 1711 1326 620 2031 1702 1369 2278 1414 1093 1228 1695 1015 1347 1604 1012 1396 1514 1296 1771 1402 1839 670 1922 2375 1700 1918 2019 969 2321 935 1440 1717 1670 2377 1561 1521 1224 1094 1511 1125 1224 1680 1236 2526 1472 2007 1132 2270 1263 1596 1286 994 1549 1200 1547 1472 1808 1461 1455 2512 986 2045 500 1622 1926 2028 987 1445 1024 1475 1360 1340 2208 977 2170 1623 2476 1800
684 842 1036 656 1076 800 1153 697 861 944 946 1059 1527 1426 898 1011 865 870 593 1462 715 1260 1097 360 1781 765 1684 1846 1040 445 627 691 643 772 612 1182 788 1112 752 697 1204 952 610 805 1250 978 742 1137 830 1095 1772 1095 783 850 1212 669 1331 879 719 1075 1115 927 744 896 1749 616 1092 586 1327 727 1359 761 1530 527 1929 1097 1610 1126 597 1493 1567 1379 1340 1138 539 1497 1043 1549 1066 615 1224 1462 1111 1538 1166 1169 746 694 1655 824 712 746 1150 1417 793 713 624 1348 1760 783 1093 681 671 1043 1737 1103 1322 867 764 1134 1276 882 1751 727 1057 1077 1412 1669 1424 1058 1184 755 1355 1070 1563 756 1921 1057 1430 757 1717 1314 1155 1068 1177 1196 1508 884 1690 1140 724 624 1365 1535 1066 725 1063 1159 609 957 1401 876 1470 802 797 717 1150 1740 757 1658 695 1119 709 1266 1227 680 881 1364 952 1375 1027 1173 771 1244 956 1138 1454 724 671 690 609 1511 689 511 1830 1140 729 1240 1187 841 1254 1111 1786 524 1134 1137 404 1456 1282 1152 694 1074 772 930 374 832 1298 1109 1213 702 1061 715 1714 903 1084 938 1499 957 854 1119 589 936 1609 1103 645 1602 970 793 514 1254 1006 830 938 958 1130 777 813 1081 858 1435 1119 1188 1673 1050 1294 1297 622 1583 895 727 1396 1210 1640 931 876 584 427 1076 838 875 1084 942 1818 736 1410 446 1557 1281 937 781 462 816 472 811 739 1098 774 724 1776 558 1372 1114 1024 1191 1290 614 715 629 845 656 835 1480 520 1436 1041 1740 1113
1436 1396 2174 1492 1438 1444 1036 1445 1302 1459 1250 1867 1782 2676 1606 1146 1279 1648 1562 721 1882 912 2371 1781 360 1448 576 827 1144 1697 1803 1764 2064 1680 1552 2374 2209 1151 1643 1550 1298 1847 2023 1405 2503 1943 1460 1026 1665 1695 1096 2261 1679 2207 2005 1846 1143 1335 1924 1495 2080 2324 1497 1410 427 1532 1308 1912 1838 1691 851 1502 1591 1849 1443 2408 677 1899 1700 1869 1168 2202 1233 1019 1773 2620 2431 1250 1115 1608 992 2421 2013 1974 2583 2517 1486 1990 2237 1527 1437 1483 2518 2157 1528 2133 1567 1242 585 1427 1802 2030 2015 2291 801 2461 917 1385 1411 1658 939 1284 2259 1504 1378 2105 1513 712 753 1713 2304 2017 1842 2378 1010 2079 1728 1387 1396 1439 1768 921 1028 2488 1510 2313 890 2062 1876 1393 1612 1538 947 655 1075 1500 1867 982 1763 1395 852 2109 2493 2210 1362 1609 2181 2002 1853 2116 1877 1903 1619 1203 1214 1461 1716 777 1341 2643 1114 1906 1823 1535 2183 1783 789 1518 1732 1551 1549 1832 1458 1735 508 2536 1726 1828 1005 1366 918 1135 1040 1912 1021 1019 1757 1108 1279 2191 1721 1597 1536 2234 1769 1397 1798 1036 991 1482 1106 1458 511 1337 2330 1373 681 1431 1327 2038 1619 2119 920 1043 1690 758 1324 2177 1763 2339 1804 1387 1209 1779 2420 1505 2076 1768 1334 1033 2197 1485 910 1095 848 1119 1776 1382 1827 1441 2562 2291 1318 1911 1265 1568 1834 1240 1616 1517 2019 1524 1909 1513 2147 1818 988 1766 1208 2045 1854 1442 1747 1486 1488 1152 1772 1623 1531 1979 1901 2449 1125 1475 1355 1760 1492 1718 1298 1747 2064 1143 1940 1247 1116 1523 1785
352 437 1119 514 713 406 779 585 517 586 561 921 1232 1606 1034 783 571 652 541 1179 1048 998 1493 765 1448 360 1319 1452 665 686 715 965 1022 625 681 1313 1170 712 580 797 809 848 967 404 1429 929 383 887 641 1247 1366 1202 628 1121 1093 759 926 480 1070 734 1086 1244 412 507 1405 635 694 974 1092 618 1108 431 1185 904 1536 1499 1342 981 614 1233 1164 1297 941 788 693 1594 1446 1466 860 528 842 1460 1041 1305 1516 1429 400 902 1491 911 626 396 1430 1298 487 1103 501 949 1474 381 904 946 1070 1432 1344 1372 1095 835 427 860 1044 725 1566 416 1048 1085 1439 1286 1064 829 1264 1133 1115 1471 1399 991 1564 676 1052 385 1391 930 785 1450 1232 1274 1111 1243 1395 765 537 508 969 1245 779 412 923 842 674 952 1018 1027 1505 1141 675 530 1481 1473 778 1447 791 979 539 863 1137 554 1083 1045 549 1568 730 1015 755 908 1106 1321 1076 431 647 463 665 1235 510 814 1472 1454 970 1420 959 443 893 714 1381 849 874 789 764 1327 1225 1486 640 781 864 1328 750 427 1052 830 834 428 701 434 1410 834 1253 914 1141 586 482 1061 546 1301 1415 831 602 1215 913 1097 689 1315 1225 782 618 1177 1337 449 989 877 759 1278 1464 840 1272 725 965 892 923 1198 1151 440 1516 1265 1247 885 620 661 793 982 988 955 1031 1024 1512 429 1288 765 1153 1428 628 957 864 426 688 460 400 700 710 548 1401 940 1152 1519 775 840 907 906 410 887 632 660 981 1076 917 1038 806 1366 908
1303 1258 2013 1388 1257 1308 900 1357 1187 1295 1118 1688 1570 2518 1592 1089 1178 1486 1455 760 1832 897 2324 1684 576 1319 360 658 1014 1598 1670 1715 1963 1530 1475 2213 2111 991 1496 1495 1106 1678 1916 1275 2348 1774 1335 986 1508 1713 890 2100 1527 2078 1818 1709 942 1201 1871 1312 1905 2204 1364 1258 508 1447 1132 1839 1638 1546 878 1365 1377 1772 1239 2353 804 1715 1573 1661 952 2010 1029 906 1651 2446 2354 1363 1080 1485 840 2234 1835 1765 2472 2380 1354 1858 2029 1497 1357 1352 2386 1960 1382 2038 1449 1037 774 1297 1618 1905 1943 2247 601 2326 947 1350 1292 1469 950 1224 2049 1374 1388 1935 1590 498 620 1531 2137 1960 1640 2324 1132 1947 1515 1211 1184 1314 1552 756 894 2392 1547 2144 679 2022 1661 1205 1471 1428 759 723 1000 1371 1688 898 1632 1384 674 1963 2310 2097 1293 1469 2170 1788 1706 1906 1738 1720 1480 1008 1255 1366 1698 723 1187 2488 1028 1719 1673 1336 2033 1804 610 1386 1594 1421 1468 1621 1355 1660 518 2413 1684 1861 991 1235 790 980 838 1801 974 906 1665 1203 1336 2179 1580 1413 1496 2177 1670 1261 1598 972 845 1363 985 1342 680 1302 2178 1354 547 1267 1204 1860 1499 2081 1055 983 1556 543 1308 2056 1645 2167 1802 1340 1105 1772 2273 1365 1935 1585 1283 1121 2180 1291 697 996 766 925 1717 1166 1808 1326 2393 2119 1102 1746 1176 1485 1730 1242 1592 1497 1844 1517 1693 1379 1950 1710 772 1810 1108 1906 1766 1302 1635 1341 1358 996 1621 1481 1316 1878 1699 2389 1062 1281 1153 1700 1366 1660 1217 1610 1919 930 1845 1035 1063 1307 1599
1427 1380 2063 1552 1290 1429 1059 1541 1347 1366 1260 1706 1467 2564 1838 1319 1358 1552 1612 1054 2043 1165 2530 1846 827 1452 658 360 1168 1762 1782 1930 2113 1616 1666 2260 2262 1100 1591 1710 1122 1720 2059 1408 2403 1814 1472 1234 1582 1977 666 2149 1611 2186 1809 1812 945 1332 2079 1338 1925 2323 1488 1356 769 1632 1188 2026 1590 1642 1164 1482 1262 1957 995 2552 1101 1719 1696 1573 831 1982 1003 1094 1781 2458 2529 1662 1327 1619 984 2218 1849 1675 2601 2468 1481 1966 1942 1733 1551 1479 2482 1918 1484 2194 1592 1006 1050 1431 1626 2023 2129 2457 468 2421 1232 1585 1442 1467 1228 1444 1942 1502 1654 1967 1882 565 842 1547 2170 2163 1585 2523 1431 2054 1305 1260 1102 1454 1397 895 1058 2543 1823 2176 701 2239 1524 1225 1576 1582 842 1021 1219 1500 1705 1118 1748 1636 811 2043 2305 2228 1500 1577 2410 1652 1791 1802 1837 1725 1588 1023 1537 1543 1939 987 1287 2541 1234 1712 1755 1307 2105 2069 770 1511 1699 1547 1657 1526 1522 1848 689 2524 1906 2133 1255 1370 979 1098 604 1941 1219 1096 1835 1500 1623 2419 1681 1430 1723 2376 1832 1387 1555 1203 998 1507 1155 1492 963 1540 2243 1602 794 1339 1352 1876 1639 2299 1352 1216 1670 613 1558 2176 1780 2188 2054 1566 1286 2019 2345 1476 2026 1596 1508 1418 2415 1283 564 1191 1004 954 1921 1029 2046 1479 2420 2144 943 1795 1369 1670 1883 1506 1830 1739 1865 1769 1528 1501 1909 1857 699 2087 1294 2000 1937 1419 1780 1447 1486 1111 1703 1585 1124 2031 1643 2582 1287 1273 1126 1904 1502 1868 1416 1718 2003 857 2004 965 1297 1125 1602
