140 409 1378 303 210 807 587 867 1031 633 1299 505 681 744 536 655 278 313 1060 922 326 1091 1309 1245 441 1139 1093 1199 1139 1138 725 501 1229 471 1109 1138 294 387 713 849 1144 664 466 778 313 383 815 751 1025 362 568 451 243 650 916 550 1273 716 511 530 601 596 1060 1081 367 1131 934 1096 1250 559 1239 780 664 1363 998 546 679 253 338 1287 602 749 376 1395 248 764 780 285 917 1218 202 304 1165 690 1247 229 793 726 791 1146 237 1229 1142 1110 639 929 293 471 1042 1242 1398 1145 1012 539 1323 891 1167 1093 680 265 1288 1344 251 766 514 980 400 1178 1184 383 1060 525 584 1349 1257 313 606 588 511 295 881 343 1085 1063 1277 461 989 974 1058 1104 663 369 1303 758 1122 327 987 762 774 287 649 985 960 386 275 1185 942 680 1261 398 352 499 838 1048 420 451 939 1174 651 1281 774 736 1275 1392 993 1367 617 1199 209 285 1340 1069 352 458 1283 1172 494 873 651 681 1281 1354 937 1194 231 712 541 1236 382 952 370 582 471 916 552 859 436 460 730 916 1093 1305 1224 1098 467 615 905 262 1017 1169 1306 233 827 440 223 642 434 1377 1108 1154 496 1074 1236 284 954 530 923 1194 789 980 1306 1262 791 808 1036 1224 339 971 1177 958 802 910 403 779 657 1303 936 848 597 1033 1065 1273 431 567 1302 653 1042 604 653 1256 886 701 542 865 792 962 639 707 1280 826 515 1115 777 481 1264 349 421 1180 357 977 844 994 223 321 429 512 1211 760 996
509 360 1344 646 566 1140 651 1071 1036 977 1666 478 853 1029 577 675 507 629 1303 1212 496 1278 1344 1423 811 1262 1441 1462 1388 1393 936 539 1590 560 1129 1404 479 456 1044 1060 1451 726 801 1145 466 637 1067 828 1165 573 767 821 564 969 955 767 1570 1071 779 540 921 891 1056 1105 609 1083 884 1362 1541 927 1316 749 713 1557 1334 874 726 620 708 1250 574 728 588 1752 526 1132 867 598 943 1391 570 520 1525 1040 1615 599 1154 1096 974 1269 576 1561 1221 1316 801 971 659 840 1193 1608 1413 1096 1109 626 1509 925 1537 1351 902 529 1487 1557 518 721 474 1237 767 1197 1188 461 1051 895 784 1710 1627 681 964 863 549 655 1204 578 1150 1287 1304 608 948 1019 1275 1071 909 737 1603 723 1492 474 1357 778 725 567 738 1355 1250 715 604 1516 1224 646 1215 759 721 470 1095 1005 659 803 1069 1128 810 1296 885 1025 1235 1743 1361 1479 807 1513 577 557 1710 1119 710 796 1496 1537 687 857 985 651 1650 1310 1203 1564 601 1079 543 1339 703 1288 669 769 786 1242 668 1168 718 582 1098 1078 1098 1260 1218 1251 796 703 983 590 1276 1512 1673 595 1146 652 587 648 702 1746 1468 1119 563 1025 1605 490 1288 803 929 1164 1017 993 1480 1624 824 1168 1376 1582 604 1308 1465 1088 1061 1205 385 758 700 1567 1254 1164 947 1341 1425 1506 529 896 1416 974 1321 926 1016 1465 898 654 875 822 1155 1185 971 703 1233 1130 606 1174 962 580 1573 700 489 1141 720 1345 1088 950 554 458 790 882 1456 1033 1214
1478 1344 360 1575 1532 1935 1452 1926 1368 1961 2629 1234 1392 1727 1228 1117 1461 1543 2190 2163 1478 2070 1653 1629 1768 1339 2425 1961 1859 1886 1504 1252 2568 1462 1471 2318 1460 1353 2026 1552 2412 1172 1676 2060 1450 1487 1988 1163 1369 1438 1682 1779 1515 1766 1480 1697 2167 2053 1554 1215 1734 1661 762 880 1470 914 891 1900 2482 1860 1807 958 1150 1775 2107 1715 1438 1581 1674 457 1258 1234 1558 2734 1490 2096 1577 1526 1431 2136 1538 1503 2381 1900 2512 1565 2039 2037 1446 1916 1555 2540 1140 1668 1366 1498 1611 1785 1417 2576 1592 733 1735 1268 1710 1455 2476 1867 1517 1511 2275 2367 1488 1100 1280 1785 1738 831 1417 1427 742 1850 1440 2688 2567 1651 1944 1606 1398 1600 2181 1460 1662 1710 879 1362 761 1528 1680 634 1842 1706 2552 1170 2444 1457 2292 1364 1010 1552 1224 2293 1893 1607 1538 2494 2167 1059 950 1688 1689 1309 1696 1012 1625 1785 1309 648 1363 799 1634 1733 485 2539 2323 1386 1703 2179 1544 1486 2654 1593 1641 1677 1807 2419 1619 878 1969 1057 2596 521 2129 2503 1569 1997 1202 1283 1687 2066 1651 1414 1767 1996 1532 2136 1549 1500 2019 1863 787 562 1371 1977 1779 1507 1610 1572 1815 2495 2637 1554 2121 1440 1549 1335 1523 2649 2326 1107 1438 896 2520 1454 2270 1767 890 550 1578 1391 1648 2485 1045 2147 2359 2563 1489 2088 2050 1314 1991 1875 1341 1230 1423 2047 2227 1903 1822 2016 2287 1886 1333 1734 1359 1953 1909 1741 1992 1772 933 1057 1859 886 2049 1647 1954 1045 901 2097 1283 1654 1813 1477 2215 1625 1426 1059 1659 2305 1997 1015 1529 1442 1716 1832 1893 1697 2070
403 646 1575 360 458 866 851 1108 1292 798 1413 718 779 802 710 828 498 396 1283 1123 588 1334 1573 1326 555 1243 1243 1258 1202 1199 804 683 1360 735 1372 1349 546 590 889 925 1329 814 524 863 567 481 1039 889 1124 501 818 565 444 707 1180 797 1330 865 579 720 658 654 1234 1236 481 1368 1160 1155 1445 650 1501 982 821 1439 1059 603 942 426 481 1487 852 1003 636 1531 485 882 1043 410 1180 1463 461 568 1239 755 1332 444 868 825 879 1403 493 1394 1267 1184 743 1193 413 569 1136 1361 1661 1367 1274 690 1401 1154 1267 1153 756 528 1526 1576 497 1007 758 1042 544 1336 1445 642 1237 635 675 1478 1358 475 752 651 772 395 1060 478 1348 1132 1428 598 1197 1237 1129 1302 894 512 1492 1006 1230 586 1084 1023 1000 547 787 1084 1017 442 401 1352 1147 886 1501 476 495 747 901 1291 669 622 1044 1389 755 1440 1035 794 1477 1459 1107 1473 867 1256 454 453 1444 1333 427 516 1354 1252 749 1060 826 884 1385 1564 1152 1294 449 798 734 1347 598 1012 603 679 678 974 815 1050 504 723 818 1167 1260 1517 1483 1349 663 879 1168 511 1078 1324 1421 430 1011 547 440 901 511 1465 1182 1403 759 1309 1327 516 1121 756 1093 1387 860 1242 1388 1338 949 944 1196 1357 453 1031 1234 1063 1022 966 632 1033 920 1362 1118 905 662 1090 1139 1339 603 624 1408 841 1100 661 790 1328 1053 921 725 1077 870 1033 818 892 1517 1020 669 1379 1025 745 1320 415 682 1426 443 1090 1071 1236 487 574 507 617 1274 821 1230
310 566 1532 458 360 964 752 1037 1194 801 1464 659 831 897 687 806 430 465 1230 1092 489 1261 1474 1395 605 1289 1261 1351 1291 1290 875 653 1396 636 1273 1308 453 539 882 1000 1313 814 622 940 473 534 985 901 1175 511 737 615 393 805 1081 720 1428 884 663 682 756 749 1212 1232 517 1289 1090 1249 1420 721 1406 934 815 1514 1156 702 843 414 503 1441 762 910 544 1562 402 929 946 436 1081 1387 368 470 1325 849 1409 393 953 889 941 1314 407 1398 1292 1261 789 1094 454 634 1192 1408 1562 1301 1180 689 1473 1055 1331 1245 831 430 1458 1515 407 924 673 1132 566 1329 1347 545 1212 689 734 1516 1421 479 773 741 674 454 1051 492 1251 1214 1428 611 1143 1139 1209 1258 833 535 1472 917 1287 489 1150 925 930 456 799 1149 1114 541 428 1354 1112 833 1419 557 518 658 991 1207 589 620 1089 1329 800 1432 941 889 1428 1551 1158 1517 786 1355 371 434 1504 1235 511 614 1434 1333 662 1026 820 834 1445 1509 1108 1357 397 874 693 1385 552 1109 540 732 641 1072 719 1029 588 626 892 1085 1244 1460 1386 1267 637 781 1072 432 1170 1337 1471 391 997 590 381 804 586 1540 1268 1314 660 1232 1399 438 1123 700 1074 1347 940 1144 1456 1422 942 975 1205 1390 490 1128 1331 1108 972 1064 559 940 822 1456 1106 1004 755 1188 1225 1425 582 723 1452 823 1196 760 820 1407 1037 856 711 1020 953 1114 808 859 1438 996 665 1281 947 647 1419 507 584 1339 517 1142 1014 1152 389 480 589 675 1363 913 1166
907 1140 1935 866 964 360 1353 1499 1798 1004 1202 1179 912 588 1109 1195 999 873 1590 1364 1093 1719 2072 1173 810 1253 1242 885 881 859 817 1103 1244 1237 1876 1600 1053 1061 1094 842 1477 1125 702 652 1073 871 1375 1136 1131 937 1266 808 949 537 1681 1236 864 977 755 1147 581 638 1544 1482 898 1840 1614 794 1621 704 1980 1393 1149 1220 554 626 1445 918 881 1860 1353 1507 1122 1417 991 849 1529 906 1684 1854 965 1071 810 508 962 942 572 729 903 1850 989 1441 1379 993 930 1693 879 764 1111 1183 2165 1806 1746 1047 1212 1657 999 816 789 1033 1877 1902 1004 1493 1255 748 875 1576 1952 1149 1558 780 854 1337 1080 904 917 690 1278 872 1225 926 1837 907 1635 968 1609 1736 926 1677 1276 877 1637 1503 1014 1092 845 1529 1460 1040 1070 853 622 787 905 1411 1400 1317 1977 780 878 1248 692 1776 1131 942 1108 1808 935 1676 1510 577 1860 976 958 1459 1311 764 958 944 1168 1828 817 709 1099 862 1215 1427 1053 1310 1121 1962 1438 1025 945 645 1162 1381 1017 507 1048 880 1049 473 1306 1264 791 1221 660 1594 1544 1925 1990 1771 1016 1374 1655 999 766 1335 1217 934 1207 889 944 1407 812 1098 758 1898 1263 1777 993 1019 1224 1150 1406 1745 776 1748 1231 914 1250 968 1250 1258 897 528 797 1118 1350 573 1122 1537 1424 969 1284 460 583 622 722 1034 1031 604 1405 1103 716 575 897 1090 1363 1376 1018 1505 596 854 1058 1274 1986 1255 1039 1870 1447 1246 832 817 1188 1917 820 939 1413 1721 991 1080 753 767 949 632 1586
687 651 1452 851 752 1353 360 842 815 978 1708 732 1143 1285 858 933 738 854 1101 1080 624 1022 1082 1715 937 1548 1410 1733 1665 1668 1221 823 1594 476 884 1225 675 744 1006 1347 1333 1004 1014 1279 655 897 897 1107 1455 841 601 944 774 1198 688 625 1820 1086 1040 811 1149 1139 1251 1334 871 1043 927 1631 1392 1067 1028 919 986 1848 1542 1094 452 794 842 1354 561 607 598 1737 734 1199 576 821 692 1122 749 642 1678 1228 1734 771 1312 1206 1265 980 723 1484 1490 1605 1092 701 833 980 1483 1641 1173 1129 818 916 1800 664 1619 1624 1184 682 1235 1315 720 715 595 1510 873 1416 966 581 1238 1009 1069 1713 1704 815 1006 1122 462 840 1132 838 866 1571 1529 897 1055 746 1561 1200 759 857 1464 656 1556 631 1452 550 806 673 1024 1448 1504 933 817 1439 1080 833 1151 934 849 571 1367 935 622 856 1357 1188 1101 1506 599 1278 1330 1920 1418 1760 613 1747 757 793 1777 844 895 1005 1784 1671 565 1047 963 844 1718 1377 1038 1642 768 1217 807 1617 741 1496 698 1057 777 1463 448 1071 969 494 1230 813 1305 1319 1013 974 806 421 693 714 1548 1463 1710 781 1070 929 770 481 960 1855 1622 1000 455 1005 1709 718 1232 725 1147 1298 1298 761 1771 1769 1078 1195 1328 1580 855 1514 1721 1377 902 1455 677 628 434 1838 1166 1396 1136 1581 1580 1789 820 1114 1697 926 1582 1152 1064 1754 1127 785 873 938 1306 1470 945 932 1184 1031 896 893 727 467 1811 896 538 1039 893 1406 905 891 723 652 963 1006 1735 1296 989
967 1071 1926 1108 1037 1499 842 360 1078 888 1511 1180 1507 1527 1287 1384 1073 1133 624 709 963 586 1146 2072 1055 1956 1137 1981 1937 1929 1551 1249 1352 877 1066 763 1018 1139 835 1673 935 1436 1227 1303 1010 1211 527 1536 1848 1183 667 1055 1070 1398 899 678 2003 971 1328 1251 1356 1385 1731 1805 1195 1465 1396 1878 950 1155 950 1400 1424 2187 1655 1299 848 1043 1018 1829 1043 1054 867 1449 1050 1133 729 1111 943 719 1030 958 1675 1351 1665 1031 1369 1206 1619 748 990 1131 1931 1933 1463 892 1062 1100 1867 1437 1292 1584 744 1325 2149 906 1498 1883 1504 986 782 847 1039 1186 1062 1776 997 1891 1178 970 1719 1079 1412 1455 1565 1007 967 1395 921 1078 849 1167 887 1879 2002 1272 1535 899 1877 1681 584 1007 1031 1116 1416 985 1379 934 1287 944 1441 1370 1721 1178 1098 1090 687 1309 1545 1120 1014 1033 1641 1349 808 919 1757 1653 1474 1984 665 1515 1803 1940 1286 2180 623 1899 1032 1109 1617 929 1109 1215 2101 1636 749 1526 842 1319 1563 1838 617 1515 1024 1260 1252 2043 875 1616 865 1409 816 1612 777 766 1253 849 1261 500 1783 1780 1249 640 846 783 767 966 1810 1153 1507 1050 804 1267 1043 952 1257 1757 1628 1361 888 1442 1616 1059 950 719 1621 1778 1609 1022 2133 1742 1533 1062 1040 1328 1167 1627 1927 1777 555 1666 1091 1063 863 2080 847 1575 1282 1759 1592 2080 1213 1313 2116 783 1813 1355 1010 2076 1596 1267 842 1420 1353 1781 829 1399 1588 735 1302 926 474 858 1968 1123 942 1412 1094 1282 499 1317 1011 1012 1135 1092 2010 1555 506
1131 1036 1368 1292 1194 1798 815 1078 360 1410 2134 1052 1498 1705 1179 1196 1164 1288 1328 1410 1065 1137 699 2038 1393 1818 1803 2134 2056 2064 1598 1156 2003 925 475 1474 1106 1129 1418 1717 1651 1293 1456 1735 1085 1312 1211 1385 1753 1249 1004 1400 1210 1636 539 1036 2246 1518 1455 1124 1587 1564 1344 1477 1285 823 892 2036 1667 1523 799 1065 1265 2183 1990 1534 726 1241 1296 1280 828 679 1054 2129 1168 1645 729 1255 501 1166 1193 1088 2134 1679 2186 1217 1767 1659 1618 925 1172 1836 1705 1961 1446 546 1282 1436 1791 2064 738 995 759 1252 2128 540 2062 2023 1570 1126 1319 1418 1155 781 928 1910 1329 1530 513 1009 1321 1465 1449 2118 2145 1269 1450 1539 879 1287 1510 1252 657 1944 1641 1272 1061 548 1928 1198 1126 1312 1748 719 1995 1065 1901 629 901 1125 1334 1896 1926 1372 1254 1792 1396 1037 858 1385 1304 925 1769 716 1073 1308 1653 1081 1453 1592 789 1700 1246 2375 1856 1999 986 2184 1200 1220 2214 586 1343 1448 2141 2126 1003 1177 1386 1051 2155 1239 1332 2085 1215 1673 1113 1855 1195 1944 1153 1431 1220 1906 885 1436 1391 949 1686 962 1410 1181 559 1014 1252 815 673 1166 1948 1840 2134 1224 1452 1326 1214 752 1377 2304 2078 662 897 832 2158 1143 1615 1148 1300 1280 1683 419 2088 2224 1306 1627 1712 1985 1275 1962 2142 1671 1229 1880 1059 652 741 2240 1529 1833 1586 2014 2036 2164 1191 1556 1942 1339 1997 1591 1508 2108 1300 953 1311 1003 1762 1844 1368 1152 908 1397 1241 645 992 921 2246 1341 970 718 1344 1846 1200 718 1167 1080 1415 1461 2122 1709 1193
733 977 1961 798 801 1004 978 888 1410 360 1089 1089 1202 1092 1128 1247 871 835 946 727 844 1092 1596 1703 630 1664 824 1518 1493 1479 1196 1094 983 903 1449 965 861 979 459 1301 897 1248 824 777 871 919 741 1327 1541 934 767 623 826 947 1246 734 1504 468 971 1122 917 975 1653 1670 920 1646 1483 1419 1024 669 1444 1365 1252 1791 1139 870 1055 763 677 1867 1108 1217 777 1138 840 611 1057 835 1271 1227 794 818 1150 857 1158 771 847 678 1284 1269 769 957 1703 1539 1174 1250 747 655 1545 1022 1722 1696 1212 1123 1766 1234 1015 1432 1147 810 1236 1258 839 1287 1052 1337 615 1768 1550 900 1653 601 1097 1103 1095 691 446 1007 970 764 625 911 1335 1469 1864 1034 1564 1281 1475 1688 686 646 1062 1251 945 864 868 1164 1330 769 1225 860 1250 823 820 914 760 1262 1763 730 663 1026 1220 1545 724 541 1470 1738 1185 1872 1011 1078 1852 1414 806 1894 792 1390 790 864 1164 1352 753 813 1687 1117 774 1465 409 1265 1105 1923 794 1036 765 739 1132 1775 634 1104 673 1107 565 1111 894 634 913 865 737 1008 1685 1871 1608 1168 544 959 1165 750 1367 897 1092 787 584 985 788 1088 930 1264 1101 1619 934 1599 1119 873 683 621 1515 1781 1226 1351 1765 1222 1380 577 763 972 891 1113 1441 1488 714 1196 980 1241 1048 1609 685 1093 810 1265 1064 1644 1022 875 1831 465 1346 914 482 1668 1478 1268 467 1438 829 1382 418 1300 1792 616 1100 1374 871 895 1459 773 911 1657 731 796 779 1496 797 879 724 621 1566 1130 950
1399 1666 2629 1413 1464 1202 1708 1511 2134 1089 360 1763 1697 1420 1762 1876 1533 1445 1407 1180 1546 1643 2287 2008 1221 2091 754 1646 1681 1651 1630 1737 547 1628 2163 1315 1546 1638 1077 1680 1073 1843 1328 957 1561 1506 1344 1892 1967 1551 1490 1211 1477 1305 1964 1458 1498 981 1473 1774 1315 1398 2276 2253 1521 2368 2189 1583 1199 1130 2101 2034 1857 2034 1162 1310 1784 1412 1320 2540 1827 1944 1497 629 1506 895 1771 1463 1993 1758 1459 1518 890 1148 728 1431 1009 955 1723 1891 1449 889 2200 1828 1694 1966 1379 1204 1951 434 2423 2402 1887 1730 2037 1955 570 1617 1590 1499 1691 1658 1511 2005 1759 1577 1259 2351 2268 1608 2283 1139 1608 538 523 1345 1071 1453 1694 1389 1022 1529 2023 1740 2428 1634 2247 1992 1762 2355 1376 1289 1157 1975 553 1562 723 1893 2031 1468 1801 717 1430 1385 1450 898 1214 1936 2489 1300 1306 1736 1534 2271 1450 1232 1932 2434 1703 2456 1719 1407 2530 1078 666 2302 1508 1361 1452 1504 496 2052 1347 1323 1908 799 1503 2113 1108 1936 481 2613 1288 549 1427 1010 1787 2218 1346 1166 1389 1629 1292 1232 1623 1105 1456 1592 986 1651 2293 2565 2330 1765 1266 1688 1867 1438 1586 788 378 1439 1068 1560 1445 1816 1480 710 898 2348 1659 2317 651 1543 925 1348 2133 2441 1609 2074 2064 860 1981 873 847 579 1500 1154 1509 1945 1317 1396 1663 1970 1777 1693 1034 1292 1199 1355 904 1822 1656 1297 2246 1154 1507 1308 1015 1906 2091 1960 1194 2124 990 1696 1126 1944 2516 1135 1711 2063 1543 1622 1412 1364 1626 2386 1329 683 1372 2220 1473 1570 1274 1156 1735 1467 1495
605 478 1234 718 659 1179 732 1180 1052 1089 1763 360 806 1038 492 564 590 692 1418 1330 614 1382 1377 1361 902 1177 1553 1446 1365 1374 906 464 1695 663 1155 1521 587 487 1159 1024 1570 632 855 1221 579 668 1184 735 1090 603 881 912 646 1003 1000 883 1575 1179 793 439 958 912 937 988 642 1021 803 1350 1660 1008 1376 636 613 1501 1372 918 791 710 803 1142 588 733 707 1860 617 1228 944 667 980 1490 665 636 1587 1096 1689 693 1220 1182 927 1352 681 1677 1119 1270 753 1019 744 925 1121 1708 1430 1009 1183 561 1449 969 1625 1335 881 639 1592 1666 614 679 500 1222 866 1079 1200 578 932 985 760 1815 1715 779 1070 874 632 736 1321 619 1206 1251 1187 587 844 1067 1236 960 1026 834 1721 706 1584 591 1442 816 644 681 657 1442 1256 772 677 1632 1343 534 1158 835 817 521 1085 958 778 911 990 1032 761 1177 971 1036 1129 1793 1457 1387 919 1530 671 624 1800 1167 785 852 1451 1607 802 739 1100 536 1741 1210 1321 1651 696 1155 435 1245 818 1326 785 740 902 1273 768 1286 748 691 1176 1177 979 1161 1220 1345 910 791 1051 698 1261 1625 1770 684 1263 656 678 691 727 1823 1530 1086 657 959 1685 581 1403 922 811 1052 992 1017 1415 1689 713 1273 1490 1689 649 1347 1466 1010 1179 1215 469 761 764 1551 1371 1189 1005 1356 1488 1472 511 940 1324 1090 1317 964 1119 1419 781 563 989 721 1225 1151 1085 585 1169 1249 548 1226 1069 683 1587 772 598 1100 799 1440 1204 902 655 571 865 970 1430 1033 1325
781 853 1392 779 831 912 1143 1507 1498 1202 1697 806 360 696 680 704 796 746 1699 1541 914 1729 1823 933 934 824 1612 1014 926 940 479 702 1689 1042 1601 1768 856 758 1298 580 1739 609 753 1100 869 661 1454 588 705 685 1203 942 798 759 1442 1189 1176 1248 597 735 742 659 994 930 674 1393 1154 927 1860 957 1809 907 638 1064 1076 748 1219 836 896 1323 1034 1179 1003 1866 817 1212 1359 761 1425 1853 839 913 1363 912 1509 843 1055 1114 482 1755 879 1783 873 825 413 1459 832 920 720 1660 1876 1315 1601 606 1017 1411 1513 905 485 882 1929 1986 829 1104 939 798 951 1026 1645 930 1010 989 465 1799 1601 893 1140 603 1042 813 1467 700 1642 805 1093 607 1103 1507 789 1146 1305 923 1904 1147 1504 896 1336 1260 1024 923 551 1340 872 739 776 1743 1566 864 1530 832 908 951 677 1359 1059 1036 627 1300 405 1128 1371 703 1327 1507 1408 1055 1251 1161 837 758 1690 1608 810 762 1006 1411 1124 903 1236 852 1637 1435 1570 1540 850 1048 747 933 1014 1036 1010 459 1097 965 1148 1465 648 1052 1072 1545 991 1405 1661 1724 1082 1193 1476 904 835 1700 1709 823 1422 600 829 1131 633 1647 1310 1501 1052 1326 1531 812 1516 1169 861 1205 565 1464 992 1466 709 1304 1580 1693 702 1058 1060 646 1439 848 827 1206 1193 1118 1527 871 859 992 1273 1026 684 760 990 1257 910 749 1163 974 818 944 1141 1022 1071 707 1230 779 1527 1437 618 1665 1412 1060 1207 791 970 1503 832 1388 1485 1306 856 869 843 965 987 665 1638
844 1029 1727 802 897 588 1285 1527 1705 1092 1420 1038 696 360 943 1010 907 792 1662 1459 1022 1753 2004 987 841 1031 1414 817 770 762 591 946 1446 1170 1795 1697 970 938 1190 619 1610 928 659 839 990 753 1429 924 907 816 1254 844 872 506 1611 1230 901 1097 610 989 535 507 1331 1259 780 1684 1450 714 1747 787 1943 1214 955 1061 740 589 1374 867 869 1657 1241 1396 1078 1622 910 1006 1484 824 1606 1886 902 1006 1034 646 1191 887 773 888 675 1843 935 1605 1150 813 722 1625 837 803 891 1395 2081 1628 1716 873 1040 1583 1222 716 570 967 1931 1970 924 1357 1140 610 892 1352 1858 1066 1346 851 660 1545 1305 884 1010 526 1196 823 1343 813 1788 738 1407 811 1423 1671 747 1478 1304 879 1774 1381 1229 1014 1058 1443 1304 989 871 1065 581 721 829 1571 1491 1150 1822 766 873 1140 490 1633 1107 976 880 1622 725 1450 1477 374 1660 1171 1157 1244 1303 853 895 851 1394 1769 781 671 954 1090 1189 1231 1137 1141 1345 1766 1516 1249 892 807 1004 1158 1014 700 1032 686 1072 629 1257 1365 676 1163 828 1600 1325 1733 1887 1783 1044 1318 1609 953 643 1507 1434 872 1313 743 882 1315 688 1326 984 1765 1190 1619 1221 928 1363 1167 1197 1539 549 1661 1048 1137 1043 1117 1406 1456 792 722 797 890 1407 536 1006 1426 1350 920 1404 535 647 678 950 917 887 579 1187 1177 658 538 1010 936 1154 1219 1072 1329 794 659 1137 1089 1825 1348 871 1817 1455 1182 908 771 1108 1776 794 1137 1465 1577 927 994 753 830 844 407 1634
636 577 1228 710 687 1109 858 1287 1179 1128 1762 492 680 943 360 479 619 676 1514 1405 692 1496 1507 1229 906 1049 1586 1329 1244 1256 787 399 1711 778 1284 1609 647 517 1209 900 1636 508 812 1194 648 620 1275 611 958 570 982 916 662 932 1132 979 1471 1208 714 414 892 833 886 907 602 1100 868 1236 1736 992 1508 646 497 1370 1298 861 922 727 819 1142 719 859 792 1881 650 1232 1073 663 1112 1608 695 707 1537 1046 1653 717 1180 1169 799 1479 723 1725 1004 1141 628 1151 751 918 990 1711 1556 1056 1313 435 1317 1101 1608 1218 767 695 1705 1774 653 786 632 1108 885 1003 1324 677 887 986 649 1829 1699 800 1095 787 756 738 1377 593 1338 1126 1104 502 865 1198 1109 956 1117 852 1792 826 1576 669 1425 948 720 742 526 1426 1154 740 677 1681 1422 568 1238 821 834 651 974 1052 861 947 859 1063 634 1106 1097 944 1135 1726 1457 1263 1024 1436 698 626 1786 1299 775 812 1322 1565 901 710 1147 561 1728 1228 1407 1636 722 1130 426 1122 872 1253 848 626 961 1194 886 1351 689 800 1152 1296 916 1186 1341 1467 962 915 1182 746 1146 1664 1771 702 1321 582 700 823 664 1790 1481 1189 777 1035 1657 620 1450 999 747 1038 874 1146 1283 1640 618 1293 1532 1707 621 1275 1359 879 1266 1118 556 886 895 1434 1431 1105 961 1262 1439 1346 468 882 1199 1147 1209 898 1138 1289 709 636 1038 755 1188 1027 1135 542 1242 1316 432 1358 1180 797 1489 758 707 1196 794 1439 1298 997 695 643 848 967 1307 932 1429
755 675 1117 828 806 1195 933 1384 1196 1247 1876 564 704 1010 479 360 737 793 1619 1519 802 1586 1532 1202 1023 990 1705 1357 1266 1282 822 513 1828 868 1306 1718 761 632 1327 919 1752 460 918 1302 760 730 1382 549 917 686 1083 1033 781 1020 1174 1082 1518 1327 803 495 983 917 767 792 715 1049 810 1271 1849 1106 1556 564 431 1349 1378 960 984 846 938 1035 764 883 900 1999 768 1349 1141 781 1148 1693 813 819 1633 1145 1756 836 1283 1282 809 1548 841 1844 916 1138 659 1194 870 1034 954 1827 1566 978 1376 511 1293 1143 1719 1248 814 810 1797 1870 771 781 697 1143 1004 887 1334 777 769 1102 709 1946 1809 919 1214 866 835 856 1495 709 1386 1136 990 604 774 1241 1115 849 1224 971 1907 837 1689 778 1535 991 685 857 513 1536 1209 851 795 1800 1534 526 1186 936 953 722 1019 1018 970 1066 817 974 661 988 1172 1013 1031 1810 1572 1191 1122 1496 817 745 1897 1340 891 919 1316 1665 1003 599 1265 512 1840 1129 1517 1746 841 1239 492 1048 989 1335 964 683 1077 1271 973 1467 791 895 1262 1381 798 1090 1341 1547 1079 993 1241 863 1179 1783 1885 821 1439 683 819 876 766 1893 1577 1162 861 982 1763 737 1569 1111 628 927 909 1171 1252 1736 509 1411 1651 1825 737 1357 1403 835 1375 1178 658 906 958 1459 1548 1180 1065 1323 1536 1353 586 980 1130 1264 1253 991 1257 1282 591 610 1156 680 1292 1043 1253 439 1183 1431 526 1402 1274 887 1545 873 801 1162 910 1553 1404 966 813 754 962 1083 1324 991 1528
378 507 1461 498 430 999 738 1073 1164 871 1533 590 796 907 619 737 360 485 1278 1151 481 1293 1457 1367 672 1244 1331 1354 1288 1290 855 584 1467 625 1249 1363 424 468 950 981 1378 751 657 999 442 519 1035 842 1134 472 767 682 417 832 1063 755 1445 955 661 611 783 763 1142 1165 494 1230 1026 1252 1481 782 1403 863 749 1491 1192 733 826 480 573 1370 715 867 567 1633 390 998 944 453 1059 1416 437 477 1378 894 1469 463 1006 954 912 1327 464 1466 1236 1242 750 1078 515 697 1154 1477 1537 1235 1183 628 1448 1036 1396 1246 813 447 1495 1556 396 868 619 1132 636 1262 1317 518 1141 755 706 1586 1487 549 844 744 649 509 1117 462 1244 1201 1362 559 1074 1124 1193 1187 879 604 1536 868 1354 468 1215 897 865 493 741 1214 1128 571 457 1422 1170 763 1362 612 587 609 989 1152 626 690 1044 1261 761 1365 947 901 1358 1597 1227 1470 814 1380 442 416 1571 1222 563 651 1418 1390 688 955 888 764 1512 1440 1162 1423 467 933 622 1336 614 1146 594 700 703 1103 721 1093 591 625 953 1109 1175 1392 1352 1289 702 777 1068 488 1170 1407 1540 453 1062 560 447 771 581 1601 1320 1265 643 1171 1461 380 1191 751 1005 1277 926 1116 1427 1477 875 1045 1274 1461 476 1166 1345 1064 1023 1080 495 897 802 1459 1171 1029 800 1210 1278 1416 517 755 1405 888 1204 787 891 1390 968 789 778 951 1008 1099 875 789 1379 1059 604 1272 976 639 1442 553 560 1287 574 1210 1062 1097 436 446 644 740 1359 917 1207
413 629 1543 396 465 873 854 1133 1288 835 1445 692 746 792 676 793 485 360 1313 1157 590 1358 1575 1299 590 1210 1279 1246 1186 1185 777 651 1395 738 1371 1382 541 564 926 900 1365 777 532 889 562 446 1069 852 1092 466 839 600 440 708 1181 819 1326 901 558 689 659 645 1199 1200 445 1347 1136 1143 1480 679 1511 951 785 1414 1067 607 944 450 518 1455 840 993 649 1566 480 915 1051 393 1180 1486 470 573 1258 770 1357 462 889 855 849 1419 507 1431 1231 1160 709 1195 448 602 1105 1394 1659 1341 1285 654 1376 1155 1297 1140 731 534 1552 1605 494 989 743 1027 580 1299 1441 638 1202 669 644 1513 1388 509 788 635 770 430 1096 443 1355 1111 1391 561 1168 1241 1107 1270 922 549 1528 992 1261 584 1113 1020 976 560 750 1114 1010 446 397 1388 1181 857 1481 505 531 735 885 1273 689 658 1011 1361 721 1404 1047 785 1446 1473 1140 1440 887 1257 465 432 1474 1337 458 526 1332 1275 766 1027 863 855 1415 1534 1184 1324 469 823 703 1313 628 1020 629 646 710 978 824 1085 483 730 845 1187 1224 1488 1477 1369 697 886 1176 529 1064 1361 1454 444 1047 512 453 895 484 1490 1201 1389 760 1287 1353 505 1157 785 1057 1355 837 1239 1361 1359 913 980 1232 1393 417 1040 1228 1030 1053 961 613 1023 921 1350 1154 905 678 1088 1158 1320 570 629 1375 877 1091 663 826 1305 1017 895 760 1049 892 1011 854 858 1496 1055 633 1385 1047 750 1320 441 680 1410 477 1122 1100 1218 495 568 534 650 1258 807 1258
1160 1303 2190 1283 1230 1590 1101 624 1328 946 1407 1418 1699 1662 1514 1619 1278 1313 360 607 1182 610 1342 2246 1181 2159 1014 2100 2070 2058 1725 1475 1229 1120 1301 507 1232 1360 859 1842 733 1660 1371 1348 1227 1397 604 1757 2044 1382 896 1178 1264 1522 1152 896 2089 990 1495 1483 1486 1530 1981 2046 1386 1729 1660 2000 704 1251 1116 1652 1652 2349 1720 1433 1112 1223 1174 2092 1301 1319 1082 1290 1252 1150 992 1297 1198 711 1222 1171 1676 1443 1630 1216 1425 1250 1802 885 1183 946 2153 2094 1659 1143 1231 1219 2059 1334 1495 1849 957 1543 2317 1162 1443 2011 1676 1192 662 672 1242 1449 1309 1911 1135 2136 1413 1201 1971 1179 1598 1316 1494 1171 1033 1551 1172 1249 779 1363 1100 2031 2245 1478 1796 1143 2034 1942 759 1155 787 1381 1354 1205 1361 1199 1547 1145 1658 1350 1834 1340 1283 912 568 1558 1805 1265 1166 1280 1785 1612 1015 1048 1959 1917 1670 2231 928 1649 2067 1941 1242 2387 862 1972 1223 1305 1529 1155 1267 1359 2253 1621 975 1777 897 1567 1482 2103 512 1454 1209 1320 1486 2254 1045 1686 1049 1599 966 1697 1028 708 1424 1088 1314 726 2031 2045 1486 751 986 1043 1014 1158 1943 1001 1400 1235 765 1459 1230 1214 1434 1699 1637 1618 1136 1706 1569 1268 853 890 1865 2039 1772 1274 2308 1726 1767 1050 920 1201 1356 1694 2028 1979 620 1779 1321 1328 1127 2194 744 1678 1390 1851 1606 2219 1429 1443 2322 848 1929 1484 1058 2231 1838 1522 949 1679 1405 1938 892 1641 1850 703 1519 1137 736 1102 2041 1284 1179 1670 1248 1245 576 1581 1208 1232 1272 1197 2143 1696 495
1022 1212 2163 1123 1092 1364 1080 709 1410 727 1180 1330 1541 1459 1405 1519 1151 1157 607 360 1078 824 1495 2064 986 2006 794 1883 1860 1845 1550 1367 1011 1061 1410 598 1118 1248 630 1660 612 1543 1182 1109 1119 1244 559 1633 1886 1241 842 981 1123 1315 1231 825 1856 751 1320 1384 1283 1337 1908 1951 1237 1755 1645 1785 690 1036 1291 1590 1540 2157 1483 1235 1121 1071 1004 2066 1266 1323 983 1100 1122 907 1044 1148 1270 945 1083 1060 1428 1219 1383 1070 1188 1012 1634 1074 1048 786 2024 1903 1507 1226 1070 1018 1894 1106 1641 1849 1093 1420 2129 1231 1199 1799 1500 1070 909 911 1116 1434 1247 1705 953 2046 1521 1114 1902 968 1436 1110 1255 1008 811 1366 1124 1088 532 1220 1236 1834 2150 1342 1761 1240 1840 1900 682 979 751 1376 1112 1101 1113 1224 1512 1023 1531 1102 1616 1166 1132 743 399 1490 1850 1081 993 1218 1586 1643 912 866 1807 1907 1518 2146 981 1445 2044 1694 996 2236 828 1736 1082 1165 1296 1277 1093 1170 2054 1373 904 1707 681 1497 1246 2096 468 1212 1063 1087 1391 2110 899 1451 917 1442 811 1467 995 463 1255 1023 1079 848 1950 2039 1590 945 820 1033 1107 1024 1734 804 1174 1089 521 1309 1086 1202 1269 1457 1390 1677 1085 1722 1324 1146 616 768 1780 1997 1586 1351 2126 1479 1664 803 697 985 1207 1457 1801 1826 543 1562 1224 1339 1128 1973 506 1456 1177 1623 1359 2011 1309 1241 2172 646 1711 1280 827 2034 1748 1470 761 1638 1167 1746 682 1555 1890 470 1396 1275 778 1045 1805 1112 1104 1724 1072 997 573 1603 1076 1125 1081 988 1933 1497 675
426 496 1478 588 489 1093 624 963 1065 844 1546 614 914 1022 692 802 481 590 1182 1078 360 1180 1346 1487 708 1353 1308 1472 1408 1409 976 654 1462 508 1144 1276 418 538 909 1102 1316 838 752 1053 406 639 942 936 1248 592 655 717 510 935 952 648 1556 941 779 666 886 875 1191 1234 616 1186 1003 1370 1408 834 1284 885 830 1612 1285 831 714 536 604 1383 648 788 459 1622 471 1015 824 557 952 1300 487 388 1444 975 1519 512 1073 993 1031 1206 470 1425 1332 1363 866 965 577 745 1270 1486 1433 1216 1062 722 1568 926 1428 1365 935 421 1385 1449 457 820 572 1251 654 1328 1218 423 1187 789 827 1582 1517 576 838 861 545 581 1068 583 1126 1322 1433 671 1080 1011 1315 1206 784 629 1468 802 1377 383 1251 796 847 438 838 1248 1240 670 553 1379 1092 782 1312 681 616 550 1108 1097 528 676 1155 1254 877 1428 825 1014 1368 1676 1244 1577 701 1484 495 532 1597 1107 637 744 1540 1447 574 993 850 787 1538 1439 1075 1454 510 987 672 1440 570 1238 533 819 650 1202 600 1032 707 503 1004 990 1231 1387 1258 1170 661 657 948 471 1289 1377 1552 519 1009 681 509 676 700 1647 1387 1196 531 1132 1504 463 1152 669 1062 1300 1047 1014 1546 1540 949 1042 1241 1453 595 1257 1458 1175 934 1191 506 817 692 1577 1117 1133 882 1317 1345 1537 610 852 1512 837 1320 889 892 1511 1029 783 741 954 1071 1221 835 837 1335 995 699 1155 862 520 1548 635 455 1224 640 1228 965 1043 462 409 712 780 1479 1034 1101
1191 1278 2070 1334 1261 1719 1022 586 1137 1092 1643 1382 1729 1753 1496 1586 1293 1358 610 824 1180 360 1104 2297 1279 2173 1253 2206 2163 2155 1776 1458 1470 1079 1091 747 1236 1353 1024 1899 983 1645 1453 1509 1226 1435 710 1747 2068 1404 886 1278 1294 1623 974 901 2223 1162 1554 1456 1581 1611 1912 1997 1418 1571 1541 2103 942 1374 871 1580 1631 2413 1869 1525 1004 1269 1245 1974 1220 1199 1086 1539 1272 1326 854 1335 1023 496 1254 1177 1866 1570 1839 1256 1579 1410 1842 639 1214 1196 2140 2159 1684 960 1288 1323 2088 1569 1258 1713 743 1539 2374 991 1660 2109 1730 1207 572 657 1260 1340 1254 2002 1222 2079 1201 1180 1898 1298 1635 1561 1719 1233 1175 1621 1113 1305 992 1390 878 2105 2192 1491 1692 949 2103 1841 809 1233 1025 1264 1574 1200 1559 1066 1452 1166 1654 1549 1945 1404 1323 1162 789 1496 1631 1346 1240 1227 1867 1455 1031 1142 1975 1788 1695 2168 800 1741 1945 2133 1453 2395 839 2116 1257 1332 1760 940 1336 1441 2327 1820 966 1708 1044 1507 1711 1968 716 1674 1249 1470 1456 2256 1101 1831 1091 1631 1041 1830 973 912 1479 1056 1469 571 1967 1909 1275 505 1071 961 833 1190 2036 1247 1637 1274 962 1490 1267 1117 1483 1919 1822 1438 1085 1559 1784 1279 1080 945 1810 1936 1835 1089 2357 1926 1735 1241 1157 1442 1391 1841 2150 1995 738 1890 1300 1200 1024 2304 970 1797 1504 1980 1788 2306 1429 1538 2331 986 2037 1580 1213 2302 1789 1444 1060 1586 1561 2007 1033 1593 1679 893 1516 911 678 1059 2185 1349 1149 1492 1320 1452 672 1433 1234 1228 1360 1312 2236 1781 511
1409 1344 1653 1573 1474 2072 1082 1146 699 1596 2287 1377 1823 2004 1507 1532 1457 1575 1342 1495 1346 1104 360 2372 1641 2157 1922 2446 2372 2378 1918 1482 2135 1198 586 1488 1395 1440 1579 2039 1706 1627 1736 1968 1375 1612 1309 1721 2089 1553 1200 1646 1495 1920 753 1234 2541 1699 1756 1452 1871 1859 1676 1812 1586 1100 1220 2346 1684 1768 603 1405 1601 2516 2259 1816 991 1516 1554 1573 1149 1010 1310 2236 1455 1846 911 1543 760 1074 1472 1365 2366 1942 2394 1492 2012 1882 1945 829 1444 1912 2045 2288 1770 740 1553 1686 2126 2214 514 1287 762 1579 2462 781 2248 2336 1886 1404 1228 1327 1441 1120 1245 2222 1574 1861 597 1298 1651 1702 1766 2241 2324 1529 1653 1840 1168 1562 1630 1552 623 2266 1970 1589 1386 696 2252 1515 1277 1564 1768 1056 2172 1351 2104 926 1240 1392 1666 2097 2225 1656 1540 1872 1471 1375 1082 1652 1559 1236 2079 1015 1310 1534 1989 1375 1778 1918 947 1998 1537 2619 2036 2338 1167 2469 1479 1513 2384 607 1615 1727 2469 2346 1228 1514 1562 1390 2327 1508 1398 2268 1489 1910 1442 2195 1432 2214 1394 1750 1433 2183 1127 1549 1688 1211 1919 1006 1741 1455 644 959 1468 1058 792 1433 2260 1940 2284 1503 1580 1635 1493 1056 1677 2501 2312 905 1175 1129 2356 1436 1734 1344 1638 1591 2000 721 2423 2449 1645 1804 1826 2112 1572 2231 2442 2008 1333 2176 1369 985 1014 2551 1633 2118 1852 2303 2271 2487 1507 1836 2281 1508 2301 1874 1709 2436 1639 1291 1511 1339 2003 2165 1546 1491 1136 1515 1565 584 1103 1188 2534 1617 1256 955 1612 2029 1285 1033 1446 1370 1680 1703 2440 2013 1213
1345 1423 1629 1326 1395 1173 1715 2072 2038 1703 2008 1361 933 987 1229 1202 1367 1299 2246 2064 1487 2297 2372 360 1437 649 2040 804 721 756 882 1259 2058 1616 2147 2299 1429 1331 1802 764 2232 1105 1241 1457 1442 1221 2004 1015 653 1255 1772 1442 1362 1131 2002 1755 1038 1720 1110 1283 1151 1088 1259 1114 1239 1838 1608 813 2365 1408 2376 1365 1132 512 1221 1193 1787 1390 1431 1599 1588 1722 1573 2231 1386 1633 1931 1321 1980 2422 1402 1484 1537 1270 1717 1401 1383 1515 815 2329 1442 2232 850 540 983 2020 1376 1407 609 1994 2409 1708 2173 1162 451 1970 1800 774 930 1451 2492 2543 1399 1623 1500 791 1473 1159 2176 1503 1286 1465 1021 2150 1873 1436 1626 1058 1612 1358 1961 1268 2207 628 1142 1180 1498 2068 607 1469 1861 1452 2397 1679 1825 1469 1657 1817 1518 1490 1066 1666 940 1265 1333 2198 2093 1365 1965 1344 1440 1516 857 1836 1625 1561 749 1662 973 1216 1945 1001 1619 1555 1771 716 1820 1122 1399 1325 1957 2169 1338 1253 551 1616 1694 1297 1745 1351 1917 1734 2108 1825 1408 1432 1292 731 1565 1207 1568 1027 1640 1137 1721 1976 1183 1626 1452 2116 1213 1726 2182 2297 1620 1765 2046 1466 785 2133 2024 1382 1927 1168 1389 1692 1176 1839 1503 1985 1624 1773 1768 1384 1988 1723 1192 1482 837 2010 422 1624 1113 1745 2033 2071 1265 1222 947 732 1986 972 1397 1747 1760 845 2023 1078 1272 1037 1482 653 1255 1190 690 1778 877 1156 1632 522 1167 1451 1665 1466 1406 687 1742 1254 1947 1955 1180 2227 1982 1633 1120 1322 1543 1974 1358 1752 2037 1789 1422 1442 1342 1443 705 942 2197
541 811 1768 555 605 810 937 1055 1393 630 1221 902 934 841 906 1023 672 590 1181 986 708 1279 1641 1437 360 1395 1051 1287 1250 1240 927 878 1164 829 1458 1222 694 777 728 1033 1167 1006 555 705 711 666 948 1075 1271 697 816 370 615 704 1256 786 1311 677 701 913 666 711 1430 1428 673 1531 1336 1185 1293 489 1533 1172 1015 1532 984 612 1028 552 464 1679 996 1135 699 1336 646 687 1091 603 1267 1414 601 680 1101 668 1171 572 734 645 1014 1399 600 1211 1440 1277 909 1266 517 406 1275 1168 1745 1546 1298 885 1503 1236 1086 1193 877 651 1451 1488 653 1165 913 1091 426 1528 1544 771 1433 443 829 1282 1176 492 566 739 885 528 894 674 1396 1211 1618 790 1386 1306 1215 1494 831 441 1332 1151 1042 718 905 1125 1176 635 975 904 1025 557 590 1170 1016 1074 1660 461 452 896 964 1445 690 496 1201 1574 920 1633 1066 828 1668 1343 915 1625 861 1215 594 642 1259 1394 495 544 1432 1100 773 1255 668 1074 1200 1752 1036 1112 569 641 926 1507 570 941 606 841 600 924 875 900 646 803 656 1144 1454 1704 1591 1323 568 946 1214 597 1123 1135 1229 578 853 729 585 1017 665 1299 1045 1545 860 1475 1156 683 942 700 1288 1581 960 1338 1499 1194 1143 750 1010 1162 648 956 1232 1219 925 971 804 1164 1012 1385 955 881 588 1066 1003 1398 798 622 1561 701 1118 664 597 1411 1248 1101 591 1263 729 1121 665 1087 1680 877 864 1431 997 832 1283 514 801 1573 474 898 984 1391 618 719 455 431 1324 875 1155
1239 1262 1339 1243 1289 1253 1548 1956 1818 1664 2091 1177 824 1031 1049 990 1244 1210 2159 2006 1353 2173 2157 649 1395 360 2057 1035 936 969 838 1084 2111 1463 1931 2232 1298 1180 1761 771 2202 905 1206 1505 1307 1124 1914 804 486 1137 1649 1402 1255 1154 1805 1638 1265 1704 1053 1098 1156 1078 974 826 1133 1575 1353 1007 2325 1401 2187 1121 927 797 1355 1182 1609 1298 1361 1311 1394 1512 1449 2288 1269 1649 1762 1223 1778 2291 1297 1358 1673 1310 1844 1303 1443 1541 744 2168 1335 2235 562 725 860 1825 1296 1376 502 2066 2179 1434 2001 996 732 1773 1892 967 885 1331 2378 2440 1279 1397 1318 931 1415 869 1948 1355 1002 1442 929 2213 1974 1358 1598 1031 1445 1278 1929 1156 2016 795 858 1044 1228 1872 763 1187 1762 1388 2367 1461 1900 1332 1729 1621 1282 1376 884 1736 1078 1202 1237 2197 2030 1142 1697 1294 1372 1339 923 1584 1510 1500 559 1382 849 930 1786 1044 1331 1741 1823 590 1694 1321 1296 1214 2062 1971 1274 1216 832 1742 1568 1036 1700 1127 2015 1446 2033 1919 1310 1465 1103 488 1476 1329 1469 923 1560 1253 1571 1929 1112 1480 1488 1979 925 1440 1947 2154 1546 1604 1868 1361 944 2147 2106 1284 1886 1060 1288 1504 1097 1975 1631 1733 1465 1511 1883 1257 1974 1629 922 1194 843 1797 672 1770 872 1750 2033 2119 1163 1348 1158 540 1900 1090 1238 1534 1582 1101 1989 1173 1283 1196 1602 921 1104 1187 526 1722 1048 1163 1617 798 903 1225 1605 1212 1464 783 1693 1026 1675 1902 1018 2032 1855 1482 1335 1255 1390 1717 1295 1803 1943 1541 1311 1304 1301 1419 949 984 2092
1193 1441 2425 1243 1261 1242 1410 1137 1803 824 754 1553 1612 1414 1586 1705 1331 1279 1014 794 1308 1253 1922 2040 1051 2057 360 1756 1763 1740 1578 1553 577 1353 1818 923 1325 1440 767 1660 690 1697 1218 949 1335 1357 973 1767 1930 1384 1175 1042 1283 1273 1627 1147 1666 738 1374 1583 1262 1338 2112 2119 1363 2092 1942 1673 828 1016 1724 1829 1704 2100 1288 1234 1474 1218 1127 2331 1562 1657 1235 687 1301 769 1434 1286 1661 1365 1254 1282 1124 1129 1025 1229 1031 885 1672 1508 1232 563 2124 1863 1594 1626 1196 1055 1926 681 2064 2154 1519 1573 2088 1622 826 1697 1531 1274 1298 1269 1301 1741 1513 1627 1061 2218 1927 1362 2113 985 1510 679 857 1145 851 1385 1420 1211 654 1360 1660 1781 2309 1480 2028 1646 1796 2152 1036 1094 807 1698 738 1328 820 1583 1791 1233 1667 808 1502 1246 1271 544 825 1726 2202 1150 1112 1487 1543 1986 1175 1002 1873 2199 1604 2323 1376 1399 2316 1370 677 2282 1181 1532 1249 1319 879 1695 1186 1209 1981 1047 1208 1927 819 1729 837 2385 900 829 1224 968 1594 2176 1098 1272 1135 1525 1022 1316 1322 733 1332 1314 948 1277 2141 2332 1993 1379 1006 1379 1517 1214 1647 452 745 1243 710 1421 1246 1528 1353 1066 1102 2044 1382 2049 954 1335 549 1046 1972 2245 1585 1743 2101 1143 1832 667 457 551 1336 1270 1642 1889 949 1455 1444 1679 1473 1827 650 1342 1136 1467 1085 1915 1478 1229 2221 846 1594 1256 814 1971 1934 1731 927 1902 1006 1713 835 1761 2235 769 1551 1699 1185 1342 1595 1206 1369 2087 1165 691 997 1940 1259 1343 1133 1007 1829 1460 1106
