140 973 652 853 1144 207 1255 612 1059 1246 1193 899 836 1271 967 891 268 400 935 344 1380 1352 236 1023 449 1302 577 1230 1088 1178 1067 1018 880 1045 1138 278 737 595 744 367 1399 868 1220 1190 1379 1337 1097 1004 425 1085 613 586 757 1178 425 1144 297 347 356 246 1273 1382 585 518 667 800 241 919 1061 227 625 231 675 204 768 1011 440 1205 706 549 590 1398 262 958 531 845 676 737 1303 939 645 342 620 446 674 503 986 264 1271 720 964 592 327 266 915 282 1082 1054 651 1381 761 599 369 387 552 332 701 319 796 563 447 1348 379 598 291 534 299 334 1008 408 1367 1091 908 1011 1025 798 775 1057 1124 577 1330 222 729 929 522 454 1232 556 723 1296 1016 378 833 1286 1201 1110 626 720 301 818 1397 411 1313 871 1340 730 1360 474 924 563 369 1260 555 238 309 944 400 624 810 746 1213 437 473 200 269 718 868 819 725 1101 871 661 440 688 474 232 612 202 545 377 589 458 903 752 753 900 550 316 502 687 1103 676 1393 1207 1168 1344 1002 1172 1200 1091 1103 643 202 724 414 823 365 982 265 1290 287 466 888 433 870 867 1271 605 1084 802 894 1361 1227 225 1276 697 357 550 705 405 337 416 430 362 691 386 640 1369 533 1097 766 682 1098 346 639 790 1200 1183 691 554 1225 501 1144 893 1206 1367 699 700 836 1185 1308 1003 1212 1128 345 1185 558 453 518 605 1085 262 691 1138 1083 1188 474 467 351 501 735 550 438 398 900 515 607 787 1156 784 279 1190 386 1247 1155 1052 796
1073 360 1569 1190 2075 1134 1794 1318 1943 2170 1707 1624 919 1626 1756 1788 1171 1174 680 1180 911 1894 1135 1721 1261 1313 1407 2075 1320 1566 1812 1674 1323 1902 1555 1210 1055 1341 1558 1055 1963 1180 1307 1033 1760 984 1635 1384 1026 1346 1540 1044 662 2107 1015 1225 1154 1194 1275 1086 1822 1174 886 855 1589 670 1173 419 912 1120 1554 1164 1605 1133 1089 1532 956 2090 830 853 882 2307 1186 416 1357 1512 1370 765 1590 1163 1008 1158 1245 1353 1472 1434 1394 1187 665 1210 1781 1420 1134 1184 1205 1207 1479 1979 1138 1947 836 1067 1261 1039 1274 1258 1630 1025 630 1148 1342 2018 1194 1384 1105 1466 1233 1261 1859 1074 2149 803 762 410 1745 584 657 727 551 1439 2233 1113 1496 1487 835 1114 2025 1033 1622 2226 1940 1148 510 1434 2028 1434 917 1633 1156 1418 1868 991 969 1773 954 1431 1823 1400 1635 949 1181 964 1419 1100 1215 1369 1220 1064 1422 1665 1754 959 859 1133 1145 658 1522 1229 1515 1041 1804 1353 1361 1608 1344 1106 723 1131 1118 986 1513 1206 1837 1434 1463 729 1310 1117 837 723 1673 1556 1309 2035 1442 2274 1771 1059 1614 480 507 1491 1135 859 1197 561 1135 1793 1070 875 1046 1388 1670 913 1483 1781 2138 1205 1840 675 1776 1989 1618 1138 685 1368 1251 928 1509 1180 1264 1305 1363 1279 1490 1262 1345 1728 856 1757 1493 826 2030 1257 1061 959 1555 1923 1061 1419 2159 1433 2077 1253 617 1564 1519 1555 1611 2017 807 1068 608 1840 1134 1136 1368 1386 1448 1497 694 1186 747 1542 1589 2121 1269 873 1276 1180 1645 1086 1163 1020 1761 829 749 1698 1445 1207 1179 577 1318 1412 1371 1896 847
752 1569 360 1156 930 808 1267 774 1005 1059 1239 839 1284 1415 805 608 761 898 1546 752 1907 1635 823 948 859 1841 607 1219 1583 1587 1226 988 1329 789 1273 745 1119 957 640 879 1659 1379 1537 1776 1759 1941 1149 1211 1009 1570 595 1140 1369 902 1014 1681 774 834 722 857 1565 1966 1096 1130 387 1412 778 1518 1525 833 434 780 584 810 1304 1107 1045 1124 1307 1095 1101 1242 751 1560 632 876 1037 1262 1741 1270 1067 865 1067 576 922 525 1425 776 1857 1200 767 607 796 782 1424 760 1249 770 983 1347 1252 1142 667 898 966 719 456 931 1357 898 734 1233 861 672 875 507 720 716 1031 974 1424 1596 1416 1611 926 1408 1331 1581 1730 548 1039 833 984 1025 1134 987 1295 1117 747 1021 850 901 1436 1784 961 1318 1106 429 772 932 1722 944 1917 820 1842 1056 1695 539 868 1044 865 1861 787 838 774 1385 854 1013 918 685 1231 977 1077 811 830 1329 1178 1091 671 1519 644 793 672 399 778 843 1218 813 910 986 430 924 669 1086 1060 1418 929 882 1092 1242 1125 488 1949 967 1633 1123 855 1595 1320 1689 1689 833 809 1210 889 1433 901 789 876 1806 897 653 759 1045 944 575 997 885 931 1347 627 1575 1625 816 1882 822 677 1145 644 896 712 626 615 652 650 785 776 1763 1086 1039 1048 1193 872 673 1027 1365 1623 1320 1072 786 978 531 886 1161 1811 1591 616 551 1032 1204 1920 1564 1814 1307 888 1750 646 585 506 731 1697 751 1235 1546 1443 931 880 1078 711 987 712 940 939 991 658 1126 1184 740 1373 1067 751 1783 657 1743 1417 810 1278
953 1190 1156 360 1721 1006 965 741 1772 1854 878 907 640 828 1070 1257 972 1208 1385 898 1248 2163 1048 961 1262 1953 908 1973 1814 1960 1868 894 1658 1276 730 1054 512 1409 960 852 2212 1600 746 1745 2166 1784 811 559 1163 1822 1297 1318 1212 1641 1154 1814 929 1160 1135 1001 2085 1924 748 1103 1183 1265 1037 1173 817 1032 1195 1015 1333 1009 1486 709 1118 1905 1294 820 748 2038 1000 1220 888 779 1489 790 2062 476 604 1152 1420 1011 1478 1133 1762 1065 1367 1495 1122 910 891 1072 1645 1076 656 1501 563 1118 713 1340 960 836 1364 1105 1251 1032 922 658 1230 1213 1191 845 1086 1159 1055 1104 1760 1177 2144 942 822 1240 998 1186 897 970 1381 968 1649 1016 1537 687 1079 1237 2008 1287 1453 1752 1645 1182 1143 1995 1342 639 688 1186 927 667 2202 839 1765 1576 1145 1543 2163 1086 904 711 1181 1740 1343 985 1113 1722 1214 595 679 1434 926 834 985 1014 1081 1155 1681 431 907 757 1439 731 1191 1190 1270 1023 1040 1011 670 1067 1147 1267 1463 1566 1567 848 1364 1115 932 860 855 1059 2004 1348 1915 1908 1062 830 793 1289 1231 1430 1013 697 1225 1196 1166 1125 1011 1140 1000 1205 998 1043 717 1295 1492 641 1108 874 1216 2173 2011 1038 1497 712 962 1215 921 1214 1104 963 1133 1008 904 1191 743 2151 835 968 1578 745 1661 990 583 1441 1974 1981 539 1341 1750 1138 1654 424 1436 875 947 1016 1637 1941 1637 1648 1411 1934 1147 1797 870 1132 1132 1362 1483 999 828 1922 1886 1697 1287 1031 1121 1300 1443 663 1240 1130 1169 1049 910 1487 675 449 968 1337 1117 1960 661 1250 703
1244 2075 930 1721 360 1303 1703 1340 712 501 1702 1303 1852 1920 1183 873 1277 1287 1980 1296 2463 1571 1299 1371 1209 2094 1174 879 1798 1690 1118 1438 1532 1001 1784 1226 1689 1207 1146 1419 1561 1647 2097 2120 1798 2330 1628 1754 1433 1773 894 1504 1828 599 1442 1945 1304 1249 1160 1350 1525 2294 1648 1592 903 1861 1263 2019 2092 1315 909 1275 829 1305 1616 1615 1493 714 1721 1635 1653 696 1257 2055 1202 1387 1245 1813 1859 1837 1635 1286 1344 1122 1089 1014 1595 1247 2375 1470 1116 1172 1335 1250 1681 1228 1775 658 1553 1732 1813 1494 1208 1440 1258 1176 840 1409 1894 1468 1101 1548 1258 1236 1331 982 1204 1173 842 1387 1116 2157 1975 2110 1332 1884 1870 2137 2213 1116 884 1323 1117 1543 1606 1369 1033 1492 850 639 516 1306 1931 1979 1129 1855 1666 895 1303 1469 1695 1483 2306 725 2405 1221 1686 1057 1328 1602 1269 2241 1055 1339 1220 1565 1236 1582 1454 781 1677 1515 1576 1303 1289 1801 1272 1655 1195 2089 648 1352 1074 893 1113 1329 1711 1306 1479 1452 957 1278 620 1245 1203 1974 1210 1323 1606 1781 1589 1023 2225 1131 1800 560 1231 2166 1820 2191 2208 1017 1301 1771 1267 1910 1315 1131 1365 2366 1389 1046 1193 1523 1463 807 1023 1455 1274 1892 930 1436 1707 1297 2366 1376 1214 1563 1174 1282 1170 1177 1074 1176 1187 1182 1338 1818 1623 1456 1172 1747 422 1199 1596 1723 1736 1149 1642 1054 489 1013 508 1721 2298 2122 1145 1072 1069 912 2364 1877 2309 1195 1312 2055 1215 1053 1005 964 2134 1257 1779 1654 1513 506 1213 1561 1158 1329 811 1507 1313 1429 996 1607 1709 765 1911 1632 1271 2292 1117 1940 1967 1047 1841
307 1134 808 1006 1303 360 1408 764 1221 1407 1346 1052 991 1424 1120 1047 421 567 1099 496 1538 1519 403 1176 615 1469 730 1393 1255 1346 1233 1170 1048 1199 1290 438 891 762 898 522 1566 1035 1374 1356 1546 1502 1250 1157 592 1253 773 753 920 1336 591 1311 449 514 519 409 1440 1548 742 682 824 964 402 1080 1217 395 782 389 835 363 935 1164 606 1367 871 706 746 1559 417 1120 684 997 843 895 1470 1093 800 509 787 601 840 661 1153 427 1432 888 1118 745 479 430 1083 445 1234 1212 805 1533 918 766 523 542 719 493 858 483 955 716 611 1501 546 751 459 692 459 495 1171 576 1532 1248 1066 1173 1178 961 934 1215 1286 731 1487 387 895 1081 686 622 1396 723 886 1454 1176 546 995 1454 1355 1263 781 876 453 970 1565 567 1478 1033 1498 897 1527 631 1076 718 536 1425 719 396 474 1112 567 778 963 907 1365 594 635 368 436 881 1034 972 878 1257 1029 813 602 845 639 398 774 367 698 542 745 625 1062 919 920 1057 717 484 662 846 1255 831 1560 1361 1335 1503 1156 1328 1352 1253 1264 807 366 880 581 986 532 1136 428 1448 449 627 1041 597 1023 1024 1426 758 1237 961 1049 1527 1394 393 1438 850 511 716 858 572 498 570 589 517 844 551 793 1536 691 1249 932 839 1257 501 792 957 1368 1349 845 718 1384 659 1303 1046 1369 1520 852 854 1001 1349 1471 1170 1374 1294 512 1351 711 612 675 768 1249 417 849 1306 1251 1346 641 630 513 669 896 703 605 564 1055 678 766 949 1309 937 432 1351 546 1414 1308 1206 952
1355 1794 1267 965 1703 1408 360 1003 1894 1844 448 788 1243 676 879 1194 1351 1609 1966 1271 1794 2511 1450 693 1627 2485 1093 2112 2299 2389 2128 639 2094 1078 631 1415 1101 1767 987 1306 2544 2079 1073 2311 2584 2375 525 782 1625 2299 1493 1791 1783 1529 1620 2335 1318 1543 1467 1428 2436 2497 1313 1625 1288 1837 1418 1775 1376 1442 1337 1400 1492 1411 1973 627 1606 1993 1832 1376 1315 2038 1371 1822 1118 780 1854 1390 2518 1016 1166 1552 1828 1266 1784 1353 2200 1440 1965 1936 947 1082 1294 1449 2126 1440 698 1413 1052 513 1317 1808 1278 1302 1745 1442 1351 1489 1524 1096 1540 676 1579 1042 1506 1362 1402 1440 1936 1621 2328 1516 1423 1844 731 1769 1499 1558 1985 1135 1401 1429 1849 695 1607 1670 2201 1760 1653 1609 1695 1592 1737 2495 1026 781 1262 1249 1314 800 2580 1329 2355 1722 1673 1893 2547 1320 759 1259 1573 2324 1637 1405 1478 2158 1591 1124 806 1593 403 1341 1511 1416 1481 1726 2030 926 965 1272 1483 954 1481 1280 1590 1440 1601 1415 1127 1541 1306 1662 1491 1922 1907 1450 1726 1532 1472 1451 513 1139 2555 1029 2383 1843 831 1325 601 1894 1835 1707 1414 1296 1617 1783 1580 932 1447 1690 1447 1480 883 1546 745 1268 1198 1037 801 1478 1136 2472 2435 1439 2102 918 1287 1718 993 1612 1437 1248 1407 1318 994 1541 976 2578 1386 607 1906 1337 1641 1314 1121 1962 2414 2227 1104 1635 1674 1361 1583 902 2041 918 1017 1076 1920 2104 2240 2177 2016 2207 1560 2344 1087 1388 1341 1612 2076 1371 1421 2348 2276 1617 1654 1548 1450 1713 1620 1145 1650 1592 1069 1580 1482 1646 809 952 1341 1940 1418 2456 913 1033 1308
712 1318 774 741 1340 764 1003 360 1401 1473 944 677 906 1053 797 894 707 965 1401 627 1549 1889 807 792 989 1859 527 1608 1658 1746 1543 773 1451 958 912 773 724 1133 612 682 1929 1438 1123 1713 1943 1818 847 813 986 1657 935 1152 1211 1271 983 1704 675 901 834 787 1812 1904 793 1014 802 1264 775 1280 1139 799 817 757 961 768 1335 768 976 1530 1223 829 797 1657 727 1327 513 596 1220 940 1875 856 702 909 1185 657 1170 771 1556 798 1570 1292 825 528 653 806 1485 799 869 1131 586 1129 904 1167 642 685 1106 807 870 853 1063 533 918 1115 937 464 863 793 763 805 1402 979 1794 1232 1065 1367 805 1221 1035 1233 1503 586 1317 786 1233 682 1002 1026 1659 1121 1097 1386 1265 948 1216 1856 1071 923 773 805 671 571 1949 724 1796 1208 1467 1264 1914 727 695 730 930 1754 1024 763 837 1515 950 640 561 1065 961 747 911 772 837 1158 1403 677 563 1116 1057 409 865 808 965 797 1030 771 561 909 770 1020 1081 1291 1282 1076 1091 889 889 956 850 681 1939 1077 1740 1528 815 1192 970 1436 1410 1105 770 865 974 1240 936 835 807 1443 810 871 711 927 618 922 1191 489 888 1036 862 1871 1793 796 1644 445 649 1091 565 969 803 622 795 686 545 905 390 1936 830 855 1285 869 1280 677 651 1337 1770 1651 684 1023 1373 778 1277 747 1575 1196 584 645 1319 1583 1732 1554 1565 1616 916 1728 490 786 767 1022 1534 727 937 1706 1640 1322 1016 939 818 1070 1079 594 1006 955 828 979 940 1120 976 652 698 1513 794 1817 1009 945 921
1159 1943 1005 1772 712 1221 1894 1401 360 687 1875 1469 1838 2061 1389 1079 1218 1128 1790 1265 2396 1218 1201 1563 1041 1801 1240 577 1500 1360 768 1616 1244 1256 1918 1145 1702 983 1279 1369 1208 1380 2159 1868 1453 2097 1789 1851 1276 1471 836 1299 1665 940 1288 1661 1255 1116 1062 1259 1174 2028 1601 1448 979 1687 1178 1884 2073 1220 947 1196 800 1221 1373 1752 1347 507 1531 1568 1605 742 1191 1914 1248 1520 991 1756 1529 1880 1628 1149 1111 1121 848 999 1290 1155 2249 1217 1330 1243 1293 1154 1406 1136 1893 948 1579 1953 1776 1284 1185 1391 1046 1088 912 1297 1809 1484 975 1797 1111 1306 1211 973 1131 1086 497 1229 804 2110 1927 1971 1532 1731 1790 2076 2054 1181 1226 1232 851 1670 1468 1192 696 1297 695 992 596 1155 1793 1668 1412 1959 1633 1008 1256 1576 1344 1425 2073 555 2359 950 1336 1047 1497 1568 1124 2005 885 1257 1114 1266 1084 1587 1562 698 1862 1454 1465 1218 1180 1650 964 1714 1315 2096 777 1429 980 983 963 1234 1585 1221 1485 1324 992 1099 778 967 925 1919 1003 1194 1509 1704 1761 1129 1937 1415 1486 825 1441 2171 1965 2052 2086 812 1217 1736 1105 1758 1169 1349 1267 2308 1292 957 1372 1397 1589 999 1338 1490 1501 1820 1136 1085 1373 1203 2204 1461 1187 1387 1289 1122 1084 1172 1016 1141 1296 1051 1410 1476 1552 1654 890 1699 735 1163 1602 1497 1408 798 1654 885 840 994 847 1787 2139 2233 1260 1191 768 580 2168 1619 2157 843 1172 1786 1271 1009 1000 815 1940 1192 1710 1328 1181 857 1034 1438 1068 1134 693 1507 1140 1283 1200 1478 1617 645 2014 1685 1216 2158 1047 1631 2051 1298 1809
1346 2170 1059 1854 501 1407 1844 1473 687 360 1843 1444 1975 2061 1324 1014 1386 1367 2056 1411 2577 1531 1398 1512 1285 2121 1306 800 1822 1688 1090 1579 1560 1139 1924 1328 1816 1263 1285 1532 1513 1688 2232 2170 1777 2390 1770 1892 1516 1794 993 1571 1912 713 1526 1977 1416 1337 1256 1452 1493 2337 1763 1681 1032 1942 1365 2113 2215 1415 1031 1378 932 1407 1668 1756 1580 631 1795 1745 1768 554 1364 2148 1331 1527 1289 1927 1857 1969 1758 1374 1398 1241 1135 1128 1613 1347 2473 1516 1256 1304 1449 1349 1717 1327 1914 795 1681 1871 1931 1559 1324 1553 1319 1276 966 1506 2002 1594 1188 1683 1342 1369 1424 1096 1308 1273 825 1469 1030 2274 2092 2203 1472 1972 1979 2251 2301 1247 984 1424 1153 1683 1697 1445 967 1563 917 714 590 1390 2024 1993 1260 1994 1784 1029 1415 1608 1661 1594 2365 773 2523 1256 1656 1173 1469 1720 1354 2299 1127 1443 1315 1587 1318 1707 1593 865 1818 1626 1674 1406 1385 1890 1287 1788 1333 2217 775 1487 1170 1024 1193 1429 1806 1409 1604 1544 1080 1352 751 1277 1234 2089 1273 1413 1709 1890 1730 1158 2255 1261 1812 497 1372 2293 1961 2285 2306 1076 1404 1890 1346 1998 1400 1272 1465 2482 1490 1143 1335 1617 1603 948 1143 1584 1413 2003 1071 1382 1700 1397 2453 1512 1329 1641 1311 1362 1270 1296 1179 1288 1324 1269 1472 1802 1732 1597 1201 1863 563 1312 1722 1783 1736 1101 1769 1126 568 1126 632 1856 2385 2261 1282 1210 1086 848 2439 1923 2399 1160 1399 2096 1346 1161 1121 1040 2209 1364 1890 1655 1509 613 1285 1656 1257 1397 887 1631 1389 1516 1137 1701 1813 836 2049 1765 1380 2388 1220 1956 2104 1185 1961
1293 1707 1239 878 1702 1346 448 944 1875 1843 360 767 1156 616 882 1189 1290 1549 1884 1209 1708 2464 1389 693 1572 2412 1048 2092 2232 2330 2092 624 2033 1092 547 1357 1016 1714 958 1236 2500 2012 994 2232 2527 2292 456 694 1558 2234 1458 1724 1702 1540 1553 2263 1256 1485 1414 1363 2389 2417 1232 1551 1261 1757 1358 1689 1289 1379 1306 1340 1462 1349 1905 549 1535 1980 1757 1296 1233 2038 1311 1736 1068 733 1801 1305 2456 928 1084 1492 1769 1218 1738 1312 2139 1382 1877 1874 951 1038 1230 1390 2059 1383 611 1418 974 601 1231 1741 1223 1231 1689 1388 1326 1421 1438 1023 1491 749 1521 992 1443 1324 1346 1386 1910 1556 2303 1428 1335 1758 736 1687 1413 1470 1899 1094 1432 1366 1803 625 1532 1607 2174 1692 1620 1626 1684 1531 1653 2426 1061 697 1179 1227 1252 735 2529 1256 2272 1697 1588 1843 2495 1276 739 1179 1514 2242 1591 1341 1421 2098 1534 1045 743 1564 417 1266 1436 1354 1420 1646 1981 842 929 1186 1469 896 1433 1255 1540 1376 1522 1352 1053 1472 1272 1604 1480 1871 1858 1363 1672 1470 1394 1368 474 1111 2479 1065 2319 1851 838 1239 527 1807 1747 1665 1352 1211 1558 1700 1518 938 1381 1603 1380 1434 871 1474 686 1260 1233 965 823 1392 1132 2432 2377 1378 2014 858 1231 1647 957 1553 1384 1196 1360 1265 956 1487 917 2520 1307 619 1858 1253 1640 1259 1040 1889 2354 2193 1021 1590 1682 1320 1589 815 1954 858 984 1048 1878 2081 2154 2104 1929 2169 1498 2268 1037 1343 1301 1571 1993 1311 1337 2290 2223 1625 1599 1474 1397 1653 1590 1070 1590 1525 1066 1504 1400 1619 729 868 1281 1852 1368 2388 831 1049 1221
999 1624 839 907 1303 1052 788 677 1469 1444 767 360 1152 977 525 791 991 1235 1719 921 1789 2096 1091 484 1237 2161 693 1686 1943 2002 1702 509 1717 742 844 1038 968 1368 560 997 2126 1725 1217 2027 2189 2136 686 850 1283 1939 1067 1446 1529 1161 1282 2004 968 1166 1075 1084 2023 2219 1099 1328 859 1582 1051 1589 1361 1087 910 1037 1063 1056 1628 678 1282 1573 1536 1142 1102 1639 1004 1637 731 487 1455 1231 2142 1014 983 1182 1446 865 1370 936 1820 1068 1859 1566 585 679 956 1077 1772 1064 846 1031 852 874 1180 1458 900 1001 1355 1054 922 1156 1361 837 1136 808 1201 661 1150 941 1021 1051 1508 1268 1900 1476 1329 1673 488 1537 1332 1492 1811 722 1114 1077 1435 620 1317 1308 1772 1416 1225 1260 1278 1223 1529 2144 796 936 1068 821 964 599 2173 1041 2113 1293 1691 1488 2142 908 389 1036 1198 2071 1225 1060 1097 1779 1208 923 588 1164 754 1064 1228 1060 1116 1476 1622 837 547 1303 1062 635 1074 851 1186 1089 1347 1059 869 1215 880 1282 1074 1518 1499 1347 1330 1172 1206 1260 652 711 2247 802 2015 1463 516 1374 876 1739 1704 1289 1057 1145 1238 1556 1214 583 1106 1681 1113 1068 472 1240 555 857 947 779 576 1327 736 2049 2045 1080 1949 616 910 1397 574 1237 1048 860 999 931 581 1150 647 2187 1144 568 1495 1162 1240 933 928 1643 2031 1799 943 1223 1295 944 1199 874 1881 1188 595 648 1499 1676 2046 1859 1868 1782 1195 2037 702 978 922 1191 1851 1004 1237 1960 1876 1238 1263 1254 1058 1339 1192 899 1278 1253 673 1295 1253 1217 990 835 980 1809 1018 2104 1065 710 1188
936 919 1284 640 1852 991 1243 906 1838 1975 1156 1152 360 1068 1308 1439 983 1160 1150 933 1004 2090 1023 1225 1233 1755 1053 2021 1657 1840 1858 1164 1544 1496 996 1061 546 1369 1156 832 2147 1456 808 1520 2048 1530 1091 826 1069 1672 1367 1198 996 1811 1058 1628 943 1132 1146 965 2011 1690 618 956 1311 1046 1032 910 600 1004 1304 1011 1416 993 1343 990 1007 1981 1112 680 615 2147 1010 955 1016 1027 1438 548 1920 604 577 1111 1343 1095 1466 1212 1643 1059 1087 1388 1351 1061 905 1062 1498 1075 920 1671 679 1397 469 1223 1017 811 1312 1118 1372 963 662 748 1241 1492 1155 1003 1039 1243 1071 1118 1800 1098 2163 687 542 969 1258 953 642 700 1108 1106 1861 989 1516 961 928 1159 2028 1170 1505 1927 1752 1130 895 1823 1586 875 570 1331 942 919 2108 785 1513 1644 921 1498 2066 1166 1156 633 1142 1494 1351 959 1106 1606 1182 632 927 1507 1205 763 852 996 1052 942 1627 693 1104 626 1564 919 1222 1323 1270 991 850 994 733 976 1255 1216 1592 1515 1526 567 1326 1067 790 638 1135 1217 1789 1592 1768 2048 1308 696 1054 1012 951 1439 997 486 1181 958 1113 1357 967 897 946 1243 1228 926 978 1461 1724 777 1364 609 1408 2129 1893 1017 1218 917 1014 1077 1110 1167 1120 1040 1182 1058 1091 1181 922 2026 698 1242 1544 545 1796 1036 619 1268 1846 1974 582 1350 1902 1215 1808 701 1159 1035 1130 1189 1628 1980 1367 1459 1133 1913 1098 1589 1010 1191 1217 1394 1229 1010 606 1805 1795 1853 1254 899 1137 1232 1506 704 1180 1040 1373 898 721 1556 890 683 983 1057 1152 1791 826 1477 439
1371 1626 1415 828 1920 1424 676 1053 2061 2061 616 977 1068 360 1116 1408 1376 1631 1847 1295 1532 2577 1467 932 1670 2421 1193 2275 2274 2404 2236 854 2102 1334 502 1453 980 1817 1145 1287 2619 2057 781 2211 2607 2237 658 634 1610 2280 1616 1771 1678 1774 1603 2280 1337 1574 1523 1430 2499 2388 1216 1567 1441 1731 1446 1618 1139 1454 1476 1425 1631 1427 1945 668 1573 2175 1761 1287 1216 2255 1402 1663 1200 902 1902 1244 2515 823 1070 1573 1850 1349 1862 1458 2207 1472 1750 1939 1185 1187 1304 1480 2103 1478 549 1647 994 797 1163 1792 1331 1276 1782 1494 1509 1475 1369 1071 1610 992 1608 1130 1514 1475 1447 1492 2080 1618 2474 1283 1229 1675 977 1648 1347 1337 1812 1248 1683 1439 1925 750 1544 1675 2341 1740 1779 1866 1886 1609 1599 2459 1315 553 1156 1417 1333 851 2628 1289 2220 1874 1404 1950 2591 1416 953 1176 1599 2198 1718 1410 1516 2167 1626 1050 864 1735 668 1290 1449 1431 1500 1622 2090 828 1105 1019 1670 1013 1558 1438 1656 1448 1508 1430 1094 1517 1436 1689 1684 1976 1970 1261 1773 1543 1398 1322 708 1291 2472 1319 2371 2079 1077 1057 461 1711 1639 1798 1430 1155 1645 1656 1594 1175 1444 1432 1437 1565 1088 1502 831 1473 1487 1025 1072 1317 1353 2564 2454 1457 1911 976 1337 1676 1131 1636 1491 1315 1489 1377 1125 1589 1034 2595 1302 869 1975 1208 1857 1366 1040 1907 2422 2343 1004 1716 1911 1465 1816 767 1856 602 1160 1231 2013 2257 2072 2115 1825 2309 1574 2265 1171 1478 1450 1713 1936 1401 1290 2364 2315 1854 1697 1493 1506 1731 1755 1100 1668 1577 1289 1514 1377 1791 543 863 1369 1740 1487 2423 637 1292 1144
1067 1756 805 1070 1183 1120 879 797 1389 1324 882 525 1308 1116 360 675 1059 1280 1825 1000 1948 2080 1154 549 1267 2225 750 1606 1989 2021 1664 622 1749 581 990 1090 1122 1385 582 1097 2103 1775 1380 2114 2199 2240 817 1013 1352 1981 1040 1507 1635 1019 1352 2066 1045 1211 1109 1159 2010 2306 1230 1420 818 1687 1110 1717 1522 1154 879 1100 1021 1124 1686 831 1362 1479 1624 1265 1234 1519 1066 1764 799 651 1469 1372 2169 1178 1127 1233 1479 900 1364 939 1849 1122 2002 1606 429 735 1041 1131 1822 1114 1001 896 998 924 1327 1517 958 1105 1383 1093 868 1235 1498 968 1153 788 1245 745 1214 935 1069 1090 1445 1330 1829 1634 1481 1804 508 1651 1470 1646 1940 755 950 1147 1428 782 1413 1362 1708 1479 1186 1110 1180 1274 1652 2191 638 1094 1207 765 1041 762 2167 1149 2217 1229 1852 1494 2139 923 536 1167 1244 2170 1225 1135 1143 1808 1247 1065 750 1112 854 1176 1330 1127 1175 1585 1621 999 609 1467 972 764 1088 804 1201 1159 1458 1127 998 1295 863 1321 976 1525 1501 1496 1351 1232 1317 1393 771 692 2320 644 2052 1329 412 1538 1015 1873 1844 1278 1124 1290 1279 1672 1268 420 1181 1840 1193 1077 445 1331 720 752 782 915 487 1469 617 2016 2061 1144 2081 755 970 1476 624 1281 1086 913 1017 979 640 1183 770 2200 1265 632 1491 1302 1121 987 1073 1718 2054 1752 1092 1223 1159 947 1066 1039 2012 1338 627 642 1476 1604 2167 1930 2002 1746 1250 2112 775 991 922 1175 1963 1066 1373 1979 1883 1102 1291 1350 1093 1382 1146 1030 1324 1325 551 1395 1375 1162 1147 996 1048 1948 1046 2151 1226 546 1339
991 1788 608 1257 873 1047 1194 894 1079 1014 1189 791 1439 1408 675 360 995 1146 1787 969 2079 1821 1066 860 1105 2087 752 1295 1824 1811 1385 925 1566 558 1274 989 1259 1191 657 1093 1835 1624 1614 2024 1972 2187 1115 1258 1256 1809 804 1388 1606 744 1260 1927 1001 1082 971 1095 1756 2214 1289 1370 602 1651 1021 1740 1674 1074 664 1020 763 1050 1552 1106 1289 1164 1553 1300 1294 1209 989 1784 798 883 1267 1450 1969 1373 1229 1114 1309 806 1137 773 1658 1021 2066 1443 612 742 1015 1028 1668 1006 1269 607 1121 1237 1427 1391 894 1109 1208 967 615 1171 1558 1054 978 1078 1109 796 1120 753 964 964 1147 1222 1523 1763 1591 1832 823 1640 1531 1759 1957 710 804 1073 1196 1038 1372 1236 1406 1365 920 855 865 1150 1662 2024 733 1354 1286 540 998 976 1919 1156 2162 933 2001 1278 1896 785 815 1231 1113 2108 1016 1074 1022 1619 1102 1169 961 835 1166 1188 1308 1051 1076 1564 1390 1186 710 1646 662 890 918 580 1019 1084 1447 1053 1075 1228 679 1171 663 1309 1278 1598 1168 1129 1315 1445 1076 593 2197 737 1868 1034 726 1722 1307 1908 1900 1046 1048 1386 1137 1664 1149 630 1115 1975 1135 897 680 1283 961 440 749 1022 781 1542 418 1738 1845 1059 2106 904 905 1392 696 1145 959 847 864 889 714 1033 882 1979 1294 947 1261 1379 810 907 1181 1614 1849 1464 1218 1015 867 779 770 1245 2036 1615 672 610 1221 1298 2156 1812 2035 1469 1136 1998 795 834 755 945 1936 989 1433 1770 1657 811 1124 1313 959 1233 874 1108 1187 1237 484 1361 1399 878 1409 1170 984 1997 906 1983 1474 592 1448
368 1171 761 972 1277 421 1351 707 1218 1386 1290 991 983 1376 1059 995 360 619 1153 441 1552 1561 460 1115 654 1530 669 1398 1315 1400 1258 1110 1103 1142 1241 442 866 802 836 511 1606 1095 1346 1416 1598 1558 1194 1113 653 1312 756 814 971 1296 653 1373 402 558 526 462 1483 1609 743 736 779 1016 429 1119 1215 456 743 409 813 425 996 1110 665 1362 930 719 748 1544 388 1160 622 938 885 904 1527 1064 780 561 839 548 866 625 1209 455 1464 945 1058 684 441 463 1143 463 1188 1169 768 1474 918 827 464 533 765 497 819 539 977 675 623 1439 592 689 519 657 448 497 1177 637 1547 1255 1072 1211 1116 1007 953 1227 1329 671 1437 447 924 1027 737 680 1411 785 883 1415 1156 600 1035 1514 1296 1220 775 827 405 915 1612 570 1534 1026 1505 936 1575 589 1015 710 585 1483 735 439 502 1167 610 750 907 894 1308 601 676 428 489 929 1075 933 816 1245 997 756 599 799 659 459 816 428 662 599 702 674 1029 960 957 1066 757 543 694 864 1198 774 1621 1302 1394 1477 1094 1318 1303 1290 1296 824 426 878 629 1031 588 1075 484 1459 500 620 980 648 966 976 1371 712 1175 977 994 1562 1447 449 1480 793 452 777 796 623 498 512 567 468 782 578 735 1590 706 1189 967 843 1228 447 766 1018 1423 1372 819 734 1352 625 1267 1008 1410 1481 791 795 1026 1358 1521 1232 1414 1322 568 1413 649 584 637 771 1301 388 864 1359 1299 1312 680 678 515 723 888 673 659 626 997 726 793 939 1268 898 371 1386 531 1474 1273 1148 951
500 1174 898 1208 1287 567 1609 965 1128 1367 1549 1235 1160 1631 1280 1146 619 360 1054 700 1644 1315 524 1359 447 1309 902 1271 1070 1141 1061 1362 846 1322 1498 556 1084 569 1061 716 1364 855 1566 1241 1339 1422 1453 1364 509 1064 763 602 905 1369 520 1149 655 429 536 567 1236 1429 902 679 904 934 550 1116 1370 537 846 569 831 564 769 1369 578 1275 796 848 905 1494 597 1146 863 1193 642 1031 1271 1288 989 417 580 739 676 732 951 528 1480 691 1266 916 687 519 902 531 1442 1262 1009 1729 1072 604 695 733 516 547 914 557 1057 922 548 1681 396 936 483 753 573 551 1051 462 1379 1378 1202 1203 1356 966 1041 1333 1294 886 1562 553 719 1286 699 450 1246 581 811 1482 1141 390 1025 1271 1489 1469 952 966 659 1174 1357 742 1398 961 1622 700 1320 728 1261 895 396 1337 605 583 497 909 410 975 1166 866 1566 759 708 559 491 884 834 1178 1051 1426 1045 1014 595 926 534 545 818 561 903 563 827 418 1078 719 726 1186 525 454 761 962 1455 962 1413 1495 1141 1481 1321 1493 1560 1285 1317 678 561 1039 383 993 407 1286 559 1563 575 620 1207 634 1224 1104 1535 966 1403 1076 1162 1333 1188 534 1445 1051 685 636 1028 366 554 734 642 664 1017 475 992 1331 829 1438 744 989 1251 661 989 830 1165 1177 1040 605 1387 727 1318 1251 1378 1723 1016 1001 834 1218 1438 1026 1394 1113 422 1212 893 672 751 687 1208 598 976 1100 1043 1358 459 674 550 465 840 905 404 515 1182 711 867 891 1515 1142 627 1390 602 1231 1510 1337 1109
1035 680 1546 1385 1980 1099 1966 1401 1790 2056 1884 1719 1150 1847 1825 1787 1153 1054 360 1192 1224 1609 1082 1831 1132 996 1443 1890 1007 1264 1591 1799 1052 1933 1755 1161 1235 1167 1609 1088 1681 895 1579 732 1452 776 1801 1585 911 1036 1455 850 550 2056 903 904 1153 1098 1201 1052 1540 901 1013 777 1560 498 1127 643 1206 1073 1512 1127 1523 1097 826 1698 862 1933 620 952 1011 2169 1157 624 1392 1625 1172 965 1275 1389 1160 1061 1045 1341 1302 1390 1106 1131 912 972 1836 1457 1148 1125 911 1149 1681 1940 1275 2114 1046 867 1256 1080 1104 1194 1586 976 852 1252 1241 2148 1084 1439 1033 1417 1186 1198 1687 955 1929 1114 1033 663 1846 559 868 1038 660 1459 2225 1073 1310 1638 777 971 1815 854 1498 2171 1833 1036 617 1113 2080 1654 1065 1614 1156 1550 1570 1038 754 1644 1274 1226 1525 1367 1736 1068 1074 718 1289 1073 1142 1088 1104 1202 1550 1559 1924 1014 855 1095 1078 603 1290 1406 1576 1327 1735 1445 1279 1581 1227 1063 732 1094 1219 919 1480 1064 1768 1221 1257 999 1148 1032 872 885 1830 1567 1006 2087 1129 2173 1851 1357 1818 717 803 1344 1098 1052 1073 551 1029 1851 1031 1195 1012 1306 1740 864 1614 1762 2164 1313 1928 905 1788 1721 1315 1089 790 1469 1244 777 1563 1058 1202 1304 1305 1257 1545 1163 1431 1417 944 1883 1291 1000 1945 1239 1205 686 1248 1695 1224 1289 2081 1386 2010 1448 735 1823 1565 1582 1417 1826 743 750 770 1605 1036 820 1411 1333 1406 1377 513 1157 917 1244 1309 2051 1130 838 1208 1019 1531 1193 1027 921 1788 792 844 1581 1676 1377 1164 814 1258 1092 1616 1936 1070
444 1180 752 898 1296 496 1271 627 1265 1411 1209 921 933 1295 1000 969 441 700 1192 360 1527 1641 539 1043 734 1600 612 1453 1391 1481 1329 1035 1184 1101 1160 518 802 882 779 487 1685 1171 1277 1473 1680 1604 1113 1034 723 1390 793 887 1006 1294 721 1443 407 639 596 523 1563 1666 712 781 774 1054 510 1131 1170 531 749 491 844 500 1070 1029 723 1407 983 703 717 1577 466 1174 562 861 966 877 1607 994 723 642 921 537 940 643 1289 536 1465 1024 1005 626 405 544 1219 542 1107 1162 695 1397 880 901 448 506 846 566 824 596 965 600 691 1368 674 621 595 675 517 565 1235 712 1611 1223 1040 1223 1047 1033 940 1200 1347 627 1414 519 1000 946 776 758 1475 857 933 1413 1184 681 1052 1589 1248 1141 733 814 403 834 1693 552 1580 1071 1472 1016 1656 599 944 668 666 1532 804 499 581 1248 691 685 826 933 1228 585 701 504 570 960 1155 856 753 1191 1011 677 657 791 731 530 839 503 590 656 704 756 1041 1040 1036 1038 837 621 705 851 1118 740 1686 1254 1472 1495 1032 1265 1221 1300 1297 892 502 839 711 1057 668 1021 545 1430 553 674 918 691 886 961 1334 632 1112 958 962 1639 1529 528 1497 713 441 838 736 704 565 485 609 485 720 656 656 1671 694 1115 1044 811 1244 462 701 1083 1504 1443 754 803 1362 645 1273 931 1427 1404 735 750 1099 1416 1551 1298 1426 1395 648 1477 585 617 651 830 1337 465 845 1440 1381 1318 761 714 582 803 932 606 740 693 957 760 792 982 1190 821 433 1392 583 1550 1198 1103 910
1480 911 1907 1248 2463 1538 1794 1549 2396 2577 1708 1789 1004 1532 1948 2079 1552 1644 1224 1527 360 2442 1555 1850 1730 1835 1689 2554 1870 2118 2325 1781 1869 2140 1523 1616 1189 1836 1800 1405 2510 1731 1118 1540 2312 1410 1669 1382 1509 1897 1948 1567 1203 2444 1496 1765 1521 1643 1696 1497 2368 1641 1174 1342 1932 1219 1581 964 790 1537 1915 1565 2006 1538 1636 1578 1435 2543 1373 1193 1169 2736 1575 966 1648 1662 1880 1010 2139 1156 1210 1612 1760 1702 1959 1809 1944 1603 734 1746 1994 1697 1488 1603 1756 1622 1456 2306 1323 1943 1015 1591 1615 1383 1770 1672 1988 1460 948 1384 1781 2082 1654 1643 1546 1842 1633 1674 2333 1552 2656 677 850 921 1886 1125 966 686 967 1738 2505 1525 1993 1572 1316 1604 2526 1550 2062 2561 2348 1614 1039 1973 2225 1375 1161 1959 1521 1551 2420 1343 1406 2211 493 1943 2375 1766 1789 1222 1640 1428 1876 1502 1642 1918 1682 1270 1561 2085 1764 1311 1296 1540 1576 1183 2047 1315 1748 882 2177 1563 1781 1946 1796 1522 1195 1537 1365 1441 1868 1687 2207 1950 1974 849 1799 1566 1248 1052 1721 1852 1806 2231 1992 2662 1946 834 1565 874 781 1959 1542 1057 1668 1106 1599 1999 1489 468 1464 1806 1870 1369 1605 2096 2367 1419 1996 937 2051 2528 2170 1554 951 1561 1608 1442 1753 1651 1676 1647 1760 1648 1734 1706 1566 2279 1207 1852 2001 1076 2411 1625 1258 1510 2106 2440 1225 1876 2525 1811 2434 1294 941 1372 1773 1829 2110 2502 1164 1615 892 2362 1591 1660 1646 1776 1818 1941 1187 1575 1049 2093 2136 2479 1744 1329 1691 1676 2075 1333 1645 1492 2017 1297 1140 2127 1357 1314 1557 804 1721 1954 1255 2120 991
1452 1894 1635 2163 1571 1519 2511 1889 1218 1531 2464 2096 2090 2577 2080 1821 1561 1315 1609 1641 2442 360 1477 2215 1267 1241 1778 1109 1002 730 816 2241 932 2018 2439 1483 2036 1119 1898 1671 435 1075 2516 1459 659 1714 2368 2315 1381 966 1400 1261 1598 1790 1392 1174 1602 1365 1415 1522 438 1540 1835 1507 1622 1584 1493 1839 2271 1492 1561 1514 1423 1516 1165 2297 1444 1266 1429 1770 1838 1498 1535 1843 1756 2092 1036 1932 832 2241 1940 1371 1109 1606 1087 1520 862 1466 2160 1070 2039 1789 1637 1458 1057 1459 2388 1770 1963 2610 1990 1236 1607 1687 1159 1443 1577 1498 1908 1875 1333 2509 1333 1831 1438 1515 1489 1445 1091 1355 950 2242 2088 1895 2198 1676 1903 2180 1908 1737 2073 1508 1022 2211 1536 1294 941 1286 1261 1851 1439 1341 1763 1049 2190 2421 1892 1678 1605 2100 498 1692 1695 1271 2460 986 513 1551 2125 1840 1343 1627 1234 1538 1420 884 1312 1930 2089 1345 2471 1704 1600 1511 1443 1622 847 2132 1910 2350 1548 1934 1390 1637 1285 1500 1642 1513 1857 1476 1581 1256 1565 961 967 2064 1164 1408 1662 1847 2360 1754 1375 2195 902 1665 2131 2410 2499 1961 2036 1167 1513 1964 1298 1695 1357 2060 1512 2388 1526 1391 2031 1524 2140 1745 2155 1913 2206 1945 1866 547 694 1486 2023 1972 1601 1389 1883 1309 1446 1629 1464 1563 1879 1347 1912 700 1751 2304 965 1907 1589 1572 1944 1295 767 790 1994 1235 1699 1512 1700 2206 1978 2678 1861 1814 963 1049 1893 1252 2017 736 1376 1328 1787 1482 1534 1267 1711 1536 1870 736 666 1714 1240 1553 1431 1225 1306 1860 1284 1411 1918 1564 1748 1305 2468 2096 1568 2062 1456 1031 2465 2053 2028
336 1135 823 1048 1299 403 1450 807 1201 1398 1389 1091 1023 1467 1154 1066 460 524 1082 539 1555 1477 360 1215 575 1432 765 1368 1214 1303 1197 1211 1004 1225 1334 439 929 721 932 559 1524 995 1412 1327 1503 1480 1293 1200 558 1212 765 715 908 1342 559 1274 493 473 502 419 1398 1519 770 668 837 949 406 1080 1245 379 791 413 830 400 896 1207 582 1348 847 729 774 1545 447 1118 720 1039 801 917 1428 1132 837 466 744 625 804 668 1110 412 1436 845 1149 780 523 409 1042 431 1278 1221 846 1575 945 727 555 578 677 482 866 471 970 758 586 1539 503 789 420 698 463 485 1145 537 1500 1271 1089 1172 1216 953 949 1234 1281 761 1502 394 857 1124 675 580 1365 686 867 1459 1168 502 993 1413 1383 1305 813 892 496 1013 1522 597 1456 1016 1519 855 1484 644 1115 751 493 1402 690 424 447 1069 526 817 1006 895 1408 621 636 395 393 872 993 1015 914 1289 1030 856 588 858 608 393 772 397 740 523 758 582 1063 878 879 1079 676 442 672 863 1297 856 1525 1390 1293 1498 1191 1359 1396 1253 1269 777 397 909 538 979 489 1167 427 1467 452 615 1076 587 1065 1039 1449 801 1272 978 1072 1487 1351 371 1434 892 543 688 893 529 489 601 589 541 880 518 835 1493 712 1289 892 865 1255 528 832 924 1325 1313 884 689 1384 666 1305 1089 1364 1562 886 884 966 1322 1458 1135 1372 1256 469 1318 749 614 684 745 1234 447 869 1262 1207 1348 600 624 500 625 881 744 562 533 1081 671 778 933 1351 979 471 1353 543 1374 1349 1234 981
1123 1721 948 961 1371 1176 693 792 1563 1512 693 484 1225 932 549 860 1115 1359 1831 1043 1850 2215 1215 360 1361 2283 818 1781 2068 2126 1815 441 1842 762 813 1163 1046 1492 677 1114 2243 1849 1227 2145 2312 2248 633 863 1406 2063 1181 1570 1641 1207 1404 2127 1091 1291 1200 1207 2143 2337 1199 1446 967 1695 1176 1689 1419 1211 1021 1162 1172 1180 1752 666 1404 1660 1655 1247 1203 1707 1129 1737 856 569 1578 1321 2266 1058 1074 1307 1571 989 1490 1056 1945 1193 1944 1690 618 804 1077 1202 1897 1188 834 1085 943 758 1264 1582 1024 1117 1480 1179 1026 1278 1454 941 1259 685 1326 785 1274 1060 1146 1176 1611 1392 2000 1542 1406 1771 405 1646 1426 1565 1910 845 1116 1201 1555 640 1434 1433 1875 1539 1336 1295 1362 1348 1633 2268 762 931 1164 923 1087 667 2294 1156 2226 1395 1744 1611 2263 1030 459 1137 1323 2185 1346 1183 1222 1904 1333 1016 661 1270 666 1177 1343 1183 1241 1587 1743 896 671 1347 1150 747 1196 956 1309 1213 1459 1183 974 1336 996 1407 1157 1640 1621 1426 1454 1297 1319 1358 584 823 2368 767 2140 1518 506 1415 831 1833 1794 1408 1181 1232 1363 1664 1339 605 1228 1741 1235 1190 552 1359 607 934 929 881 514 1417 802 2164 2169 1204 2044 721 1035 1519 697 1361 1173 985 1122 1056 705 1275 761 2310 1251 451 1615 1256 1309 1058 1020 1765 2155 1909 1027 1344 1348 1064 1255 918 1978 1160 716 762 1615 1775 2150 1981 1962 1895 1319 2158 827 1100 1041 1308 1960 1129 1333 2084 1999 1291 1387 1371 1183 1464 1300 1002 1403 1376 736 1411 1359 1322 980 902 1104 1899 1142 2228 1068 720 1269
549 1261 859 1262 1209 615 1627 989 1041 1285 1572 1237 1233 1670 1267 1105 654 447 1132 734 1730 1267 575 1361 360 1342 903 1184 1086 1125 985 1370 842 1288 1533 576 1145 507 1053 775 1312 880 1628 1297 1317 1489 1475 1408 595 1075 697 661 989 1302 606 1182 695 462 521 629 1189 1483 976 766 862 1016 585 1202 1448 593 800 607 762 613 808 1397 665 1188 872 926 980 1409 628 1233 870 1207 592 1112 1266 1348 1052 482 572 732 595 697 944 558 1567 702 1246 917 731 551 924 552 1481 1201 1059 1741 1149 656 708 794 479 544 862 636 1142 968 487 1678 438 946 554 712 585 547 964 547 1297 1461 1283 1289 1354 1052 1126 1417 1378 878 1508 609 643 1312 786 520 1163 646 728 1413 1061 475 1112 1288 1459 1514 1023 925 698 1200 1320 809 1465 877 1706 642 1285 704 1264 963 451 1403 519 640 513 903 411 1033 1190 787 1585 830 793 608 543 970 781 1226 1050 1499 977 1036 547 884 457 604 905 611 952 648 789 431 1009 666 664 1269 463 528 845 1045 1473 939 1453 1465 1145 1401 1310 1568 1594 1371 1404 591 609 1114 423 1078 491 1266 626 1648 646 568 1198 720 1245 1056 1494 1006 1392 1160 1126 1272 1170 584 1529 1074 700 716 1025 440 549 739 611 669 1016 446 1014 1312 908 1443 677 1066 1176 672 1048 888 1154 1101 1100 519 1312 690 1247 1301 1463 1774 1010 985 755 1132 1516 1072 1479 1041 499 1258 901 639 715 605 1285 628 1057 1084 1010 1286 387 761 538 490 759 959 464 602 1153 798 951 809 1562 1190 660 1476 580 1247 1563 1307 1185
1402 1313 1841 1953 2094 1469 2485 1859 1801 2121 2412 2161 1755 2421 2225 2087 1530 1309 996 1600 1835 1241 1432 2283 1342 360 1838 1810 661 881 1457 2272 922 2269 2311 1494 1801 1272 2003 1541 1314 824 2198 658 978 875 2320 2148 1237 692 1662 1077 1119 2245 1239 519 1552 1377 1485 1436 1201 664 1564 1221 1844 1071 1475 1279 1839 1434 1782 1486 1722 1465 899 2223 1243 1915 1019 1493 1564 2171 1520 1256 1793 2095 1216 1566 778 1980 1711 1352 1142 1686 1371 1677 873 1462 1482 1007 2215 1853 1567 1453 782 1471 2241 2163 1802 2623 1646 1068 1627 1544 1243 1496 1841 1366 1472 1749 1469 2609 1345 1859 1372 1694 1515 1499 1668 1255 1749 1750 1661 1287 2287 1170 1484 1675 1230 1830 2478 1443 1337 2150 1241 1224 1677 1106 1621 2344 1938 1312 1246 555 2438 2232 1625 1908 1556 2047 1144 1516 864 1729 1900 1234 1105 1677 2184 1606 1344 808 1448 1460 1444 895 1348 1737 2043 1708 2442 1506 1338 1462 1410 1172 1197 1957 1987 1956 1926 1908 1529 1866 1429 1431 1275 1462 1719 1309 1770 1277 1956 1209 1251 1628 1286 1353 1384 1477 2337 1911 500 2444 709 2256 2263 1991 2376 1321 1417 1453 1464 1642 1313 1173 1317 2234 1415 1820 1409 1550 2148 1298 2107 2036 2476 1808 2345 1524 2108 1410 908 1443 1290 1940 1616 1128 1966 1309 1503 1672 1588 1606 1952 1416 1889 934 1479 2353 1283 1583 2081 1597 1744 883 837 1521 1777 1449 2217 1671 2174 2013 1271 2429 1958 1948 1395 1740 1106 668 1318 1427 1335 536 1820 1617 1696 1535 1008 1520 1509 892 1032 2206 1323 1298 1499 1214 1668 1702 1265 1267 2131 1270 1407 1702 2262 1924 1542 1395 1550 569 2215 2286 1676
677 1407 607 908 1174 730 1093 527 1240 1306 1048 693 1053 1193 750 752 669 902 1443 612 1689 1778 765 818 903 1838 360 1449 1612 1669 1407 828 1384 856 1050 707 879 1038 528 719 1812 1395 1290 1724 1858 1855 953 971 962 1607 782 1121 1255 1117 962 1680 655 833 742 769 1703 1916 898 1033 635 1305 723 1363 1291 765 653 712 802 734 1301 892 972 1366 1235 914 902 1490 678 1408 411 674 1125 1058 1808 1023 839 851 1113 534 1051 626 1487 738 1678 1233 753 374 655 747 1442 732 1017 978 741 1199 1035 1131 570 732 1022 721 703 845 1169 665 808 1139 868 426 825 642 688 718 1248 942 1642 1374 1199 1453 813 1278 1141 1367 1583 420 1191 757 1116 806 1028 978 1508 1092 946 1234 1098 892 1289 1813 997 1079 894 641 651 702 1848 779 1832 1048 1615 1161 1816 588 720 839 866 1784 904 745 765 1445 875 781 689 906 1053 809 949 737 788 1207 1297 844 509 1277 890 549 748 641 857 769 1083 737 684 905 607 949 915 1190 1174 1206 999 845 944 1056 941 523 1930 1003 1682 1364 785 1353 1103 1527 1513 977 734 994 905 1301 884 769 791 1586 803 746 670 943 729 767 1091 642 866 1150 731 1745 1713 755 1729 581 582 1085 487 904 714 528 673 598 474 817 530 1855 910 899 1173 987 1115 602 794 1328 1697 1512 835 902 1212 634 1117 914 1660 1353 483 508 1191 1427 1796 1540 1655 1483 865 1722 403 655 617 885 1585 678 1042 1628 1547 1161 930 965 725 1006 923 716 946 935 714 1011 1018 961 1134 819 657 1612 687 1773 1173 854 1057
